1.6008,1.6008,1.6008,1.6008,1.6008,1.6008,1.6008,1.6008,1.6008,1.6008,1.6008,1.6008,1.6008,1.6008,1.6008,1.6008,1.6008,1.6008,1.6008,1.6008,1.6008,1.6008,1.6008,1.6008,1.6008
1.6023,1.6023,1.6023,1.6023,1.6023,1.6023,1.6023,1.6023,1.6023,1.6023,1.6023,1.6023,1.6023,1.6023,1.6023,1.6023,1.6023,1.6023,1.6023,1.6023,1.6023,1.6023,1.6023,1.6023,1.6023
1.6039,1.6039,1.6039,1.6039,1.6039,1.6039,1.6039,1.6039,1.6039,1.6039,1.6039,1.6039,1.6039,1.6039,1.6039,1.6039,1.6039,1.6039,1.6039,1.6039,1.6039,1.6039,1.6039,1.6039,1.6039
1.6055,1.6055,1.6055,1.6055,1.6055,1.6055,1.6055,1.6055,1.6055,1.6055,1.6055,1.6055,1.6055,1.6055,1.6055,1.6055,1.6055,1.6055,1.6055,1.6055,1.6055,1.6055,1.6055,1.6055,1.6055
1.6071,1.6071,1.6071,1.6071,1.6071,1.6071,1.6071,1.6071,1.6071,1.6071,1.6071,1.6071,1.6071,1.6071,1.6071,1.6071,1.6071,1.6071,1.6071,1.6071,1.6071,1.6071,1.6071,1.6071,1.6071
1.6086,1.6086,1.6086,1.6086,1.6086,1.6086,1.6086,1.6086,1.6086,1.6086,1.6086,1.6086,1.6086,1.6086,1.6086,1.6086,1.6086,1.6086,1.6086,1.6086,1.6086,1.6086,1.6086,1.6086,1.6086
1.6102,1.6102,1.6102,1.6102,1.6102,1.6102,1.6102,1.6102,1.6102,1.6102,1.6102,1.6102,1.6102,1.6102,1.6102,1.6102,1.6102,1.6102,1.6102,1.6102,1.6102,1.6102,1.6102,1.6102,1.6102
1.6118,1.6118,1.6118,1.6118,1.6118,1.6118,1.6118,1.6118,1.6118,1.6118,1.6118,1.6118,1.6118,1.6118,1.6118,1.6118,1.6118,1.6118,1.6118,1.6118,1.6118,1.6118,1.6118,1.6118,1.6118
1.6134,1.6134,1.6134,1.6134,1.6134,1.6134,1.6134,1.6134,1.6134,1.6134,1.6134,1.6134,1.6134,1.6134,1.6134,1.6134,1.6134,1.6134,1.6134,1.6134,1.6134,1.6134,1.6134,1.6134,1.6134
1.615,1.615,1.615,1.615,1.615,1.615,1.615,1.615,1.615,1.615,1.615,1.615,1.615,1.615,1.615,1.615,1.615,1.615,1.615,1.615,1.615,1.615,1.615,1.615,1.615
1.6166,1.6166,1.6166,1.6166,1.6166,1.6166,1.6166,1.6166,1.6166,1.6166,1.6166,1.6166,1.6166,1.6166,1.6166,1.6166,1.6166,1.6166,1.6166,1.6166,1.6166,1.6166,1.6166,1.6166,1.6166
1.6182,1.6182,1.6182,1.6182,1.6182,1.6182,1.6182,1.6182,1.6182,1.6182,1.6182,1.6182,1.6182,1.6182,1.6182,1.6182,1.6182,1.6182,1.6182,1.6182,1.6182,1.6182,1.6182,1.6182,1.6182
1.6198,1.6198,1.6198,1.6198,1.6198,1.6198,1.6198,1.6198,1.6198,1.6198,1.6198,1.6198,1.6198,1.6198,1.6198,1.6198,1.6198,1.6198,1.6198,1.6198,1.6198,1.6198,1.6198,1.6198,1.6198
1.6214,1.6214,1.6214,1.6214,1.6214,1.6214,1.6214,1.6214,1.6214,1.6214,1.6214,1.6214,1.6214,1.6214,1.6214,1.6214,1.6214,1.6214,1.6214,1.6214,1.6214,1.6214,1.6214,1.6214,1.6214
1.623,1.623,1.623,1.623,1.623,1.623,1.623,1.623,1.623,1.623,1.623,1.623,1.623,1.623,1.623,1.623,1.623,1.623,1.623,1.623,1.623,1.623,1.623,1.623,1.623
1.6246,1.6246,1.6246,1.6246,1.6246,1.6246,1.6246,1.6246,1.6246,1.6246,1.6246,1.6246,1.6246,1.6246,1.6246,1.6246,1.6246,1.6246,1.6246,1.6246,1.6246,1.6246,1.6246,1.6246,1.6246
1.6262,1.6262,1.6262,1.6262,1.6262,1.6262,1.6262,1.6262,1.6262,1.6262,1.6262,1.6262,1.6262,1.6262,1.6262,1.6262,1.6262,1.6262,1.6262,1.6262,1.6262,1.6262,1.6262,1.6262,1.6262
1.6278,1.6278,1.6278,1.6278,1.6278,1.6278,1.6278,1.6278,1.6278,1.6278,1.6278,1.6278,1.6278,1.6278,1.6278,1.6278,1.6278,1.6278,1.6278,1.6278,1.6278,1.6278,1.6278,1.6278,1.6278
1.6294,1.6294,1.6294,1.6294,1.6294,1.6294,1.6294,1.6294,1.6294,1.6294,1.6294,1.6294,1.6294,1.6294,1.6294,1.6294,1.6294,1.6294,1.6294,1.6294,1.6294,1.6294,1.6294,1.6294,1.6294
1.6311,1.6311,1.6311,1.6311,1.6311,1.6311,1.6311,1.6311,1.6311,1.6311,1.6311,1.6311,1.6311,1.6311,1.6311,1.6311,1.6311,1.6311,1.6311,1.6311,1.6311,1.6311,1.6311,1.6311,1.6311
1.6327,1.6327,1.6327,1.6327,1.6327,1.6327,1.6327,1.6327,1.6327,1.6327,1.6327,1.6327,1.6327,1.6327,1.6327,1.6327,1.6327,1.6327,1.6327,1.6327,1.6327,1.6327,1.6327,1.6327,1.6327
1.6343,1.6343,1.6343,1.6343,1.6343,1.6343,1.6343,1.6343,1.6343,1.6343,1.6343,1.6343,1.6343,1.6343,1.6343,1.6343,1.6343,1.6343,1.6343,1.6343,1.6343,1.6343,1.6343,1.6343,1.6343
1.6359,1.6359,1.6359,1.6359,1.6359,1.6359,1.6359,1.6359,1.6359,1.6359,1.6359,1.6359,1.6359,1.6359,1.6359,1.6359,1.6359,1.6359,1.6359,1.6359,1.6359,1.6359,1.6359,1.6359,1.6359
1.6376,1.6376,1.6376,1.6376,1.6376,1.6376,1.6376,1.6376,1.6376,1.6376,1.6376,1.6376,1.6376,1.6376,1.6376,1.6376,1.6376,1.6376,1.6376,1.6376,1.6376,1.6376,1.6376,1.6376,1.6376
1.6392,1.6392,1.6392,1.6392,1.6392,1.6392,1.6392,1.6392,1.6392,1.6392,1.6392,1.6392,1.6392,1.6392,1.6392,1.6392,1.6392,1.6392,1.6392,1.6392,1.6392,1.6392,1.6392,1.6392,1.6392
1.6409,1.6409,1.6409,1.6409,1.6409,1.6409,1.6409,1.6409,1.6409,1.6409,1.6409,1.6409,1.6409,1.6409,1.6409,1.6409,1.6409,1.6409,1.6409,1.6409,1.6409,1.6409,1.6409,1.6409,1.6409
1.6425,1.6425,1.6425,1.6425,1.6425,1.6425,1.6425,1.6425,1.6425,1.6425,1.6425,1.6425,1.6425,1.6425,1.6425,1.6425,1.6425,1.6425,1.6425,1.6425,1.6425,1.6425,1.6425,1.6425,1.6425
1.6442,1.6442,1.6442,1.6442,1.6442,1.6442,1.6442,1.6442,1.6442,1.6442,1.6442,1.6442,1.6442,1.6442,1.6442,1.6442,1.6442,1.6442,1.6442,1.6442,1.6442,1.6442,1.6442,1.6442,1.6442
1.6458,1.6458,1.6458,1.6458,1.6458,1.6458,1.6458,1.6458,1.6458,1.6458,1.6458,1.6458,1.6458,1.6458,1.6458,1.6458,1.6458,1.6458,1.6458,1.6458,1.6458,1.6458,1.6458,1.6458,1.6458
1.6475,1.6475,1.6475,1.6475,1.6475,1.6475,1.6475,1.6475,1.6475,1.6475,1.6475,1.6475,1.6475,1.6475,1.6475,1.6475,1.6475,1.6475,1.6475,1.6475,1.6475,1.6475,1.6475,1.6475,1.6475
1.6491,1.6491,1.6491,1.6491,1.6491,1.6491,1.6491,1.6491,1.6491,1.6491,1.6491,1.6491,1.6491,1.6491,1.6491,1.6491,1.6491,1.6491,1.6491,1.6491,1.6491,1.6491,1.6491,1.6491,1.6491
1.6508,1.6508,1.6508,1.6508,1.6508,1.6508,1.6508,1.6508,1.6508,1.6508,1.6508,1.6508,1.6508,1.6508,1.6508,1.6508,1.6508,1.6508,1.6508,1.6508,1.6508,1.6508,1.6508,1.6508,1.6508
1.6524,1.6524,1.6524,1.6524,1.6524,1.6524,1.6524,1.6524,1.6524,1.6524,1.6524,1.6524,1.6524,1.6524,1.6524,1.6524,1.6524,1.6524,1.6524,1.6524,1.6524,1.6524,1.6524,1.6524,1.6524
1.6541,1.6541,1.6541,1.6541,1.6541,1.6541,1.6541,1.6541,1.6541,1.6541,1.6541,1.6541,1.6541,1.6541,1.6541,1.6541,1.6541,1.6541,1.6541,1.6541,1.6541,1.6541,1.6541,1.6541,1.6541
1.6558,1.6558,1.6558,1.6558,1.6558,1.6558,1.6558,1.6558,1.6558,1.6558,1.6558,1.6558,1.6558,1.6558,1.6558,1.6558,1.6558,1.6558,1.6558,1.6558,1.6558,1.6558,1.6558,1.6558,1.6558
1.6575,1.6575,1.6575,1.6575,1.6575,1.6575,1.6575,1.6575,1.6575,1.6575,1.6575,1.6575,1.6575,1.6575,1.6575,1.6575,1.6575,1.6575,1.6575,1.6575,1.6575,1.6575,1.6575,1.6575,1.6575
1.6591,1.6591,1.6591,1.6591,1.6591,1.6591,1.6591,1.6591,1.6591,1.6591,1.6591,1.6591,1.6591,1.6591,1.6591,1.6591,1.6591,1.6591,1.6591,1.6591,1.6591,1.6591,1.6591,1.6591,1.6591
1.6608,1.6608,1.6608,1.6608,1.6608,1.6608,1.6608,1.6608,1.6608,1.6608,1.6608,1.6608,1.6608,1.6608,1.6608,1.6608,1.6608,1.6608,1.6608,1.6608,1.6608,1.6608,1.6608,1.6608,1.6608
1.6625,1.6625,1.6625,1.6625,1.6625,1.6625,1.6625,1.6625,1.6625,1.6625,1.6625,1.6625,1.3752,1.6625,1.6625,1.6625,1.6625,1.6625,1.6625,1.6625,1.6625,1.6625,1.6625,1.6625,1.6625
1.6642,1.6642,1.6642,1.6642,1.6642,1.6642,1.6642,1.6642,1.6642,1.6642,1.6642,1.6642,1.6642,1.6642,1.6642,1.6642,1.6642,1.6642,1.6642,1.6642,1.6642,1.6642,1.6642,1.6642,1.6642
1.6659,1.6659,1.6659,1.6659,1.6659,1.6659,1.6659,1.6659,1.6659,1.6659,1.6659,1.6659,1.6659,1.6659,1.6659,1.6659,1.6659,1.6659,1.6659,1.6659,1.6659,1.6659,1.6659,1.6659,1.6659
1.6676,1.6676,1.6676,1.6676,1.6676,1.6676,1.6676,1.6676,1.6676,1.6676,1.6676,1.6676,1.6676,1.6676,1.6676,1.6676,1.6676,1.6676,1.6676,1.6676,1.6676,1.6676,1.6676,1.6676,1.6676
1.6693,1.6693,1.6693,1.6693,1.6693,1.6693,1.6693,1.6693,1.6693,1.6693,1.6693,1.6693,1.6693,1.6693,1.6693,1.6693,1.6693,1.6693,1.6693,1.6693,1.6693,1.6693,1.6693,1.6693,1.6693
1.671,1.671,1.671,1.671,1.671,1.671,1.671,1.671,1.671,1.671,1.671,1.671,1.671,1.671,1.671,1.671,1.671,1.671,1.671,1.671,1.671,1.671,1.671,1.671,1.671
1.6727,1.6727,1.6727,1.6727,1.6727,1.6727,1.6727,1.6727,1.6727,1.6727,1.6727,1.6727,1.6727,1.6727,1.6727,1.6727,1.6727,1.6727,1.6727,1.6727,1.6727,1.6727,1.6727,1.6727,1.6727
1.6744,1.6744,1.6744,1.6744,1.6744,1.6744,1.6744,1.6744,1.6744,1.6744,1.6744,1.6744,1.6744,1.6744,1.6744,1.6744,1.6744,1.6744,1.6744,1.6744,1.6744,1.6744,1.6744,1.6744,1.6744
1.6761,1.6761,1.6761,1.6761,1.6761,1.6761,1.6761,1.6761,1.6761,1.6761,1.6761,1.6761,1.6761,1.6761,1.6761,1.6761,1.6761,1.6761,1.6761,1.6761,1.6761,1.6761,1.6761,1.6761,1.6761
1.6778,1.6778,1.6778,1.6778,1.6778,1.6778,1.6778,1.6778,1.6778,1.6778,1.6778,1.6778,1.6778,1.6778,1.6778,1.6778,1.6778,1.6778,1.6778,1.6778,1.6778,1.6778,1.6778,1.6778,1.6778
1.6795,1.6795,1.6795,1.6795,1.6795,1.6795,1.6795,1.6795,1.6795,1.6795,1.6795,1.6795,1.6795,1.6795,1.6795,1.6795,1.6795,1.6795,1.6795,1.6795,1.6795,1.6795,1.6795,1.6795,1.6795
1.6813,1.6813,1.6813,1.6813,1.6813,1.6813,1.6813,1.6813,1.6813,1.6813,1.6813,1.6813,1.6813,1.6813,1.6813,1.6813,1.6813,1.6813,1.6813,1.6813,1.6813,1.6813,1.6813,1.6813,1.6813
1.683,1.683,1.683,1.683,1.683,1.683,1.683,1.683,1.683,1.683,1.683,1.683,1.683,1.683,1.683,1.683,1.683,1.683,1.683,1.683,1.683,1.683,1.683,1.683,1.683
1.6847,1.6847,1.6847,1.6847,1.6847,1.6847,1.6847,1.6847,1.6847,1.6847,1.6847,1.6847,1.6847,1.6847,1.6847,1.6847,1.6847,1.6847,1.6847,1.6847,1.6847,1.6847,1.6847,1.6847,1.6847
1.6865,1.6865,1.6865,1.6865,1.6865,1.6865,1.6865,1.6865,1.6865,1.6865,1.6865,1.6865,1.6865,1.6865,1.6865,1.6865,1.6865,1.6865,1.6865,1.6865,1.6865,1.6865,1.6865,1.6865,1.6865
1.6882,1.6882,1.6882,1.6882,1.6882,1.6882,1.6882,1.6882,1.6882,1.6882,1.6882,1.6882,1.6882,1.6882,1.6882,1.6882,1.6882,1.6882,1.6882,1.6882,1.6882,1.6882,1.6882,1.6882,1.6882
1.6899,1.6899,1.6899,1.6899,1.6899,1.6899,1.6899,1.6899,1.6899,1.6899,1.6899,1.6899,1.6899,1.6899,1.6899,1.6899,1.6899,1.6899,1.6899,1.6899,1.6899,1.6899,1.6899,1.6899,1.6899
1.6917,1.6917,1.6917,1.6917,1.6917,1.6917,1.6917,1.6917,1.6917,1.6917,1.6917,1.6917,1.6917,1.6917,1.6917,1.6917,1.6917,1.6917,1.6917,1.6917,1.6917,1.6917,1.6917,1.6917,1.6917
1.6934,1.6934,1.6934,1.6934,1.6934,1.6934,1.6934,1.6934,1.6934,1.6934,1.6934,1.6934,1.6934,1.6934,1.6934,1.6934,1.6934,1.6934,1.6934,1.6934,1.6934,1.6934,1.6934,1.6934,1.6934
1.6952,1.6952,1.6952,1.6952,1.6952,1.6952,1.6952,1.6952,1.6952,1.6952,1.6952,1.6952,1.6952,1.6952,1.6952,1.6952,1.6952,1.6952,1.6952,1.6952,1.6952,1.6952,1.6952,1.6952,1.6952
1.6969,1.6969,1.6969,1.6969,1.6969,1.6969,1.6969,1.6969,1.6969,1.6969,1.6969,1.6969,1.6969,1.6969,1.6969,1.6969,1.6969,1.6969,1.6969,1.6969,1.6969,1.6969,1.6969,1.6969,1.6969
1.6987,1.6987,1.6987,1.6987,1.6987,1.6987,1.6987,1.6987,1.6987,1.6987,1.6987,1.6987,1.1362,1.6987,1.6987,1.6987,1.6987,1.6987,1.6987,1.6987,1.6987,1.6987,1.6987,1.6987,1.6987
1.7005,1.7005,1.7005,1.7005,1.7005,1.7005,1.7005,1.7005,1.7005,1.7005,1.7005,1.7005,1.7005,1.7005,1.7005,1.7005,1.7005,1.7005,1.7005,1.7005,1.7005,1.7005,1.7005,1.7005,1.7005
1.7022,1.7022,1.7022,1.7022,1.7022,1.7022,1.7022,1.7022,1.7022,1.7022,1.7022,1.7022,1.7022,1.7022,1.7022,1.7022,1.7022,1.7022,1.7022,1.7022,1.7022,1.7022,1.7022,1.7022,1.7022
1.704,1.704,1.704,1.704,1.704,1.704,1.704,1.704,1.704,1.704,1.704,1.704,1.704,1.704,1.704,1.704,1.704,1.704,1.704,1.704,1.704,1.704,1.704,1.704,1.704
1.7058,1.7058,1.7058,1.7058,1.7058,1.7058,1.7058,1.7058,1.7058,1.7058,1.7058,1.7058,1.7058,1.7058,1.7058,1.7058,1.7058,1.7058,1.7058,1.7058,1.7058,1.7058,1.7058,1.7058,1.7058
1.7076,1.7076,1.7076,1.7076,1.7076,1.7076,1.7076,1.7076,1.7076,1.7076,1.7076,1.7076,1.7076,1.7076,1.7076,1.7076,1.7076,1.7076,1.7076,1.7076,1.7076,1.7076,1.7076,1.7076,1.7076
1.7093,1.7093,1.7093,1.7093,1.7093,1.7093,1.7093,1.7093,1.7093,1.7093,1.7093,1.7093,1.7093,1.7093,1.7093,1.7093,1.7093,1.7093,1.7093,1.7093,1.7093,1.7093,1.7093,1.7093,1.7093
1.7111,1.7111,1.7111,1.7111,1.7111,1.7111,1.7111,1.7111,1.7111,1.7111,1.7111,1.7111,1.7111,1.7111,1.7111,1.7111,1.7111,1.7111,1.7111,1.7111,1.7111,1.7111,1.7111,1.7111,1.7111
1.7129,1.7129,1.7129,1.7129,1.7129,1.7129,1.7129,1.7129,1.7129,1.7129,1.7129,1.7129,1.7129,1.7129,1.7129,1.7129,1.7129,1.7129,1.7129,1.7129,1.7129,1.7129,1.7129,1.7129,1.7129
1.7147,1.7147,1.7147,1.7147,1.7147,1.7147,1.7147,1.7147,1.7147,1.7147,1.7147,1.7147,1.2068,1.7147,1.7147,1.7147,1.7147,1.7147,1.7147,1.7147,1.7147,1.7147,1.7147,1.7147,1.7147
1.7165,1.7165,1.7165,1.7165,1.7165,1.7165,1.7165,1.7165,1.7165,1.7165,1.7165,1.7165,1.7165,1.5254,1.7165,1.7165,1.7165,1.7165,1.7165,1.7165,1.7165,1.7165,1.7165,1.7165,1.7165
1.7183,1.7183,1.7183,1.7183,1.7183,1.7183,1.7183,1.7183,1.7183,1.7183,1.7183,1.7183,1.7183,1.7183,1.7183,1.7183,1.7183,1.7183,1.7183,1.7183,1.7183,1.7183,1.7183,1.7183,1.7183
1.7201,1.7201,1.7201,1.7201,1.7201,1.7201,1.7201,1.7201,1.7201,1.7201,1.7201,1.7201,1.7201,1.7134,1.7201,1.7201,1.7201,1.7201,1.7201,1.7201,1.7201,1.7201,1.7201,1.7201,1.7201
1.7219,1.7219,1.7219,1.7219,1.7219,1.7219,1.7219,1.7219,1.7219,1.7219,1.7219,1.7219,1.0064,1.7219,1.7219,1.7219,1.7219,1.7219,1.7219,1.7219,1.7219,1.7219,1.7219,1.7219,1.7219
1.7237,1.7237,1.7237,1.7237,1.7237,1.7237,1.7237,1.7237,1.7237,1.7237,1.7237,1.7237,1.7237,1.7237,1.7237,1.7237,1.7237,1.7237,1.7237,1.7237,1.7237,1.7237,1.7237,1.7237,1.7237
1.7255,1.7255,1.7255,1.7255,1.7255,1.7255,1.7255,1.7255,1.7255,1.7255,1.7255,1.7255,1.7255,1.7255,1.7255,1.7255,1.7255,1.7255,1.7255,1.7255,1.7255,1.7255,1.7255,1.7255,1.7255
1.7274,1.7274,1.7274,1.7274,1.7274,1.7274,1.7274,1.7274,1.7274,1.7274,1.7274,1.672,1.7274,1.7274,1.7274,1.7274,1.7274,1.7274,1.7274,1.7274,1.7274,1.7274,1.7274,1.7274,1.7274
1.7292,1.7292,1.7292,1.7292,1.7292,1.7292,1.7292,1.7292,1.7292,1.7292,1.7292,1.7292,1.7292,1.7292,1.7292,1.7292,1.7292,1.7292,1.7292,1.7292,1.7292,1.7292,1.7292,1.7292,1.7292
1.731,1.731,1.731,1.731,1.731,1.731,1.731,1.731,1.731,1.731,1.731,1.731,1.731,1.731,1.731,1.731,1.731,1.731,1.731,1.731,1.731,1.731,1.731,1.731,1.731
1.7328,1.7328,1.7328,1.7328,1.7328,1.7328,1.7328,1.7328,1.7328,1.7328,1.7328,1.7328,1.7328,1.7328,1.7328,1.7328,1.7328,1.7328,1.7328,1.7328,1.7328,1.7328,1.7328,1.7328,1.7328
1.7347,1.7347,1.7347,1.7347,1.7347,1.7347,1.7347,1.7347,1.7347,1.7347,1.7347,1.7347,1.7347,1.7347,1.7347,1.7347,1.7347,1.7347,1.7347,1.7347,1.7347,1.7347,1.7347,1.7347,1.7347
1.7365,1.7365,1.7365,1.7365,1.7365,1.7365,1.7365,1.7365,1.7365,1.7365,1.7365,1.7365,1.7365,1.7365,1.7365,1.7365,1.7365,1.7365,1.7365,1.7365,1.7365,1.7365,1.7365,1.7365,1.7365
1.7384,1.7384,1.7384,1.7384,1.7384,1.7384,1.7384,1.7384,1.7384,1.7384,1.7384,1.7384,1.7384,1.7384,1.7384,1.7384,1.7384,1.7384,1.7384,1.7384,1.7384,1.7384,1.7384,1.7384,1.7384
1.7402,1.7402,1.7402,1.7402,1.7402,1.7402,1.7402,1.7402,1.7402,1.7402,1.7402,1.7402,1.7402,1.7402,1.7402,1.7402,1.7402,1.7402,1.7402,1.7402,1.7402,1.7402,1.7402,1.7402,1.7402
1.7421,1.7421,1.7421,1.7421,1.7421,1.7421,1.7421,1.7421,1.7421,1.7421,1.7421,1.7421,1.7421,1.7421,1.7421,1.7421,1.7421,1.7421,1.7421,1.7421,1.7421,1.7421,1.7421,1.7421,1.7421
1.7439,1.7439,1.7439,1.7439,1.7439,1.7439,1.7439,1.7439,1.7439,1.7439,1.7439,1.7439,1.7439,1.7439,1.7439,1.7439,1.7439,1.7439,1.7439,1.7439,1.7439,1.7439,1.7439,1.7439,1.7439
1.7458,1.7458,1.7458,1.7458,1.7458,1.7458,1.7458,1.7458,1.7458,1.7458,1.7458,1.7458,1.7458,1.7458,1.7458,1.7458,1.7458,1.7458,1.7458,1.7458,1.7458,1.7458,1.7458,1.7458,1.7458
1.7476,1.7476,1.7476,1.7476,1.7476,1.7476,1.7476,1.7476,1.7476,1.7476,1.7476,1.7476,1.7476,1.7476,1.7476,1.7476,1.7476,1.7476,1.7476,1.7476,1.7476,1.7476,1.7476,1.7476,1.7476
1.7495,1.7495,1.7495,1.7495,1.7495,1.7495,1.7495,1.7495,1.7495,1.7495,1.7495,1.7495,1.7495,1.7495,1.7495,1.7495,1.7495,1.7495,1.7495,1.7495,1.7495,1.7495,1.7495,1.7495,1.7495
1.7514,1.7514,1.7514,1.7514,1.7514,1.7514,1.7514,1.7514,1.7514,1.7514,1.7514,1.7514,1.7514,1.7514,1.7514,1.7514,1.7514,1.7514,1.7514,1.7514,1.7514,1.7514,1.7514,1.7514,1.7514
1.7532,1.7532,1.7532,1.7532,1.7532,1.7532,1.7532,1.7532,1.7532,1.7532,1.7532,1.7532,1.0475,1.7532,1.7532,1.7532,1.7532,1.7532,1.7532,1.7532,1.7532,1.7532,1.7532,1.7532,1.7532
1.7551,1.7551,1.7551,1.7551,1.7551,1.7551,1.7551,1.7551,1.7551,1.7551,1.7551,1.7551,1.7551,1.387,1.7551,1.7551,1.7551,1.7551,1.7551,1.7551,1.7551,1.7551,1.7551,1.7551,1.7551
1.757,1.757,1.757,1.757,1.757,1.757,1.757,1.757,1.757,1.757,1.757,1.757,1.757,1.757,1.757,1.757,1.757,1.757,1.757,1.757,1.757,1.757,1.757,1.757,1.757
1.7589,1.7589,1.7589,1.7589,1.7589,1.7589,1.7589,1.7589,1.7589,1.7589,1.7589,1.7589,1.7589,1.7589,1.7589,1.7589,1.7589,1.7589,1.7589,1.7589,1.7589,1.7589,1.7589,1.7589,1.7589
1.7608,1.7608,1.7608,1.7608,1.7608,1.7608,1.7608,1.7608,1.7608,1.7608,1.7608,1.7608,0.9002,1.7608,1.7608,1.7608,1.7608,1.7608,1.7608,1.7608,1.7608,1.7608,1.7608,1.7608,1.7608
1.7627,1.7627,1.7627,1.7627,1.7627,1.7627,1.7627,1.7627,1.7627,1.7627,1.7627,1.7627,1.7627,1.7627,1.7627,1.7627,1.7627,1.7627,1.7627,1.7627,1.7627,1.7627,1.7627,1.7627,1.7627
1.7646,1.7646,1.7646,1.7646,1.7646,1.7646,1.7646,1.7646,1.7646,1.7646,1.7646,1.7646,1.7646,1.7646,1.7646,1.7646,1.7646,1.7646,1.7646,1.7646,1.7646,1.7646,1.7646,1.7646,1.7646
1.7665,1.7665,1.7665,1.7665,1.7665,1.7665,1.7665,1.7665,1.7665,1.7665,1.7665,1.7665,1.7665,1.7665,1.7665,1.7665,1.7665,1.7665,1.7665,1.7665,1.7665,1.7665,1.7665,1.7665,1.7665
1.7684,1.7684,1.7684,1.7684,1.7684,1.7684,1.7684,1.7684,1.7684,1.7684,1.7684,1.7684,1.7684,1.7684,1.7684,1.7684,1.7684,1.7684,1.7684,1.7684,1.7684,1.7684,1.7684,1.7684,1.7684
1.7703,1.7703,1.7703,1.7703,1.7703,1.7703,1.7703,1.7703,1.7703,1.7703,1.7703,1.7703,1.7703,1.7703,1.7703,1.7703,1.7703,1.7703,1.7703,1.7703,1.7703,1.7703,1.7703,1.7703,1.7703
1.7722,1.7722,1.7722,1.7722,1.7722,1.7722,1.7722,1.7722,1.7722,1.7722,1.7722,1.7722,1.7722,1.7722,1.7722,1.7722,1.7722,1.7722,1.7722,1.7722,1.7722,1.7722,1.7722,1.7722,1.7722
1.7741,1.7741,1.7741,1.7741,1.7741,1.7741,1.7741,1.7741,1.7741,1.7741,1.7741,1.7741,1.7741,1.7741,1.7741,1.7741,1.7741,1.7741,1.7741,1.7741,1.7741,1.7741,1.7741,1.7741,1.7741
1.776,1.776,1.776,1.776,1.776,1.776,1.776,1.776,1.776,1.776,1.776,1.776,1.776,1.776,1.776,1.776,1.776,1.776,1.776,1.776,1.776,1.776,1.776,1.776,1.776
1.778,1.778,1.778,1.778,1.778,1.778,1.778,1.778,1.778,1.778,1.778,1.778,1.778,1.778,1.778,1.778,1.778,1.778,1.778,1.778,1.778,1.778,1.778,1.778,1.778
1.7799,1.7799,1.7799,1.7799,1.7799,1.7799,1.7799,1.7799,1.7799,1.7799,1.7799,1.7799,1.7799,1.7799,1.7799,1.7799,1.7799,1.7799,1.7799,1.7799,1.7799,1.7799,1.7799,1.7799,1.7799
1.7818,1.7818,1.7818,1.7818,1.7818,1.7818,1.7818,1.7818,1.7818,1.7818,1.7818,1.7818,1.7818,1.7818,1.7818,1.7818,1.7818,1.7818,1.7818,1.7818,1.7818,1.7818,1.7818,1.7818,1.7818
1.7838,1.7838,1.7838,1.7838,1.7838,1.7838,1.7838,1.7838,1.7838,1.7838,1.7838,1.7838,1.7838,1.4527,1.7838,1.7838,1.7838,1.7838,1.7838,1.7838,1.7838,1.7838,1.7838,1.7838,1.7838
1.7857,1.7857,1.7857,1.7857,1.7857,1.7857,1.7857,1.7857,1.7857,1.7857,1.7857,1.7857,1.7857,1.7857,1.7857,1.7857,1.7857,1.7857,1.7857,1.7857,1.7857,1.7857,1.7857,1.7857,1.7857
1.7877,1.7877,1.7877,1.7877,1.7877,1.7877,1.7877,1.7877,1.7877,1.7877,1.7877,1.5433,1.7877,1.7877,1.7877,1.7877,1.7877,1.7877,1.7877,1.7877,1.7877,1.7877,1.7877,1.7877,1.7877
1.7896,1.7896,1.7896,1.7896,1.7896,1.7896,1.7896,1.7896,1.7896,1.7896,1.7896,1.7896,1.7896,1.7896,1.7896,1.7896,1.7896,1.7896,1.7896,1.7896,1.7896,1.7896,1.7896,1.7896,1.7896
1.7916,1.7916,1.7916,1.7916,1.7916,1.7916,1.7916,1.7916,1.7916,1.7916,1.7916,1.4894,1.7916,1.7916,1.7916,1.7916,1.7916,1.7916,1.7916,1.7916,1.7916,1.7916,1.7916,1.7916,1.7916
1.7935,1.7935,1.7935,1.7935,1.7935,1.7935,1.7935,1.7935,1.7935,1.7935,1.7935,1.7935,1.7935,1.7935,1.7935,1.7935,1.7935,1.7935,1.7935,1.7935,1.7935,1.7935,1.7935,1.7935,1.7935
1.7955,1.7955,1.7955,1.7955,1.7955,1.7955,1.7955,1.7955,1.7955,1.7955,1.7955,1.7955,1.7955,1.4704,1.7955,1.7955,1.7955,1.7955,1.7955,1.7955,1.7955,1.7955,1.7955,1.7955,1.7955
1.7975,1.7975,1.7975,1.7975,1.7975,1.7975,1.7975,1.7975,1.7975,1.7975,1.7975,1.7975,1.7975,1.7975,1.7975,1.7975,1.7975,1.7975,1.7975,1.7975,1.7975,1.7975,1.7975,1.7975,1.7975
1.7995,1.7995,1.7995,1.7995,1.7995,1.7995,1.7995,1.7995,1.7995,1.7995,1.7995,1.7995,1.7995,1.7995,1.7995,1.7995,1.7995,1.7995,1.7995,1.7995,1.7995,1.7995,1.7995,1.7995,1.7995
1.8014,1.8014,1.8014,1.8014,1.8014,1.8014,1.8014,1.8014,1.8014,1.8014,1.8014,1.8014,1.8014,1.8014,1.8014,1.8014,1.8014,1.8014,1.8014,1.8014,1.8014,1.8014,1.8014,1.8014,1.8014
1.8034,1.8034,1.8034,1.8034,1.8034,1.8034,1.8034,1.8034,1.8034,1.8034,1.8034,1.8034,1.8034,1.8034,1.8034,1.8034,1.8034,1.8034,1.8034,1.8034,1.8034,1.8034,1.8034,1.8034,1.8034
1.8054,1.8054,1.8054,1.8054,1.8054,1.8054,1.8054,1.8054,1.8054,1.8054,1.8054,1.8054,1.8054,1.8054,1.8054,1.8054,1.8054,1.8054,1.8054,1.8054,1.8054,1.8054,1.8054,1.8054,1.8054
1.8074,1.8074,1.8074,1.8074,1.8074,1.8074,1.8074,1.8074,1.8074,1.8074,1.8074,1.8074,1.8074,1.8074,1.8074,1.8074,1.8074,1.8074,1.8074,1.8074,1.8074,1.8074,1.8074,1.8074,1.8074
1.8094,1.8094,1.8094,1.8094,1.8094,1.8094,1.8094,1.8094,1.8094,1.8094,1.8094,1.8094,1.8094,1.8094,1.8094,1.8094,1.8094,1.8094,1.8094,1.8094,1.8094,1.8094,1.8094,1.8094,1.8094
1.8114,1.8114,1.8114,1.8114,1.8114,1.8114,1.8114,1.8114,1.8114,1.8114,1.8114,1.8114,1.8114,1.8114,1.8114,1.8114,1.8114,1.8114,1.8114,1.8114,1.8114,1.8114,1.8114,1.8114,1.8114
1.8134,1.8134,1.8134,1.8134,1.8134,1.8134,1.8134,1.8134,1.8134,1.8134,1.8134,1.8134,1.8134,1.8134,1.8134,1.8134,1.8134,1.8134,1.8134,1.8134,1.8134,1.8134,1.8134,1.8134,1.8134
1.8154,1.8154,1.8154,1.8154,1.8154,1.8154,1.8154,1.8154,1.8154,1.8154,1.8154,1.8154,1.8154,1.8154,1.8154,1.8154,1.8154,1.8154,1.8154,1.8154,1.8154,1.8154,1.8154,1.8154,1.8154
1.8174,1.8174,1.8174,1.8174,1.8174,1.8174,1.8174,1.8174,1.8174,1.8174,1.8174,1.7983,1.8174,1.8174,1.8174,1.8174,1.8174,1.8174,1.8174,1.8174,1.8174,1.8174,1.8174,1.8174,1.8174
1.8194,1.8194,1.8194,1.8194,1.8194,1.8194,1.8194,1.8194,1.8194,1.8194,1.8194,1.8194,0.905,1.8194,1.8194,1.8194,1.8194,1.8194,1.8194,1.8194,1.8194,1.8194,1.8194,1.8194,1.8194
1.8215,1.8215,1.8215,1.8215,1.8215,1.8215,1.8215,1.8215,1.8215,1.8215,1.8215,1.8215,1.8215,1.1033,1.8215,1.8215,1.8215,1.8215,1.8215,1.8215,1.8215,1.8215,1.8215,1.8215,1.8215
1.8235,1.8235,1.8235,1.8235,1.8235,1.8235,1.8235,1.8235,1.8235,1.8235,1.8235,1.8235,1.8235,1.8235,1.8235,1.8235,1.8235,1.8235,1.8235,1.8235,1.8235,1.8235,1.8235,1.8235,1.8235
1.8255,1.8255,1.8255,1.8255,1.8255,1.8255,1.8255,1.8255,1.8255,1.8255,1.8255,1.8255,1.8255,1.3738,1.8255,1.8255,1.8255,1.8255,1.8255,1.8255,1.8255,1.8255,1.8255,1.8255,1.8255
1.8276,1.8276,1.8276,1.8276,1.8276,1.8276,1.8276,1.8276,1.8276,1.8276,1.8276,1.8276,0.7711,1.8276,1.8276,1.8276,1.8276,1.8276,1.8276,1.8276,1.8276,1.8276,1.8276,1.8276,1.8276
1.8296,1.8296,1.8296,1.8296,1.8296,1.8296,1.8296,1.8296,1.8296,1.8296,1.8296,1.6402,1.8296,1.8296,1.8296,1.8296,1.8296,1.8296,1.8296,1.8296,1.8296,1.8296,1.8296,1.8296,1.8296
1.8316,1.8316,1.8316,1.8316,1.8316,1.8316,1.8316,1.8316,1.8316,1.8316,1.8316,1.8316,1.8316,1.8316,1.8316,1.8316,1.8316,1.8316,1.8316,1.8316,1.8316,1.8316,1.8316,1.8316,1.8316
1.8337,1.8337,1.8337,1.8337,1.8337,1.8337,1.8337,1.8337,1.8337,1.8337,1.8337,1.3859,1.8337,1.8337,1.8337,1.8337,1.8337,1.8337,1.8337,1.8337,1.8337,1.8337,1.8337,1.8337,1.8337
1.8357,1.8357,1.8357,1.8357,1.8357,1.8357,1.8357,1.8357,1.8357,1.8357,1.8357,1.8357,1.8357,1.8357,1.8357,1.8357,1.8357,1.8357,1.8357,1.8357,1.8357,1.8357,1.8357,1.8357,1.8357
1.8378,1.8378,1.8378,1.8378,1.8378,1.8378,1.8378,1.8378,1.8378,1.8378,1.8378,1.8378,1.8378,1.6707,1.8378,1.8378,1.8378,1.8378,1.8378,1.8378,1.8378,1.8378,1.8378,1.8378,1.8378
1.8399,1.8399,1.8399,1.8399,1.8399,1.8399,1.8399,1.8399,1.8399,1.8399,1.8399,1.8399,1.8399,1.8399,1.8399,1.8399,1.8399,1.8399,1.8399,1.8399,1.8399,1.8399,1.8399,1.8399,1.8399
1.8419,1.8419,1.8419,1.8419,1.8419,1.8419,1.8419,1.8419,1.8419,1.8419,1.8419,1.8419,1.8419,1.8419,1.8419,1.8419,1.8419,1.8419,1.8419,1.8419,1.8419,1.8419,1.8419,1.8419,1.8419
1.844,1.844,1.844,1.844,1.844,1.844,1.844,1.844,1.844,1.844,1.844,1.844,1.844,1.844,1.844,1.844,1.844,1.844,1.844,1.844,1.844,1.844,1.844,1.844,1.844
1.8461,1.8461,1.8461,1.8461,1.8461,1.8461,1.8461,1.8461,1.8461,1.8461,1.8461,1.8461,1.8461,1.8461,1.8461,1.8461,1.8461,1.8461,1.8461,1.8461,1.8461,1.8461,1.8461,1.8461,1.8461
1.8482,1.8482,1.8482,1.8482,1.8482,1.8482,1.8482,1.8482,1.8482,1.8482,1.8482,1.8482,1.8482,1.8482,1.8482,1.8482,1.8482,1.8482,1.8482,1.8482,1.8482,1.8482,1.8482,1.8482,1.8482
1.8503,1.8503,1.8503,1.8503,1.8503,1.8503,1.8503,1.8503,1.8503,1.8503,1.8503,1.8503,1.8503,1.8503,1.8503,1.8503,1.8503,1.8503,1.8503,1.8503,1.8503,1.8503,1.8503,1.8503,1.8503
1.8523,1.8523,1.8523,1.8523,1.8523,1.8523,1.8523,1.8523,1.8523,1.8523,1.8523,1.8523,1.8523,1.4287,1.8523,1.8523,1.8523,1.8523,1.8523,1.8523,1.8523,1.8523,1.8523,1.8523,1.8523
1.8544,1.8544,1.8544,1.8544,1.8544,1.8544,1.8544,1.8544,1.8544,1.8544,1.8544,1.8544,1.8544,1.8544,1.8544,1.8544,1.8544,1.8544,1.8544,1.8544,1.8544,1.8544,1.8544,1.8544,1.8544
1.8565,1.8565,1.8565,1.8565,1.8565,1.8565,1.8565,1.8565,1.8565,1.8565,1.8565,1.3322,1.8565,1.8565,1.8565,1.8565,1.8565,1.8565,1.8565,1.8565,1.8565,1.8565,1.8565,1.8565,1.8565
1.8587,1.8587,1.8587,1.8587,1.8587,1.8587,1.8587,1.8587,1.8587,1.8587,1.8587,1.8587,1.8587,1.8587,1.8587,1.8587,1.8587,1.8587,1.8587,1.8587,1.8587,1.8587,1.8587,1.8587,1.8587
1.8608,1.8608,1.8608,1.8608,1.8608,1.8608,1.8608,1.8608,1.8608,1.8608,1.8608,1.4219,1.8608,1.8608,1.8608,1.8608,1.8608,1.8608,1.8608,1.8608,1.8608,1.8608,1.8608,1.8608,1.8608
1.8629,1.8629,1.8629,1.8629,1.8629,1.8629,1.8629,1.8629,1.8629,1.8629,1.8629,1.8629,1.8629,1.8629,1.8629,1.8629,1.8629,1.8629,1.8629,1.8629,1.8629,1.8629,1.8629,1.8629,1.8629
1.865,1.865,1.865,1.865,1.865,1.865,1.865,1.865,1.865,1.865,1.865,1.865,1.865,1.1724,1.865,1.865,1.865,1.865,1.865,1.865,1.865,1.865,1.865,1.865,1.865
1.8671,1.8671,1.8671,1.8671,1.8671,1.8671,1.8671,1.8671,1.8671,1.8671,1.8671,1.8671,1.8671,1.8671,1.8671,1.8671,1.8671,1.8671,1.8671,1.8671,1.8671,1.8671,1.8671,1.8671,1.8671
1.8693,1.8693,1.8693,1.8693,1.8693,1.8693,1.8693,1.8693,1.8693,1.8693,1.8693,1.8693,1.8693,1.8693,1.8693,1.8693,1.8693,1.8693,1.8693,1.8693,1.8693,1.8693,1.8693,1.8693,1.8693
1.8714,1.8714,1.8714,1.8714,1.8714,1.8714,1.8714,1.8714,1.8714,1.8714,1.8714,1.8714,0.7309,1.8714,1.8714,1.8714,1.8714,1.8714,1.8714,1.8714,1.8714,1.8714,1.8714,1.8714,1.8714
1.8735,1.8735,1.8735,1.8735,1.8735,1.8735,1.8735,1.8735,1.8735,1.8735,1.8735,1.8502,1.8735,1.8735,1.8735,1.8735,1.8735,1.8735,1.8735,1.8735,1.8735,1.8735,1.8735,1.8735,1.8735
1.8757,1.8757,1.8757,1.8757,1.8757,1.8757,1.8757,1.8757,1.8757,1.8757,1.8757,1.8757,1.8757,1.8757,1.8757,1.8757,1.8757,1.8757,1.8757,1.8757,1.8757,1.8757,1.8757,1.8757,1.8757
1.8778,1.8778,1.8778,1.8778,1.8778,1.8778,1.8778,1.8778,1.8778,1.8778,1.8778,1.8778,1.8778,1.8778,1.8778,1.8778,1.8778,1.8778,1.8778,1.8778,1.8778,1.8778,1.8778,1.8778,1.8778
1.88,1.88,1.88,1.88,1.88,1.88,1.88,1.88,1.88,1.88,1.88,1.88,1.88,1.88,1.88,1.88,1.88,1.88,1.88,1.88,1.88,1.88,1.88,1.88,1.88
1.8821,1.8821,1.8821,1.8821,1.8821,1.8821,1.8821,1.8821,1.8821,1.8821,1.8821,1.8821,1.8821,1.8821,1.8821,1.8821,1.8821,1.8821,1.8821,1.8821,1.8821,1.8821,1.8821,1.8821,1.8821
1.8843,1.8843,1.8843,1.8843,1.8843,1.8843,1.8843,1.8843,1.8843,1.8843,1.8843,1.8843,1.8843,1.8843,1.8843,1.8843,1.8843,1.8843,1.8843,1.8843,1.8843,1.8843,1.8843,1.8843,1.8843
1.8865,1.8865,1.8865,1.8865,1.8865,1.8865,1.8865,1.8865,1.8865,1.8865,1.8865,1.8865,1.8865,1.8865,1.8865,1.8865,1.8865,1.8865,1.8865,1.8865,1.8865,1.8865,1.8865,1.8865,1.8865
1.8886,1.8886,1.8886,1.8886,1.8886,1.8886,1.8886,1.8886,1.8886,1.8886,1.8886,1.8186,1.8886,1.8886,1.8886,1.8886,1.8886,1.8886,1.8886,1.8886,1.8886,1.8886,1.8886,1.8886,1.8886
1.8908,1.8908,1.8908,1.8908,1.8908,1.8908,1.8908,1.8908,1.8908,1.8908,1.8908,1.8908,0.8191,1.8908,1.8908,1.8908,1.8908,1.8908,1.8908,1.8908,1.8908,1.8908,1.8908,1.8908,1.8908
1.893,1.893,1.893,1.893,1.893,1.893,1.893,1.893,1.893,1.893,1.893,1.893,1.893,1.0776,1.893,1.893,1.893,1.893,1.893,1.893,1.893,1.893,1.893,1.893,1.893
1.8952,1.8952,1.8952,1.8952,1.8952,1.8952,1.8952,1.8952,1.8952,1.8952,1.8952,1.8952,1.8952,1.8952,1.8952,1.8952,1.8952,1.8952,1.8952,1.8952,1.8952,1.8952,1.8952,1.8952,1.8952
1.8974,1.8974,1.8974,1.8974,1.8974,1.8974,1.8974,1.8974,1.8974,1.8974,1.8974,1.8974,1.8974,1.1373,1.8974,1.8974,1.8974,1.8974,1.8974,1.8974,1.8974,1.8974,1.8974,1.8974,1.8974
1.8996,1.8996,1.8996,1.8996,1.8996,1.8996,1.8996,1.8996,1.8996,1.8996,1.8996,1.8996,1.8996,1.8996,1.8996,1.8996,1.8996,1.8996,1.8996,1.8996,1.8996,1.8996,1.8996,1.8996,1.8898
1.9018,1.9018,1.9018,1.9018,1.9018,1.9018,1.9018,1.9018,1.9018,1.9018,1.9018,1.3397,1.9018,1.9018,1.9018,1.9018,1.9018,1.9018,1.9018,1.9018,1.9018,1.9018,1.9018,1.9018,1.9018
1.904,1.904,1.904,1.904,1.904,1.904,1.904,1.904,1.904,1.904,1.904,1.904,1.904,1.904,1.904,1.904,1.904,1.904,1.904,1.904,1.904,1.904,1.904,1.904,1.904
1.9062,1.9062,1.9062,1.9062,1.9062,1.9062,1.9062,1.9062,1.9062,1.9062,1.9062,1.1807,1.9062,1.9062,1.9062,1.9062,1.9062,1.9062,1.9062,1.9062,1.9062,1.9062,1.9062,1.9062,1.9062
1.9084,1.9084,1.9084,1.9084,1.9084,1.9084,1.9084,1.9084,1.9084,1.9084,1.9084,1.9084,1.9084,1.9084,1.9084,1.9084,1.9084,1.9084,1.9084,1.9084,1.9084,1.9084,1.9084,1.9084,1.9084
1.9107,1.9107,1.9107,1.9107,1.9107,1.9107,1.9107,1.9107,1.9107,1.9107,1.9107,1.9107,1.9107,1.3125,1.9107,1.9107,1.9107,1.9107,1.9107,1.9107,1.9107,1.9107,1.9107,1.9107,1.9107
1.9129,1.9129,1.9129,1.9129,1.9129,1.9129,1.9129,1.9129,1.9129,1.9129,1.9129,1.9129,1.9129,1.9129,1.9129,1.9129,1.9129,1.9129,1.9129,1.9129,1.9129,1.9129,1.9129,1.9129,1.9129
1.9151,1.9151,1.9151,1.9151,1.9151,1.9151,1.9151,1.9151,1.9151,1.9151,1.9151,1.9151,1.9151,1.9151,1.8746,1.9151,1.9151,1.9151,1.9151,1.9151,1.9151,1.9151,1.9151,1.9151,1.9151
1.9174,1.9174,1.9174,1.9174,1.9174,1.9174,1.9174,1.9174,1.9174,1.9174,1.9174,1.9174,1.9174,1.9174,1.9174,1.9174,1.9174,1.9174,1.9174,1.9174,1.9174,1.9174,1.9174,1.9174,1.9174
1.9196,1.9196,1.9196,1.9196,1.9196,1.9196,1.9196,1.9196,1.9196,1.9196,1.9196,1.9196,1.9196,1.9196,1.9196,1.9196,1.9196,1.9196,1.9196,1.9196,1.9196,1.9196,1.9196,1.9196,1.9196
1.9219,1.9219,1.9219,1.9219,1.9219,1.9219,1.9219,1.9219,1.9219,1.9219,1.9219,1.9219,1.9219,1.9219,1.7699,1.9219,1.9219,1.9219,1.9219,1.9219,1.9219,1.9219,1.9219,1.9219,1.9219
1.9241,1.9241,1.9241,1.9241,1.9241,1.9241,1.9241,1.9241,1.9241,1.9241,1.9241,1.9241,1.9241,1.9241,1.9241,1.9241,1.9241,1.9241,1.9241,1.9241,1.9241,1.9241,1.9241,1.9241,1.9241
1.9264,1.9264,1.9264,1.9264,1.9264,1.9264,1.9264,1.9264,1.9264,1.9264,1.9264,1.9264,1.9264,1.482,1.9264,1.9264,1.9264,1.9264,1.9264,1.9264,1.9264,1.9264,1.9264,1.9264,1.9264
1.9287,1.9287,1.9287,1.9287,1.9287,1.9287,1.9287,1.9287,1.9287,1.9287,1.9287,1.9287,1.9287,1.9287,1.9287,1.9287,1.9287,1.9287,1.9287,1.9287,1.9287,1.9287,1.9287,1.9287,1.8769
1.9309,1.9309,1.9309,1.9309,1.9309,1.9309,1.9309,1.9309,1.9309,1.9309,1.9309,1.9309,1.9309,1.9309,1.9309,1.9309,1.9309,1.9309,1.9309,1.9309,1.9309,1.9309,1.9309,1.9309,1.9309
1.9332,1.9332,1.9332,1.9332,1.9332,1.9332,1.9332,1.9332,1.9332,1.9332,1.9332,1.9332,1.9332,1.9332,1.9332,1.9332,1.9332,1.9332,1.9332,1.9332,1.9332,1.9332,1.9332,1.9332,1.9332
1.9355,1.9355,1.9355,1.9355,1.9355,1.9355,1.9355,1.9355,1.9355,1.9355,1.9355,1.4178,1.9355,1.9355,1.9355,1.9355,1.9355,1.9355,1.9355,1.9355,1.9355,1.9355,1.9355,1.9355,1.9355
1.9378,1.9378,1.9378,1.9378,1.9378,1.9378,1.9378,1.9378,1.9378,1.9378,1.9378,1.9378,0.7603,1.9378,1.9378,1.9378,1.9378,1.9378,1.9378,1.9378,1.9378,1.9378,1.9378,1.9378,1.9378
1.9401,1.9401,1.9401,1.9401,1.9401,1.9401,1.9401,1.9401,1.9401,1.9401,1.9401,1.9401,1.9401,0.9769,1.9401,1.9401,1.9401,1.9401,1.9401,1.9401,1.9401,1.9401,1.9401,1.9401,1.9401
1.9424,1.9424,1.9424,1.9424,1.9424,1.9424,1.9424,1.9424,1.9424,1.9424,1.9424,1.9424,1.9424,1.9424,1.9424,1.9424,1.9424,1.9424,1.9424,1.9424,1.9424,1.9424,1.9424,1.9424,1.9424
1.9447,1.9447,1.9447,1.9447,1.9447,1.9447,1.9447,1.9447,1.9447,1.9447,1.9447,1.9447,1.9447,1.9447,1.9447,1.9447,1.9447,1.9447,1.9447,1.9447,1.9447,1.9447,1.9447,1.9447,1.9447
1.947,1.947,1.947,1.947,1.947,1.947,1.947,1.947,1.947,1.947,1.947,1.947,0.6569,1.947,1.947,1.947,1.947,1.947,1.947,1.947,1.947,1.947,1.9359,1.8672,1.7986
1.9493,1.9493,1.9493,1.9493,1.9493,1.9493,1.9493,1.9493,1.9493,1.9493,1.9493,1.4885,1.9493,1.9493,1.9493,1.9493,1.9493,1.9493,1.9493,1.9493,1.9493,1.9493,1.9493,1.9493,1.9493
1.9516,1.9516,1.9516,1.9516,1.9516,1.9516,1.9516,1.9516,1.9516,1.9516,1.9516,1.9516,1.9516,1.9516,1.9516,1.9516,1.9516,1.9516,1.9516,1.9516,1.9516,1.9516,1.9516,1.9516,1.9516
1.954,1.954,1.954,1.954,1.954,1.954,1.954,1.954,1.954,1.954,1.954,1.954,1.954,1.954,1.954,1.954,1.954,1.954,1.954,1.954,1.954,1.954,1.954,1.954,1.954
1.9563,1.9563,1.9563,1.9563,1.9563,1.9563,1.9563,1.9563,1.9563,1.9563,1.9563,1.9563,1.9563,1.9563,1.9563,1.9563,1.9563,1.9563,1.9563,1.9563,1.9563,1.9563,1.9563,1.9563,1.9563
1.9586,1.9586,1.9586,1.9586,1.9586,1.9586,1.9586,1.9586,1.9586,1.9586,1.9586,1.9586,1.9586,1.572,1.9586,1.9586,1.9586,1.9586,1.9586,1.9586,1.9586,1.9586,1.9586,1.9586,1.9586
1.961,1.961,1.961,1.961,1.961,1.961,1.961,1.961,1.961,1.961,1.961,1.961,1.961,1.961,1.961,1.961,1.961,1.961,1.961,1.961,1.961,1.961,1.961,1.961,1.961
1.9633,1.9633,1.9633,1.9633,1.9633,1.9633,1.9633,1.9633,1.9633,1.9633,1.9633,1.9633,1.9633,1.9633,1.9633,1.9633,1.9633,1.9633,1.9633,1.9633,1.9633,1.9633,1.9633,1.9633,1.9633
1.9657,1.9657,1.9657,1.9657,1.9657,1.9657,1.9657,1.9657,1.9657,1.9657,1.9657,1.9334,1.9657,1.9657,1.9657,1.9657,1.9657,1.9657,1.9657,1.9657,1.9657,1.9657,1.9657,1.9657,1.9586
1.968,1.968,1.968,1.968,1.968,1.968,1.968,1.968,1.968,1.968,1.968,1.968,1.968,1.968,1.968,1.968,1.968,1.968,1.968,1.968,1.968,1.968,1.968,1.968,1.968
1.9704,1.9704,1.9704,1.9704,1.9704,1.9704,1.9704,1.9704,1.9704,1.9704,1.9704,1.9704,1.9704,1.9704,1.8022,1.9704,1.9704,1.9704,1.9704,1.9704,1.9704,1.9704,1.9704,1.9704,1.9704
1.9728,1.9728,1.9728,1.9728,1.9728,1.9728,1.9728,1.9728,1.9728,1.9728,1.9728,1.9728,1.9728,1.9728,1.9728,1.9728,1.9728,1.9728,1.9728,1.9728,1.9728,1.9728,1.9728,1.9728,1.9728
1.9752,1.9752,1.9752,1.9752,1.9752,1.9752,1.9752,1.9752,1.9752,1.9752,1.9752,1.9752,1.9752,1.1415,1.9752,1.9752,1.9752,1.9752,1.9752,1.9752,1.9752,1.9752,1.9752,1.9752,1.9752
1.9775,1.9775,1.9775,1.9775,1.9775,1.9775,1.9775,1.9775,1.9775,1.9775,1.9775,1.9775,1.9775,1.9775,1.9775,1.9775,1.9775,1.9775,1.9775,1.9775,1.9775,1.942,1.8755,1.809,1.7424
1.9799,1.9799,1.9799,1.9799,1.9799,1.9799,1.9799,1.9799,1.9799,1.9799,1.9799,1.1353,1.9799,1.9799,1.9799,1.9799,1.9799,1.9799,1.9799,1.9799,1.9799,1.9799,1.9799,1.9799,1.9799
1.9823,1.9823,1.9823,1.9823,1.9823,1.9823,1.9823,1.9823,1.9823,1.9823,1.9823,1.9823,1.9823,1.9823,1.9823,1.9823,1.9823,1.9823,1.9823,1.9823,1.9823,1.9823,1.9823,1.9823,1.9823
1.9847,1.9847,1.9847,1.9847,1.9847,1.9847,1.9847,1.9847,1.9847,1.9847,1.9847,1.1658,1.9847,1.9847,1.9847,1.9847,1.9847,1.9847,1.9847,1.9847,1.9847,1.9847,1.9847,1.9847,1.9847
1.9871,1.9871,1.9871,1.9871,1.9871,1.9871,1.9871,1.9871,1.9871,1.9871,1.9871,1.9871,1.9871,1.9871,1.9871,1.9871,1.9871,1.9871,1.9871,1.9871,1.9871,1.9871,1.9871,1.9871,1.9871
1.9896,1.9896,1.9896,1.9896,1.9896,1.9896,1.9896,1.9896,1.9896,1.9896,1.9896,1.9896,1.9896,1.0774,1.9896,1.9896,1.9896,1.9896,1.9896,1.9896,1.9896,1.9896,1.9896,1.9896,1.9896
1.992,1.992,1.992,1.992,1.992,1.992,1.992,1.992,1.992,1.992,1.992,1.992,1.992,1.992,1.992,1.992,1.992,1.992,1.992,1.992,1.992,1.992,1.992,1.992,1.992
1.9944,1.9944,1.9944,1.9944,1.9944,1.9944,1.9944,1.9944,1.9944,1.9944,1.9944,1.9944,1.9944,1.9944,1.8003,1.9944,1.9944,1.9944,1.9944,1.9944,1.9944,1.9944,1.9944,1.9944,1.9944
1.9968,1.9968,1.9968,1.9968,1.9968,1.9968,1.9968,1.9968,1.9968,1.9968,1.9968,1.9968,0.6409,1.9968,1.9968,1.9968,1.9968,1.9968,1.9968,1.9968,1.9968,1.9559,1.8889,1.8219,1.7549
1.9993,1.9993,1.9993,1.9993,1.9993,1.9993,1.9993,1.9993,1.9993,1.9993,1.9993,1.7548,1.9993,1.9993,1.9993,1.9993,1.9993,1.9993,1.9993,1.9993,1.9993,1.9993,1.9993,1.9993,1.9993
2.0017,2.0017,2.0017,2.0017,2.0017,2.0017,2.0017,2.0017,2.0017,2.0017,2.0017,2.0017,2.0017,2.0017,1.5795,2.0017,2.0017,2.0017,2.0017,2.0017,2.0017,2.0017,2.0017,2.0017,2.0017
2.0042,2.0042,2.0042,2.0042,2.0042,2.0042,2.0042,2.0042,2.0042,2.0042,1.8106,2.0042,2.0042,2.0042,2.0042,2.0042,2.0042,2.0042,2.0042,2.0042,2.0042,2.0042,2.0042,2.0042,2.0042
2.0066,2.0066,2.0066,2.0066,2.0066,2.0066,2.0066,2.0066,2.0066,2.0066,2.0066,2.0066,2.0066,1.6153,2.0066,2.0066,2.0066,2.0066,2.0066,2.0066,2.0066,2.0066,2.0066,2.0066,2.0066
2.0091,2.0091,2.0091,2.0091,2.0091,2.0091,2.0091,2.0091,2.0091,2.0091,2.0091,2.0091,2.0091,2.0091,2.0091,2.0091,2.0091,2.0091,2.0091,2.0091,2.0091,1.9778,1.91,1.8423,1.7745
2.0115,2.0115,2.0115,2.0115,2.0115,2.0115,2.0115,2.0115,2.0115,2.0115,1.89,2.0115,2.0115,2.0115,2.0115,2.0115,2.0115,2.0115,2.0115,2.0115,2.0115,2.0115,2.0115,2.0115,2.0115
2.014,2.014,2.014,2.014,2.014,2.014,2.014,2.014,2.014,2.014,2.014,2.014,2.014,2.014,2.014,2.014,2.014,2.014,2.014,2.014,2.014,2.014,2.014,2.014,2.014
2.0165,2.0165,2.0165,2.0165,2.0165,2.0165,2.0165,2.0165,2.0165,2.0165,2.0165,1.4659,2.0165,2.0165,2.0165,2.0165,2.0165,2.0165,2.0165,2.0165,2.0165,2.0165,2.0165,2.0165,2.0165
2.019,2.019,2.019,2.019,2.019,2.019,2.019,2.019,2.019,2.019,2.019,2.019,0.7094,2.019,2.019,2.019,2.019,2.019,2.019,2.019,2.019,2.019,2.019,2.019,2.019
2.0215,2.0215,2.0215,2.0215,2.0215,2.0215,2.0215,2.0215,2.0215,2.0215,2.0215,2.0215,2.0215,0.882,1.8926,2.0215,2.0215,2.0215,2.0215,2.0215,2.0215,2.0215,2.0215,2.0215,2.0215
2.024,2.024,2.024,2.024,2.024,2.024,2.024,2.024,2.024,2.024,2.024,2.024,2.024,2.024,2.024,2.024,2.024,2.024,2.024,2.024,2.024,2.024,2.024,2.024,2.024
2.0265,2.0265,2.0265,2.0265,2.0265,2.0265,2.0265,2.0265,2.0265,2.0265,2.0265,2.0265,2.0265,1.0442,2.0265,2.0265,2.0265,2.0265,2.0265,2.0265,2.0265,2.0265,2.0265,2.0265,2.0265
2.029,2.029,2.029,2.029,2.029,2.029,2.029,2.029,2.029,2.029,2.029,2.029,0.6051,2.029,2.029,2.029,2.029,2.029,2.029,1.9731,1.9099,1.8466,1.7834,1.7201,1.6569
2.0315,2.0315,2.0315,2.0315,2.0315,2.0315,2.0315,2.0315,2.0315,2.0315,2.0315,1.2432,2.0315,2.0315,2.0315,2.0315,2.0315,2.0315,2.0315,2.0315,2.0315,2.0315,2.0315,2.0315,2.0315
2.034,2.034,2.034,2.034,2.034,2.034,2.034,2.034,2.034,2.034,2.034,2.034,2.034,2.034,2.034,2.034,2.034,2.034,2.034,2.034,2.034,2.034,2.034,2.034,2.034
2.0365,2.0365,2.0365,2.0365,2.0365,2.0365,2.0365,2.0365,2.0365,2.0365,1.9942,1.0459,2.0365,2.0365,2.0365,2.0365,2.0365,2.0365,2.0365,2.0365,2.0365,2.0365,2.0365,2.0365,2.0365
2.0391,2.0391,2.0391,2.0391,2.0391,2.0391,2.0391,2.0391,2.0391,2.0391,2.0391,2.0391,2.0391,2.0391,2.0391,2.0391,2.0391,2.0391,2.0391,2.0391,2.0391,2.0391,2.0391,2.0391,2.0391
2.0416,2.0416,2.0416,2.0416,2.0416,2.0416,2.0416,2.0416,2.0416,2.0416,2.0416,2.0416,2.0416,1.2525,2.0416,2.0416,2.0416,2.0416,2.0416,2.0416,2.0416,2.0416,2.0416,1.9814,1.9085
2.0442,2.0442,2.0442,2.0442,2.0442,2.0442,2.0442,2.0442,2.0442,2.0442,2.0442,2.0442,2.0442,2.0442,2.0442,2.0442,2.0442,2.0442,2.0442,2.0442,2.0442,2.0442,2.0442,2.0442,2.0442
2.0467,2.0467,2.0467,2.0467,2.0467,2.0467,2.0467,2.0467,2.0467,2.0467,2.0467,2.0467,2.0467,2.0467,2.0467,2.0467,2.0467,2.0467,2.0467,2.0467,2.0467,2.0467,2.0467,2.0467,2.0467
2.0493,2.0493,2.0493,2.0493,2.0493,2.0493,2.0493,2.0493,2.0493,2.0493,2.0493,2.0493,2.0493,2.0493,2.0493,2.0493,2.0493,2.0493,2.0493,2.0493,2.0227,1.9557,1.8887,1.8217,1.7547
2.0518,2.0518,2.0518,2.0518,2.0518,2.0518,2.0518,2.0518,2.0518,2.0518,2.0518,2.0518,2.0518,2.0518,2.0518,2.0518,2.0518,2.0518,2.0518,2.0518,2.0518,2.0518,2.0518,2.0518,2.0518
2.0544,2.0544,2.0544,2.0544,2.0544,2.0544,2.0544,2.0544,2.0544,2.0544,2.0544,2.0544,2.0544,2.0544,1.6014,2.0544,2.0544,2.0544,2.0544,2.0544,2.0544,2.0544,2.0544,2.0544,2.0544
2.057,2.057,2.057,2.057,2.057,2.057,2.057,2.057,2.057,2.057,2.057,2.057,2.057,2.057,2.057,2.057,2.057,2.057,2.057,2.057,2.057,2.057,2.057,2.057,2.057
2.0596,2.0596,2.0596,2.0596,2.0596,2.0596,2.0596,2.0596,2.0596,2.0596,2.0596,2.0596,2.0596,1.201,2.0596,2.0596,2.0596,2.0596,2.0596,2.0596,2.0596,2.0596,2.0596,2.0596,2.0596
2.0622,2.0622,2.0622,2.0622,2.0622,2.0622,2.0622,2.0622,2.0622,2.0622,2.0622,2.0622,2.0622,2.0622,2.0622,2.0622,2.0622,2.0622,2.0193,1.9566,1.8939,1.8312,1.7684,1.7057,1.643
2.0648,2.0648,2.0648,2.0648,2.0648,2.0648,2.0648,2.0648,2.0648,2.0648,1.9767,1.1136,2.0648,2.0648,2.0648,2.0648,2.0648,2.0648,2.0648,2.0648,2.0648,2.0648,2.0648,2.0648,2.0648
2.0674,2.0674,2.0674,2.0674,2.0674,2.0674,2.0674,2.0674,2.0674,2.0674,2.0674,2.0674,2.0674,2.0674,2.0674,2.0674,2.0674,2.0674,2.0674,2.0674,2.0674,2.0674,2.0674,2.0674,2.0674
2.07,2.07,2.07,2.07,2.07,2.07,2.07,2.07,2.07,2.07,2.07,1.184,2.07,2.07,2.07,2.07,2.07,2.07,2.07,2.07,2.07,2.07,2.07,2.07,2.07
2.0726,2.0726,2.0726,2.0726,2.0726,2.0726,2.0726,2.0726,2.0726,2.0726,2.0726,2.0726,0.6735,2.0726,2.0726,2.0726,2.0726,2.0726,2.0726,2.0726,2.0726,2.0726,2.0726,2.0726,2.0726
2.0752,2.0752,2.0752,2.0752,2.0752,2.0752,2.0752,2.0752,2.0752,2.0752,2.0752,2.0752,2.0752,0.9136,2.0581,2.0752,2.0752,2.0752,2.0752,2.0752,2.0752,2.0752,2.0752,2.0752,2.0752
2.0779,2.0779,2.0779,2.0779,2.0779,2.0779,2.0779,2.0779,2.0779,2.0779,2.0779,2.0779,2.0779,2.0779,2.0779,2.0779,2.0779,2.0779,2.0779,2.0779,2.0779,2.0779,2.0779,2.0779,2.0779
2.0805,2.0805,2.0805,2.0805,2.0805,2.0805,2.0805,2.0805,2.0805,2.0805,2.0805,2.0805,2.0805,2.0805,1.7848,2.0805,2.0805,2.0805,2.0805,2.0805,2.0805,2.0805,2.0805,2.0805,2.0805
2.0832,2.0832,2.0832,2.0832,2.0832,2.0832,2.0832,2.0832,2.0832,2.0832,2.0832,2.0832,0.5886,2.0832,2.0832,2.0832,2.0832,2.0424,1.9809,1.9194,1.8579,1.7964,1.7348,1.6733,1.6117
2.0858,2.0858,2.0858,2.0858,2.0858,2.0858,2.0858,2.0858,2.0858,2.0858,2.0858,1.4272,2.0858,2.0858,2.0858,2.0858,2.0858,2.0858,2.0858,2.0858,2.0858,2.0858,2.0858,2.0858,2.0858
2.0885,2.0885,2.0885,2.0885,2.0885,2.0885,2.0885,2.0885,2.0885,2.0885,2.0885,2.0885,2.0885,2.0885,2.0885,2.0885,2.0885,2.0885,2.0885,2.0885,2.0885,2.0885,2.0885,2.0885,2.0885
2.0911,2.0911,2.0911,2.0911,2.0911,2.0911,2.0911,2.0911,2.0911,2.0911,1.7624,2.0911,2.0911,2.0911,2.0911,2.0911,2.0911,2.0911,2.0911,2.0911,2.0911,2.0911,2.0911,2.0911,2.0911
2.0938,2.0938,2.0938,2.0938,2.0938,2.0938,2.0938,2.0938,2.0938,2.0938,2.0938,2.0938,2.0938,1.8611,2.0938,2.0938,2.0938,2.0938,2.0938,2.0938,2.0938,2.0938,2.0938,2.0938,2.0938
2.0965,2.0965,2.0965,2.0965,2.0965,2.0965,2.0965,2.0965,2.0965,2.0965,2.0965,2.0965,2.0965,1.5692,2.0965,2.0965,2.0965,2.0965,2.0965,2.0409,1.9754,1.91,1.8446,1.7792,1.7137
2.0992,2.0992,2.0992,2.0992,2.0992,2.0992,2.0992,2.0992,2.0992,2.0992,1.6973,2.0992,2.0992,2.0992,2.0992,2.0992,2.0992,2.0992,2.0992,2.0992,2.0992,2.0992,2.0992,2.0992,2.0992
2.1019,2.1019,2.1019,2.1019,2.1019,2.1019,2.1019,2.1019,2.1019,2.1019,2.1019,2.1019,2.1019,2.1019,2.1019,2.1019,2.1019,2.1019,2.1019,2.1019,2.1019,2.1019,2.1019,2.1019,2.1019
2.1046,2.1046,2.1046,2.1046,2.1046,2.1046,2.1046,2.1046,2.1046,2.1046,2.1046,1.57,2.1046,2.1046,2.1046,2.1046,2.1046,2.1046,2.1046,2.1046,2.0743,2.0056,1.9369,1.8682,1.7995
2.1073,2.1073,2.1073,2.1073,2.1073,2.1073,2.1073,2.1073,2.1073,2.1073,2.1073,2.1073,0.6753,2.1073,2.1073,2.1073,2.1073,2.1073,2.1073,2.1073,2.1073,2.1073,2.1073,2.1073,2.1073
2.11,2.11,2.11,2.11,2.11,2.11,2.11,2.11,2.11,2.11,2.11,2.11,2.11,0.9237,1.6679,2.11,2.11,2.11,2.11,2.11,2.11,2.11,2.11,2.11,2.11
2.1127,2.1127,2.1127,2.1127,2.1127,2.1127,2.1127,2.1127,2.1127,2.1127,2.1127,2.1127,2.1127,2.1127,2.1127,2.1127,2.1127,2.1127,2.1127,2.1127,2.1127,2.1127,2.1127,2.1127,2.1127
2.1154,2.1154,2.1154,2.1154,2.1154,2.1154,2.1154,2.1154,2.1154,2.1154,2.1154,2.1154,2.1154,0.9583,2.1154,2.1154,2.1154,2.1154,2.1154,2.1154,2.1154,2.1154,2.1154,2.1154,2.1154
2.1182,2.1182,2.1182,2.1182,2.1182,2.1182,2.1182,2.1182,2.1182,2.1182,2.1182,2.1182,2.1182,2.1182,2.1182,2.0902,2.0314,1.9722,1.9129,1.8535,1.7941,1.7346,1.6752,1.6158,1.5564
2.1209,2.1209,2.1209,2.1209,2.1209,2.1209,2.1209,2.1209,2.1209,2.1209,2.1209,1.0685,2.1209,2.1209,2.1209,2.1209,2.1209,2.1209,2.1209,2.1209,2.1209,2.1209,2.1209,2.1209,2.1209
2.1237,2.1237,2.1237,2.1237,2.1237,2.1237,2.1237,2.1237,2.1237,2.1237,2.1237,2.1237,2.1237,2.1237,2.1237,2.1237,2.1237,2.1237,2.1237,2.1237,2.1237,2.1237,2.1237,2.1237,2.1237
2.1264,2.1264,2.1264,2.1264,2.1264,2.1264,2.1264,2.1264,2.1264,2.1264,1.999,1.0002,2.1264,2.1264,2.1264,2.1264,2.1264,2.1264,2.1264,2.1264,2.1264,2.1264,2.1264,2.1264,2.1264
2.1292,2.1292,2.1292,2.1292,2.1292,2.1292,2.1292,2.1292,2.1292,2.1292,2.1292,2.1292,2.1292,2.1292,2.1292,2.1292,2.1292,2.1292,2.1292,2.1292,2.1292,2.1292,2.1292,2.1292,2.1292
2.1319,2.1319,2.1319,2.1319,2.1319,2.1319,2.1319,2.1319,2.1319,2.1319,2.1319,2.1319,2.1319,1.037,2.1319,2.1319,2.1319,2.1319,2.1319,2.1319,2.1319,2.1102,2.0379,1.9656,1.8933
2.1347,2.1347,2.1347,2.1347,2.1347,2.1347,2.1347,2.1347,2.1347,2.1347,2.1347,2.1347,2.1347,2.1347,2.1347,2.1347,2.1347,2.1347,2.1347,2.1347,2.1347,2.1347,2.1347,2.1347,2.1347
2.1375,2.1375,2.1375,2.1375,2.1375,2.1375,2.1375,2.1375,2.1375,2.1375,2.1375,2.1375,2.1375,2.1375,1.57,2.1375,2.1375,2.1375,2.1375,2.1375,2.1375,2.1375,2.1375,2.1375,2.1375
2.1403,2.1403,2.1403,2.1403,2.1403,2.1403,2.1403,2.1403,2.1403,2.1403,2.1403,2.1403,2.1403,2.1403,2.1403,2.1403,2.0928,2.0318,1.9707,1.9095,1.8483,1.7871,1.7259,1.6646,1.6034
2.1431,2.1431,2.1431,2.1431,2.1431,2.1431,2.1431,2.1431,2.1431,2.1431,2.1431,1.7489,2.1431,2.1431,2.1431,2.1431,2.1431,2.1431,2.1431,2.1431,2.1431,2.1431,2.1431,2.1431,2.1431
2.1459,2.1459,2.1459,2.1459,2.1459,2.1459,2.1459,2.1459,2.1459,2.1459,2.1459,2.1459,2.1459,2.1459,1.4519,2.1459,2.1459,2.1459,2.1459,2.1459,2.1459,2.1459,2.1459,2.1459,2.1459
2.1487,2.1487,2.1487,2.1487,2.1487,2.1487,2.1487,2.1487,2.1487,2.1487,1.648,2.1487,2.1487,2.1487,2.1487,2.1487,2.1487,2.1487,2.1487,2.1487,2.1487,2.1487,2.1487,2.1487,2.1487
2.1515,2.1515,2.1515,2.1515,2.1515,2.1515,2.1515,2.1515,2.1515,2.1515,2.1515,2.1515,2.1515,1.3103,2.1515,2.1515,2.1515,2.1515,2.1515,2.1515,2.1515,2.1515,2.1515,2.1515,2.1515
2.1544,2.1544,2.1544,2.1544,2.1544,2.1544,2.1544,2.1544,2.1544,2.1544,2.1544,2.1544,2.1544,2.1544,2.1544,2.1192,2.0595,1.9995,1.9393,1.8791,1.8189,1.7587,1.6984,1.6382,1.5779
2.1572,2.1572,2.1572,2.1572,2.1572,2.1572,2.1572,2.1572,2.1572,2.1572,1.7602,2.1572,2.1572,2.1572,2.1572,2.1572,2.1572,2.1572,2.1572,2.1572,2.1572,2.1572,2.1572,2.1572,2.1572
2.1601,2.1601,2.1601,2.1601,2.1601,2.1601,2.1601,2.1601,2.1601,2.1601,2.1601,2.1601,2.1601,2.1601,2.1601,2.1601,2.1601,2.1601,2.1601,2.1601,2.1601,2.1601,2.1601,2.1601,2.1601
2.1629,2.1629,2.1629,2.1629,2.1629,2.1629,2.1629,2.1629,2.1629,2.1629,2.1629,1.2346,2.1629,2.1629,2.1629,2.1629,2.1629,2.1629,2.1629,2.1629,2.1629,2.114,2.0416,1.9692,1.8968
2.1658,2.1658,2.1658,2.1658,2.1658,2.1658,2.1658,2.1658,2.1658,2.1658,2.1658,2.1658,0.638,2.1658,2.1658,2.1658,2.1658,2.1658,2.1658,2.1658,2.1658,2.1658,2.1658,2.1658,2.1658
2.1686,2.1686,2.1686,2.1686,2.1686,2.1686,2.1686,2.1686,2.1686,2.1686,2.1686,2.1686,2.1686,0.7947,1.7903,2.1686,2.1686,2.1686,2.1686,2.1686,2.1686,2.1686,2.1686,2.1686,2.1686
2.1715,2.1715,2.1715,2.1715,2.1715,2.1715,2.1715,2.1715,2.1715,2.1715,2.1715,2.1715,2.1715,2.1715,2.1715,2.1715,2.1715,2.1715,2.1715,2.1715,2.1715,2.1715,2.1715,2.1715,2.1715
2.1744,2.1744,2.1744,2.1744,2.1744,2.1744,2.1744,2.1744,2.1744,2.1744,2.1744,2.1744,2.1744,0.9971,1.8083,2.1744,2.1744,2.1744,2.1744,2.1744,2.1744,2.1744,2.1744,2.1744,2.1744
2.1773,2.1773,2.1773,2.1773,2.1773,2.1773,2.1773,2.1773,2.1773,2.1773,2.1773,2.1773,0.5502,2.1306,2.0788,2.0233,1.9663,1.909,1.8516,1.7941,1.7366,1.6791,1.6215,1.564,1.5065
2.1802,2.1802,2.1802,2.1802,2.1802,2.1802,2.1802,2.1802,2.1802,2.1802,2.1802,1.2003,2.1802,2.1802,2.1802,2.1802,2.1802,2.1802,2.1802,2.1802,2.1802,2.1802,2.1802,2.1802,2.1802
2.1831,2.1831,2.1831,2.1831,2.1831,2.1831,2.1831,2.1831,2.1831,2.1831,2.1831,2.1831,2.1831,2.1831,2.1831,2.1831,2.1831,2.1831,2.1831,2.1831,2.1831,2.1831,2.1831,2.1831,2.1831
2.186,2.186,2.186,2.186,2.186,2.186,2.186,2.186,2.186,2.186,1.7486,1.0234,2.186,2.186,2.186,2.186,2.186,2.186,2.186,2.186,2.186,2.186,2.186,2.186,2.186
2.1889,2.1889,2.1889,2.1889,2.1889,2.1889,2.1889,2.1889,2.1889,2.1889,2.1889,2.1889,2.1889,2.1889,2.1889,2.1889,2.1889,2.1889,2.1889,2.1889,2.1889,2.1889,2.1889,2.1889,2.1889
2.1918,2.1918,2.1918,2.1918,2.1918,2.1918,2.1918,2.1918,2.1918,2.1918,2.1918,2.1918,2.1918,1.2468,2.1918,2.1918,2.1918,2.1357,2.0715,2.0071,1.9428,1.8785,1.8141,1.7498,1.6854
2.1948,2.1948,2.1948,2.1948,2.1948,2.1948,2.1948,2.1948,2.1948,2.1948,2.1948,2.1948,2.1948,2.1948,2.1948,2.1948,2.1948,2.1948,2.1948,2.1948,2.1948,2.1948,2.1948,2.1948,2.1948
2.1977,2.1977,2.1977,2.1977,2.1977,2.1977,2.1977,2.1977,2.1977,2.1977,2.1977,2.1977,2.1977,2.1977,2.1977,2.1977,2.1977,2.1977,2.1977,2.1977,2.1977,2.1977,2.1977,2.1977,2.1977
2.2007,2.2007,2.2007,2.2007,2.2007,2.2007,2.2007,2.2007,2.2007,2.2007,2.2007,1.7475,2.2007,2.2007,2.2007,2.1922,2.1304,2.0684,2.0061,1.9439,1.8815,1.8192,1.7569,1.6946,1.6323
2.2036,2.2036,2.2036,2.2036,2.2036,2.2036,2.2036,2.2036,2.2036,2.2036,2.2036,2.2036,2.2036,2.2036,2.2036,2.2036,2.2036,2.2036,2.2036,2.2036,2.2036,2.2036,2.2036,2.2036,2.2036
2.2066,2.2066,2.2066,2.2066,2.2066,2.2066,2.2066,2.2066,2.2066,2.2066,2.2066,2.2066,2.2066,2.2066,1.4992,2.2066,2.2066,2.2066,2.2066,2.2066,2.2066,2.2066,2.2066,2.2066,2.2066
2.2096,2.2096,2.2096,2.2096,2.2096,2.2096,2.2096,2.2096,2.2096,2.2096,2.2096,2.2096,2.2096,2.2096,2.2096,2.2096,2.2096,2.2096,2.2096,2.2096,2.2096,2.2096,2.2096,2.2096,2.2096
2.2126,2.2126,2.2126,2.2126,2.2126,2.2126,2.2126,2.2126,2.2126,2.2126,2.2126,2.2126,2.2126,1.0127,2.2126,2.2126,2.2126,2.2126,2.2126,2.2126,2.2126,2.2126,2.2126,2.2126,2.2126
2.2156,2.1893,2.1763,2.1686,2.1654,2.1651,2.165,2.1653,2.1657,2.1661,2.1665,2.1574,2.1478,2.1017,2.0506,1.9958,1.9396,1.8831,1.8264,1.7697,1.713,1.6563,1.5995,1.5428,1.4861
2.2186,2.2186,2.2186,2.2186,2.2186,2.2186,2.2186,2.2186,2.2186,2.2186,1.8778,0.9523,2.2186,2.2186,2.2186,2.2186,2.2186,2.2186,2.2186,2.2186,2.2186,2.2186,2.2186,2.2186,2.2186
2.2216,2.2216,2.2216,2.2216,2.2216,2.2216,2.2216,2.2216,2.2216,2.2216,2.2216,2.2216,2.2216,2.2216,2.2216,2.2216,2.2216,2.2216,2.2216,2.2216,2.2216,2.2216,2.2216,2.2216,2.2216
2.2246,2.2246,2.2246,2.2246,2.2246,2.2246,2.2246,2.2246,2.2246,2.2246,2.0466,1.0241,2.2246,2.2246,2.2246,2.2246,2.2246,2.2246,2.2246,2.2246,2.2246,2.2246,2.2208,2.1421,2.0633
2.1249,2.157,2.1697,2.1774,2.1805,2.1809,2.1809,2.1806,2.1803,2.1799,2.1795,2.1885,2.1979,2.2276,2.2276,2.2276,2.2276,2.2276,2.2276,2.2276,2.2276,2.2276,2.2276,2.2276,2.2276
2.2306,2.2306,2.2306,2.2306,2.2306,2.2306,2.2306,2.2306,2.2306,2.2306,2.2306,2.2306,2.2306,0.8843,1.992,2.2306,2.2306,2.2306,2.2306,2.2306,2.2077,2.1346,2.0615,1.9883,1.9152
2.2337,2.2337,2.2337,2.2337,2.2337,2.2337,2.2337,2.2337,2.2337,2.2337,2.2337,2.2337,2.2337,2.2337,2.2337,2.2337,2.2337,2.2337,2.2337,2.2337,2.2337,2.2337,2.2337,2.2337,2.2337
2.2367,2.2367,2.2367,2.2367,2.2367,2.2367,2.2367,2.2367,2.2367,2.2367,2.2367,2.2367,2.2367,2.2367,1.5716,2.2367,2.2367,2.2367,2.2367,2.2367,2.2367,2.2367,2.2367,2.2367,2.2367
2.2267,2.1942,2.1812,2.1734,2.1702,2.1699,2.1698,2.1701,2.1705,2.1709,2.1713,2.1622,0.5439,2.1064,2.0552,2.0002,1.9439,1.8873,1.8305,1.7737,1.7168,1.66,1.6031,1.5462,1.4894
2.2428,2.2428,2.2428,2.2428,2.2428,2.2428,2.2428,2.2428,2.2428,2.2428,2.2428,1.4193,2.2428,2.2428,2.2428,2.2428,2.2428,2.2428,2.2428,2.2428,2.2428,2.2428,2.2428,2.2428,2.2428
2.2459,2.2459,2.2459,2.2459,2.2459,2.2459,2.2459,2.2459,2.2459,2.2459,2.2459,2.2459,2.2459,2.2459,1.4645,2.0826,2.2459,2.2459,2.2459,2.2459,2.2459,2.2459,2.2459,2.2459,2.2459
2.249,2.249,2.249,2.249,2.249,2.249,2.249,2.249,2.249,2.249,1.5738,2.249,2.249,2.249,2.249,2.249,2.249,2.249,2.249,2.249,2.249,2.249,2.249,2.249,2.249
2.2521,2.2521,2.2521,2.2521,2.2521,2.2521,2.2521,2.2521,2.2521,2.2521,2.2521,2.2521,2.2521,1.4912,2.2521,2.2521,2.2521,2.2521,2.2521,2.2521,2.2521,2.2521,2.2521,2.2521,2.2521
2.2552,2.2552,2.255,2.247,2.2437,2.2433,2.2433,2.2436,2.244,2.2444,2.2448,2.2354,2.2255,1.6367,2.1247,2.068,2.0097,1.9512,1.8925,1.8337,1.7749,1.7162,1.6574,1.5986,1.5398
2.2583,2.2583,2.2583,2.2583,2.2583,2.2583,2.2583,2.2583,2.2583,2.2583,1.5959,2.2583,2.2583,2.2583,2.2583,2.2583,2.2583,2.2583,2.2583,2.2583,2.2583,2.2583,2.2583,2.2583,2.2583
2.2614,2.2614,2.2614,2.2614,2.2614,2.2614,2.2614,2.2614,2.2614,2.2614,2.2614,2.2614,2.2614,2.2614,2.2614,2.2614,2.2614,2.2614,2.2614,2.2614,2.2614,2.2614,2.2614,2.2614,2.2614
2.2645,2.2645,2.2645,2.2645,2.2645,2.2645,2.2645,2.2645,2.2645,2.2645,2.2645,1.323,2.2645,2.2645,2.2645,2.2645,2.2229,2.1582,2.0932,2.0283,1.9632,1.8982,1.8332,1.7682,1.7031
2.118,2.1499,2.1626,2.1702,2.1734,2.1737,2.1738,2.1735,2.1731,2.1727,2.1723,2.1813,0.6137,2.236,2.2677,2.2677,2.2677,2.2677,2.2677,2.2677,2.2677,2.2677,2.2677,2.2677,2.2677
2.2708,2.2708,2.2708,2.2708,2.2708,2.2708,2.2708,2.2708,2.2708,2.2708,2.2708,2.2708,2.2708,0.7907,1.5899,2.2708,2.2708,2.2708,2.2708,2.2708,2.2708,2.2708,2.2708,2.2708,2.2708
2.274,2.274,2.274,2.274,2.274,2.274,2.274,2.274,2.274,2.274,2.274,2.274,2.274,2.274,2.274,2.274,2.274,2.274,2.274,2.274,2.274,2.274,2.274,2.274,2.274
2.2771,2.2771,2.2771,2.2771,2.2771,2.2771,2.2771,2.2771,2.2771,2.2771,2.2771,2.2771,2.2771,0.8742,1.8708,2.2771,2.2771,2.2771,2.2771,2.2771,2.2771,2.2771,2.2771,2.2771,2.2771
2.137,2.1058,2.0933,2.0859,2.0828,2.0825,2.0824,2.0827,2.083,2.0834,2.0838,2.075,2.0659,2.0215,1.9724,1.9197,1.8656,1.8113,1.7568,1.7022,1.6476,1.5931,1.5385,1.4839,1.4294
2.2835,2.2835,2.2835,2.2835,2.2835,2.2835,2.2835,2.2835,2.2835,2.2835,2.0711,1.0363,2.2835,2.2835,2.2835,2.2835,2.2835,2.2835,2.2835,2.2835,2.2835,2.2835,2.2835,2.2835,2.2835
2.2867,2.2867,2.2867,2.2867,2.2867,2.2867,2.2867,2.2867,2.2867,2.2867,2.2867,2.2867,2.2867,2.2867,2.2867,2.2867,2.2867,2.2867,2.2867,2.2867,2.2867,2.2867,2.2867,2.2867,2.2867
2.2899,2.2899,2.2899,2.2899,2.2899,2.2899,2.2899,2.2899,2.2899,2.2899,1.7657,0.8835,2.2899,2.2899,2.2899,2.2899,2.2899,2.2899,2.2899,2.2899,2.2899,2.2899,2.2899,2.2899,2.2899
2.0935,2.1251,2.1377,2.1452,2.1483,2.1486,2.1487,2.1484,2.148,2.1476,2.1473,2.1561,2.1654,2.2102,2.2598,2.2931,2.2931,2.2931,2.2931,2.2931,2.2931,2.2931,2.2931,2.2931,2.2931
2.2963,2.2963,2.2963,2.2963,2.2963,2.2963,2.2963,2.2963,2.2963,2.2963,2.2963,2.2963,2.2963,1.0305,2.2963,2.2633,2.1995,2.1355,2.0712,2.0069,1.9426,1.8783,1.8139,1.7496,1.6852
2.2995,2.2995,2.2995,2.2995,2.2995,2.2995,2.2995,2.2995,2.2995,2.2479,2.2995,2.2995,2.2995,2.2995,2.2995,2.2995,2.2995,2.2995,2.2995,2.2995,2.2995,2.2995,2.2995,2.2995,2.2995
2.3027,2.3027,2.3027,2.3027,2.3027,2.3027,2.3027,2.3027,2.3027,2.3027,2.3027,2.3027,2.3027,2.3027,1.4857,2.1892,2.3027,2.3027,2.3027,2.3027,2.3027,2.3027,2.3027,2.3027,2.3027
2.2491,2.2163,2.2031,2.1953,2.1921,2.1917,2.1916,2.192,2.1923,2.1927,2.1931,2.0398,2.1742,2.1276,2.0758,2.0204,1.9635,1.9063,1.8489,1.7915,1.7341,1.6767,1.6192,1.5618,1.5043
2.2187,2.2521,2.2654,2.2734,2.2767,2.277,2.2771,2.2768,2.2764,2.276,2.2756,1.8098,2.2948,2.3092,2.3092,2.3092,2.3092,2.3092,2.3092,2.3092,2.3092,2.3092,2.3092,2.3092,2.3092
2.3125,2.3125,2.3125,2.3125,2.3125,2.3125,2.3125,2.3125,2.3125,2.3125,2.3125,2.3125,2.3125,2.3125,1.3701,2.1317,2.3125,2.3125,2.3125,2.3125,2.3125,2.3125,2.3125,2.3125,2.3125
2.3158,2.3158,2.3158,2.3158,2.3158,2.3158,2.3158,2.3158,2.3158,2.1771,2.3158,2.3158,2.3158,2.3158,2.3158,2.3158,2.3158,2.3158,2.3158,2.3158,2.3158,2.3158,2.3158,2.3158,2.3158
2.319,2.319,2.319,2.319,2.319,2.319,2.319,2.319,2.319,2.319,2.319,2.319,2.319,1.1014,2.319,2.319,2.319,2.319,2.319,2.319,2.319,2.319,2.319,2.319,2.319
2.1521,2.1206,2.108,2.1005,2.0975,2.0971,2.097,2.0974,2.0977,2.0981,2.0985,2.0897,2.0804,2.0358,1.9863,1.9332,1.8787,1.824,1.7691,1.7142,1.6592,1.6043,1.5493,1.4944,1.4394
2.3256,2.3256,2.3256,2.3256,2.3256,2.3256,2.3256,2.3256,2.3256,2.3256,1.6828,2.3256,2.3256,2.3256,2.3256,2.3256,2.3256,2.3256,2.3256,2.3256,2.3256,2.3256,2.3256,2.3256,2.3256
2.3289,2.3289,2.3289,2.3289,2.3289,2.3289,2.3289,2.3289,2.3289,2.3289,2.3289,2.3289,2.3289,2.3289,2.3289,2.3289,2.3289,2.3289,2.3289,2.3289,2.3289,2.3289,2.3289,2.3289,2.3289
2.3322,2.3322,2.3322,2.3322,2.3322,2.3322,2.3322,2.3322,2.3322,2.3322,2.14,1.0708,2.3322,2.3322,2.3322,2.3322,2.3322,2.3153,2.2456,2.1759,2.1061,2.0363,1.9666,1.8968,1.8271
2.0299,2.0605,2.0727,2.08,2.083,2.0833,2.0834,2.0831,2.0828,2.0824,2.082,2.0906,0.5882,2.143,2.1911,2.2427,2.2956,2.3356,2.3356,2.3356,2.3356,2.3356,2.3356,2.3356,2.3356
2.3389,2.3389,2.3389,2.3389,2.3389,2.3389,2.3389,2.3389,2.3389,2.3389,2.3389,2.3389,2.3389,0.7721,1.7393,2.3389,2.3389,2.3389,2.3389,2.3389,2.2758,2.2005,2.1251,2.0497,1.9743
2.3422,2.3422,2.3422,2.3422,2.3422,2.3422,2.3422,2.3422,2.3422,2.3422,2.3422,2.3422,2.3422,2.3422,2.3422,2.3422,2.3422,2.3422,2.3422,2.3422,2.3422,2.3422,2.3422,2.3422,2.3422
2.3456,2.3456,2.3456,2.3456,2.3456,2.3456,2.3456,2.3456,2.3456,2.3456,2.3456,2.3456,2.3456,2.3456,1.6007,2.3456,2.3456,2.3456,2.3456,2.3456,2.3456,2.3456,2.3456,2.3456,2.3456
2.0978,2.0671,2.0549,2.0476,2.0446,2.0443,2.0442,2.0445,2.0448,2.0452,2.0456,2.037,0.5124,1.9844,1.9362,1.8844,1.8314,1.778,1.7245,1.671,1.6174,1.5639,1.5103,1.4567,1.4031
2.3523,2.3523,2.3523,2.3523,2.3523,2.3523,2.3523,2.3523,2.3523,2.3523,2.3523,1.192,2.3523,2.3523,2.3523,2.3523,2.3523,2.3523,2.3523,2.3523,2.3523,2.3523,2.3523,2.3523,2.3523
2.3557,2.3557,2.3557,2.3557,2.3557,2.3557,2.3557,2.3557,2.3557,2.3557,2.3557,2.3557,2.3557,2.3557,2.3557,1.9479,2.3557,2.3557,2.3557,2.3557,2.3557,2.3557,2.3557,2.3557,2.3557
2.3591,2.3591,2.3591,2.3591,2.3591,2.3591,2.3591,2.3591,2.3591,2.3567,1.5715,2.3591,2.3591,2.3591,2.3591,2.3591,2.3591,2.3591,2.3591,2.3591,2.3591,2.3591,2.3591,2.3591,2.3591
2.1061,2.1378,2.1505,2.1581,2.1612,2.1615,2.1616,2.1613,2.1609,2.1605,2.1601,2.169,2.1784,1.7935,2.2733,2.3269,2.3625,2.3625,2.3625,2.3625,2.3625,2.3625,2.3625,2.3625,2.3625
2.2794,2.246,2.2327,2.2248,2.2215,2.2212,2.2211,2.2214,2.2218,2.2222,2.2226,2.2133,2.2035,1.2823,2.1037,2.0475,1.9898,1.9319,1.8738,1.8156,1.7574,1.6992,1.641,1.5828,1.5246
2.3693,2.3693,2.3693,2.3693,2.3693,2.3693,2.3693,2.3693,2.3693,2.2035,1.4693,2.3693,2.3693,2.3693,2.3693,2.3693,2.3693,2.3693,2.3693,2.3693,2.3693,2.3693,2.3693,2.3693,2.3693
2.3728,2.3728,2.3728,2.3728,2.3728,2.3728,2.3728,2.3728,2.3728,2.3728,2.3728,2.3728,2.3728,2.3728,2.3728,2.116,2.3728,2.3728,2.3728,2.3728,2.3728,2.3728,2.3728,2.3728,2.3728
2.3238,2.2898,2.2763,2.2682,2.2649,2.2645,2.2644,2.2647,2.2651,2.2655,2.266,1.4621,2.2464,2.1982,2.1448,2.0874,2.0286,1.9696,1.9103,1.851,1.7917,1.7323,1.673,1.6136,1.5543
2.0653,2.0964,2.1088,2.1162,2.1193,2.1196,2.1197,2.1194,2.119,2.1186,2.1182,2.127,2.1361,2.1803,2.2293,2.2818,2.3356,2.3797,2.3797,2.3797,2.3797,2.3797,2.3797,2.3797,2.3797
2.3831,2.3831,2.3831,2.3831,2.3831,2.3831,2.3831,2.3831,2.3831,2.3831,2.3831,2.3831,2.3831,2.3831,1.4367,2.2354,2.3831,2.3831,2.3831,2.3831,2.3831,2.3831,2.3831,2.3831,2.3831
2.3866,2.3866,2.3866,2.3866,2.3866,2.3866,2.3866,2.3866,2.3866,2.3866,2.3866,2.3866,2.3866,2.3866,2.3866,2.3866,2.3866,2.3866,2.3866,2.3866,2.3866,2.3866,2.3866,2.3866,2.3866
2.3901,2.3901,2.3901,2.3901,2.3901,2.3901,2.3901,2.3901,2.3901,2.3901,2.3901,2.3901,2.3901,0.878,1.9778,2.3901,2.3901,2.3901,2.3901,2.3901,2.3901,2.3901,2.3901,2.3901,2.3901
2.0547,2.0246,2.0126,2.0055,2.0025,2.0022,2.0021,2.0024,2.0028,2.0031,2.0035,1.9951,1.9862,1.9436,1.8964,1.8457,1.7937,1.7415,1.6891,1.6366,1.5842,1.5317,1.4792,1.4267,1.3743
2.3971,2.3971,2.3971,2.3971,2.3971,2.3971,2.3971,2.3971,2.3971,2.3971,1.8268,0.9141,2.3971,2.3971,2.3971,2.3971,2.3971,2.3971,2.3971,2.3971,2.3971,2.3971,2.3971,2.3971,2.3971
2.4006,2.4006,2.4006,2.4006,2.4006,2.4006,2.4006,2.4006,2.4006,2.4006,2.4006,2.4006,2.4006,2.4006,2.4006,2.4006,2.4006,2.4006,2.4006,2.4006,2.4006,2.4006,2.4006,2.4006,2.4006
2.4041,2.4041,2.4041,2.4041,2.4041,2.4041,2.4041,2.4041,2.4041,2.4041,1.8139,0.9076,2.4041,2.4041,2.4041,2.4041,2.4041,2.4041,2.4041,2.4041,2.3351,2.2578,2.1804,2.1031,2.0257
1.9851,2.015,2.027,2.0341,2.037,2.0374,2.0374,2.0371,2.0368,2.0364,2.0361,2.0445,2.0533,2.0957,2.1428,2.1932,2.245,2.297,2.3492,2.4014,2.4076,2.4076,2.4076,2.4076,2.4076
2.4112,2.4112,2.4112,2.4112,2.4112,2.4112,2.4112,2.4112,2.4112,2.4112,2.4112,2.4112,2.4112,0.8777,1.9772,2.2993,2.2345,2.1695,2.1042,2.0388,1.9735,1.9081,1.8428,1.7774,1.712
2.4147,2.4147,2.4147,2.4147,2.4147,2.4147,2.4147,2.4147,2.4147,2.4147,2.4147,2.4147,2.4147,2.4147,2.4147,2.4147,2.4147,2.4147,2.4147,2.4147,2.4147,2.4147,2.4147,2.4147,2.4147
2.4183,2.4183,2.4183,2.4183,2.4183,2.4183,2.4183,2.4183,2.4183,2.4183,2.4183,2.4183,2.4183,2.4183,1.4154,2.2021,2.4183,2.4183,2.4183,2.4183,2.4183,2.4183,2.4183,2.4183,2.4183
2.1018,2.0711,2.0588,2.0515,2.0485,2.0481,2.048,2.0484,2.0487,2.0491,2.0495,2.0408,2.0318,1.9882,1.9398,1.888,1.8348,1.7814,1.7278,1.6741,1.6205,1.5668,1.5131,1.4595,1.4058
2.2121,2.2454,2.2587,2.2667,2.2699,2.2703,2.2704,2.27,2.2697,2.2692,2.2688,1.4527,2.288,2.3353,2.3877,2.4255,2.4255,2.4255,2.4255,2.4255,2.4255,2.4255,2.4255,2.4255,2.4255
2.4291,2.4291,2.4291,2.4291,2.4291,2.4291,2.4291,2.4291,2.4291,2.4291,2.4291,2.4291,2.4291,2.4291,1.2703,1.9764,2.4291,2.4291,2.4291,2.4291,2.4291,2.4291,2.4291,2.4291,2.4291
2.4327,2.4327,2.4327,2.4327,2.4327,2.4327,2.4327,2.4327,2.4327,2.153,1.4356,2.4327,2.4327,2.4327,2.4327,2.4327,2.4327,2.4327,2.4327,2.4327,2.4327,2.4327,2.4327,2.4327,2.4327
2.1655,2.1982,2.2112,2.219,2.2222,2.2225,2.2226,2.2223,2.2219,2.2215,2.2211,2.2303,2.2399,1.2389,2.3375,2.3926,2.4363,2.4363,2.4363,2.4363,2.4363,2.4363,2.4363,2.4363,2.4363
2.112,2.0811,2.0688,2.0615,2.0584,2.0581,2.058,2.0583,2.0587,2.0591,2.0594,2.0508,2.0417,1.7768,1.9493,1.8972,1.8438,1.7901,1.7362,1.6823,1.6284,1.5744,1.5205,1.4666,1.4126
2.4435,2.4435,2.4435,2.4435,2.4435,2.4435,2.4435,2.4435,2.4435,2.2982,1.5325,2.4435,2.4435,2.4435,2.4435,2.4435,2.4435,2.4435,2.4435,2.4435,2.4435,2.4435,2.4435,2.4435,2.4435
2.4472,2.4472,2.4472,2.4472,2.4472,2.4472,2.4472,2.4472,2.4472,2.4472,2.4472,2.4472,2.4472,2.4472,2.4472,2.4472,2.4472,2.4472,2.4472,2.4472,2.4472,2.4472,2.4472,2.4472,2.4472
2.4509,2.4256,2.4113,2.4027,2.3992,2.3988,2.3987,2.399,2.3994,2.3999,2.2885,1.1451,2.3796,2.3286,2.2719,2.2112,2.1489,2.0864,2.0236,1.9608,1.8979,1.835,1.7722,1.7093,1.6465
1.9638,1.9934,2.0052,2.0122,2.0151,2.0154,2.0155,2.0152,2.0149,2.0145,2.0142,2.0225,0.569,2.0732,2.1197,2.1696,2.2209,2.2723,2.3239,2.3756,2.4273,2.4545,2.4545,2.4545,2.4545
2.4582,2.4582,2.4582,2.4582,2.4582,2.4582,2.4582,2.4582,2.4582,2.4582,2.4582,2.4582,2.4582,0.6936,1.5485,2.4092,2.4582,2.4582,2.4582,2.4582,2.3922,2.313,2.2337,2.1545,2.0753
2.4619,2.4619,2.4619,2.4619,2.4619,2.4619,2.4619,2.4619,2.4619,2.4619,2.4619,2.4619,2.4619,2.4619,2.4619,2.4619,2.4619,2.4619,2.4619,2.4619,2.4619,2.4619,2.4619,2.4619,2.4619
2.4656,2.4656,2.4656,2.4656,2.4656,2.4656,2.4656,2.4656,2.4656,2.4656,2.4656,2.4656,2.4656,0.8587,1.6589,2.4656,2.4656,2.4656,2.4656,2.4656,2.4656,2.4656,2.4656,2.4656,2.4656
2.0014,1.9722,1.9605,1.9535,1.9507,1.9503,1.9503,1.9506,1.9509,1.9512,1.9516,1.9434,0.4889,1.8933,1.8472,1.7979,1.7472,1.6964,1.6453,1.5942,1.5431,1.492,1.4409,1.3898,1.3387
2.4731,2.4731,2.4731,2.4731,2.4731,2.4731,2.4731,2.4731,2.4731,2.4731,2.0546,1.0281,2.4731,2.4731,2.4731,2.4731,2.4731,2.4731,2.4731,2.4731,2.4731,2.4731,2.4731,2.4731,2.4731
2.4768,2.4768,2.4768,2.4768,2.4768,2.4768,2.4768,2.4768,2.4768,2.4768,2.4768,2.4768,2.4768,2.4768,2.4768,2.4768,2.4768,2.4768,2.4768,2.4768,2.4768,2.4768,2.4768,2.4768,2.4768
2.4805,2.4805,2.4805,2.4805,2.4805,2.4805,2.4805,2.4805,2.4805,2.3881,1.5924,0.8705,2.4805,2.4805,2.4805,2.4805,2.4805,2.4805,2.4805,2.4805,2.4805,2.4805,2.4805,2.4316,2.3422
1.9806,2.0105,2.0224,2.0295,2.0324,2.0327,2.0328,2.0325,2.0322,2.0318,2.0314,2.0398,2.0486,2.091,2.1379,2.1883,2.2399,2.2918,2.3439,2.396,2.4481,2.4843,2.4843,2.4843,2.4843
2.2882,2.2548,2.2414,2.2334,2.2302,2.2298,2.2297,2.2301,2.2304,2.2308,2.2313,2.2219,2.212,1.0505,2.1119,2.0555,1.9976,1.9394,1.881,1.8226,1.7642,1.7058,1.6474,1.5889,1.5305
2.4919,2.4919,2.4919,2.4919,2.4919,2.4919,2.4919,2.4919,2.4919,2.0564,2.4919,2.4919,2.4919,2.4919,2.4919,2.4919,2.4919,2.4919,2.4919,2.4919,2.4919,2.4919,2.4919,2.4919,2.4919
2.4957,2.4957,2.4957,2.4957,2.4957,2.4957,2.4957,2.4957,2.4957,2.4957,2.4957,2.4957,2.4957,2.4957,2.4957,2.0007,2.4957,2.4957,2.4957,2.4957,2.4957,2.4957,2.4957,2.4957,2.4957
2.1508,2.1194,2.1068,2.0993,2.0963,2.0959,2.0958,2.0962,2.0965,2.0969,2.0973,1.6778,2.0792,2.0346,1.9851,1.9321,1.8776,1.823,1.7681,1.7132,1.6583,1.6034,1.5485,1.4935,1.4386
2.0395,2.0703,2.0825,2.0899,2.0929,2.0932,2.0933,2.093,2.0926,2.0923,2.0919,1.9375,2.1095,2.1532,2.2015,2.2533,2.3065,2.36,2.4136,2.4672,2.5033,2.5033,2.5033,2.5033,2.5033
2.5071,2.5071,2.5071,2.5071,2.5071,2.5071,2.5071,2.5071,2.5071,2.5071,2.5071,2.5071,2.5071,2.5071,1.3179,2.0505,2.5071,2.5071,2.5071,2.5071,2.5071,2.5071,2.5071,2.5071,2.5071
2.511,2.511,2.511,2.511,2.511,2.511,2.511,2.511,2.511,2.0123,2.511,2.511,2.511,2.511,2.511,2.511,2.511,2.511,2.511,2.511,2.511,2.511,2.511,2.511,2.511
2.2804,2.3147,2.3285,2.3366,2.34,2.3404,2.3405,2.3401,2.3398,2.3393,2.3389,2.3485,2.3587,0.9505,2.1411,2.5148,2.5148,2.5148,2.5148,2.5148,2.5148,2.5148,2.5148,2.5148,2.5148
1.9996,1.9704,1.9587,1.9517,1.9489,1.9485,1.9485,1.9488,1.9491,1.9494,1.9498,1.9416,1.933,1.8915,1.8455,1.7962,1.7456,1.6948,1.6438,1.5928,1.5417,1.4906,1.4396,1.3885,1.3374
2.5226,2.5226,2.5226,2.5226,2.5226,2.5226,2.5226,2.5226,2.5226,2.46,1.6404,0.8875,2.5226,2.5226,2.5226,2.5226,2.5226,2.5226,2.5226,2.5226,2.5226,2.5226,2.5226,2.5226,2.5226
2.5264,2.5264,2.5264,2.5264,2.5264,2.5264,2.5264,2.5264,2.5264,2.5264,2.5264,2.5264,2.5264,2.5264,2.5264,2.5264,2.5264,2.5264,2.5264,2.5264,2.5264,2.5264,2.5264,2.5264,2.5264
2.5303,2.5303,2.5303,2.5303,2.5303,2.5303,2.5303,2.5303,2.5303,2.5303,1.8968,0.9491,2.5303,2.5303,2.4771,2.4109,2.343,2.2748,2.2063,2.1378,2.0693,2.0008,1.9322,1.8637,1.7951
1.9051,1.9338,1.9452,1.9521,1.9549,1.9552,1.9553,1.955,1.9547,1.9543,1.954,1.962,1.9705,2.0112,2.0564,2.1048,2.1545,2.2044,2.2545,2.3046,2.3547,2.4049,2.455,2.5051,2.5343
2.5382,2.5382,2.5382,2.5382,2.5382,2.5382,2.5382,2.5382,2.5382,2.5382,2.5382,2.5382,2.5382,0.7656,1.7246,2.3733,2.3065,2.2394,2.1719,2.1045,2.037,1.9696,1.9021,1.8346,1.7672
2.5421,2.5421,2.5421,2.5421,2.5421,2.5421,2.5421,2.5421,2.5421,2.5421,2.5421,2.5421,2.5421,2.5421,2.5421,2.5421,2.5421,2.5421,2.5421,2.5421,2.5421,2.5421,2.5421,2.5421,2.5421
2.5461,2.5461,2.5461,2.5461,2.5461,2.5461,2.5461,2.5461,2.5461,2.5461,2.5461,2.5461,2.5461,2.5461,1.4447,2.2478,2.5461,2.5461,2.5461,2.5461,2.5461,2.5461,2.5461,2.5461,2.5461
1.9885,1.9594,1.9478,1.9409,1.9381,1.9377,1.9377,1.938,1.9383,1.9386,1.939,1.9308,0.4857,1.881,1.8353,1.7862,1.7359,1.6854,1.6347,1.5839,1.5331,1.4824,1.4316,1.3808,1.33
2.2358,2.2695,2.283,2.291,2.2943,2.2947,2.2947,2.2944,2.294,2.2936,2.2932,1.2111,2.3126,2.3604,2.4134,2.4702,2.5285,2.554,2.554,2.554,2.554,2.554,2.554,2.554,2.554
2.558,2.558,2.558,2.558,2.558,2.558,2.558,2.558,2.558,2.558,2.558,2.558,2.558,2.558,2.558,1.8559,2.5188,2.558,2.558,2.558,2.558,2.558,2.558,2.558,2.558
2.562,2.562,2.562,2.562,2.562,2.562,2.562,2.562,2.562,2.1568,1.4382,2.562,2.562,2.562,2.562,2.562,2.562,2.562,2.562,2.562,2.562,2.562,2.562,2.562,2.562
2.0173,2.0477,2.0598,2.0671,2.0701,2.0704,2.0705,2.0702,2.0698,2.0694,2.0691,2.0776,2.0865,1.455,2.1775,2.2288,2.2814,2.3342,2.3873,2.4403,2.4934,2.5465,2.566,2.566,2.566
2.0985,2.0679,2.0556,2.0483,2.0453,2.045,2.0449,2.0452,2.0455,2.0459,2.0463,2.0377,2.0287,1.358,1.9369,1.8851,1.832,1.7787,1.7251,1.6716,1.618,1.5644,1.5108,1.4572,1.4036
2.5741,2.5741,2.5741,2.5741,2.5741,2.5741,2.5741,2.5741,2.5741,2.1225,1.4153,2.5741,2.5741,2.5741,2.5741,2.5741,2.5741,2.5741,2.5741,2.5741,2.5741,2.5741,2.5741,2.5741,2.5741
2.5781,2.5781,2.5781,2.5781,2.5781,2.5781,2.5781,2.5781,2.5781,2.5781,2.5781,2.5781,2.5781,2.5781,2.5781,2.5781,2.5257,2.5781,2.5781,2.5781,2.5781,2.5781,2.5781,2.5781,2.5781
2.252,2.219,2.2059,2.198,2.1948,2.1945,2.1944,2.1947,2.1951,2.1955,2.1959,1.2561,2.177,2.1302,2.0784,2.0229,1.9659,1.9087,1.8512,1.7938,1.7363,1.6788,1.6212,1.5637,1.5062
1.9222,1.9512,1.9627,1.9696,1.9724,1.9728,1.9728,1.9725,1.9722,1.9719,1.9715,1.9796,0.5569,2.0293,2.0748,2.1237,2.1738,2.2242,2.2747,2.3253,2.3759,2.4265,2.477,2.5276,2.5782
2.5904,2.5904,2.5904,2.5904,2.5904,2.5904,2.5904,2.5904,2.5904,2.5904,2.5904,2.5904,2.5904,0.7446,1.4016,2.1806,2.5904,2.5904,2.5904,2.5904,2.5684,2.4833,2.3983,2.3132,2.2281
2.5945,2.5945,2.5945,2.5945,2.5945,2.5945,2.5945,2.5945,2.5945,2.5945,2.5945,2.5945,2.5945,2.5945,2.5945,2.5945,2.5945,2.5945,2.5945,2.5945,2.5945,2.5945,2.5945,2.5945,2.5945
2.4675,2.5047,2.5196,2.5284,2.5321,2.5325,2.5326,2.5322,2.5318,2.5313,2.5309,2.5413,2.5522,0.7773,1.7509,2.5986,2.5986,2.5986,2.5986,2.5986,2.5986,2.5986,2.5986,2.5986,2.5986
1.9316,1.9034,1.8921,1.8854,1.8826,1.8823,1.8822,1.8825,1.8828,1.8832,1.8835,1.8756,1.8673,1.8272,1.7828,1.7352,1.6863,1.6372,1.5879,1.5386,1.4893,1.44,1.3906,1.3413,1.292
2.6068,2.6068,2.6068,2.6068,2.6068,2.6068,2.6068,2.6068,2.6068,2.6068,1.8105,0.9059,2.6068,2.6068,2.6068,2.6068,2.6068,2.6068,2.6068,2.6068,2.6068,2.6068,2.6068,2.6068,2.6068
2.611,2.611,2.611,2.611,2.611,2.611,2.611,2.611,2.611,2.611,2.611,2.611,2.611,2.611,2.611,2.611,2.611,2.611,2.611,2.611,2.611,2.611,2.611,2.611,2.611
2.6152,2.6152,2.6152,2.6152,2.6152,2.6152,2.6152,2.6152,2.6152,2.4558,1.6375,0.8194,2.6152,2.6152,2.6152,2.6152,2.6152,2.5695,2.4921,2.4148,2.3374,2.26,2.1825,2.1051,2.0277
1.8847,1.9131,1.9244,1.9312,1.934,1.9343,1.9343,1.9341,1.9337,1.9334,1.933,1.941,1.9494,1.9897,2.0343,2.0822,2.1314,2.1808,2.2303,2.2799,2.3295,2.3791,2.4287,2.4783,2.5279
2.3286,2.2946,2.281,2.2729,2.2695,2.2691,2.2691,2.2694,2.2698,2.2702,2.2706,2.2611,2.2511,0.8892,2.0032,2.0918,2.0328,1.9737,1.9142,1.8548,1.7954,1.7359,1.6764,1.617,1.5575
2.6277,2.6277,2.6277,2.6277,2.6277,2.6277,2.6277,2.6277,2.5895,2.6277,2.6277,2.6277,2.6277,2.6277,2.6277,2.6277,2.6277,2.6277,2.6277,2.6277,2.6277,2.6277,2.6277,2.6277,2.6277
2.632,2.632,2.632,2.632,2.632,2.632,2.632,2.632,2.632,2.632,2.632,2.632,2.632,2.632,1.2965,2.0171,2.632,2.632,2.632,2.632,2.632,2.632,2.632,2.632,2.632
2.0159,1.9864,1.9746,1.9676,1.9647,1.9644,1.9643,1.9646,1.9649,1.9653,1.9657,1.9574,1.9487,1.9069,1.8605,1.8108,1.7598,1.7086,1.6572,1.6057,1.5542,1.5028,1.4513,1.3998,1.3483
2.0388,2.0695,2.0818,2.0891,2.0921,2.0925,2.0925,2.0922,2.0919,2.0915,2.0911,1.5253,2.1088,2.1524,2.2007,2.2525,2.3057,2.3591,2.4127,2.4664,2.52,2.5737,2.6273,2.6405,2.6405
2.6447,2.6447,2.6447,2.6447,2.6447,2.6447,2.6447,2.6447,2.6447,2.6447,2.6447,2.6447,2.6447,2.6447,1.225,1.9059,2.5868,2.6447,2.6447,2.6447,2.6447,2.6447,2.6447,2.6447,2.6447
2.649,2.649,2.649,2.649,2.649,2.649,2.649,2.649,2.649,1.9957,1.4566,2.649,2.649,2.649,2.649,2.649,2.649,2.649,2.649,2.649,2.649,2.649,2.649,2.649,2.649
2.1005,2.1321,2.1447,2.1523,2.1554,2.1557,2.1558,2.1555,2.1551,2.1547,2.1543,2.1632,2.1725,1.0579,2.2673,2.3206,2.3754,2.4304,2.4857,2.5409,2.5962,2.6515,2.6533,2.6533,2.6533
1.9683,1.9395,1.9281,1.9212,1.9184,1.9181,1.918,1.9183,1.9186,1.919,1.9193,1.9112,1.9028,1.8619,1.8167,1.7681,1.7183,1.6683,1.6181,1.5678,1.5176,1.4673,1.417,1.3668,1.3165
2.6619,2.6619,2.6619,2.6619,2.6619,2.6619,2.6619,2.6619,2.6619,2.2432,1.4958,2.6619,2.6619,2.6619,2.6619,2.6619,2.6619,2.6619,2.6619,2.6619,2.6619,2.6619,2.6619,2.6619,2.6619
2.6662,2.6662,2.6662,2.6662,2.6662,2.6662,2.6662,2.6662,2.6662,2.6662,2.6662,2.6662,2.6662,2.6662,2.6662,2.6662,2.6662,2.6662,2.6662,2.6662,2.6662,2.6662,2.6662,2.6662,2.6662
2.4194,2.384,2.3699,2.3615,2.358,2.3576,2.3575,2.3579,2.3583,2.3587,2.0217,1.0116,2.3388,2.2887,2.233,2.1733,2.1121,2.0506,1.9889,1.9271,1.8654,1.8036,1.7418,1.68,1.6182
1.8487,1.8766,1.8877,1.8943,1.8971,1.8974,1.8974,1.8971,1.8968,1.8965,1.8961,1.904,0.5357,1.9517,1.9955,2.0425,2.0907,2.1392,2.1878,2.2364,2.285,2.3337,2.3824,2.431,2.4797
2.6793,2.6793,2.6793,2.6793,2.6793,2.6793,2.6793,2.6793,2.6793,2.6793,2.6793,2.6793,2.6793,0.6809,1.5339,2.3866,2.4209,2.3504,2.2797,2.2089,2.1381,2.0673,1.9965,1.9256,1.8548
2.6837,2.6837,2.6837,2.6837,2.6837,2.6837,2.6837,2.6837,2.6837,2.6837,2.6837,2.6837,2.6837,2.6837,2.6837,2.6837,2.6837,2.6837,2.6837,2.6837,2.6837,2.6837,2.6837,2.6837,2.6837
2.6881,2.6881,2.6881,2.6881,2.6881,2.6881,2.6881,2.6881,2.6881,2.6881,2.6881,2.6881,2.6881,2.6881,1.497,2.3291,2.6881,2.6881,2.6881,2.6881,2.6881,2.6881,2.6881,2.6881,2.6881
1.9026,1.8748,1.8637,1.8571,1.8544,1.8541,1.854,1.8543,1.8546,1.8549,1.8553,1.8475,0.4648,1.7998,1.756,1.7091,1.661,1.6126,1.5641,1.5155,1.4669,1.4184,1.3698,1.3212,1.2726
2.291,2.3255,2.3393,2.3475,2.3509,2.3513,2.3514,2.351,2.3507,2.3502,2.0766,1.0391,2.3696,2.4186,2.4729,2.5312,2.5909,2.6509,2.697,2.697,2.697,2.697,2.697,2.697,2.697
2.7014,2.7014,2.7014,2.7014,2.7014,2.7014,2.7014,2.7014,2.7014,2.7014,2.7014,2.7014,2.7014,2.7014,2.7014,1.7838,2.3926,2.7014,2.7014,2.7014,2.7014,2.7014,2.7014,2.7014,2.7014
2.7059,2.7059,2.7059,2.7059,2.7059,2.7059,2.7059,2.7059,2.7059,2.1884,1.4593,2.7059,2.7059,2.7059,2.7059,2.7059,2.7059,2.7059,2.7059,2.7059,2.7059,2.6745,2.5828,2.4912,2.3996
1.9017,1.9304,1.9418,1.9487,1.9515,1.9518,1.9518,1.9516,1.9512,1.9509,1.9505,1.9586,1.967,1.817,2.0528,2.1011,2.1507,2.2005,2.2505,2.3005,2.3506,2.4006,2.4507,2.5007,2.5508
2.1104,2.0796,2.0673,2.0599,2.0569,2.0566,2.0565,2.0568,2.0571,2.0575,2.0579,2.0492,2.0402,1.0954,1.9478,1.8958,1.8424,1.7888,1.7349,1.681,1.6272,1.5733,1.5194,1.4655,1.4116
2.7193,2.7193,2.7193,2.7193,2.7193,2.7193,2.7193,2.7193,2.6462,1.9849,1.4483,2.7193,2.7193,2.7193,2.7193,2.7193,2.7193,2.7193,2.7193,2.7193,2.7193,2.7193,2.7193,2.7193,2.7193
2.7239,2.7239,2.7239,2.7239,2.7239,2.7239,2.7239,2.7239,2.7239,2.7239,2.7239,2.7239,2.7239,2.7239,2.7239,1.8562,2.5193,2.7239,2.7239,2.7239,2.7239,2.7239,2.7239,2.7239,2.7239
2.0877,2.0571,2.045,2.0377,2.0347,2.0344,2.0343,2.0346,2.0349,2.0353,2.0357,1.4211,2.0181,1.9748,1.9268,1.8753,1.8225,1.7694,1.7162,1.6629,1.6096,1.5563,1.503,1.4497,1.3963
1.9026,1.9313,1.9427,1.9496,1.9524,1.9527,1.9528,1.9525,1.9522,1.9518,1.9514,1.9595,1.9679,2.0086,2.0537,2.1021,2.1517,2.2015,2.2516,2.3016,2.3517,2.4017,2.4518,2.5019,2.552
2.7375,2.7375,2.7375,2.7375,2.7375,2.7375,2.7375,2.7375,2.7375,2.7375,2.7375,2.7375,2.7375,2.7375,1.2869,2.0023,2.7175,2.7375,2.7375,2.7375,2.7375,2.732,2.6384,2.5448,2.4512
2.7421,2.7421,2.7421,2.7421,2.7421,2.7421,2.7421,2.7421,2.5157,2.7421,2.7421,2.7421,2.7421,2.7421,2.7421,2.7421,2.7421,2.7421,2.7421,2.7421,2.7421,2.7421,2.7421,2.7421,2.7421
2.2414,2.2752,2.2887,2.2967,2.3,2.3004,2.3005,2.3001,2.2998,2.2993,2.2989,2.3084,2.3183,0.8371,1.8858,2.4764,2.5348,2.5935,2.6525,2.7114,2.7467,2.7467,2.7467,2.7467,2.7467
1.8845,1.8569,1.8459,1.8394,1.8367,1.8364,1.8363,1.8366,1.8369,1.8372,1.8376,1.8298,1.8217,1.7826,1.7393,1.6928,1.6451,1.5972,1.5491,1.5011,1.4529,1.4048,1.3567,1.3086,1.2604
2.7559,2.7559,2.7559,2.7559,2.7559,2.7559,2.7559,2.7559,2.7559,2.4359,1.6243,0.8127,2.7559,2.7559,2.7559,2.7559,2.7559,2.7559,2.7559,2.7559,2.7559,2.7559,2.7559,2.7559,2.7559
2.7606,2.7606,2.7606,2.7606,2.7606,2.7606,2.7606,2.7606,2.7606,2.7606,2.7606,2.7606,2.7606,2.7606,2.7606,2.7606,2.7606,2.7606,2.7606,2.7606,2.7606,2.7606,2.7606,2.7606,2.7606
2.6801,2.6409,2.6253,2.6159,2.6121,2.6117,2.6116,2.612,2.6124,2.5645,1.71,0.8556,2.5908,2.5352,2.4736,2.4075,2.3397,2.2716,2.2032,2.1348,2.0663,1.9979,1.9295,1.861,1.7926
1.8129,1.8402,1.8512,1.8577,1.8603,1.8606,1.8607,1.8604,1.8601,1.8598,1.8594,1.8671,1.8752,1.9139,1.9569,2.003,2.0503,2.0977,2.1454,2.1931,2.2408,2.2885,2.3362,2.384,2.4317
2.4029,2.3678,2.3537,2.3454,2.3419,2.3415,2.3415,2.3418,2.3422,2.3426,2.3431,2.3332,2.3229,0.7721,1.7394,2.1585,2.0977,2.0366,1.9753,1.914,1.8526,1.7913,1.7299,1.6686,1.6072
2.7793,2.7793,2.7793,2.7793,2.7793,2.7793,2.7793,2.7793,2.7793,2.7793,2.7793,2.7793,2.7793,2.7793,2.7793,2.7793,2.7793,2.7793,2.7793,2.7793,2.7793,2.7793,2.7793,2.7793,2.7793
2.784,2.784,2.784,2.784,2.784,2.784,2.784,2.784,2.784,2.784,2.784,2.784,2.784,2.784,1.324,2.0599,2.784,2.784,2.784,2.784,2.784,2.784,2.784,2.784,2.784
1.911,1.883,1.8719,1.8652,1.8625,1.8622,1.8621,1.8624,1.8627,1.863,1.8634,1.8555,0.4668,1.8077,1.7637,1.7166,1.6682,1.6197,1.5709,1.5222,1.4734,1.4246,1.3758,1.327,1.2782
2.0627,2.0938,2.1062,2.1136,2.1167,2.117,2.1171,2.1168,2.1165,2.1161,2.1157,1.2557,2.1335,2.1776,2.2265,2.279,2.3328,2.3868,2.4411,2.4953,2.5496,2.6039,2.6582,2.7125,2.7668
2.7983,2.7983,2.7983,2.7983,2.7983,2.7983,2.7983,2.7983,2.7983,2.7983,2.7983,2.7983,2.7983,2.7983,1.179,1.7927,2.4331,2.7983,2.7983,2.7983,2.7983,2.7983,2.7983,2.7983,2.7983
2.8031,2.8031,2.8031,2.8031,2.8031,2.8031,2.8031,2.8031,2.6691,2.002,1.335,2.8031,2.8031,2.8031,2.8031,2.8031,2.8031,2.8031,2.8031,2.8031,2.8031,2.8031,2.8031,2.8031,2.8031
1.9591,1.9886,2.0004,2.0075,2.0103,2.0107,2.0107,2.0104,2.0101,2.0098,2.0094,2.0177,2.0264,1.2192,2.1147,2.1645,2.2156,2.2669,2.3184,2.37,2.4215,2.4731,2.5246,2.5762,2.6278
1.959,1.9303,1.9189,1.9121,1.9093,1.9089,1.9089,1.9092,1.9095,1.9098,1.9102,1.9021,1.8937,1.4813,1.808,1.7597,1.7101,1.6603,1.6104,1.5604,1.5104,1.4603,1.4103,1.3603,1.3103
2.8175,2.8175,2.8175,2.8175,2.8175,2.8175,2.8175,2.8175,2.764,2.0732,1.3824,2.8175,2.8175,2.8175,2.8175,2.8175,2.8175,2.8175,2.8175,2.8175,2.8175,2.8175,2.8175,2.8175,2.8175
2.8224,2.8224,2.8224,2.8224,2.8224,2.8224,2.8224,2.8224,2.8224,2.8224,2.8224,2.8224,2.8224,2.8224,2.8224,2.8224,2.8224,2.8224,2.8224,2.8224,2.8224,2.8224,2.8224,2.8224,2.8224
2.2134,2.181,2.1681,2.1604,2.1572,2.1569,2.1568,2.1571,2.1575,2.1579,2.1583,1.1019,2.1397,2.0938,2.0429,1.9883,1.9323,1.876,1.8195,1.763,1.7065,1.65,1.5935,1.537,1.4804
1.813,1.8403,1.8512,1.8577,1.8604,1.8607,1.8608,1.8605,1.8602,1.8598,1.8595,1.8672,0.5253,1.914,1.957,2.003,2.0503,2.0978,2.1455,2.1932,2.2409,2.2886,2.3363,2.384,2.4318
2.8371,2.8371,2.8371,2.8371,2.8371,2.8371,2.8371,2.8371,2.8371,2.8371,2.8371,2.8371,2.8371,0.6626,1.3871,2.1582,2.5878,2.5125,2.4369,2.3612,2.2855,2.2098,2.1341,2.0584,1.9827
2.842,2.842,2.842,2.842,2.842,2.842,2.842,2.842,2.842,2.842,2.842,2.842,2.842,2.842,2.842,2.842,2.842,2.842,2.842,2.842,2.842,2.842,2.842,2.842,2.842
2.4615,2.4985,2.5133,2.5222,2.5258,2.5262,2.5263,2.5259,2.5255,2.5251,2.5246,2.535,2.5459,0.7658,1.576,2.452,2.7837,2.8469,2.8469,2.8469,2.8469,2.8469,2.8469,2.8469,2.8469
1.8397,1.8128,1.8021,1.7956,1.793,1.7927,1.7926,1.7929,1.7932,1.7935,1.7939,1.7863,0.4494,1.7403,1.6979,1.6526,1.606,1.5593,1.5123,1.4654,1.4184,1.3714,1.3244,1.2775,1.2305
2.3812,2.4171,2.4314,2.44,2.4435,2.4439,2.444,2.4436,2.4432,2.4428,1.8226,0.912,2.463,2.5139,2.5703,2.6309,2.693,2.7553,2.8179,2.8568,2.8568,2.8568,2.8568,2.8568,2.8568
2.8618,2.8618,2.8618,2.8618,2.8618,2.8618,2.8618,2.8618,2.8618,2.8618,2.8618,2.8618,2.8618,2.8618,2.8618,2.8618,2.8618,2.8618,2.8618,2.8618,2.8618,2.8618,2.8618,2.8618,2.8618
2.8668,2.8668,2.8668,2.8668,2.8668,2.8668,2.8668,2.8668,2.8668,2.2495,1.5,0.767,2.8668,2.8668,2.8479,2.7718,2.6937,2.6153,2.5366,2.4579,2.3791,2.3003,2.2215,2.1427,2.0639
1.8124,1.8397,1.8506,1.8571,1.8598,1.8601,1.8602,1.8599,1.8596,1.8593,1.8589,1.8666,1.8746,1.9134,1.9564,2.0024,2.0497,2.0972,2.1448,2.1925,2.2402,2.2879,2.3356,2.3833,2.431
2.1482,2.1168,2.1043,2.0968,2.0937,2.0934,2.0933,2.0936,2.0939,2.0943,2.0947,2.0859,2.0767,0.9176,1.9827,1.9297,1.8753,1.8208,1.7659,1.7111,1.6563,1.6014,1.5466,1.4917,1.4368
2.882,2.882,2.882,2.882,2.882,2.882,2.882,2.882,2.5028,1.8773,2.882,2.882,2.882,2.882,2.882,2.882,2.882,2.882,2.882,2.882,2.882,2.882,2.882,2.882,2.882
2.887,2.887,2.887,2.887,2.887,2.887,2.887,2.887,2.887,2.887,2.887,2.887,2.887,2.887,1.3338,1.8727,2.5417,2.887,2.887,2.887,2.887,2.887,2.887,2.887,2.887
1.9585,1.9299,1.9185,1.9116,1.9088,1.9085,1.9084,1.9087,1.909,1.9094,1.9098,1.6735,1.8933,1.8527,1.8076,1.7593,1.7097,1.66,1.61,1.56,1.51,1.46,1.41,1.36,1.31
1.9039,1.9326,1.944,1.9509,1.9537,1.954,1.954,1.9538,1.9534,1.9531,1.9527,1.6428,1.9692,2.0099,2.0551,2.1035,2.1531,2.203,2.253,2.3031,2.3532,2.4033,2.4534,2.5036,2.5537
2.9024,2.9024,2.9024,2.9024,2.9024,2.9024,2.9024,2.9024,2.9024,2.9024,2.9024,2.9024,2.9024,2.9024,1.1968,1.862,2.5271,2.9024,2.9024,2.9024,2.9024,2.9024,2.9024,2.8843,2.7782
2.9075,2.9075,2.9075,2.9075,2.9075,2.9075,2.9075,2.9075,2.4981,1.8738,2.9075,2.9075,2.9075,2.9075,2.9075,2.9075,2.9075,2.9075,2.9075,2.9075,2.9075,2.9075,2.9075,2.9075,2.9075
2.0643,2.0954,2.1078,2.1152,2.1183,2.1186,2.1187,2.1184,2.1181,2.1177,2.1173,2.126,2.1352,0.9231,2.0793,2.2807,2.3345,2.3886,2.4429,2.4972,2.5515,2.6058,2.6602,2.7145,2.7688
1.8575,1.8304,1.8195,1.8131,1.8104,1.8101,1.81,1.8103,1.8106,1.8109,1.8113,1.8037,1.7957,1.7571,1.7144,1.6686,1.6216,1.5744,1.527,1.4796,1.4322,1.3847,1.3373,1.2899,1.2424
2.9231,2.9231,2.9231,2.9231,2.9231,2.9231,2.9231,2.9231,2.9231,2.2191,1.4797,0.8549,2.9231,2.9231,2.9231,2.9231,2.9231,2.9231,2.9231,2.9231,2.9231,2.9231,2.9231,2.9231,2.9231
2.9283,2.9283,2.9283,2.9283,2.9283,2.9283,2.9283,2.9283,2.9283,2.9283,2.9283,2.9283,2.9283,2.9283,2.9283,2.9283,2.9283,2.9283,2.9283,2.9283,2.9283,2.9283,2.9283,2.9283,2.9283
2.4111,2.3759,2.3618,2.3534,2.3499,2.3495,2.3495,2.3498,2.3502,2.3506,1.8157,0.9085,2.3308,2.2808,2.2253,2.1659,2.1049,2.0436,1.9821,1.9205,1.859,1.7974,1.7358,1.6743,1.6127
1.7618,1.7883,1.7989,1.8052,1.8078,1.8081,1.8082,1.8079,1.8076,1.8073,1.807,1.8144,0.5105,1.8599,1.9017,1.9465,1.9924,2.0385,2.0849,2.1312,2.1776,2.2239,2.2703,2.3167,2.3631
2.5163,2.4795,2.4648,2.456,2.4524,2.452,2.4519,2.4523,2.4527,2.4532,2.4536,2.4433,2.4325,0.6844,1.5417,2.2603,2.1967,2.1327,2.0685,2.0043,1.9401,1.8758,1.8115,1.7473,1.683
2.9494,2.9494,2.9494,2.9494,2.9494,2.9494,2.9494,2.9494,2.9494,2.9494,2.9494,2.9494,2.9494,2.9494,2.9494,2.9494,2.9494,2.9494,2.9494,2.9494,2.9494,2.9494,2.9494,2.9494,2.9494
2.8009,2.8431,2.8599,2.87,2.8741,2.8746,2.8747,2.8743,2.8738,2.8733,2.8728,2.8846,2.897,2.9547,1.3701,2.1317,2.8932,2.9547,2.9547,2.9547,2.9547,2.9547,2.9547,2.9547,2.9547
1.8306,1.8039,1.7932,1.7868,1.7842,1.7839,1.7838,1.7841,1.7844,1.7847,1.7851,1.7776,0.4472,1.7317,1.6896,1.6444,1.5981,1.5516,1.5049,1.4582,1.4114,1.3647,1.3179,1.2712,1.2244
2.1126,2.1445,2.1572,2.1647,2.1679,2.1682,2.1683,2.168,2.1676,2.1672,2.1341,1.0678,2.1851,2.2303,2.2804,2.3341,2.3892,2.4445,2.5001,2.5556,2.6112,2.6668,2.7224,2.7781,2.8337
2.9708,2.9708,2.9708,2.9708,2.9708,2.9708,2.9708,2.9708,2.9708,2.9708,2.9708,2.9708,2.9708,2.9708,2.9708,1.7045,2.3134,2.9223,2.9708,2.9708,2.9708,2.9708,2.9708,2.9708,2.9708
2.9762,2.9762,2.9762,2.9762,2.9762,2.9762,2.9762,2.9762,2.7083,2.0315,1.3546,2.9762,2.9762,2.9762,2.9762,2.9762,2.9762,2.9762,2.9762,2.9762,2.8875,2.7918,2.6962,2.6006,2.5049
1.8481,1.876,1.8871,1.8937,1.8965,1.8968,1.8968,1.8966,1.8963,1.8959,1.8956,1.9034,1.9116,1.4733,1.9949,2.0419,2.0901,2.1385,2.1871,2.2357,2.2843,2.333,2.3816,2.4303,2.4789
1.9709,1.9421,1.9306,1.9237,1.9209,1.9206,1.9205,1.9208,1.9211,1.9215,1.9218,1.9138,1.9053,1.1679,1.8191,1.7704,1.7206,1.6705,1.6202,1.5699,1.5196,1.4693,1.4189,1.3686,1.3183
2.9925,2.9925,2.9925,2.9925,2.9925,2.9925,2.9925,2.9925,2.5854,1.9393,1.2931,2.9925,2.9925,2.9925,2.9925,2.9925,2.9925,2.9925,2.9925,2.9925,2.9925,2.9925,2.9925,2.9925,2.9925
2.998,2.998,2.998,2.998,2.998,2.998,2.998,2.998,2.998,2.998,2.998,2.998,2.998,2.998,2.998,2.998,2.3658,2.9885,2.998,2.998,2.998,2.998,2.998,2.998,2.998
2.0514,2.0214,2.0095,2.0023,1.9994,1.999,1.999,1.9993,1.9996,2.0,2.0003,1.2316,1.9831,1.9405,1.8934,1.8428,1.7908,1.7387,1.6864,1.634,1.5816,1.5293,1.4769,1.4245,1.3721
1.7961,1.8232,1.834,1.8404,1.8431,1.8434,1.8434,1.8432,1.8429,1.8425,1.8422,1.8498,1.8578,1.8962,1.9387,1.9844,2.0312,2.0783,2.1255,2.1728,2.22,2.2673,2.3146,2.3618,2.4091
3.0145,3.0145,3.0145,3.0145,3.0145,3.0145,3.0145,3.0145,3.0145,3.0145,3.0145,3.0145,3.0145,3.0145,1.2725,1.9798,2.687,2.7425,2.66,2.5774,2.4948,2.4121,2.3295,2.2469,2.1642
3.0201,3.0201,3.0201,3.0201,3.0201,3.0201,3.0201,2.9833,3.0201,3.0201,3.0201,3.0201,3.0201,3.0201,3.0201,3.0201,3.0201,3.0201,3.0201,3.0201,3.0201,3.0201,3.0201,3.0201,3.0201
2.2317,2.2653,2.2787,2.2867,2.29,2.2904,2.2905,2.2901,2.2898,2.2894,2.2889,2.2984,2.3083,0.7496,1.6887,2.4656,2.5238,2.5823,2.641,2.6997,2.7584,2.8171,2.8759,2.9346,2.9933
1.7966,1.7703,1.7598,1.7536,1.751,1.7507,1.7506,1.7509,1.7512,1.7515,1.7518,1.7445,1.7367,1.6995,1.6582,1.6138,1.5684,1.5227,1.4769,1.431,1.3852,1.3393,1.2934,1.2475,1.2016
2.5132,2.5511,2.5662,2.5752,2.5789,2.5793,2.5794,2.579,2.5786,2.4445,1.63,0.8156,2.5994,2.6532,2.7128,2.7766,2.8422,2.908,2.9741,3.0369,3.0369,3.0369,3.0369,3.0369,3.0369
3.0425,3.0425,3.0425,3.0425,3.0425,3.0425,3.0425,3.0425,3.0425,3.0425,3.0425,3.0425,3.0425,3.0425,3.0425,3.0425,3.0425,3.0425,3.0425,3.0425,3.0425,3.0425,3.0425,3.0425,3.0425
2.7144,2.6747,2.6589,2.6494,2.6456,2.6451,2.645,2.6454,2.6458,2.3442,1.5631,0.7821,2.624,2.5677,2.5053,2.4383,2.3696,2.3007,2.2314,2.1621,2.0928,2.0235,1.9542,1.8849,1.8156
1.7449,1.7712,1.7817,1.788,1.7906,1.7909,1.7909,1.7906,1.7904,1.79,1.7897,1.7971,1.8048,1.8421,1.8835,1.9279,1.9734,2.0191,2.065,2.1108,2.1568,2.2027,2.2486,2.2946,2.3405
2.214,2.1817,2.1688,2.161,2.1579,2.1575,2.1574,2.1578,2.1581,2.1585,2.1589,2.1498,2.1403,0.7907,1.7813,1.9888,1.9328,1.8766,1.8201,1.7636,1.707,1.6505,1.594,1.5374,1.4809
3.0653,3.0653,3.0653,3.0653,3.0653,3.0653,3.0653,2.9897,2.4886,3.0653,3.0653,3.0653,3.0653,3.0653,3.0653,3.0653,3.0653,3.0653,3.0653,3.0653,3.0653,3.0653,3.0653,3.0653,3.0653
3.071,3.071,3.071,3.071,3.071,3.071,3.071,3.071,3.071,3.071,3.071,3.071,3.071,3.071,1.2285,1.9113,2.5941,3.071,3.071,3.071,3.071,3.071,3.071,3.071,3.071
1.8574,1.8303,1.8194,1.8129,1.8103,1.81,1.8099,1.8102,1.8105,1.8108,1.8112,1.8035,1.7956,1.757,1.7143,1.6685,1.6215,1.5743,1.5269,1.4795,1.4321,1.3846,1.3372,1.2898,1.2423
1.926,1.955,1.9666,1.9735,1.9763,1.9767,1.9767,1.9764,1.9761,1.9758,1.9754,1.3277,1.9921,2.0333,2.0789,2.1279,2.1781,2.2286,2.2792,2.3299,2.3806,2.4312,2.4819,2.5326,2.5833
3.0884,3.0884,3.0884,3.0884,3.0884,3.0884,3.0884,3.0884,3.0884,3.0884,3.0884,3.0884,3.0884,3.0884,1.1257,1.7515,2.3772,3.0028,3.0884,3.0884,3.0884,3.0884,3.0884,3.0884,3.0884
3.0942,3.0942,3.0942,3.0942,3.0942,3.0942,3.0942,3.0942,2.5065,1.8801,1.2537,3.0942,3.0942,3.0942,3.0942,3.0942,3.0942,3.0942,3.0942,3.0942,3.0942,3.0942,3.0942,3.0942,3.0942
1.9247,1.9537,1.9653,1.9722,1.975,1.9754,1.9754,1.9751,1.9748,1.9745,1.9741,1.9822,1.9908,1.0476,2.0775,2.1265,2.1767,2.2271,2.2777,2.3283,2.379,2.4296,2.4803,2.5309,2.5816
1.8495,1.8224,1.8116,1.8052,1.8026,1.8023,1.8022,1.8025,1.8028,1.8031,1.8034,1.7958,1.7879,1.6702,1.707,1.6614,1.6146,1.5676,1.5204,1.4732,1.4259,1.3787,1.3315,1.2843,1.237
3.1119,3.1119,3.1119,3.1119,3.1119,3.1119,3.1119,3.1119,2.7316,2.0489,1.3663,3.1119,3.1119,3.1119,3.1119,3.1119,3.1119,3.1119,3.1119,3.1119,3.1119,3.1119,3.1119,3.1119,3.1119
3.1178,3.1178,3.1178,3.1178,3.1178,3.1178,3.1178,3.1178,3.1178,3.1178,3.1178,3.1178,3.1178,3.1178,3.1178,3.1178,3.1178,3.1178,3.1178,3.1178,3.1178,3.1178,3.1178,3.1178,3.1178
2.2019,2.1697,2.1568,2.1492,2.146,2.1457,2.1456,2.1459,2.1463,2.1467,1.9646,0.983,2.1286,2.0829,2.0322,1.9779,1.9222,1.8663,1.8101,1.7539,1.6977,1.6414,1.5852,1.529,1.4727
1.7288,1.7549,1.7653,1.7715,1.774,1.7743,1.7744,1.7741,1.7738,1.7735,1.7732,1.7805,0.5009,1.8251,1.8661,1.91,1.9551,2.0004,2.0459,2.0913,2.1368,2.1823,2.2278,2.2733,2.3188
2.6778,2.6386,2.623,2.6137,2.6098,2.6094,2.6093,2.6097,2.6101,2.6106,2.6111,2.6001,2.5886,0.6171,1.3901,2.1629,2.3376,2.2696,2.2013,2.1329,2.0646,1.9962,1.9278,1.8594,1.791
3.1417,3.1417,3.1417,3.1417,3.1417,3.1417,3.1417,3.1417,3.1417,3.1417,3.1417,3.1417,3.1417,3.1417,3.1417,3.1417,3.1417,3.1417,3.1417,3.1417,3.1417,3.1417,3.1417,3.1417,3.1417
2.4878,2.5253,2.5403,2.5492,2.5529,2.5533,2.5534,2.553,2.5526,2.5521,2.5517,2.5622,2.5732,0.774,1.4381,2.2375,2.8135,2.8787,2.9441,3.0095,3.075,3.1405,3.1477,3.1477,3.1477
1.771,1.7452,1.7348,1.7286,1.7261,1.7258,1.7258,1.726,1.7263,1.7266,1.727,1.7197,0.4326,1.6753,1.6346,1.5909,1.5461,1.5011,1.4559,1.4107,1.3655,1.3203,1.275,1.2298,1.1846
2.1915,2.2245,2.2377,2.2456,2.2488,2.2492,2.2493,2.2489,2.2486,2.2482,1.8609,0.9311,2.2667,2.3136,2.3655,2.4212,2.4784,2.5358,2.5934,2.6511,2.7088,2.7664,2.8241,2.8818,2.9395
3.166,3.166,3.166,3.166,3.166,3.166,3.166,3.166,3.166,3.166,3.166,3.166,3.166,3.166,3.166,3.166,2.2219,2.8067,3.166,3.166,3.166,3.166,3.166,3.166,3.166
3.1721,3.143,3.1243,3.1132,3.1087,3.1081,3.108,3.1085,2.7806,2.0857,1.3908,0.7929,3.0834,3.0172,2.9438,2.8652,2.7844,2.7034,2.622,2.5406,2.4592,2.3777,2.2963,2.2148,2.1334
1.7617,1.7883,1.7989,1.8052,1.8078,1.8081,1.8082,1.8079,1.8076,1.8073,1.8069,1.8144,1.8222,1.8599,1.9016,1.9464,1.9924,2.0385,2.0848,2.1312,2.1775,2.2239,2.2703,2.3166,2.363
2.0048,1.9755,1.9638,1.9568,1.954,1.9537,1.9536,1.9539,1.9542,1.9546,1.9549,1.9467,1.9381,0.9636,1.8504,1.8009,1.7502,1.6992,1.6481,1.5969,1.5457,1.4945,1.4433,1.3921,1.3409
3.1907,3.1907,3.1907,3.1907,3.1907,3.1907,3.1907,3.0561,2.4451,1.834,3.1907,3.1907,3.1907,3.1907,3.1907,3.1907,3.1907,3.1907,3.1907,3.1907,3.1907,3.1907,3.1907,3.1907,3.1907
3.1969,3.1969,3.1969,3.1969,3.1969,3.1969,3.1969,3.1969,3.1969,3.1969,3.1969,3.1969,3.1969,3.1969,3.1969,1.7582,2.3862,3.0143,3.1969,3.1969,3.1969,3.1969,3.1969,3.1969,3.1969
1.9236,1.8955,1.8843,1.8775,1.8748,1.8745,1.8744,1.8747,1.875,1.8754,1.8757,1.4224,1.8595,1.8196,1.7754,1.7279,1.6793,1.6304,1.5813,1.5322,1.4831,1.434,1.3849,1.3357,1.2866
1.7973,1.8244,1.8352,1.8416,1.8443,1.8446,1.8446,1.8444,1.8441,1.8437,1.8434,1.8187,1.859,1.8974,1.94,1.9857,2.0326,2.0796,2.1269,2.1742,2.2215,2.2688,2.3161,2.3634,2.4107
3.2157,3.2157,3.2157,3.2157,3.2157,3.2157,3.2157,3.2157,3.2157,3.2157,3.2157,3.2157,3.2157,3.2157,1.1821,1.8393,2.4963,3.0697,2.9773,2.8849,2.7924,2.6999,2.6074,2.5149,2.4224
3.222,3.222,3.222,3.222,3.222,3.222,3.222,2.9629,2.3704,3.222,3.222,3.222,3.222,3.222,3.222,3.222,3.222,3.222,3.222,3.222,3.222,3.222,3.222,3.222,3.222
2.0519,2.0828,2.0951,2.1025,2.1055,2.1059,2.1059,2.1056,2.1053,2.1049,2.1045,2.1132,2.1223,0.8197,1.8465,2.267,2.3205,2.3742,2.4282,2.4821,2.5361,2.5901,2.6441,2.6981,2.7522
1.7714,1.7455,1.7351,1.729,1.7264,1.7261,1.7261,1.7263,1.7266,1.7269,1.7273,1.72,1.7124,1.6756,1.6349,1.5912,1.5464,1.5014,1.4562,1.411,1.3657,1.3205,1.2753,1.23,1.1848
2.6981,2.7388,2.755,2.7647,2.7686,2.7691,2.7692,2.7688,2.7684,2.2211,1.481,0.7698,2.7907,2.8484,2.9124,2.9809,3.0513,3.122,3.1929,3.2411,3.2411,3.2411,3.2411,3.2411,3.2411
3.2476,3.2476,3.2476,3.2476,3.2476,3.2476,3.2476,3.2476,3.2476,3.2476,3.2476,3.2476,3.2476,3.2476,3.2476,3.2476,3.2476,3.2476,3.2476,3.2476,3.2476,3.2476,3.2476,3.2476,3.2476
2.4324,2.3969,2.3827,2.3742,2.3707,2.3703,2.3702,2.3706,2.371,2.3714,1.6532,0.8272,2.3514,2.301,2.245,2.185,2.1235,2.0616,1.9996,1.9375,1.8754,1.8133,1.7512,1.6891,1.6269
1.6962,1.7217,1.7319,1.738,1.7405,1.7408,1.7409,1.7406,1.7403,1.74,1.7397,1.7469,1.7544,1.7906,1.8308,1.874,1.9182,1.9626,2.0072,2.0518,2.0965,2.1411,2.1858,2.2304,2.2751
2.3122,2.2784,2.2649,2.2568,2.2535,2.2532,2.2531,2.2534,2.2538,2.2542,2.2546,2.2451,2.2352,0.6968,1.5698,2.077,2.0185,1.9597,1.9008,1.8417,1.7827,1.7237,1.6646,1.6056,1.5465
3.2735,3.2735,3.2735,3.2735,3.2735,3.2735,3.2735,3.2735,3.2735,3.2735,3.2735,3.2735,3.2735,3.2735,3.2735,3.2735,3.2735,3.2735,3.2735,3.2735,3.2735,3.2735,3.2735,3.2735,3.2735
2.8839,2.9274,2.9447,2.9551,2.9593,2.9598,2.9599,2.9595,2.959,2.9585,2.9579,2.9701,2.9829,3.0446,1.2689,1.9743,2.6795,3.2801,3.2801,3.2801,3.2801,3.2801,3.2801,3.2801,3.2801
1.7793,1.7533,1.743,1.7367,1.7342,1.7339,1.7338,1.7341,1.7344,1.7347,1.735,1.7277,0.4346,1.6832,1.6423,1.5984,1.5533,1.5081,1.4627,1.4173,1.3719,1.3264,1.281,1.2356,1.1901
1.9702,1.9998,2.0117,2.0188,2.0217,2.022,2.0221,2.0218,2.0215,2.0211,2.0207,1.115,2.0378,2.0799,2.1266,2.1767,2.2281,2.2797,2.3315,2.3833,2.4352,2.487,2.5389,2.5907,2.6426
3.2999,3.2999,3.2999,3.2999,3.2999,3.2999,3.2999,3.2999,3.2999,3.2999,3.2999,3.2999,3.2999,3.2999,3.2999,1.665,2.2597,2.8545,3.2999,3.2999,3.2999,3.2999,3.2999,3.2999,3.2999
3.3066,3.3066,3.3066,3.3066,3.3066,3.3066,3.3066,3.1765,2.5414,1.9063,1.2711,3.3066,3.3066,3.3066,3.3066,3.3066,3.3066,3.3066,3.2744,3.1728,3.0711,2.9694,2.8676,2.7659,2.6642
1.8146,1.842,1.8529,1.8594,1.8621,1.8624,1.8624,1.8622,1.8619,1.8615,1.8612,1.8689,1.8769,1.2348,1.9587,2.0048,2.0522,2.0997,2.1474,2.1952,2.2429,2.2907,2.3384,2.3862,2.4339
1.86,1.8328,1.8219,1.8155,1.8128,1.8125,1.8124,1.8127,1.813,1.8133,1.8137,1.806,1.798,1.2747,1.7167,1.6708,1.6237,1.5765,1.529,1.4815,1.434,1.3866,1.3391,1.2916,1.2441
3.3267,3.3267,3.3267,3.3267,3.3267,3.3267,3.3267,3.1905,2.5526,1.9146,1.2767,3.3267,3.3267,3.3267,3.3267,3.3267,3.3267,3.3267,3.3267,3.3267,3.3267,3.3267,3.3267,3.3267,3.3267
3.3335,3.3335,3.3335,3.3335,3.3335,3.3335,3.3335,3.3335,3.3335,3.3335,3.3335,3.3335,3.3335,3.3335,3.3335,3.3335,3.3335,2.8353,3.3335,3.3335,3.3335,3.3335,3.3335,3.3335,3.3335
2.0374,2.0076,1.9957,1.9886,1.9857,1.9854,1.9853,1.9856,1.9859,1.9863,1.9867,1.0874,1.9696,1.9273,1.8804,1.8302,1.7786,1.7268,1.6749,1.6229,1.5708,1.5188,1.4668,1.4148,1.3627
1.7126,1.7384,1.7487,1.7549,1.7574,1.7577,1.7577,1.7575,1.7572,1.7569,1.7566,1.7638,0.4962,1.808,1.8486,1.8921,1.9368,1.9817,2.0267,2.0717,2.1168,2.1619,2.207,2.252,2.2971
2.9021,2.8597,2.8428,2.8326,2.8285,2.828,2.8279,2.8283,2.8288,2.8293,2.8299,2.818,2.8055,0.6487,1.2721,1.9792,2.5335,2.4597,2.3857,2.3116,2.2375,2.1634,2.0893,2.0152,1.9411
3.3608,3.3608,3.3608,3.3608,3.3608,3.3608,3.3608,3.3608,3.3608,3.3608,3.3608,3.3608,3.3608,3.3608,3.3608,3.3608,3.3608,3.3608,3.3608,3.3608,3.3608,3.3608,3.3608,3.3608,3.3608
2.2476,2.2815,2.295,2.303,2.3064,2.3067,2.3068,2.3065,2.3061,2.3057,2.3053,2.3148,2.3247,0.6993,1.5332,2.3855,2.5418,2.6007,2.6598,2.7189,2.7781,2.8372,2.8964,2.9555,3.0147
1.7296,1.7043,1.6942,1.6882,1.6857,1.6854,1.6853,1.6856,1.6859,1.6862,1.6865,1.6794,1.672,1.6361,1.5963,1.5536,1.5099,1.4659,1.4218,1.3777,1.3335,1.2893,1.2452,1.201,1.1568
2.3048,2.3395,2.3534,2.3616,2.365,2.3654,2.3655,2.3652,2.3648,2.3643,1.6557,0.8285,2.3839,2.4332,2.4878,2.5464,2.6065,2.6669,2.7275,2.7881,2.8487,2.9094,2.9701,3.0307,3.0914
3.3886,3.3886,3.3886,3.3886,3.3886,3.3886,3.3886,3.3886,3.3886,3.3886,3.3886,3.3886,3.3886,3.3886,3.3886,3.3886,3.3886,3.3886,3.2884,3.3886,3.3886,3.3886,3.3886,3.3886,3.3886
2.7854,2.7446,2.7284,2.7187,2.7147,2.7143,2.7142,2.7146,2.715,2.168,1.4456,0.7233,2.6926,2.6348,2.5708,2.5021,2.4316,2.3608,2.2897,2.2186,2.1475,2.0764,2.0053,1.9341,1.863
1.6958,1.7214,1.7316,1.7376,1.7401,1.7404,1.7405,1.7402,1.74,1.7396,1.7393,1.7465,1.754,1.7903,1.8305,1.8736,1.9178,1.9622,2.0068,2.0514,2.096,2.1407,2.1853,2.2299,2.2746
2.0626,2.0325,2.0204,2.0132,2.0103,2.01,2.0099,2.0102,2.0105,2.0109,2.0113,2.0028,1.9939,0.8216,1.8508,1.8528,1.8006,1.7482,1.6956,1.643,1.5903,1.5376,1.4849,1.4323,1.3796
3.4169,3.4169,3.4169,3.4169,3.4169,3.4169,3.4169,2.9196,2.3359,3.4169,3.4169,3.4169,3.4169,3.4169,3.4169,3.4169,3.4169,3.4169,3.4169,3.4169,3.4169,3.4169,3.4169,3.4169,3.4169
3.424,3.424,3.424,3.424,3.424,3.424,3.424,3.424,3.424,3.424,3.424,3.424,3.424,3.424,1.1814,1.7922,2.4324,3.0726,3.424,3.424,3.424,3.424,3.424,3.424,3.424
1.8231,1.7964,1.7858,1.7794,1.7768,1.7765,1.7764,1.7767,1.777,1.7773,1.7777,1.7177,1.7623,1.7245,1.6826,1.6376,1.5915,1.5452,1.4987,1.4521,1.4056,1.359,1.3125,1.2659,1.2194
1.8166,1.844,1.8549,1.8615,1.8641,1.8644,1.8645,1.8642,1.8639,1.8636,1.8632,1.4328,1.879,1.9178,1.9609,2.0071,2.0544,2.102,2.1498,2.1976,2.2454,2.2932,2.341,2.3888,2.4366
3.4456,3.4456,3.4456,3.4456,3.4456,3.4456,3.4456,3.4456,3.4456,3.4456,3.4456,3.4456,3.4456,3.4456,1.1108,1.7283,2.3456,2.963,3.4405,3.3337,3.2268,3.1199,3.013,2.9062,2.7993
3.4529,3.4529,3.4529,3.4529,3.4529,3.4529,3.4529,2.9712,2.3771,1.783,3.4529,3.4529,3.4529,3.4529,3.4529,3.4529,3.4529,3.4529,3.4529,3.4529,3.4529,3.4529,3.4529,3.4529,3.4529
1.91,1.9388,1.9503,1.9572,1.96,1.9603,1.9604,1.9601,1.9598,1.9594,1.9591,1.9671,1.9756,0.9185,2.0617,2.1103,2.1601,2.2101,2.2603,2.3106,2.3609,2.4111,2.4614,2.5117,2.5619
1.763,1.7372,1.727,1.7208,1.7183,1.718,1.7179,1.7182,1.7185,1.7188,1.7191,1.7119,1.7043,1.6677,1.6272,1.5837,1.5391,1.4943,1.4493,1.4043,1.3593,1.3143,1.2693,1.2242,1.1792
2.9544,2.9989,3.0167,3.0273,3.0316,3.0321,3.0322,3.0318,2.7278,2.0461,1.3643,3.0427,3.0558,3.119,3.189,3.2641,3.3412,3.4185,3.4749,3.4749,3.4749,3.4749,3.4749,3.4749,3.4749
3.4823,3.4823,3.4823,3.4823,3.4823,3.4823,3.4823,3.4823,3.4823,3.4823,3.4823,3.4823,3.4823,3.4823,3.4823,3.4823,3.4823,3.4823,3.4823,3.4823,3.4823,3.4823,3.4823,3.4823,3.4823
2.2141,2.1818,2.1688,2.1611,2.158,2.1576,2.1575,2.1579,2.1582,2.1586,1.7777,0.8895,2.1404,2.0945,2.0435,1.9889,1.9329,1.8766,1.8201,1.7636,1.7071,1.6506,1.594,1.5375,1.4809
1.664,1.6891,1.6991,1.7051,1.7075,1.7078,1.7079,1.7076,1.7073,1.707,1.7067,1.7138,0.4821,1.7567,1.7962,1.8385,1.8819,1.9254,1.9692,2.013,2.0568,2.1006,2.1443,2.1881,2.2319
2.4497,2.4139,2.3996,2.391,2.3875,2.3871,2.3871,2.3874,2.3878,2.3883,2.3887,2.3787,2.3681,0.6255,1.409,2.1923,2.1385,2.0763,2.0138,1.9513,1.8887,1.8262,1.7636,1.701,1.6385
3.5121,3.5121,3.5121,3.5121,3.5121,3.5121,3.5121,3.5121,3.5121,3.5121,3.5121,3.5121,3.5121,3.5121,3.5121,3.5121,3.5121,3.5121,3.5121,3.5121,3.5121,3.5121,3.5121,3.5121,3.5121
2.5452,2.5836,2.5989,2.608,2.6118,2.6122,2.6123,2.6119,2.6115,2.611,2.6105,2.6213,2.6326,2.687,1.3276,2.0656,2.8035,2.9451,3.012,3.0789,3.1459,3.2129,3.2799,3.3469,3.4139
1.7208,1.6956,1.6856,1.6796,1.6771,1.6769,1.6768,1.677,1.6773,1.6776,1.678,1.6709,0.4203,1.6278,1.5882,1.5458,1.5022,1.4585,1.4146,1.3707,1.3267,1.2828,1.2388,1.1949,1.151
2.0389,2.0697,2.0819,2.0893,2.0923,2.0926,2.0927,2.0924,2.092,2.0916,1.9253,0.9634,2.1089,2.1525,2.2009,2.2527,2.3059,2.3593,2.4129,2.4665,2.5202,2.5738,2.6275,2.6812,2.7348
3.5425,3.5425,3.5425,3.5425,3.5425,3.5425,3.5425,3.5425,3.5425,3.5425,3.5425,3.5425,3.5425,3.5425,3.5425,1.5983,2.1692,2.7401,3.311,3.5425,3.5425,3.5425,3.5425,3.5425,3.5425
3.3472,3.2983,3.2787,3.2671,3.2623,3.2617,3.2616,3.2557,2.6048,1.9538,1.3028,3.2501,3.2357,3.1663,3.0893,3.0067,2.922,2.837,2.7516,2.6662,2.5807,2.4952,2.4097,2.3243,2.2388
1.7284,1.7545,1.7649,1.7711,1.7736,1.7739,1.774,1.7737,1.7734,1.7731,1.7728,1.7801,1.7878,1.536,1.8657,1.9096,1.9547,2.0,2.0454,2.0909,2.1364,2.1819,2.2274,2.2729,2.3183
1.8896,1.862,1.851,1.8444,1.8417,1.8414,1.8413,1.8416,1.8419,1.8422,1.8426,1.8348,1.8267,1.0304,1.744,1.6974,1.6496,1.6016,1.5534,1.5052,1.4569,1.4087,1.3604,1.3121,1.2639
3.5734,3.5734,3.5734,3.5734,3.5734,3.5734,3.5734,3.0139,2.4113,1.8087,1.2458,3.5734,3.5734,3.5734,3.5734,3.5734,3.5734,3.5734,3.5734,3.5734,3.5734,3.5734,3.5734,3.5734,3.5734
3.5812,3.5812,3.5812,3.5812,3.5812,3.5812,3.5812,3.5812,3.5812,3.5812,3.5812,3.5812,3.5812,3.5812,3.5812,1.6904,2.2618,2.8571,3.4523,3.5812,3.5812,3.5812,3.5812,3.5812,3.5812
1.9075,1.8796,1.8684,1.8618,1.8591,1.8588,1.8587,1.859,1.8593,1.8596,1.86,1.2362,1.8439,1.8044,1.7605,1.7134,1.6652,1.6167,1.568,1.5194,1.4707,1.4219,1.3732,1.3245,1.2758
1.7125,1.7383,1.7486,1.7548,1.7573,1.7576,1.7577,1.7574,1.7571,1.7568,1.7565,1.7637,1.7713,1.8079,1.8485,1.8921,1.9367,1.9816,2.0266,2.0717,2.1167,2.1618,2.2069,2.2519,2.297
3.2139,3.1669,3.1482,3.137,3.1324,3.1318,3.1317,3.1322,3.1327,3.1333,3.1339,3.1207,3.1069,3.0402,1.1792,1.8347,2.4901,2.724,2.642,2.56,2.4779,2.3959,2.3138,2.2317,2.1496
3.6128,3.6128,3.6128,3.6128,3.6128,3.6128,3.4046,2.8373,2.335,3.6128,3.6128,3.6128,3.6128,3.6128,3.6128,3.6128,3.6128,3.6128,3.6128,3.6128,3.6128,3.6128,3.6128,3.6128,3.6128
2.0603,2.0913,2.1037,2.1111,2.1142,2.1145,2.1146,2.1143,2.1139,2.1135,2.1132,2.1219,2.131,0.7387,1.664,2.2763,2.33,2.384,2.4382,2.4923,2.5466,2.6008,2.655,2.7092,2.7635
1.7045,1.6796,1.6696,1.6637,1.6612,1.661,1.6609,1.6611,1.6614,1.6617,1.662,1.655,1.6477,1.6124,1.5731,1.5311,1.488,1.4447,1.4012,1.3577,1.3142,1.2706,1.2271,1.1836,1.14
2.461,2.4981,2.5129,2.5217,2.5254,2.5258,2.5259,2.5255,2.5251,2.2468,1.4982,0.7497,2.5455,2.5981,2.6564,2.719,2.7832,2.8477,2.9124,2.9771,3.0419,3.1066,3.1714,3.2362,3.301
3.6449,3.6449,3.6449,3.6449,3.6449,3.6449,3.6449,3.6449,3.6449,3.6449,3.6449,3.6449,3.6449,3.6449,3.6449,3.6449,3.6449,3.6449,3.6449,3.6449,3.6449,3.6449,3.6449,3.6449,3.6449
2.4819,2.4456,2.4311,2.4224,2.4189,2.4185,2.4184,2.4188,2.4192,2.2838,1.5229,0.762,2.3992,2.3477,2.2906,2.2294,2.1666,2.1035,2.0402,1.9769,1.9135,1.8501,1.7868,1.7234,1.66
1.6475,1.6723,1.6822,1.6882,1.6906,1.6909,1.6909,1.6907,1.6904,1.6901,1.6898,1.6968,1.7041,1.7393,1.7783,1.8202,1.8632,1.9063,1.9497,1.993,2.0364,2.0797,2.1231,2.1664,2.2098
2.1477,2.1163,2.1038,2.0963,2.0932,2.0929,2.0928,2.0931,2.0935,2.0939,2.0943,2.0854,2.0762,0.7183,1.6181,1.9293,1.8749,1.8203,1.7656,1.7107,1.6559,1.6011,1.5462,1.4914,1.4365
3.6777,3.6777,3.6777,3.6777,3.6777,3.6777,3.3788,2.8158,3.6777,3.6777,3.6777,3.6777,3.6777,3.6777,3.6777,3.6777,3.6777,3.6777,3.6777,3.6777,3.6777,3.6777,3.6777,3.6777,3.6777
3.0106,3.056,3.0741,3.0849,3.0893,3.0898,3.09,3.0895,3.089,3.0884,3.0879,3.1006,3.114,3.1783,1.1872,1.8472,2.507,3.1668,3.5628,3.642,3.6859,3.6859,3.6859,3.6859,3.6859
1.7449,1.7194,1.7092,1.7031,1.7006,1.7004,1.7003,1.7006,1.7008,1.7012,1.7015,1.6943,0.4262,1.6506,1.6105,1.5674,1.5233,1.4789,1.4344,1.3899,1.3453,1.3008,1.2562,1.2117,1.1671
1.8552,1.8831,1.8943,1.901,1.9037,1.904,1.9041,1.9038,1.9035,1.9031,1.9028,1.1831,1.9189,1.9585,2.0025,2.0497,2.0981,2.1466,2.1954,2.2442,2.2931,2.3419,2.3907,2.4395,2.4884
3.711,3.711,3.711,3.711,3.711,3.711,3.711,3.711,3.711,3.711,3.711,3.711,3.711,3.711,1.0547,1.641,2.2272,2.8133,3.3995,3.711,3.711,3.711,3.6363,3.5073,3.3783
3.7194,3.7194,3.7194,3.7194,3.7194,3.7194,3.6103,3.0087,2.4071,1.8055,1.204,3.7194,3.7194,3.7194,3.7194,3.7194,3.7194,3.6627,3.5525,3.4422,3.3318,3.2215,3.1111,3.0008,2.8904
1.798,1.8251,1.8359,1.8424,1.845,1.8453,1.8454,1.8451,1.8448,1.8445,1.8441,1.8517,1.8597,1.0617,1.9408,1.9865,2.0334,2.0805,2.1278,2.175,2.2224,2.2697,2.317,2.3643,2.4117
1.7712,1.7454,1.735,1.7288,1.7263,1.726,1.726,1.7262,1.7265,1.7268,1.7272,1.7199,1.7123,1.4291,1.6348,1.5911,1.5463,1.5013,1.4561,1.4109,1.3656,1.3204,1.2752,1.2299,1.1847
3.3132,3.3631,3.383,3.3949,3.3998,3.4004,3.4005,3.1793,2.5436,1.9079,1.2722,3.4122,3.4269,3.4977,3.5763,3.6605,3.7449,3.7449,3.7449,3.7449,3.7449,3.7449,3.7449,3.7449,3.7449
3.7535,3.7535,3.7535,3.7535,3.7535,3.7535,3.7535,3.7535,3.7535,3.7535,3.7535,3.7535,3.7535,3.7535,3.7535,3.7535,3.7535,3.7535,3.2792,3.7535,3.7535,3.7535,3.7535,3.7535,3.7535
2.043,2.0131,2.0012,1.9941,1.9912,1.9909,1.9908,1.9911,1.9914,1.9918,1.9488,0.9751,1.975,1.9326,1.8856,1.8352,1.7835,1.7316,1.6795,1.6273,1.5752,1.523,1.4708,1.4187,1.3665
1.6472,1.6721,1.682,1.6879,1.6903,1.6906,1.6907,1.6904,1.6901,1.6898,1.6895,1.6965,0.4773,1.739,1.7781,1.8199,1.8629,1.906,1.9493,1.9927,2.036,2.0794,2.1227,2.1661,2.2094
2.6378,2.5992,2.5838,2.5746,2.5708,2.5704,2.5703,2.5707,2.5711,2.5716,2.5721,2.5613,2.5499,0.5896,1.2845,1.9986,2.3027,2.2357,2.1684,2.1011,2.0337,1.9664,1.899,1.8316,1.7643
3.7882,3.7882,3.7882,3.7882,3.7882,3.7882,3.7882,3.7882,3.7882,3.7882,3.7882,3.7882,3.7882,3.7882,3.7882,3.7882,3.7882,3.7882,3.7882,3.7882,3.7882,3.7882,3.7882,3.7882,3.7882
2.2878,2.3222,2.336,2.3442,2.3476,2.348,2.348,2.3477,2.3473,2.3469,2.3465,2.3561,2.3663,0.7118,1.4087,2.1917,2.5873,2.6472,2.7073,2.7675,2.8277,2.8879,2.9481,3.0083,3.0686
1.6793,1.6547,1.6449,1.6391,1.6367,1.6364,1.6364,1.6366,1.6369,1.6372,1.6375,1.6306,0.4102,1.5885,1.5499,1.5085,1.466,1.4233,1.3805,1.3376,1.2947,1.2519,1.209,1.1661,1.1232
2.1366,2.1688,2.1817,2.1894,2.1925,2.1929,2.1929,2.1926,2.1923,2.1919,1.7012,0.8512,2.21,2.2557,2.3063,2.3606,2.4164,2.4723,2.5285,2.5847,2.6409,2.6972,2.7534,2.8096,2.8659
3.8236,3.8236,3.8236,3.8236,3.8236,3.8236,3.8236,3.8236,3.8236,3.8236,3.8236,3.8236,3.8236,3.8236,3.8236,3.8236,2.1016,2.6547,3.2079,3.761,3.8236,3.8236,3.8236,3.8236,3.8236
2.8946,2.8523,2.8354,2.8253,2.8212,2.8207,2.8206,2.821,2.7001,2.0253,1.3505,0.7195,2.7982,2.7382,2.6716,2.6002,2.5269,2.4534,2.3795,2.3057,2.2317,2.1578,2.0839,2.01,1.9361
1.6621,1.6872,1.6972,1.7032,1.7056,1.7059,1.706,1.7057,1.7054,1.7051,1.7048,1.7118,1.7192,1.7547,1.7941,1.8364,1.8797,1.9233,1.967,2.0107,2.0544,2.0982,2.1419,2.1857,2.2294
1.94,1.9116,1.9003,1.8936,1.8908,1.8905,1.8904,1.8907,1.891,1.8913,1.8917,1.8837,1.8754,0.8662,1.7905,1.7427,1.6936,1.6443,1.5948,1.5453,1.4957,1.4462,1.3967,1.3471,1.2976
3.8596,3.8596,3.8596,3.8596,3.8596,3.8596,3.4508,2.8758,2.3008,1.7258,3.8596,3.8596,3.8596,3.8596,3.8596,3.8596,3.8596,3.8596,3.8596,3.8596,3.8596,3.8596,3.8596,3.8596,3.8596
3.7911,3.8482,3.8687,3.8687,3.8687,3.8687,3.8687,3.8687,3.8687,3.8687,3.8687,3.8687,3.8687,3.8687,3.8687,1.696,2.3018,2.9076,3.5134,3.8687,3.8687,3.8687,3.8687,3.8687,3.8687
1.805,1.7786,1.768,1.7618,1.7592,1.7589,1.7588,1.7591,1.7594,1.7597,1.76,1.4569,1.7449,1.7074,1.6659,1.6214,1.5757,1.5298,1.4838,1.4377,1.3916,1.3455,1.2994,1.2534,1.2073
1.7287,1.7547,1.7651,1.7713,1.7739,1.7742,1.7742,1.774,1.7737,1.7734,1.773,1.5817,1.788,1.825,1.866,1.9099,1.955,2.0003,2.0457,2.0912,2.1367,2.1822,2.2277,2.2732,2.3187
3.6556,3.6022,3.5809,3.5681,3.5629,3.5623,3.5622,3.5627,3.5633,3.564,3.5646,3.5496,3.5339,3.4581,1.1058,1.7205,2.3352,2.9498,3.0051,2.9119,2.8185,2.7252,2.6318,2.5384,2.4451
3.9056,3.9056,3.9056,3.9056,3.9056,3.9056,3.4104,2.8421,2.2738,1.7056,3.9056,3.9056,3.9056,3.9056,3.9056,3.9056,3.9056,3.9056,3.9056,3.9056,3.9056,3.9056,3.9056,3.9056,3.9056
1.9129,1.9417,1.9532,1.9601,1.9629,1.9632,1.9633,1.963,1.9627,1.9623,1.962,1.97,1.9785,0.8188,1.8444,2.1134,2.1633,2.2134,2.2637,2.314,2.3643,2.4147,2.465,2.5154,2.5657
1.6948,1.6701,1.6602,1.6543,1.6518,1.6516,1.6515,1.6517,1.652,1.6523,1.6526,1.6457,1.6384,1.6032,1.5642,1.5224,1.4796,1.4365,1.3932,1.35,1.3067,1.2634,1.2202,1.1769,1.1336
2.674,2.7143,2.7304,2.74,2.7439,2.7443,2.7444,2.744,2.7436,2.0626,1.3754,0.7629,2.7658,2.8229,2.8863,2.9543,3.024,3.0941,3.1644,3.2347,3.3051,3.3755,3.4458,3.5162,3.5866
3.9432,3.9432,3.9432,3.9432,3.9432,3.9432,3.9432,3.9432,3.9432,3.9432,3.9432,3.9432,3.9432,3.9432,3.9432,3.9432,3.9432,3.9432,3.9432,3.9432,3.9432,3.9432,3.9432,3.9432,3.9432
2.2488,2.2159,2.2028,2.195,2.1917,2.1914,2.1913,2.1916,2.192,2.1924,1.6282,0.8147,2.1739,2.1273,2.0755,2.0201,1.9632,1.906,1.8486,1.7912,1.7338,1.6764,1.619,1.5615,1.5041
1.6149,1.6392,1.6489,1.6547,1.6571,1.6574,1.6574,1.6572,1.6569,1.6566,1.6563,1.6632,0.4679,1.7048,1.7431,1.7842,1.8263,1.8686,1.9111,1.9535,1.996,2.0385,2.081,2.1235,2.166
2.2657,2.2326,2.2194,2.2115,2.2082,2.2079,2.2078,2.2081,2.2085,2.2089,2.2093,2.2,2.1903,0.6408,1.4435,2.0353,1.9779,1.9204,1.8625,1.8047,1.7469,1.689,1.6312,1.5733,1.5154
3.9815,3.9815,3.9815,3.9815,3.9815,3.9815,3.9815,3.9815,3.9815,3.9815,3.9815,3.9815,3.9815,3.9815,3.9815,3.9815,3.9815,3.9815,3.9815,3.9815,3.9815,3.9815,3.9815,3.9815,3.9815
2.6346,2.6743,2.6901,2.6996,2.7035,2.7039,2.704,2.7036,2.7032,2.7027,2.7022,2.7133,2.725,2.7813,1.2381,1.9263,2.6144,3.0485,3.1178,3.1871,3.2564,3.3257,3.3951,3.4644,3.5338
1.6857,1.6611,1.6512,1.6453,1.6429,1.6427,1.6426,1.6429,1.6431,1.6434,1.6437,1.6368,0.4118,1.5946,1.5558,1.5142,1.4716,1.4288,1.3857,1.3427,1.2997,1.2566,1.2136,1.1705,1.1275
1.9151,1.9439,1.9554,1.9623,1.9651,1.9655,1.9655,1.9652,1.9649,1.9646,1.9642,1.01,1.9808,2.0217,2.0671,2.1158,2.1658,2.2159,2.2663,2.3167,2.3671,2.4175,2.4679,2.5183,2.5687
4.0206,4.0206,4.0206,4.0206,4.0206,4.0206,4.0206,4.0206,4.0206,4.0206,4.0206,4.0206,4.0206,4.0206,4.0206,1.5732,2.1352,2.6972,3.2592,3.8211,4.0206,4.0206,4.0206,4.0206,4.0206
3.5677,3.5156,3.4948,3.4823,3.4772,3.4767,3.4765,3.0775,2.4621,1.8468,1.2315,3.4643,3.4489,3.3749,3.2929,3.2049,3.1146,3.0239,2.9329,2.8418,2.7507,2.6596,2.5685,2.4774,2.3863
1.7099,1.7357,1.746,1.7521,1.7547,1.7549,1.755,1.7547,1.7545,1.7541,1.7538,1.7611,1.7686,1.2802,1.8457,1.8892,1.9338,1.9786,2.0235,2.0685,2.1135,2.1585,2.2035,2.2485,2.2935
1.7965,1.7703,1.7598,1.7535,1.751,1.7507,1.7506,1.7509,1.7512,1.7515,1.7518,1.7444,1.7367,1.1234,1.6581,1.6138,1.5683,1.5227,1.4769,1.431,1.3851,1.3393,1.2934,1.2475,1.2016
3.8302,3.8879,3.9109,3.9247,3.9303,3.9309,3.5969,2.9975,2.3982,1.7988,1.1995,3.9446,3.9616,4.0435,4.0605,4.0605,4.0605,4.0605,4.0605,4.0605,4.0605,4.0605,4.0605,4.0605,4.0605
4.0706,4.0706,4.0706,4.0706,4.0706,4.0706,4.0706,4.0706,4.0706,4.0706,4.0706,4.0706,4.0706,4.0706,4.0706,4.0706,2.1619,2.7309,3.2999,3.8689,4.0706,4.0706,4.0706,4.0706,4.0706
1.908,1.8801,1.8689,1.8623,1.8596,1.8593,1.8592,1.8595,1.8598,1.8601,1.8605,1.0942,1.8444,1.8049,1.761,1.7139,1.6656,1.6171,1.5685,1.5198,1.471,1.4223,1.3736,1.3249,1.2762
1.6452,1.67,1.6799,1.6858,1.6883,1.6885,1.6886,1.6883,1.6881,1.6878,1.6874,1.6944,0.4767,1.7369,1.7759,1.8177,1.8606,1.9037,1.947,1.9902,2.0335,2.0768,2.1201,2.1634,2.2068
2.8943,2.852,2.8351,2.825,2.8209,2.8204,2.8203,2.8208,2.8212,2.8218,2.8223,2.8104,2.798,0.647,1.187,1.8467,2.5064,2.4532,2.3793,2.3054,2.2315,2.1576,2.0837,2.0098,1.9359
4.1114,4.1114,4.1114,4.1114,4.1114,3.8343,3.2867,4.1114,4.1114,4.1114,4.1114,4.1114,4.1114,4.1114,4.1114,4.1114,4.1114,4.1114,4.1114,4.1114,4.1114,4.1114,4.1114,4.1114,4.1114
2.0884,2.1198,2.1324,2.1399,2.143,2.1433,2.1434,2.1431,2.1428,2.1424,2.142,2.1508,2.1601,0.6741,1.5185,2.3073,2.3618,2.4165,2.4714,2.5263,2.5813,2.6362,2.6912,2.7462,2.8011
1.6532,1.6291,1.6194,1.6136,1.6113,1.611,1.611,1.6112,1.6115,1.6118,1.6121,1.6053,1.5982,1.5639,1.5258,1.4851,1.4432,1.4012,1.359,1.3169,1.2746,1.2324,1.1902,1.148,1.1058
2.27,2.3042,2.3178,2.326,2.3293,2.3297,2.3298,2.3294,2.3291,2.2958,1.5309,0.766,2.3479,2.3964,2.4502,2.5079,2.5671,2.6266,2.6863,2.746,2.8057,2.8655,2.9252,2.985,3.0447
4.1531,4.1531,4.1531,4.1531,4.1531,4.1531,4.1531,4.1531,4.1531,4.1531,4.1531,4.1531,4.1531,4.1531,4.1531,4.1531,4.1531,4.1531,4.1531,3.6762,4.1531,4.1531,4.1531,4.1531,4.1531
2.5601,2.5226,2.5077,2.4988,2.4951,2.4947,2.4946,2.495,2.4954,2.1253,1.4172,0.7091,2.4748,2.4217,2.3628,2.2997,2.2349,2.1698,2.1045,2.0392,1.9738,1.9084,1.8431,1.7777,1.7123
1.6129,1.6372,1.6469,1.6527,1.6551,1.6554,1.6555,1.6552,1.6549,1.6546,1.6543,1.6612,1.6683,1.7028,1.741,1.782,1.8241,1.8663,1.9088,1.9512,1.9936,2.0361,2.0785,2.121,2.1634
2.0139,1.9845,1.9727,1.9657,1.9628,1.9625,1.9624,1.9627,1.9631,1.9634,1.9638,1.9555,1.9469,0.7495,1.6884,1.8091,1.7581,1.707,1.6556,1.6042,1.5527,1.5013,1.4499,1.3985,1.347
4.1956,4.1956,4.1956,4.1956,4.1956,3.8775,3.3237,2.7698,2.216,4.1956,4.1956,4.1956,4.1956,4.1956,4.1956,4.1956,4.1956,4.1956,4.1956,4.1956,4.1956,4.1956,4.1956,4.1956,4.1956
3.1874,3.2354,3.2546,3.266,3.2707,3.2712,3.2714,3.2709,3.2704,3.2698,3.2692,3.2826,3.2968,3.3649,1.1208,1.7437,2.3667,2.9895,3.6124,3.8558,3.9397,4.0235,4.1074,4.1913,4.2064
1.7249,1.6997,1.6896,1.6836,1.6811,1.6809,1.6808,1.681,1.6813,1.6816,1.682,1.6749,1.6675,1.6317,1.592,1.5495,1.5058,1.462,1.418,1.3739,1.3299,1.2859,1.2418,1.1978,1.1537
1.7619,1.7885,1.7991,1.8054,1.808,1.8083,1.8084,1.8081,1.8078,1.8075,1.8071,1.277,1.8224,1.8601,1.9018,1.9466,1.9926,2.0387,2.0851,2.1314,2.1778,2.2241,2.2705,2.3169,2.3633
4.2391,4.2391,4.2185,4.2034,4.1973,4.1966,4.1964,4.1971,4.1977,4.1985,4.1993,4.1817,4.1631,4.0738,1.048,1.6305,2.213,2.7954,3.3778,3.4303,3.3204,3.2104,3.1004,2.9904,2.8805
4.2501,4.2501,4.2501,4.2501,4.2501,4.0223,3.4478,2.8733,2.2988,1.7243,1.2115,4.2501,4.2501,4.2501,4.2501,4.2501,4.1857,4.0639,3.9416,3.8192,3.6968,3.5743,3.4519,3.3295,3.207
1.7964,1.8235,1.8343,1.8407,1.8434,1.8437,1.8437,1.8435,1.8432,1.8428,1.8425,1.8501,1.8581,0.9316,1.9391,1.9847,2.0316,2.0786,2.1259,2.1731,2.2204,2.2677,2.3149,2.3622,2.4095
1.7003,1.6755,1.6656,1.6596,1.6572,1.6569,1.6569,1.6571,1.6574,1.6577,1.658,1.651,1.6437,1.6084,1.5693,1.5274,1.4844,1.4412,1.3978,1.3544,1.311,1.2675,1.2241,1.1807,1.1373
2.966,3.0107,3.0286,3.0392,3.0436,3.0441,3.0442,3.0437,2.5566,1.9177,1.2787,3.0547,3.0678,3.1312,3.2016,3.277,3.3543,3.432,3.51,3.588,3.6661,3.7441,3.8222,3.9003,3.9783
4.2946,4.2946,4.2946,4.2946,4.2946,4.2946,4.2946,4.2946,4.2946,4.2946,4.2946,4.2946,4.2946,4.2946,4.2946,4.2946,4.2946,4.2946,4.2946,4.2946,4.2946,4.2946,4.2946,4.2946,4.2946
2.0671,2.0368,2.0248,2.0176,2.0146,2.0143,2.0142,2.0145,2.0148,2.0152,1.7708,0.8861,1.9982,1.9553,1.9078,1.8568,1.8045,1.752,1.6992,1.6465,1.5937,1.5409,1.4881,1.4354,1.3826
1.5967,1.6208,1.6304,1.6361,1.6384,1.6387,1.6388,1.6385,1.6383,1.638,1.6377,1.6444,0.4626,1.6856,1.7235,1.7641,1.8057,1.8475,1.8895,1.9315,1.9735,2.0156,2.0576,2.0996,2.1416
2.4252,2.3898,2.3756,2.3672,2.3637,2.3633,2.3632,2.3636,2.364,2.3644,2.3649,2.3549,2.3445,0.5813,1.3094,2.0373,2.1172,2.0556,1.9937,1.9318,1.8699,1.8079,1.746,1.6841,1.6221
4.3401,4.3401,4.3401,4.3401,4.3401,4.3401,4.3401,4.3401,4.3401,4.3401,4.3401,4.3401,4.3401,4.3401,4.3401,4.3401,4.3401,4.3401,4.3401,4.3401,4.3401,4.3401,4.3401,4.3401,4.3401
2.3525,2.388,2.4021,2.4106,2.414,2.4144,2.4145,2.4141,2.4138,2.4133,2.4129,2.4228,2.4333,2.4836,1.3077,2.0346,2.6605,2.7221,2.784,2.8458,2.9077,2.9697,3.0316,3.0935,3.1554
1.643,1.619,1.6094,1.6037,1.6013,1.601,1.601,1.6012,1.6015,1.6018,1.6021,1.5953,0.4013,1.5542,1.5164,1.4759,1.4343,1.3926,1.3506,1.3087,1.2667,1.2248,1.1828,1.1409,1.0989
1.9997,2.0299,2.0419,2.0491,2.052,2.0523,2.0524,2.0521,2.0518,2.0514,1.7677,0.8845,2.0684,2.1111,2.1585,2.2094,2.2615,2.3139,2.3665,2.4191,2.4717,2.5243,2.577,2.6296,2.6822
4.3866,4.3866,4.3866,4.3866,4.3866,4.3866,4.3866,4.3866,4.3866,4.3866,4.3866,4.3866,4.3866,4.3866,4.3866,4.3866,2.0659,2.6096,3.1533,3.697,4.2407,4.3866,4.3866,4.3866,4.3866
3.0469,3.0023,2.9845,2.9739,2.9696,2.9691,2.969,2.9694,2.5451,1.909,1.273,0.7574,2.9454,2.8822,2.8121,2.737,2.6599,2.5824,2.5047,2.4269,2.3491,2.2713,2.1935,2.1157,2.0379
1.6418,1.6665,1.6764,1.6823,1.6847,1.685,1.685,1.6848,1.6845,1.6842,1.6839,1.6908,1.6981,1.6442,1.7721,1.8139,1.8567,1.8997,1.9429,1.986,2.0293,2.0725,2.1157,2.1589,2.2021
1.8402,1.8133,1.8026,1.7961,1.7935,1.7932,1.7931,1.7934,1.7937,1.794,1.7944,1.7868,1.7789,0.9272,1.6984,1.653,1.6065,1.5597,1.5127,1.4658,1.4188,1.3718,1.3248,1.2778,1.2308
4.4341,4.4341,4.4341,4.4341,4.4341,3.9964,3.4256,2.8548,2.284,1.7132,4.4341,4.4341,4.4341,4.4341,4.4341,4.4341,4.4341,4.4341,4.4341,4.4341,4.4341,4.4341,4.4341,4.4341,4.4341
4.1527,4.2152,4.2402,4.2551,4.2612,4.2619,4.2621,4.2615,4.2608,4.26,4.2592,4.2768,4.2952,4.384,4.4461,1.618,2.1959,2.7739,3.3519,3.9298,4.4461,4.4461,4.4461,4.4461,4.4461
1.8013,1.775,1.7645,1.7582,1.7556,1.7553,1.7553,1.7556,1.7558,1.7562,1.7565,1.2649,1.7414,1.704,1.6626,1.6181,1.5725,1.5268,1.4808,1.4348,1.3888,1.3428,1.2968,1.2508,1.2048
1.658,1.683,1.693,1.6989,1.7014,1.7016,1.7017,1.7015,1.7012,1.7009,1.7006,1.7076,1.7149,1.7504,1.7897,1.8318,1.8751,1.9185,1.9621,2.0057,2.0493,2.093,2.1366,2.1803,2.2239
3.2494,3.2019,3.1829,3.1716,3.1669,3.1664,3.1663,3.1668,3.1673,3.1679,3.1685,3.1551,3.1412,3.0737,1.11,1.7269,2.3438,2.7541,2.6712,2.5882,2.5053,2.4223,2.3393,2.2563,2.1734
4.4949,4.4949,4.4949,4.4949,4.383,3.8352,3.2875,2.7397,2.1919,4.4949,4.4949,4.4949,4.4949,4.4949,4.4949,4.4949,4.4949,4.4949,4.4949,4.4949,4.4949,4.4949,4.4949,4.4949,4.4949
1.9321,1.9612,1.9728,1.9798,1.9826,1.9829,1.983,1.9827,1.9824,1.982,1.9817,1.9898,1.9984,0.7403,1.6675,2.1346,2.185,2.2356,2.2864,2.3373,2.3881,2.4389,2.4898,2.5407,2.5915
1.6416,1.6176,1.6081,1.6023,1.6,1.5997,1.5997,1.5999,1.6002,1.6005,1.6008,1.594,1.587,1.5529,1.5151,1.4747,1.4331,1.3914,1.3495,1.3076,1.2657,1.2238,1.1819,1.1399,1.098
2.4494,2.4863,2.501,2.5098,2.5134,2.5139,2.5139,2.5136,2.5132,2.0981,1.399,0.7,2.5335,2.5858,2.6439,2.7062,2.7701,2.8342,2.8986,2.963,3.0275,3.092,3.1564,3.2209,3.2854
4.5448,4.5448,4.5448,4.5448,4.5448,4.5448,4.5448,4.5448,4.5448,4.5448,4.5448,4.5448,4.5448,4.5448,4.5448,4.5448,4.5448,4.5448,4.5448,4.5448,4.5448,4.5448,4.5448,4.5448,4.5448
2.306,2.2723,2.2588,2.2508,2.2475,2.2471,2.247,2.2474,2.2477,2.2482,1.5073,0.7542,2.2292,2.1814,2.1283,2.0714,2.0131,1.9545,1.8957,1.8368,1.7779,1.719,1.6602,1.6013,1.5424
1.5789,1.6027,1.6122,1.6178,1.6202,1.6204,1.6205,1.6202,1.62,1.6197,1.6194,1.6261,1.6331,1.6668,1.7042,1.7444,1.7856,1.8269,1.8684,1.91,1.9515,1.9931,2.0346,2.0762,2.1177
2.1159,2.0849,2.0726,2.0652,2.0622,2.0618,2.0618,2.0621,2.0624,2.0628,2.0632,2.0545,2.0454,0.6634,1.4944,1.9007,1.8471,1.7933,1.7394,1.6854,1.6313,1.5773,1.5233,1.4692,1.4152
4.5958,4.5958,4.5958,4.5958,4.3063,3.7681,3.3234,4.5958,4.5958,4.5958,4.5958,4.5958,4.5958,4.5958,4.5958,4.5958,4.5958,4.5958,4.5958,4.5958,4.5958,4.5958,4.5958,4.5958,4.5958
2.7593,2.8009,2.8175,2.8274,2.8315,2.8319,2.8321,2.8316,2.8312,2.8307,2.8301,2.8418,2.854,2.913,1.1649,1.8125,2.46,3.1074,3.2654,3.338,3.4106,3.4832,3.5558,3.6285,3.7011
1.6637,1.6394,1.6296,1.6238,1.6215,1.6212,1.6211,1.6214,1.6216,1.622,1.6223,1.6154,0.4064,1.5738,1.5355,1.4945,1.4524,1.4101,1.3676,1.3252,1.2827,1.2402,1.1977,1.1552,1.1128
1.814,1.8413,1.8522,1.8587,1.8614,1.8617,1.8618,1.8615,1.8612,1.8608,1.8605,1.0736,1.8762,1.915,1.958,2.0041,2.0514,2.0989,2.1466,2.1943,2.2421,2.2898,2.3376,2.3853,2.4331
4.6479,4.6479,4.6479,4.6479,4.6479,4.6479,4.6479,4.6479,4.6479,4.6479,4.6479,4.6479,4.6479,4.6479,1.0691,1.5603,2.1177,2.6751,3.2324,3.7898,4.1105,3.9744,3.8382,3.7021,3.5659
3.8675,3.8109,3.7884,3.7749,3.7694,3.7687,3.5188,2.9325,2.3462,1.7598,1.1735,3.7553,3.7387,3.6585,3.5695,3.4741,3.3762,3.278,3.1793,3.0806,2.9818,2.8831,2.7843,2.6855,2.5868
1.7047,1.7303,1.7406,1.7467,1.7492,1.7495,1.7496,1.7493,1.749,1.7487,1.7484,1.7556,1.7632,1.097,1.84,1.8834,1.9278,1.9725,2.0173,2.0621,2.107,2.1519,2.1967,2.2416,2.2865
1.7214,1.6962,1.6861,1.6801,1.6777,1.6774,1.6773,1.6776,1.6779,1.6782,1.6785,1.6714,1.664,1.2525,1.5887,1.5463,1.5027,1.459,1.4151,1.3711,1.3272,1.2832,1.2393,1.1953,1.1513
3.3754,3.4262,3.4465,3.4587,3.4636,3.4642,3.4643,3.0048,2.404,1.8032,1.2024,3.4763,3.4912,3.5634,3.6434,3.7292,3.8172,3.9057,3.9944,4.0832,4.172,4.2609,4.3497,4.4385,4.5274
4.7148,4.7148,4.7148,4.7148,4.7148,4.7148,4.7148,4.7148,4.7148,4.7148,4.7148,4.7148,4.7148,4.7148,4.7148,4.7148,4.7148,2.6302,3.1782,3.7262,4.2742,4.7148,4.7148,4.7148,4.7148
1.9241,1.8959,1.8847,1.878,1.8753,1.8749,1.8749,1.8752,1.8755,1.8758,1.8762,0.9834,1.86,1.8201,1.7758,1.7284,1.6797,1.6308,1.5817,1.5326,1.4835,1.4343,1.3852,1.3361,1.2869
1.5923,1.6163,1.6259,1.6316,1.6339,1.6342,1.6343,1.634,1.6338,1.6335,1.6332,1.6399,0.4614,1.681,1.7188,1.7592,1.8008,1.8425,1.8843,1.9262,1.9681,2.01,2.0519,2.0939,2.1358
2.6398,2.6012,2.5858,2.5766,2.5728,2.5724,2.5723,2.5727,2.5731,2.5736,2.574,2.5632,2.5519,0.5901,1.205,1.8747,2.3045,2.2374,2.17,2.1027,2.0353,1.9679,1.9004,1.833,1.7656
4.7697,4.7697,4.7697,4.7697,4.7697,4.7697,4.7697,4.7697,4.7697,4.7697,4.7697,4.7697,4.7697,4.7697,4.7697,4.7697,4.7697,4.7697,4.7697,4.7697,4.7697,4.7697,4.7697,4.7697,4.7697
2.1361,2.1683,2.1811,2.1888,2.1919,2.1923,2.1924,2.1921,2.1917,2.1913,2.1909,2.1999,2.2094,0.6646,1.4011,2.18,2.4157,2.4717,2.5279,2.584,2.6403,2.6965,2.7527,2.8089,2.8651
1.6151,1.5915,1.5821,1.5765,1.5742,1.5739,1.5738,1.5741,1.5743,1.5746,1.5749,1.5683,0.3945,1.5278,1.4907,1.4509,1.41,1.3689,1.3277,1.2865,1.2453,1.204,1.1628,1.1215,1.0803
2.1145,2.1463,2.1591,2.1667,2.1698,2.1701,2.1702,2.1699,2.1695,2.1691,1.5797,0.7904,2.1871,2.2323,2.2824,2.3361,2.3913,2.4467,2.5023,2.5579,2.6135,2.6692,2.7248,2.7805,2.8362
4.8259,4.8259,4.8259,4.8259,4.8259,4.8259,4.8259,4.8259,4.8259,4.8259,4.8259,4.8259,4.8259,4.8259,4.8259,4.8259,4.8259,2.5469,3.0776,3.6082,4.1389,4.6695,4.8259,4.8259,4.8259
2.6696,2.6306,2.615,2.6057,2.6019,2.6014,2.6013,2.6017,2.6021,1.9957,1.3308,0.6659,2.5807,2.5253,2.4639,2.3981,2.3305,2.2627,2.1946,2.1264,2.0583,1.9901,1.9219,1.8537,1.7856
1.5905,1.6145,1.6241,1.6298,1.6321,1.6324,1.6325,1.6322,1.632,1.6317,1.6314,1.6381,1.6451,1.6791,1.7169,1.7573,1.7988,1.8404,1.8822,1.9241,1.9659,2.0078,2.0497,2.0915,2.1334
1.9045,1.8767,1.8656,1.8589,1.8562,1.8559,1.8558,1.8561,1.8564,1.8567,1.8571,1.8493,1.8411,0.7919,1.7578,1.7108,1.6626,1.6142,1.5656,1.517,1.4684,1.4197,1.3711,1.3225,1.2738
4.8835,4.8835,4.8835,4.8835,4.3909,3.8421,3.2933,2.7446,2.1958,1.6623,4.8835,4.8835,4.8835,4.8835,4.8835,4.8835,4.8835,4.8835,4.8835,4.8835,4.8835,4.8835,4.8835,4.8835,4.8835
3.4254,3.477,3.4976,3.5099,3.5149,3.5155,3.5156,3.5151,3.5146,3.5139,3.5133,3.5277,3.5429,3.6162,1.1469,1.6594,2.2521,2.8449,3.4376,4.0304,4.2338,4.324,4.4141,4.5043,4.5944
1.7177,1.6926,1.6826,1.6766,1.6742,1.6739,1.6738,1.6741,1.6743,1.6747,1.675,1.5223,1.6605,1.6249,1.5854,1.543,1.4996,1.4559,1.4121,1.3682,1.3244,1.2805,1.2367,1.1928,1.1489
1.6863,1.7117,1.7218,1.7279,1.7304,1.7306,1.7307,1.7304,1.7302,1.7299,1.7295,1.405,1.7441,1.7802,1.8202,1.863,1.907,1.9512,1.9955,2.0399,2.0843,2.1286,2.173,2.2174,2.2618
3.7556,3.7007,3.6788,3.6657,3.6604,3.6598,3.6596,3.6602,3.6608,3.6615,3.6621,3.6467,3.6306,3.5527,1.0492,1.6324,2.2156,2.7987,3.0874,2.9915,2.8956,2.7997,2.7038,2.6079,2.512
4.9573,4.9573,4.9573,4.9573,4.4228,3.8701,3.3173,2.7645,2.2118,1.659,4.9573,4.9573,4.9573,4.9573,4.9573,4.9093,4.771,4.6321,4.4926,4.3532,4.2136,4.0741,3.9345,3.7949,3.6554
1.8088,1.8361,1.847,1.8535,1.8561,1.8564,1.8565,1.8562,1.8559,1.8556,1.8553,1.8629,1.8709,0.8313,1.8727,1.9985,2.0456,2.093,2.1406,2.1882,2.2358,2.2834,2.331,2.3786,2.4262
1.6442,1.6201,1.6105,1.6048,1.6025,1.6022,1.6021,1.6024,1.6026,1.6029,1.6032,1.5965,1.5894,1.5553,1.5175,1.4769,1.4353,1.3936,1.3516,1.3096,1.2677,1.2257,1.1837,1.1417,1.0997
2.6914,2.732,2.7482,2.7578,2.7618,2.7623,2.7624,2.762,2.5906,1.9432,1.2957,0.7679,2.7838,2.8414,2.9052,2.9736,3.0438,3.1143,3.1851,3.2558,3.3267,3.3975,3.4683,3.5392,3.61
5.0181,5.0181,5.0181,5.0181,5.0181,5.0181,5.0181,5.0181,5.0181,5.0181,5.0181,5.0181,5.0181,5.0181,5.0181,5.0181,5.0181,5.0181,5.0181,5.0181,5.0181,5.0181,5.0181,5.0181,5.0181
2.1094,2.0786,2.0663,2.0589,2.0559,2.0556,2.0555,2.0558,2.0561,2.0565,1.6278,0.8145,2.0392,1.9954,1.9469,1.8949,1.8415,1.7879,1.7341,1.6802,1.6264,1.5725,1.5186,1.4648,1.4109
1.5586,1.5821,1.5915,1.5971,1.5994,1.5997,1.5997,1.5995,1.5992,1.5989,1.5986,1.6052,0.4516,1.6455,1.6824,1.722,1.7627,1.8035,1.8445,1.8855,1.9265,1.9675,2.0086,2.0496,2.0906
2.2526,2.2196,2.2065,2.1986,2.1954,2.195,2.195,2.1953,2.1957,2.1961,2.1965,2.1872,2.1775,0.598,1.3472,2.0234,1.9664,1.9092,1.8517,1.7942,1.7367,1.6792,1.6217,1.5642,1.5066
5.0803,5.0803,5.0803,5.0803,5.0803,5.0803,5.0803,5.0803,5.0803,5.0803,5.0803,5.0803,5.0803,5.0803,5.0803,5.0803,5.0803,5.0803,5.0803,5.0803,5.0803,5.0803,5.0803,5.0803,5.0803
2.4437,2.4805,2.4952,2.504,2.5076,2.508,2.5081,2.5077,2.5073,2.5069,2.5064,2.5168,2.5276,2.5798,1.2252,1.9062,2.5872,2.8276,2.8919,2.9562,3.0205,3.0848,3.1491,3.2134,3.2778
1.6188,1.5951,1.5857,1.58,1.5777,1.5775,1.5774,1.5776,1.5779,1.5782,1.5785,1.5718,0.3954,1.5313,1.4941,1.4541,1.4132,1.372,1.3307,1.2894,1.2481,1.2068,1.1654,1.1241,1.0827
1.8876,1.916,1.9274,1.9342,1.9369,1.9373,1.9373,1.937,1.9367,1.9364,1.8579,0.9296,1.9524,1.9927,2.0375,2.0855,2.1347,2.1841,2.2338,2.2834,2.3331,2.3828,2.4325,2.4821,2.5318
5.1441,5.1441,5.1441,5.1441,5.1441,5.1441,5.1441,5.1441,5.1441,5.1441,5.1441,5.1441,5.1441,5.1441,5.1441,1.5068,2.0451,2.5834,3.1216,3.6598,4.1981,4.7363,5.1376,4.9554,4.7731
3.2506,3.2031,3.1841,3.1728,3.1681,3.1676,3.1675,3.0226,2.4183,1.8139,1.2095,3.1563,3.1423,3.0749,3.0001,2.92,2.8377,2.7551,2.6722,2.5892,2.5062,2.4232,2.3402,2.2572,2.1742
1.6333,1.6579,1.6677,1.6736,1.676,1.6762,1.6763,1.676,1.6758,1.6755,1.6752,1.6821,1.6893,1.3556,1.763,1.8045,1.8471,1.8898,1.9328,1.9758,2.0187,2.0617,2.1047,2.1477,2.1907
1.7589,1.7332,1.7229,1.7168,1.7143,1.714,1.7139,1.7142,1.7145,1.7148,1.7151,1.7079,1.7003,1.0091,1.6234,1.58,1.5355,1.4908,1.4459,1.401,1.3561,1.3112,1.2663,1.2214,1.1765
3.9722,4.0321,4.056,4.0703,4.0761,3.9963,3.4255,2.8547,2.2839,1.7131,1.1423,4.091,4.1086,4.1935,4.2877,4.3887,4.4923,4.5963,4.7007,4.8052,4.9098,5.0143,5.1189,5.2095,5.2095
4.6519,4.722,4.7499,4.7666,4.7735,4.7743,4.7744,4.7737,4.773,4.7721,4.7712,4.7909,4.8115,4.911,5.0213,5.1395,2.1105,2.6659,3.2214,3.7768,4.3323,4.8877,5.2262,5.2262,5.2262
1.8112,1.7848,1.7742,1.7679,1.7653,1.765,1.7649,1.7652,1.7655,1.7658,1.7661,1.1192,1.7509,1.7133,1.6717,1.627,1.5812,1.5352,1.4889,1.4427,1.3965,1.3502,1.304,1.2577,1.2115
1.6017,1.6258,1.6354,1.6412,1.6435,1.6438,1.6439,1.6436,1.6434,1.6431,1.6428,1.6495,1.6566,1.6909,1.7289,1.7696,1.8113,1.8533,1.8954,1.9375,1.9797,2.0218,2.064,2.1062,2.1483
2.931,2.8882,2.8711,2.8608,2.8567,2.8562,2.8561,2.8565,2.857,2.8575,2.858,2.846,2.8334,2.7726,1.1228,1.7469,2.3709,2.4842,2.4095,2.3347,2.2598,2.185,2.1101,2.0353,1.9604
5.2937,5.2937,5.2937,4.7865,4.2548,3.723,3.1913,2.6595,5.2937,5.2937,5.2937,5.2937,5.2937,5.2937,5.2937,5.2937,5.2937,5.2937,5.2937,5.2937,5.2937,5.2937,5.2937,5.2937,5.2937
1.9675,1.9972,2.009,2.0161,2.019,2.0193,2.0194,2.0191,2.0187,2.0184,2.018,2.0263,2.035,0.6775,1.5261,2.1738,2.2251,2.2766,2.3283,2.3801,2.4319,2.4837,2.5354,2.5872,2.639
1.6011,1.5777,1.5684,1.5628,1.5605,1.5603,1.5602,1.5604,1.5607,1.561,1.5613,1.5547,1.5478,1.5146,1.4778,1.4383,1.3978,1.3571,1.3162,1.2754,1.2345,1.1936,1.1527,1.1118,1.0709
2.2675,2.3016,2.3153,2.3234,2.3267,2.3271,2.3272,2.3269,2.3265,2.1528,1.4355,0.7183,2.3453,2.3938,2.4475,2.5052,2.5643,2.6237,2.6833,2.7429,2.8026,2.8623,2.922,2.9817,3.0413
5.363,5.363,5.363,5.363,5.363,5.363,5.363,5.363,5.363,5.363,5.363,5.363,5.363,5.363,5.363,5.363,5.363,5.363,5.363,5.363,5.363,4.596,5.1183,5.363,5.363
2.3872,2.3523,2.3384,2.33,2.3266,2.3262,2.3262,2.3265,2.3269,2.1123,1.4085,0.7048,2.3077,2.2582,2.2033,2.1444,2.084,2.0233,1.9624,1.9015,1.8405,1.7796,1.7186,1.6576,1.5967
1.5542,1.5777,1.587,1.5926,1.5949,1.5951,1.5952,1.595,1.5947,1.5944,1.5941,1.6007,1.6076,1.6408,1.6777,1.7172,1.7577,1.7984,1.8393,1.8802,1.9211,1.962,2.0029,2.0438,2.0847
1.9931,1.9639,1.9523,1.9454,1.9425,1.9422,1.9421,1.9424,1.9427,1.9431,1.9434,1.9353,1.9267,0.6941,1.5636,1.7903,1.7399,1.6893,1.6384,1.5876,1.5367,1.4858,1.4349,1.384,1.3331
5.4342,5.4342,5.3235,4.7913,4.259,3.7267,3.1944,2.6621,5.4342,5.4342,5.4342,5.4342,5.4342,5.4342,5.4342,5.4342,5.4342,5.4342,5.4342,5.4342,5.4342,5.4342,5.4342,5.4342,5.4342
2.9255,2.9696,2.9872,2.9977,3.002,3.0025,3.0026,3.0022,3.0017,3.0012,3.0006,3.013,3.026,3.0885,1.105,1.7192,2.3334,2.9475,3.4621,3.539,3.616,3.693,3.77,3.847,3.924
1.6533,1.6292,1.6195,1.6138,1.6114,1.6111,1.6111,1.6113,1.6116,1.6119,1.6122,1.6054,1.5983,1.564,1.526,1.4852,1.4433,1.4013,1.3591,1.317,1.2747,1.2325,1.1903,1.1481,1.1059
1.7314,1.7575,1.7679,1.7741,1.7766,1.7769,1.777,1.7767,1.7764,1.7761,1.7758,1.1581,1.7908,1.8278,1.8689,1.9129,1.958,2.0034,2.0489,2.0944,2.14,2.1856,2.2311,2.2767,2.3223
4.515,4.449,4.4227,4.407,4.4005,4.3998,4.3996,4.4003,4.401,4.4018,4.4026,4.3841,4.3647,4.271,1.0016,1.5584,2.1151,2.6718,3.2285,3.5964,3.4811,3.3658,3.2505,3.1352,3.0199
4.2733,4.2108,4.1859,4.171,4.1649,3.9406,3.3777,2.8149,2.2521,1.6892,1.1264,4.1493,4.131,4.0423,3.944,3.8386,3.7305,3.6219,3.5129,3.4038,3.2947,3.1856,3.0764,2.9673,2.8582
1.7117,1.7375,1.7478,1.7539,1.7565,1.7567,1.7568,1.7565,1.7563,1.7559,1.7556,1.7629,1.7705,0.9606,1.8476,1.8911,1.9358,1.9806,2.0256,2.0706,2.1157,2.1607,2.2058,2.2508,2.2959
1.661,1.6368,1.6271,1.6213,1.6189,1.6186,1.6186,1.6188,1.6191,1.6194,1.6197,1.6129,1.6057,1.4351,1.5331,1.4921,1.4501,1.4079,1.3655,1.3231,1.2807,1.2383,1.1958,1.1534,1.111
3.0233,3.0688,3.087,3.0979,3.1023,3.1028,3.1029,3.0346,2.4278,1.8211,1.2143,3.1136,3.127,3.1917,3.2634,3.3402,3.4191,3.4982,3.5777,3.6573,3.7368,3.8164,3.896,3.9755,4.0551
5.6014,5.6014,5.6014,5.6014,5.6014,5.6014,5.6014,5.6014,5.6014,5.6014,5.6014,5.6014,5.6014,5.6014,5.6014,5.6014,5.6014,5.6014,5.6014,3.6136,4.145,4.6764,5.2079,5.6014,5.6014
1.9555,1.9269,1.9155,1.9087,1.9059,1.9056,1.9055,1.9058,1.9061,1.9065,1.7895,0.8954,1.8904,1.8498,1.8048,1.7566,1.7071,1.6574,1.6075,1.5576,1.5077,1.4578,1.4078,1.3579,1.308
1.5516,1.575,1.5843,1.5899,1.5922,1.5924,1.5925,1.5922,1.592,1.5917,1.5914,1.598,0.4496,1.638,1.6748,1.7142,1.7547,1.7953,1.8362,1.877,1.9178,1.9586,1.9995,2.0403,2.0811
2.4344,2.3988,2.3846,2.3761,2.3726,2.3722,2.3721,2.3725,2.3729,2.3733,2.3738,2.3638,2.3533,0.5475,1.2334,1.919,2.1252,2.0633,2.0012,1.9391,1.8769,1.8147,1.7526,1.6904,1.6282
5.679,5.679,5.679,5.679,5.679,5.679,5.679,5.679,5.679,5.679,5.679,5.679,5.679,5.679,5.679,5.679,5.679,5.679,5.679,5.679,5.679,5.679,5.679,5.679,5.679
2.2045,2.2377,2.251,2.2589,2.2621,2.2625,2.2626,2.2623,2.2619,2.2615,2.2611,2.2704,2.2802,0.6859,1.3055,2.0311,2.4931,2.5508,2.6088,2.6668,2.7248,2.7828,2.8408,2.8989,2.9569
1.5885,1.5653,1.556,1.5505,1.5482,1.5479,1.5479,1.5481,1.5484,1.5487,1.549,1.5424,0.388,1.5026,1.4661,1.4269,1.3867,1.3464,1.3058,1.2653,1.2247,1.1842,1.1436,1.103,1.0625
1.9871,2.017,2.029,2.0361,2.0391,2.0394,2.0395,2.0392,2.0388,2.0385,1.6462,0.8237,2.0553,2.0978,2.1449,2.1954,2.2472,2.2993,2.3515,2.4038,2.4561,2.5084,2.5607,2.613,2.6653
5.7589,5.7589,5.7589,5.7589,5.7589,5.7589,5.7589,5.7589,5.7589,5.7589,5.7589,5.7589,5.7589,5.7589,5.7589,5.7589,1.9922,2.5166,3.0409,3.5652,4.0895,4.6139,5.1382,5.6625,5.7589
2.8152,2.774,2.7576,2.7478,2.7438,2.7433,2.7432,2.7436,2.519,1.8894,1.2599,0.6998,2.7214,2.663,2.5983,2.5289,2.4576,2.3861,2.3142,2.2424,2.1705,2.0986,2.0267,1.9548,1.883
1.5791,1.6028,1.6123,1.618,1.6203,1.6206,1.6207,1.6204,1.6202,1.6199,1.6196,1.6262,1.6332,1.667,1.7044,1.7446,1.7858,1.8271,1.8686,1.9102,1.9517,1.9933,2.0349,2.0764,2.118
1.8149,1.7884,1.7778,1.7715,1.7689,1.7686,1.7685,1.7688,1.7691,1.7694,1.7697,1.7623,1.7545,0.8478,1.6751,1.6303,1.5844,1.5383,1.492,1.4456,1.3993,1.353,1.3066,1.2603,1.2139
4.9003,4.9741,5.0036,4.928,4.3806,3.8331,3.2856,2.7381,2.1906,1.6432,5.026,5.0467,5.0685,5.1732,5.2894,5.414,5.5418,5.6701,5.799,5.841,5.841,5.841,5.841,5.841,5.841
3.7428,3.7992,3.8217,3.8351,3.8407,3.8413,3.8414,3.8409,3.8402,3.8395,3.8388,3.8547,3.8713,3.9513,4.04,1.5907,2.1589,2.7271,3.2953,3.8635,4.4317,4.7247,4.8232,4.9217,5.0202
1.7226,1.6974,1.6874,1.6814,1.6789,1.6786,1.6785,1.6788,1.6791,1.6794,1.6797,1.3163,1.6652,1.6295,1.5899,1.5474,1.5038,1.46,1.4161,1.3721,1.3281,1.2841,1.2401,1.1962,1.1522
1.6253,1.6497,1.6595,1.6654,1.6678,1.668,1.6681,1.6678,1.6676,1.6673,1.667,1.5811,1.681,1.7158,1.7543,1.7956,1.838,1.8806,1.9233,1.9661,2.0089,2.0516,2.0944,2.1372,2.18
3.3357,3.2869,3.2674,3.2558,3.2511,3.2505,3.2504,3.2509,3.2514,3.252,3.2526,3.2389,3.2246,3.1554,1.058,1.6461,2.2341,2.8221,2.7421,2.657,2.5718,2.4866,2.4015,2.3163,2.2311
5.947,5.8909,5.3555,4.8201,4.2846,3.7491,3.2136,2.6781,2.1427,1.6281,5.947,5.947,5.947,5.947,5.947,5.7922,5.6291,5.4652,5.3007,5.1361,4.9715,4.8068,4.6422,4.4775,4.3128
1.835,1.8627,1.8737,1.8803,1.883,1.8833,1.8834,1.8831,1.8828,1.8825,1.8821,1.8899,1.898,0.7525,1.6951,2.0274,2.0753,2.1233,2.1716,2.2199,2.2682,2.3164,2.3647,2.413,2.4613
1.6005,1.5771,1.5678,1.5622,1.5599,1.5597,1.5596,1.5599,1.5601,1.5604,1.5607,1.5541,1.5472,1.514,1.4772,1.4377,1.3972,1.3566,1.3157,1.2749,1.234,1.1931,1.1523,1.1114,1.0705
2.4712,2.5084,2.5233,2.5321,2.5358,2.5362,2.5363,2.5359,2.5355,1.9846,1.3234,0.7051,2.556,2.6088,2.6674,2.7302,2.7947,2.8594,2.9244,2.9894,3.0544,3.1194,3.1845,3.2495,3.3146
6.0346,6.0346,6.0346,6.0346,6.0346,6.0346,6.0346,6.0346,6.0346,6.0346,6.0346,6.0346,6.0346,6.0346,6.0346,6.0346,6.0346,6.0346,6.0346,6.0346,6.0346,6.0346,6.0346,6.0346,6.0346
2.1709,2.1392,2.1265,2.1189,2.1158,2.1155,2.1154,2.1157,2.1161,2.1165,1.5115,0.7563,2.0986,2.0536,2.0037,1.9501,1.8952,1.84,1.7846,1.7292,1.6738,1.6183,1.5629,1.5075,1.452
1.5315,1.5546,1.5638,1.5693,1.5715,1.5718,1.5719,1.5716,1.5714,1.5711,1.5708,1.5773,1.5841,1.6168,1.6531,1.6921,1.732,1.7721,1.8124,1.8527,1.893,1.9333,1.9736,2.0139,2.0542
2.1113,2.0804,2.0681,2.0607,2.0577,2.0573,2.0573,2.0576,2.0579,2.0583,2.0587,2.05,2.0409,0.621,1.3989,1.8965,1.8431,1.7894,1.7356,1.6817,1.6278,1.5739,1.52,1.466,1.4121
6.1249,5.7284,5.2078,4.6871,4.214,6.1249,6.1249,6.1249,6.1249,6.1249,6.1249,6.1249,6.1249,6.1249,6.1249,6.1249,6.1249,6.1249,6.1249,6.1249,6.1249,6.1249,6.1249,6.1249,6.1249
2.5649,2.6036,2.619,2.6282,2.632,2.6324,2.6325,2.6321,2.6317,2.6312,2.6307,2.6416,2.6529,2.7078,1.1575,1.8009,2.4442,2.9679,3.0353,3.1028,3.1703,3.2378,3.3053,3.3728,3.4403
1.6055,1.582,1.5726,1.567,1.5647,1.5645,1.5644,1.5646,1.5649,1.5652,1.5655,1.5589,0.3922,1.5187,1.4818,1.4422,1.4015,1.3607,1.3198,1.2788,1.2378,1.1968,1.1558,1.1148,1.0738
1.7956,1.8227,1.8335,1.8399,1.8425,1.8429,1.8429,1.8426,1.8424,1.842,1.8417,0.9889,1.8572,1.8956,1.9382,1.9838,2.0307,2.0777,2.1249,2.1721,2.2194,2.2667,2.3139,2.3612,2.4084
5.7514,5.6673,5.6338,5.6137,5.6055,5.6046,5.6043,5.6052,5.6061,5.6072,5.6082,5.5846,5.5599,5.4406,5.3083,1.5016,2.038,2.5744,3.1108,3.6472,4.1836,4.2875,4.1406,3.9937,3.8468
3.5192,3.4677,3.4472,3.435,3.4299,3.4293,3.4292,2.8931,2.3147,1.7362,1.1577,3.4171,3.402,3.329,3.2481,3.1613,3.0722,2.9828,2.893,2.8032,2.7133,2.6234,2.5336,2.4437,2.3538
1.6358,1.6605,1.6703,1.6762,1.6786,1.6789,1.6789,1.6787,1.6784,1.6781,1.6778,1.6847,1.692,1.1536,1.7657,1.8073,1.85,1.8928,1.9358,1.9788,2.0219,2.0649,2.108,2.1511,2.1941
1.6931,1.6683,1.6585,1.6526,1.6501,1.6499,1.6498,1.65,1.6503,1.6506,1.6509,1.644,1.6367,1.1196,1.5626,1.5209,1.478,1.435,1.3918,1.3486,1.3054,1.2621,1.2189,1.1757,1.1324
3.4923,3.545,3.566,3.5785,3.5837,3.5842,3.4492,2.8745,2.2997,1.725,1.1502,3.5967,3.6122,3.6869,3.7697,3.8584,3.9495,4.041,4.1328,4.2247,4.3166,4.4085,4.5004,4.5924,4.6843
5.3567,5.4374,5.4696,5.4888,5.4967,5.4976,5.4978,5.497,5.4961,5.4951,5.4941,5.5168,5.5405,5.6551,5.782,5.9182,2.0695,2.5796,3.1171,3.6546,4.192,4.7295,5.267,5.8044,6.3381
1.8343,1.8075,1.7968,1.7904,1.7878,1.7875,1.7874,1.7877,1.788,1.7883,1.7887,1.006,1.7733,1.7352,1.693,1.6478,1.6013,1.5547,1.5079,1.4611,1.4143,1.3674,1.3206,1.2738,1.2269
1.5575,1.581,1.5903,1.5959,1.5982,1.5985,1.5986,1.5983,1.5981,1.5978,1.5975,1.6041,0.4513,1.6443,1.6812,1.7208,1.7614,1.8022,1.8432,1.8841,1.9251,1.9661,2.0071,2.0481,2.0891
2.6775,2.6383,2.6227,2.6134,2.6096,2.6091,2.609,2.6094,2.6098,2.6103,2.6108,2.5998,2.5883,0.5985,1.1444,1.7805,2.3374,2.2694,2.201,2.1327,2.0644,1.996,1.9276,1.8592,1.7909
6.2348,5.7158,5.1963,4.6768,4.1572,3.6377,6.4377,6.4377,6.4377,6.4377,6.4377,6.4377,6.4377,6.4377,6.4377,6.4377,6.4377,6.4377,6.4377,6.4377,6.4377,6.4377,6.4377,6.4377,6.4377
2.0197,2.0502,2.0623,2.0696,2.0725,2.0729,2.073,2.0726,2.0723,2.0719,2.0716,2.0801,2.0891,0.6284,1.4117,2.1964,2.2841,2.337,2.3902,2.4433,2.4964,2.5496,2.6027,2.6559,2.7091
1.5717,1.5487,1.5396,1.5341,1.5318,1.5316,1.5315,1.5318,1.532,1.5323,1.5326,1.5261,1.5194,1.4868,1.4506,1.4119,1.3721,1.3321,1.292,1.2519,1.2118,1.1717,1.1315,1.0914,1.0512
2.1189,2.1508,2.1635,2.1712,2.1743,2.1746,2.1747,2.1744,2.174,2.1736,1.4859,0.7435,2.1916,2.2369,2.2871,2.341,2.3963,2.4518,2.5075,2.5632,2.619,2.6747,2.7305,2.7863,2.842
6.5405,6.5405,6.5405,6.5405,6.5405,6.5405,6.5405,6.5405,6.5405,6.5405,6.5405,6.5405,6.5405,6.5405,6.5405,6.5405,6.5405,6.5405,2.9872,3.5023,4.0173,4.5324,5.0475,5.5625,6.0776
2.4952,2.4587,2.4442,2.4355,2.4319,2.4315,2.4314,2.4318,2.4322,1.9907,1.3274,0.6642,2.4121,2.3603,2.303,2.2414,2.1783,2.1149,2.0512,1.9875,1.9238,1.8601,1.7964,1.7327,1.6689
1.5399,1.5631,1.5723,1.5778,1.5801,1.5804,1.5804,1.5802,1.5799,1.5797,1.5794,1.5859,1.5927,1.6256,1.6621,1.7013,1.7414,1.7818,1.8223,1.8628,1.9033,1.9438,1.9843,2.0249,2.0654
1.8922,1.8645,1.8535,1.8469,1.8442,1.8439,1.8438,1.8441,1.8444,1.8448,1.8451,1.8373,1.8292,0.7343,1.6541,1.6998,1.6519,1.6038,1.5555,1.5072,1.4589,1.4106,1.3623,1.3139,1.2656
6.3583,5.829,5.2993,4.7694,4.2396,3.7097,3.1799,2.65,2.1201,6.6467,6.6467,6.6467,6.6467,6.6467,6.6467,6.6467,6.6467,6.6467,6.6467,6.6467,6.6467,6.6467,6.6467,6.6467,6.6467
3.1428,3.1902,3.2091,3.2204,3.225,3.2255,3.2256,3.2252,3.2247,3.2241,3.2235,3.2368,3.2507,3.3179,1.0559,1.6429,2.2297,2.8166,3.4034,3.8019,3.8846,3.9673,4.05,4.1327,4.2155
1.6539,1.6297,1.6201,1.6143,1.612,1.6117,1.6116,1.6119,1.6121,1.6124,1.6127,1.6059,1.5988,1.5645,1.5265,1.4857,1.4438,1.4018,1.3596,1.3174,1.2752,1.2329,1.1907,1.1485,1.1062
1.6642,1.6893,1.6993,1.7053,1.7077,1.708,1.7081,1.7078,1.7075,1.7072,1.7069,1.2702,1.7213,1.7569,1.7963,1.8387,1.8821,1.9256,1.9694,2.0132,2.057,2.1008,2.1446,2.1884,2.2322
3.9203,3.863,3.8402,3.8265,3.8209,3.8203,3.8201,3.8207,3.8213,3.822,3.8227,3.8067,3.7898,3.7085,1.0072,1.5671,2.1268,2.6866,3.2227,3.1227,3.0226,2.9225,2.8224,2.7223,2.6221
4.8302,4.7595,4.7314,4.7145,4.3521,3.8082,3.2643,2.7204,2.1764,1.6325,4.7099,4.6901,4.6693,4.5691,4.458,4.3389,4.2166,4.0939,3.9707,3.8474,3.7241,3.6007,3.4774,3.354,3.2307
1.7307,1.7568,1.7672,1.7734,1.776,1.7763,1.7764,1.7761,1.7758,1.7755,1.7752,1.7825,1.7901,0.8563,1.8682,1.9122,1.9573,2.0026,2.0482,2.0937,2.1392,2.1848,2.2303,2.2759,2.3214
1.6134,1.5898,1.5804,1.5748,1.5725,1.5722,1.5722,1.5724,1.5727,1.573,1.5733,1.5666,1.5597,1.5262,1.4891,1.4493,1.4085,1.3675,1.3263,1.2852,1.244,1.2028,1.1616,1.1203,1.0791
2.7455,2.7869,2.8034,2.8132,2.8173,2.8177,2.8179,2.8174,2.4698,1.8525,1.2353,2.8276,2.8397,2.8984,2.9635,3.0333,3.1049,3.1768,3.249,3.3212,3.3935,3.4657,3.538,3.6103,3.6825
6.8985,6.8985,6.8985,6.8985,6.8985,6.8985,6.8985,6.8985,6.8985,6.8985,6.8985,6.8985,6.8985,6.8985,6.8985,6.8985,6.8985,6.8985,6.8985,6.8985,6.8985,6.8985,6.8985,5.6018,6.1205
2.0027,1.9735,1.9618,1.9548,1.9519,1.9516,1.9515,1.9518,1.9521,1.9525,1.6481,0.8247,1.936,1.8945,1.8484,1.799,1.7484,1.6975,1.6464,1.5953,1.5441,1.493,1.4418,1.3907,1.3395
1.5215,1.5445,1.5536,1.5591,1.5613,1.5616,1.5616,1.5614,1.5611,1.5609,1.5606,1.567,0.4409,1.6063,1.6424,1.681,1.7207,1.7606,1.8006,1.8406,1.8806,1.9207,1.9607,2.0008,2.0408
2.2672,2.234,2.2208,2.2129,2.2096,2.2093,2.2092,2.2095,2.2099,2.2103,2.2107,2.2014,2.1917,0.5651,1.2729,1.9805,1.9792,1.9216,1.8637,1.8059,1.748,1.6901,1.6322,1.5743,1.5164
7.0167,7.0167,7.0167,7.0167,7.0167,7.0167,7.0167,7.0167,7.0167,7.0167,7.0167,7.0167,7.0167,7.0167,7.0167,7.0167,7.0167,7.0167,7.0167,7.0167,7.0167,7.0167,7.0167,7.0167,7.0167
2.2958,2.3304,2.3442,2.3524,2.3558,2.3562,2.3563,2.3559,2.3555,2.3551,2.3547,2.3644,2.3746,2.4236,1.227,1.9091,2.5911,2.6564,2.7168,2.7772,2.8376,2.898,2.9584,3.0189,3.0793
1.5722,1.5492,1.54,1.5345,1.5323,1.532,1.532,1.5322,1.5324,1.5327,1.533,1.5266,0.384,1.4872,1.451,1.4123,1.3725,1.3325,1.2924,1.2523,1.2121,1.172,1.1318,1.0917,1.0516
1.8824,1.9108,1.9221,1.9289,1.9316,1.932,1.932,1.9317,1.9314,1.9311,1.733,0.8672,1.947,1.9873,2.0319,2.0798,2.1289,2.1782,2.2277,2.2772,2.3267,2.3763,2.4258,2.4754,2.5249
7.139,7.139,7.139,7.139,7.139,7.139,7.139,7.139,7.139,7.139,7.139,7.139,7.139,7.139,7.139,1.4596,1.981,2.5024,3.0237,3.5451,4.0664,4.5878,5.1092,5.6031,5.397
3.0043,2.9604,2.9429,2.9324,2.9281,2.9276,2.9275,2.928,2.4027,1.8022,1.2018,2.9172,2.9043,2.8419,2.7728,2.6987,2.6227,2.5464,2.4697,2.3931,2.3163,2.2396,2.1629,2.0862,2.0095
1.5777,1.6015,1.611,1.6166,1.619,1.6192,1.6193,1.619,1.6188,1.6185,1.6182,1.6249,1.6319,1.4655,1.703,1.7431,1.7843,1.8256,1.8671,1.9086,1.9501,1.9916,2.0331,2.0747,2.1162
1.7418,1.7163,1.7062,1.7001,1.6976,1.6973,1.6972,1.6975,1.6978,1.6981,1.6984,1.6913,1.6838,0.9211,1.6076,1.5646,1.5205,1.4763,1.4318,1.3874,1.3429,1.2984,1.254,1.2095,1.165
4.1889,4.2521,4.2772,4.2923,4.2985,3.8492,3.2994,2.7496,2.1998,1.6501,1.1774,4.3141,4.3327,4.4223,4.5216,4.6281,4.7373,4.847,4.9572,5.0674,5.1776,5.2878,5.3981,5.5084,5.6186
4.1691,4.2319,4.257,4.2719,4.2781,4.2788,4.2789,4.2783,4.2776,4.2768,4.2761,4.2937,4.3122,4.4013,4.5001,1.5352,2.0835,2.6319,3.1803,3.7287,4.277,4.8254,5.3725,5.4822,5.592
1.7391,1.7137,1.7035,1.6975,1.695,1.6947,1.6946,1.6949,1.6952,1.6955,1.6958,1.1616,1.6812,1.6451,1.6051,1.5622,1.5182,1.474,1.4296,1.3853,1.3408,1.2964,1.252,1.2076,1.1632
1.5767,1.6005,1.61,1.6156,1.618,1.6182,1.6183,1.618,1.6178,1.6175,1.6172,1.6239,1.6309,1.6646,1.7019,1.742,1.7832,1.8245,1.8659,1.9074,1.9489,1.9904,2.0319,2.0734,2.1149
3.0083,2.9643,2.9467,2.9363,2.932,2.9315,2.9314,2.9318,2.9323,2.9328,2.9334,2.921,2.9081,2.8457,1.0743,1.6715,2.2686,2.5497,2.473,2.3962,2.3194,2.2426,2.1658,2.0889,2.0121
6.2648,5.7433,5.2214,4.6993,4.1773,3.6552,3.1331,2.611,2.089,7.4304,7.4304,7.4304,7.4304,7.4304,7.3666,7.1697,6.9677,6.7649,6.5613,6.3576,6.1538,5.95,5.7461,5.5423,5.3385
1.8753,1.9036,1.9149,1.9216,1.9244,1.9247,1.9248,1.9245,1.9242,1.9238,1.9235,1.9314,1.9397,0.6895,1.5533,2.0719,2.1208,2.17,2.2193,2.2686,2.318,2.3673,2.4167,2.466,2.5154
1.5679,1.5449,1.5358,1.5303,1.5281,1.5278,1.5278,1.528,1.5283,1.5285,1.5288,1.5224,1.5157,1.4831,1.4471,1.4084,1.3687,1.3289,1.2889,1.2489,1.2088,1.1688,1.1288,1.0887,1.0487
2.2926,2.3271,2.3409,2.3492,2.3525,2.3529,2.353,2.3527,2.3523,2.0428,1.3622,0.6816,2.3713,2.4203,2.4746,2.5329,2.5927,2.6528,2.7131,2.7734,2.8337,2.894,2.9544,3.0147,3.0751
7.5677,7.5677,7.5677,7.5677,7.5677,7.5677,7.5677,7.5677,7.5677,7.5677,7.5677,7.5677,7.5677,7.5677,7.5677,7.5677,7.5677,7.5677,7.5677,7.5677,7.5677,7.5677,7.5677,7.5677,7.5677
2.2533,2.2204,2.2072,2.1994,2.1961,2.1958,2.1957,2.196,2.1964,2.1242,1.4164,0.7087,2.1783,2.1315,2.0797,2.0241,1.9671,1.9098,1.8524,1.7948,1.7373,1.6798,1.6222,1.5647,1.5071
1.5142,1.537,1.5461,1.5515,1.5538,1.554,1.5541,1.5538,1.5536,1.5533,1.553,1.5594,1.5661,1.5985,1.6344,1.6729,1.7124,1.752,1.7919,1.8317,1.8715,1.9114,1.9512,1.9911,2.0309
1.9952,1.966,1.9544,1.9474,1.9446,1.9443,1.9442,1.9445,1.9448,1.9452,1.9455,1.9373,1.9287,0.651,1.4664,1.7923,1.7418,1.6911,1.6402,1.5892,1.5383,1.4873,1.4364,1.3854,1.3345
6.2065,5.6898,5.1727,4.6556,4.1384,3.6212,3.1039,7.7101,7.7101,7.7101,7.7101,7.7101,7.7101,7.7101,7.7101,7.7101,7.7101,7.7101,7.7101,7.7101,7.7101,7.7101,7.7101,7.7101,7.7101
2.7216,2.7626,2.779,2.7888,2.7928,2.7932,2.7934,2.7929,2.7925,2.792,2.7915,2.803,2.815,2.8732,1.1018,1.7143,2.3267,2.939,3.2208,3.2924,3.364,3.4356,3.5073,3.5789,3.6505
1.6022,1.5788,1.5694,1.5639,1.5616,1.5613,1.5612,1.5615,1.5617,1.562,1.5623,1.5557,0.3914,1.5156,1.4788,1.4392,1.3987,1.358,1.3171,1.2762,1.2353,1.1944,1.1535,1.1126,1.0716
1.7203,1.7463,1.7566,1.7628,1.7653,1.7656,1.7657,1.7654,1.7651,1.7648,1.7645,1.0659,1.7794,1.8162,1.8569,1.9007,1.9456,1.9906,2.0358,2.0811,2.1264,2.1716,2.2169,2.2622,2.3075
4.8191,4.7486,4.7205,4.7037,4.6968,4.696,4.6959,4.6966,4.6973,4.6982,4.6991,4.6793,4.6586,4.5586,0.9679,1.506,2.0439,2.5819,3.1198,3.6578,3.7155,3.5925,3.4694,3.3463,3.2233
3.8739,3.8173,3.7947,3.7812,3.7756,3.775,3.3456,2.7881,2.2306,1.6731,1.1157,3.7616,3.7449,3.6645,3.5754,3.4799,3.3818,3.2834,3.1846,3.0857,2.9868,2.8879,2.7889,2.69,2.5911
1.6491,1.6739,1.6838,1.6898,1.6922,1.6925,1.6925,1.6923,1.692,1.6917,1.6914,1.6984,1.7057,1.0057,1.78,1.822,1.865,1.9082,1.9515,1.9949,2.0383,2.0817,2.1251,2.1685,2.2119
1.6404,1.6164,1.6068,1.6011,1.5988,1.5985,1.5985,1.5987,1.599,1.5993,1.5996,1.5928,1.5858,1.271,1.514,1.4736,1.432,1.3904,1.3485,1.3066,1.2648,1.2229,1.181,1.1391,1.0972
3.1238,3.1709,3.1897,3.2009,3.2055,3.206,3.2061,2.9139,2.3313,1.7487,1.166,3.2172,3.231,3.2978,3.3719,3.4513,3.5328,3.6146,3.6967,3.7789,3.8611,3.9433,4.0255,4.1078,4.19
6.3952,6.4916,6.53,6.553,6.5624,6.5635,6.5637,6.5628,6.5617,6.5605,6.5593,6.5864,6.6147,6.7515,6.9031,7.0656,7.2324,7.3999,3.0354,3.5588,4.0822,4.6055,5.1289,5.6523,6.1757
1.8709,1.8435,1.8326,1.8261,1.8234,1.8231,1.823,1.8233,1.8236,1.824,1.8243,0.9164,1.8086,1.7698,1.7267,1.6806,1.6332,1.5857,1.538,1.4902,1.4425,1.3947,1.3469,1.2991,1.2514
1.524,1.547,1.5561,1.5616,1.5639,1.5641,1.5642,1.5639,1.5637,1.5634,1.5631,1.5696,0.4416,1.6089,1.645,1.6838,1.7235,1.7634,1.8035,1.8436,1.8837,1.9238,1.9639,2.004,2.0442
2.4732,2.437,2.4226,2.4139,2.4104,2.41,2.4099,2.4103,2.4107,2.4111,2.4116,2.4014,2.3908,0.5528,1.1751,1.8283,2.159,2.0962,2.0331,1.97,1.9068,1.8437,1.7805,1.7173,1.6542
8.2125,8.2125,8.2125,8.2125,8.2125,8.2125,8.2125,8.2125,8.2125,8.2125,8.2125,8.2125,8.2125,8.2125,8.2125,8.2125,8.2125,8.2125,8.2125,8.2125,8.2125,8.2125,8.2125,8.2125,8.2125
2.0901,2.1216,2.1342,2.1417,2.1448,2.1451,2.1452,2.1449,2.1446,2.1442,2.1438,2.1526,2.1619,0.6503,1.3184,2.0513,2.3638,2.4185,2.4735,2.5284,2.5834,2.6385,2.6935,2.7485,2.8035
1.5523,1.5296,1.5205,1.5151,1.5129,1.5126,1.5126,1.5128,1.513,1.5133,1.5136,1.5072,0.3792,1.4684,1.4327,1.3944,1.3551,1.3156,1.276,1.2364,1.1968,1.1572,1.1175,1.0779,1.0382
1.997,2.0271,2.0391,2.0462,2.0492,2.0495,2.0496,2.0493,2.049,2.0486,1.5517,0.7764,2.0655,2.1082,2.1556,2.2063,2.2584,2.3107,2.3632,2.4157,2.4683,2.5209,2.5734,2.626,2.6785
8.3806,8.3806,8.3806,8.3806,8.3806,8.3806,8.3806,8.3806,8.3806,8.3806,8.3806,8.3806,8.3806,8.3806,8.3806,8.3806,8.3806,2.4528,2.9638,3.4749,3.9859,4.497,5.008,5.519,6.0301
2.6345,2.596,2.5806,2.5714,2.5677,2.5672,2.5671,2.5675,2.5208,1.8908,1.2608,0.6549,2.5468,2.4921,2.4315,2.3665,2.2999,2.2329,2.1657,2.0985,2.0312,1.9639,1.8967,1.8294,1.7621
1.535,1.5581,1.5673,1.5728,1.5751,1.5754,1.5754,1.5752,1.5749,1.5746,1.5744,1.5809,1.5877,1.6205,1.6569,1.6959,1.7359,1.7761,1.8165,1.8569,1.8973,1.9377,1.9781,2.0185,2.0589
1.8095,1.7831,1.7725,1.7662,1.7636,1.7633,1.7633,1.7635,1.7638,1.7642,1.7645,1.7571,1.7493,0.786,1.6701,1.6255,1.5797,1.5337,1.4875,1.4414,1.3952,1.3489,1.3027,1.2565,1.2103
5.3077,5.3877,5.308,4.7773,4.2465,3.7158,3.1851,2.6543,2.1236,1.5929,5.4439,5.4663,5.4899,5.6033,5.7292,5.8641,6.0025,6.1415,6.2811,6.4207,6.5604,6.7001,6.8398,6.9795,7.1192
3.426,3.4776,3.4982,3.5105,3.5156,3.5161,3.5163,3.5157,3.5152,3.5145,3.5139,3.5284,3.5436,3.6168,3.698,1.5807,2.1453,2.71,3.2746,3.8393,4.2346,4.3247,4.4149,4.5051,4.5953
1.665,1.6407,1.6309,1.6251,1.6228,1.6225,1.6224,1.6227,1.6229,1.6232,1.6236,1.3917,1.6096,1.575,1.5367,1.4957,1.4535,1.4112,1.3687,1.3262,1.2837,1.2412,1.1987,1.1562,1.1136
1.6102,1.6344,1.6441,1.6499,1.6523,1.6525,1.6526,1.6523,1.6521,1.6518,1.6515,1.4204,1.6654,1.6998,1.738,1.7789,1.8209,1.8631,1.9055,1.9478,1.9902,2.0326,2.0749,2.1173,2.1597
3.4723,3.4215,3.4013,3.3892,3.3842,3.3837,3.3835,3.3841,3.3846,3.3852,3.3859,3.3716,3.3567,3.2846,1.0194,1.5861,2.1526,2.7192,2.8544,2.7658,2.6772,2.5885,2.4998,2.4111,2.3225
5.6176,5.5354,5.2907,4.7617,4.2327,3.7037,3.1747,2.6457,2.1167,1.5877,5.4777,5.4547,5.4305,5.314,5.1847,5.0462,4.904,4.7613,4.618,4.4746,4.3312,4.1877,4.0443,3.9008,3.7573
1.7619,1.7885,1.7991,1.8054,1.808,1.8083,1.8084,1.8081,1.8078,1.8075,1.8072,1.8146,1.8224,0.7747,1.7452,1.9466,1.9926,2.0388,2.0851,2.1314,2.1778,2.2242,2.2705,2.3169,2.3633
1.5769,1.5538,1.5446,1.5391,1.5369,1.5366,1.5366,1.5368,1.537,1.5373,1.5376,1.5312,1.5244,1.4917,1.4554,1.4165,1.3766,1.3365,1.2963,1.256,1.2158,1.1755,1.1352,1.095,1.0547
2.5232,2.5613,2.5764,2.5855,2.5892,2.5896,2.5897,2.5894,2.5305,1.8981,1.2657,0.7199,2.6099,2.6638,2.7236,2.7878,2.8536,2.9197,2.986,3.0524,3.1188,3.1852,3.2516,3.318,3.3844
8.9775,8.9775,8.9775,8.9775,8.9775,8.9775,8.9775,8.9775,8.9775,8.9775,8.9775,8.9775,8.9775,8.9775,8.9775,8.9775,8.9775,8.9775,8.9775,8.9775,8.9775,8.9775,8.9775,8.9775,8.9775
2.0669,2.0367,2.0247,2.0174,2.0145,2.0142,2.0141,2.0144,2.0147,2.0151,1.5333,0.7672,1.9981,1.9552,1.9077,1.8567,1.8044,1.7519,1.6991,1.6464,1.5936,1.5408,1.488,1.4353,1.3825
1.5011,1.5237,1.5327,1.5381,1.5403,1.5406,1.5406,1.5404,1.5401,1.5399,1.5396,1.5459,0.4349,1.5847,1.6203,1.6584,1.6976,1.7369,1.7764,1.8158,1.8553,1.8948,1.9344,1.9739,2.0134
2.1303,2.0991,2.0867,2.0793,2.0762,2.0759,2.0758,2.0761,2.0765,2.0768,2.0772,2.0685,2.0593,0.5881,1.3248,1.9136,1.8597,1.8056,1.7512,1.6968,1.6424,1.588,1.5336,1.4792,1.4248
6.1086,9.1787,9.1787,9.1787,9.1787,9.1787,9.1787,9.1787,9.1787,9.1787,9.1787,9.1787,9.1787,9.1787,9.1787,9.1787,9.1787,9.1787,9.1787,9.1787,9.1787,9.1787,9.1787,9.1787,9.1787
2.4133,2.4497,2.4642,2.4728,2.4764,2.4768,2.4769,2.4765,2.4761,2.4757,2.4752,2.4854,2.4961,2.5477,1.1626,1.8089,2.455,2.7924,2.8559,2.9194,2.9829,3.0464,3.1099,3.1734,3.237
1.5654,1.5425,1.5334,1.5279,1.5257,1.5254,1.5254,1.5256,1.5258,1.5261,1.5264,1.52,0.3824,1.4808,1.4448,1.4062,1.3666,1.3268,1.2868,1.2469,1.2069,1.1669,1.127,1.087,1.047
1.7965,1.8236,1.8344,1.8408,1.8435,1.8438,1.8439,1.8436,1.8433,1.8429,1.8426,0.9228,1.8582,1.8966,1.9392,1.9848,2.0317,2.0788,2.126,2.1732,2.2205,2.2678,2.3151,2.3624,2.4097
6.3467,6.2539,6.2169,6.1947,6.1857,6.1846,6.1844,6.1854,6.1863,6.1875,6.1887,6.1626,6.1353,6.0037,5.8577,1.4602,1.9818,2.5034,3.025,3.5466,4.0681,4.5897,4.5692,4.4071,4.245
3.2483,3.2008,3.1818,3.1705,3.1659,3.1653,3.1652,2.8845,2.3078,1.731,1.1543,3.1541,3.1401,3.0727,2.998,2.9179,2.8357,2.7531,2.6703,2.5874,2.5044,2.4215,2.3385,2.2556,2.1726
1.5862,1.6101,1.6196,1.6253,1.6276,1.6279,1.628,1.6277,1.6275,1.6272,1.6269,1.6336,1.6406,1.234,1.7121,1.7524,1.7938,1.8353,1.8771,1.9188,1.9605,2.0023,2.044,2.0858,2.1275
1.6827,1.6581,1.6483,1.6424,1.64,1.6397,1.6397,1.6399,1.6402,1.6405,1.6408,1.6339,1.6266,1.0176,1.553,1.5115,1.469,1.4262,1.3833,1.3403,1.2974,1.2544,1.2114,1.1684,1.1255
3.666,3.7212,3.7433,3.7564,3.7618,3.7625,3.3343,2.7787,2.2231,1.6675,1.1119,3.7756,3.7918,3.8702,3.9571,4.0503,4.1459,4.2419,4.3383,4.4348,4.5312,4.6277,4.7242,4.8207,4.9172
4.7534,4.8251,4.8536,4.8707,4.8777,4.8785,4.8787,4.878,4.8772,4.8763,4.8754,4.8955,4.9166,5.0182,5.1309,5.2517,2.0237,2.5563,3.0889,3.6215,4.1541,4.6867,5.2193,5.7519,6.2845
1.7674,1.7415,1.7312,1.725,1.7225,1.7222,1.7222,1.7224,1.7227,1.723,1.7234,1.0425,1.7085,1.6718,1.6312,1.5876,1.5429,1.498,1.4529,1.4078,1.3626,1.3175,1.2724,1.2272,1.1821
1.5391,1.5623,1.5716,1.5771,1.5794,1.5796,1.5797,1.5795,1.5792,1.5789,1.5786,1.5851,1.592,1.6249,1.6614,1.7005,1.7406,1.7809,1.8214,1.8619,1.9024,1.9429,1.9834,2.0239,2.0644
2.7487,2.7086,2.6925,2.6829,2.679,2.6786,2.6785,2.6789,2.6793,2.6798,2.6803,2.669,2.6572,2.6002,1.0985,1.7091,2.3196,2.3298,2.2596,2.1895,2.1193,2.0491,1.9789,1.9087,1.8385
6.1449,5.6333,5.1214,4.6093,4.0973,3.5852,3.0731,9.8997,9.8997,9.8997,9.8997,9.8997,9.8997,9.8997,9.8197,9.5573,9.2881,9.0177,8.7462,8.4747,8.203,7.9314,7.6597,7.388,7.1163
1.9306,1.9597,1.9713,1.9783,1.9811,1.9814,1.9815,1.9812,1.9809,1.9805,1.9802,1.9883,1.9969,0.6387,1.4388,2.133,2.1834,2.2339,2.2847,2.3355,2.3863,2.4371,2.4879,2.5387,2.5896
1.545,1.5224,1.5134,1.508,1.5058,1.5056,1.5055,1.5058,1.506,1.5063,1.5066,1.5002,1.4936,1.4615,1.426,1.3879,1.3488,1.3095,1.2701,1.2307,1.1912,1.1518,1.1123,1.0729,1.0334
2.1469,2.1792,2.1921,2.1998,2.203,2.2034,2.2034,2.2031,2.2028,2.1196,1.4133,0.7072,2.2205,2.2664,2.3173,2.3719,2.4279,2.4841,2.5406,2.5971,2.6536,2.7101,2.7666,2.8231,2.8796
10.0,10.0,10.0,10.0,10.0,10.0,10.0,10.0,10.0,10.0,10.0,10.0,10.0,10.0,10.0,10.0,10.0,10.0,10.0,10.0,3.939,4.444,4.949,5.4541,5.9591
2.3595,2.325,2.3112,2.303,2.2996,2.2992,2.2991,2.2995,2.2999,2.0072,1.3384,0.6697,2.2809,2.2319,2.1777,2.1195,2.0598,1.9998,1.9396,1.8794,1.8191,1.7589,1.6986,1.6384,1.5781
1.5059,1.5286,1.5377,1.5431,1.5453,1.5455,1.5456,1.5454,1.5451,1.5448,1.5446,1.5509,1.5576,1.5898,1.6255,1.6638,1.7031,1.7425,1.7821,1.8217,1.8613,1.901,1.9406,1.9802,2.0199
1.8999,1.8721,1.861,1.8544,1.8517,1.8514,1.8513,1.8516,1.8519,1.8522,1.8526,1.8448,1.8366,0.6893,1.5526,1.7066,1.6586,1.6103,1.5618,1.5133,1.4648,1.4163,1.3678,1.3193,1.2707
6.2016,5.6853,5.1687,4.6519,4.1351,3.6183,3.1015,2.5847,2.0711,7.5485,7.5471,7.5782,7.6108,7.7682,7.9426,8.1296,8.3216,8.5143,8.7078,8.9013,9.095,9.2886,9.4823,9.676,9.8696
2.9222,2.9662,2.9838,2.9943,2.9986,2.9991,2.9992,2.9988,2.9983,2.9977,2.9972,3.0095,3.0225,3.085,1.0563,1.6434,2.2305,2.8176,3.4046,3.535,3.6119,3.6888,3.7657,3.8426,3.9195
1.6087,1.5852,1.5758,1.5702,1.5679,1.5676,1.5676,1.5678,1.568,1.5683,1.5686,1.562,1.5551,1.5217,1.4847,1.4451,1.4044,1.3635,1.3224,1.2814,1.2403,1.1992,1.1581,1.1171,1.076
1.6593,1.6843,1.6942,1.7002,1.7026,1.7029,1.703,1.7027,1.7025,1.7022,1.7018,1.1657,1.7162,1.7517,1.791,1.8332,1.8765,1.9199,1.9636,2.0072,2.0509,2.0946,2.1382,2.1819,2.2256
4.1552,4.0944,4.0702,4.0557,4.0498,4.0491,4.0489,4.0496,4.0502,4.051,4.0517,4.0347,4.0168,3.9306,0.9768,1.5197,2.0626,2.6054,3.1483,3.3098,3.2037,3.0976,2.9914,2.8853,2.7792
4.3487,4.2851,4.2598,4.2446,4.2384,3.7854,3.2447,2.7041,2.1634,1.6227,1.0988,4.2226,4.2039,4.1137,4.0137,3.9064,3.7963,3.6858,3.5749,3.4639,3.3529,3.2418,3.1308,3.0197,2.9087
1.6731,1.6983,1.7084,1.7144,1.7169,1.7171,1.7172,1.7169,1.7167,1.7164,1.716,1.7231,1.7305,0.8938,1.806,1.8485,1.8921,1.936,1.98,2.024,2.068,2.112,2.1561,2.2001,2.2441
1.5992,1.5758,1.5665,1.5609,1.5586,1.5584,1.5583,1.5585,1.5588,1.5591,1.5594,1.5528,1.5459,1.4856,1.476,1.4365,1.3961,1.3554,1.3146,1.2738,1.233,1.1921,1.1513,1.1105,1.0696
2.8351,2.8778,2.8948,2.905,2.9092,2.9097,2.9098,2.9093,2.3791,1.7846,1.19,2.9198,2.9324,2.993,3.0602,3.1323,3.2062,3.2805,3.355,3.4296,3.5042,3.5788,3.6534,3.728,3.8027
8.0372,8.1583,8.2067,8.2355,8.2474,8.2487,8.249,8.2478,8.2465,8.245,8.2434,8.2775,8.3131,8.4849,8.6755,8.8798,9.0894,9.2999,9.5112,9.7226,3.9992,4.5119,5.0246,5.5374,6.0501
1.9216,1.8936,1.8823,1.8756,1.8729,1.8726,1.8725,1.8728,1.8731,1.8735,1.688,0.8446,1.8577,1.8178,1.7736,1.7262,1.6776,1.6287,1.5797,1.5307,1.4816,1.4325,1.3835,1.3344,1.2853
1.5001,1.5227,1.5317,1.5371,1.5393,1.5396,1.5396,1.5394,1.5392,1.5389,1.5386,1.5449,0.4346,1.5837,1.6192,1.6574,1.6965,1.7358,1.7752,1.8147,1.8542,1.8936,1.9331,1.9726,2.0121
2.3071,2.2734,2.2599,2.2519,2.2486,2.2482,2.2481,2.2484,2.2488,2.2492,2.2497,2.2402,2.2303,0.5397,1.2158,1.8917,2.0141,1.9554,1.8966,1.8377,1.7788,1.7199,1.6609,1.602,1.5431
10.0,10.0,10.0,10.0,10.0,10.0,10.0,10.0,10.0,10.0,10.0,10.0,10.0,10.0,10.0,10.0,10.0,10.0,10.0,10.0,10.0,10.0,10.0,10.0,10.0
2.181,2.2138,2.2269,2.2348,2.238,2.2384,2.2384,2.2381,2.2377,2.2373,2.2369,2.2462,2.2558,0.6786,1.242,1.9324,2.4665,2.5236,2.5809,2.6383,2.6957,2.7531,2.8105,2.8679,2.9253
1.542,1.5195,1.5105,1.5051,1.5029,1.5027,1.5026,1.5028,1.5031,1.5034,1.5036,1.4973,0.3767,1.4587,1.4232,1.3852,1.3462,1.307,1.2676,1.2283,1.1889,1.1495,1.1102,1.0708,1.0314
1.8969,1.9255,1.9369,1.9437,1.9465,1.9468,1.9469,1.9466,1.9463,1.9459,1.6355,0.8184,1.962,2.0025,2.0475,2.0957,2.1452,2.1949,2.2448,2.2947,2.3446,2.3945,2.4444,2.4944,2.5443
9.456,9.3177,9.2626,9.2296,9.2161,9.2146,9.2142,9.2156,9.2171,9.2188,9.2206,9.1818,9.1411,8.9449,8.7274,8.4942,1.9379,2.4479,2.958,3.468,3.978,4.4881,4.9981,5.5081,6.0182
2.8117,2.7706,2.7542,2.7444,2.7404,2.7399,2.7398,2.7402,2.4117,1.809,1.2063,0.6989,2.7181,2.6597,2.5951,2.5257,2.4546,2.3831,2.3114,2.2396,2.1678,2.096,2.0242,1.9524,1.8806
1.5392,1.5624,1.5717,1.5772,1.5795,1.5797,1.5798,1.5795,1.5793,1.579,1.5787,1.5852,1.592,1.6191,1.6614,1.7006,1.7407,1.781,1.8215,1.862,1.9025,1.943,1.9835,2.024,2.0645
1.7422,1.7168,1.7066,1.7005,1.698,1.6977,1.6977,1.6979,1.6982,1.6985,1.6989,1.6917,1.6842,0.8525,1.608,1.565,1.5209,1.4767,1.4322,1.3877,1.3433,1.2988,1.2543,1.2098,1.1653
4.4907,4.5584,4.5854,4.6015,4.2793,3.7445,3.2097,2.6748,2.14,1.6052,4.6059,4.6249,4.6448,4.7408,4.8473,4.9615,5.0786,5.1962,5.3143,5.4324,5.5506,5.6688,5.787,5.9052,6.0234
3.7981,3.8553,3.8781,3.8918,3.8974,3.898,3.8981,3.8976,3.8969,3.8962,3.8955,3.9116,3.9284,4.0096,4.0997,1.5307,2.0775,2.6243,3.171,3.7178,4.2646,4.7944,4.8944,4.9944,5.0943
1.6866,1.662,1.6521,1.6463,1.6438,1.6436,1.6435,1.6438,1.644,1.6443,1.6446,1.2225,1.6305,1.5955,1.5567,1.5151,1.4724,1.4295,1.3865,1.3435,1.3004,1.2573,1.2143,1.1712,1.1281
1.5676,1.5912,1.6006,1.6062,1.6085,1.6088,1.6089,1.6086,1.6084,1.6081,1.6078,1.6144,1.6214,1.6549,1.692,1.7319,1.7728,1.8138,1.855,1.8963,1.9375,1.9788,2.02,2.0613,2.1026
3.1263,3.0806,3.0624,3.0515,3.047,3.0465,3.0464,3.0468,3.0473,3.0479,3.0485,3.0356,3.0222,2.9573,1.0384,1.6157,2.1928,2.6498,2.57,2.4902,2.4104,2.3306,2.2507,2.1709,2.091
6.2111,5.694,5.1766,4.659,4.1414,3.6238,3.1062,2.5886,2.0711,6.6169,6.6182,6.5903,6.5611,6.4203,6.2642,6.0968,5.925,5.7526,5.5794,5.4062,5.2329,5.0596,4.8862,4.7129,4.5396
1.8059,1.8331,1.844,1.8505,1.8531,1.8534,1.8535,1.8532,1.8529,1.8526,1.8523,1.8599,1.8679,0.71,1.5993,1.9952,2.0423,2.0896,2.1371,2.1846,2.2322,2.2797,2.3272,2.3747,2.4223
1.5503,1.5276,1.5186,1.5132,1.511,1.5107,1.5106,1.5109,1.5111,1.5114,1.5117,1.5053,1.4987,1.4665,1.4308,1.3926,1.3534,1.314,1.2744,1.2349,1.1953,1.1557,1.1161,1.0765,1.0369
2.3436,2.379,2.393,2.4015,2.4049,2.4053,2.4054,2.405,2.4047,1.9589,1.3062,0.6687,2.4241,2.4742,2.5297,2.5893,2.6505,2.7118,2.7735,2.8351,2.8968,2.9585,3.0201,3.0818,3.1435
10.0,10.0,10.0,10.0,10.0,10.0,10.0,10.0,10.0,10.0,10.0,10.0,10.0,10.0,10.0,10.0,10.0,10.0,10.0,10.0,10.0,10.0,10.0,10.0,10.0
2.15,2.1185,2.106,2.0985,2.0954,2.0951,2.095,2.0953,2.0957,2.0961,1.4396,0.7203,2.0784,2.0338,1.9843,1.9313,1.8769,1.8223,1.7674,1.7125,1.6576,1.6027,1.5478,1.4929,1.438
1.4895,1.5119,1.5209,1.5262,1.5284,1.5286,1.5287,1.5285,1.5282,1.528,1.5277,1.534,1.5406,1.5724,1.6077,1.6456,1.6844,1.7235,1.7626,1.8018,1.841,1.8802,1.9194,1.9586,1.9978
2.018,1.9885,1.9767,1.9697,1.9668,1.9665,1.9664,1.9667,1.967,1.9674,1.9678,1.9595,1.9508,0.6174,1.3908,1.8127,1.7617,1.7104,1.6589,1.6074,1.5559,1.5043,1.4528,1.4013,1.3497
6.0893,5.5824,5.0751,4.5677,4.0602,3.5528,10.0,10.0,10.0,10.0,10.0,10.0,10.0,10.0,10.0,10.0,10.0,10.0,10.0,10.0,10.0,10.0,10.0,10.0,10.0
2.5622,2.6008,2.6162,2.6254,2.6292,2.6296,2.6297,2.6293,2.6289,2.6284,2.6279,2.6388,2.6501,2.7049,1.1098,1.7267,2.3435,2.9602,3.0321,3.0995,3.1669,3.2343,3.3018,3.3692,3.4367
1.5678,1.5448,1.5357,1.5302,1.528,1.5277,1.5277,1.5279,1.5282,1.5284,1.5287,1.5223,0.383,1.483,1.447,1.4083,1.3686,1.3288,1.2888,1.2488,1.2087,1.1687,1.1287,1.0886,1.0486
1.7264,1.7524,1.7628,1.769,1.7715,1.7718,1.7719,1.7716,1.7714,1.771,1.7707,0.9938,1.7857,1.8226,1.8635,1.9074,1.9524,1.9976,2.043,2.0884,2.1339,2.1793,2.2247,2.2702,2.3156
5.2382,5.1616,5.131,5.1128,5.1053,5.1044,5.1042,5.105,5.1058,5.1068,5.1078,5.0863,5.0637,4.9551,4.8346,1.4695,1.9944,2.5193,3.0442,3.5691,4.0386,3.9049,3.7711,3.6373,3.5036
3.5642,3.5121,3.4913,3.4789,3.4738,3.4732,3.3463,2.7887,2.2311,1.6735,1.1159,3.4609,3.4455,3.3716,3.2896,3.2017,3.1115,3.0209,2.93,2.839,2.748,2.657,2.566,2.475,2.3839
1.6044,1.6285,1.6382,1.6439,1.6463,1.6466,1.6466,1.6464,1.6461,1.6458,1.6455,1.6523,1.6594,1.0684,1.7318,1.7725,1.8144,1.8564,1.8986,1.9408,1.983,2.0252,2.0675,2.1097,2.1519
1.6358,1.6119,1.6023,1.5966,1.5943,1.594,1.5939,1.5942,1.5944,1.5947,1.595,1.5883,1.5813,1.1466,1.5097,1.4694,1.428,1.3864,1.3447,1.303,1.2612,1.2194,1.1776,1.1359,1.0941
3.2695,3.3187,3.3384,3.3501,3.355,3.3555,3.3556,2.8258,2.2608,1.6958,1.1308,3.3672,3.3817,3.4516,3.5291,3.6122,3.6975,3.7831,3.8691,3.9551,4.0411,4.1272,4.2132,4.2993,4.3853
5.5833,5.6674,5.701,5.7211,5.7293,5.7302,5.7304,5.7296,5.7287,5.7276,5.7266,5.7502,5.7749,5.8943,6.0267,6.1686,6.3142,2.4978,3.0182,3.5387,4.0591,4.5795,5.0999,5.6203,6.1408
1.8079,1.7815,1.7709,1.7646,1.762,1.7617,1.7617,1.7619,1.7622,1.7626,1.7629,0.949,1.7477,1.7102,1.6686,1.624,1.5783,1.5323,1.4862,1.4401,1.3939,1.3477,1.3016,1.2554,1.2092
1.5113,1.5341,1.5432,1.5486,1.5508,1.5511,1.5511,1.5509,1.5507,1.5504,1.5501,1.5565,0.4379,1.5955,1.6313,1.6697,1.7092,1.7487,1.7885,1.8282,1.868,1.9078,1.9476,1.9873,2.0271
2.5405,2.5033,2.4885,2.4797,2.476,2.4756,2.4755,2.4759,2.4763,2.4768,2.4772,2.4668,2.4559,0.5679,1.131,1.7597,2.2178,2.1532,2.0884,2.0236,1.9587,1.8938,1.829,1.7641,1.6992
6.0623,5.5576,5.0525,4.5474,4.096,10.0,10.0,10.0,10.0,10.0,10.0,10.0,10.0,10.0,10.0,10.0,10.0,10.0,10.0,10.0,10.0,10.0,10.0,10.0,10.0
2.0025,2.0326,2.0447,2.0519,2.0548,2.0552,2.0552,2.0549,2.0546,2.0542,2.0538,2.0623,2.0712,0.623,1.3457,2.0937,2.2646,2.3171,2.3697,2.4224,2.4751,2.5278,2.5805,2.6332,2.6859
1.5313,1.5089,1.5,1.4946,1.4925,1.4922,1.4922,1.4924,1.4926,1.4929,1.4932,1.4869,1.4803,1.4485,1.4133,1.3756,1.3368,1.2979,1.2588,1.2197,1.1806,1.1415,1.1024,1.0633,1.0242
2.0276,2.0581,2.0703,2.0776,2.0806,2.0809,2.081,2.0807,2.0803,2.08,1.4785,0.7398,2.0971,2.1405,2.1886,2.2401,2.293,2.3461,2.3994,2.4527,2.5061,2.5595,2.6128,2.6662,2.7196
10.0,10.0,10.0,10.0,10.0,10.0,10.0,10.0,10.0,10.0,10.0,10.0,10.0,10.0,10.0,10.0,10.0,2.4134,2.9163,3.4191,3.9219,4.4248,4.9276,5.4305,5.9333
2.4935,2.4571,2.4425,2.4338,2.4303,2.4299,2.4298,2.4301,2.4305,1.9112,1.2744,0.6377,2.4105,2.3588,2.3014,2.2399,2.1768,2.1134,2.0498,1.9862,1.9225,1.8588,1.7952,1.7315,1.6678
1.5064,1.5291,1.5381,1.5435,1.5457,1.546,1.546,1.5458,1.5456,1.5453,1.545,1.5514,1.5581,1.5903,1.626,1.6643,1.7036,1.743,1.7826,1.8222,1.8619,1.9015,1.9412,1.9808,2.0205
1.822,1.7953,1.7847,1.7783,1.7757,1.7754,1.7754,1.7756,1.7759,1.7763,1.7766,1.7691,1.7613,0.7377,1.6617,1.6366,1.5905,1.5442,1.4977,1.4513,1.4047,1.3582,1.3117,1.2652,1.2186
5.8705,5.714,5.1948,4.6754,4.156,3.6366,3.1172,2.5977,2.0783,1.6512,6.0212,6.046,6.072,6.1975,6.3367,6.4859,6.6391,6.7928,6.9472,7.1016,7.2561,7.4106,7.5651,7.7196,7.8741
3.179,3.2269,3.246,3.2574,3.2621,3.2626,3.2627,3.2622,3.2617,3.2611,3.2605,3.274,3.2881,3.356,1.0644,1.586,2.1526,2.7191,3.2857,3.8456,3.9293,4.0129,4.0966,4.1803,4.2639
1.6248,1.6011,1.5916,1.5859,1.5836,1.5833,1.5833,1.5835,1.5838,1.5841,1.5844,1.495,1.5707,1.537,1.4996,1.4596,1.4184,1.3771,1.3357,1.2942,1.2527,1.2112,1.1698,1.1283,1.0868
1.6105,1.6348,1.6444,1.6502,1.6526,1.6529,1.6529,1.6527,1.6524,1.6521,1.6518,1.2968,1.6658,1.7002,1.7384,1.7793,1.8213,1.8635,1.9059,1.9482,1.9906,2.033,2.0754,2.1178,2.1602
3.6634,3.6098,3.5884,3.5757,3.5704,3.5698,3.5697,3.5703,3.5708,3.5715,3.5722,3.5571,3.5414,3.4654,0.9917,1.543,2.0942,2.6454,3.0115,2.918,2.8245,2.7309,2.6374,2.5438,2.4503
5.0008,4.9277,4.8985,4.7488,4.2212,3.6937,3.1661,2.6385,2.111,1.5834,4.8763,4.8558,4.8343,4.7305,4.6155,4.4922,4.3656,4.2386,4.111,3.9833,3.8556,3.7279,3.6002,3.4725,3.3448
1.7083,1.7341,1.7443,1.7505,1.753,1.7533,1.7534,1.7531,1.7528,1.7525,1.7522,1.7594,1.767,0.8073,1.8186,1.8874,1.932,1.9767,2.0216,2.0666,2.1115,2.1565,2.2015,2.2464,2.2914
1.5683,1.5453,1.5362,1.5307,1.5285,1.5282,1.5282,1.5284,1.5286,1.5289,1.5292,1.5228,1.516,1.4835,1.4474,1.4087,1.3691,1.3292,1.2892,1.2492,1.2091,1.1691,1.129,1.089,1.0489
2.6054,2.6447,2.6603,2.6697,2.6735,2.674,2.6741,2.6737,2.4443,1.8334,1.2225,2.6833,2.6948,2.7505,2.8123,2.8785,2.9465,3.0147,3.0832,3.1518,3.2203,3.2889,3.3575,3.426,3.4946
10.0,10.0,10.0,10.0,10.0,10.0,10.0,10.0,10.0,10.0,10.0,10.0,10.0,10.0,10.0,10.0,10.0,10.0,10.0,10.0,10.0,10.0,10.0,10.0,10.0
1.988,1.9589,1.9473,1.9404,1.9375,1.9372,1.9371,1.9374,1.9377,1.9381,1.572,0.7866,1.9217,1.8805,1.8348,1.7858,1.7354,1.6849,1.6342,1.5835,1.5327,1.482,1.4312,1.3804,1.3297
1.485,1.5074,1.5163,1.5217,1.5238,1.5241,1.5241,1.5239,1.5237,1.5234,1.5231,1.5294,0.4303,1.5677,1.6029,1.6407,1.6794,1.7183,1.7574,1.7964,1.8355,1.8746,1.9137,1.9528,1.9918
2.1715,2.1398,2.1271,2.1196,2.1165,2.1161,2.116,2.1163,2.1167,2.1171,2.1175,2.1086,2.0992,0.5628,1.2678,1.9507,1.8957,1.8405,1.7851,1.7297,1.6743,1.6188,1.5634,1.5079,1.4524
10.0,10.0,10.0,10.0,10.0,10.0,10.0,10.0,10.0,10.0,10.0,10.0,10.0,10.0,10.0,10.0,10.0,10.0,10.0,10.0,10.0,10.0,10.0,10.0,10.0
2.2955,2.3301,2.3439,2.3521,2.3555,2.3559,2.356,2.3557,2.3553,2.3548,2.3544,2.3641,2.3743,2.4234,1.1794,1.8351,2.4906,2.6561,2.7165,2.7769,2.8373,2.8977,2.9581,3.0185,3.079
1.5406,1.5181,1.5091,1.5037,1.5015,1.5013,1.5012,1.5015,1.5017,1.502,1.5023,1.4959,0.3763,1.4574,1.4219,1.3839,1.3449,1.3058,1.2665,1.2272,1.1878,1.1485,1.1091,1.0698,1.0304
1.815,1.8423,1.8532,1.8598,1.8624,1.8627,1.8628,1.8625,1.8622,1.8619,1.7411,0.8712,1.8773,1.9161,1.9591,2.0053,2.0526,2.1001,2.1479,2.1956,2.2434,2.2911,2.3389,2.3867,2.4344
7.1826,7.0776,7.0357,7.0106,7.0004,6.9992,6.9989,7.0,7.0011,7.0024,7.0038,6.9743,6.9434,6.7944,6.6292,1.4332,1.9452,2.4572,2.9691,3.4811,3.993,4.505,5.0169,4.9875,4.8041
3.0365,2.9921,2.9744,2.9638,2.9595,2.959,2.9589,2.9035,2.323,1.7424,1.1619,2.9484,2.9354,2.8724,2.8026,2.7277,2.6508,2.5737,2.4962,2.4187,2.3412,2.2636,2.1861,2.1085,2.031
1.5525,1.5759,1.5852,1.5908,1.5931,1.5934,1.5934,1.5932,1.5929,1.5926,1.5923,1.5989,1.6058,1.3436,1.6758,1.7153,1.7557,1.7964,1.8372,1.8781,1.9189,1.9598,2.0006,2.0415,2.0824
1.6882,1.6635,1.6537,1.6478,1.6454,1.6451,1.645,1.6453,1.6456,1.6459,1.6462,1.6393,1.632,0.9384,1.5581,1.5165,1.4738,1.4309,1.3878,1.3447,1.3016,1.2585,1.2154,1.1723,1.1292
3.9034,3.9623,3.9857,3.9998,4.0055,3.7961,3.2539,2.7117,2.1695,1.6273,1.0972,4.0201,4.0374,4.1209,4.2134,4.3126,4.4145,4.5167,4.6193,4.722,4.8247,4.9275,5.0302,5.1329,5.2357
4.2961,4.3609,4.3867,4.4021,4.4085,4.4092,4.4094,4.4087,4.408,4.4072,4.4064,4.4245,4.4436,4.5354,4.6373,1.5477,2.0242,2.5569,3.0896,3.6224,4.1551,4.6878,5.2206,5.6493,5.7624
1.7191,1.694,1.684,1.678,1.6755,1.6753,1.6752,1.6754,1.6757,1.676,1.6763,1.0939,1.6619,1.6262,1.5867,1.5443,1.5008,1.4571,1.4132,1.3694,1.3255,1.2816,1.2377,1.1938,1.1499
1.5352,1.5583,1.5675,1.573,1.5753,1.5756,1.5756,1.5754,1.5751,1.5748,1.5745,1.581,1.5878,1.6207,1.6571,1.6961,1.7361,1.7763,1.8167,1.8571,1.8975,1.9379,1.9783,2.0187,2.0591
2.8542,2.8125,2.7958,2.7859,2.7818,2.7813,2.7812,2.7816,2.7821,2.7826,2.7831,2.7714,2.7591,2.6999,1.0647,1.6566,2.2483,2.4191,2.3463,2.2735,2.2006,2.1277,2.0548,1.9819,1.909
6.1124,5.6036,5.0943,4.585,4.0756,3.5663,3.0569,2.5475,8.4478,8.4494,8.451,8.4154,8.3781,8.1983,7.999,7.7852,7.5659,7.3457,7.1245,6.9034,6.6821,6.4607,6.2394,6.0181,5.7968
1.8638,1.8918,1.9031,1.9097,1.9125,1.9128,1.9129,1.9126,1.9123,1.9119,1.9116,1.9195,1.9277,0.6579,1.4821,2.0591,2.1078,2.1566,2.2056,2.2546,2.3036,2.3527,2.4017,2.4508,2.4999
1.5328,1.5104,1.5015,1.4961,1.494,1.4937,1.4936,1.4939,1.4941,1.4944,1.4947,1.4884,1.4818,1.45,1.4147,1.3769,1.3381,1.2992,1.2601,1.221,1.1818,1.1427,1.1035,1.0644,1.0252
2.1976,2.2307,2.2439,2.2518,2.2551,2.2554,2.2555,2.2552,2.2548,2.0366,1.3581,0.6795,2.273,2.32,2.3721,2.428,2.4853,2.5429,2.6007,2.6585,2.7163,2.7741,2.832,2.8898,2.9477
10.0,10.0,10.0,10.0,10.0,10.0,10.0,10.0,10.0,10.0,10.0,10.0,10.0,10.0,10.0,10.0,10.0,10.0,10.0,10.0,10.0,10.0,10.0,5.397,5.8968
2.2547,2.2217,2.2085,2.2007,2.1975,2.1971,2.197,2.1974,2.1977,2.0439,1.3629,0.682,2.1796,2.1328,2.0809,2.0253,1.9683,1.911,1.8535,1.7959,1.7383,1.6808,1.6232,1.5656,1.508
1.4863,1.5087,1.5176,1.523,1.5252,1.5254,1.5255,1.5252,1.525,1.5247,1.5244,1.5307,1.5373,1.5691,1.6043,1.6421,1.6809,1.7198,1.7589,1.798,1.8371,1.8762,1.9153,1.9544,1.9936
1.9261,1.8979,1.8867,1.88,1.8772,1.8769,1.8769,1.8771,1.8774,1.8778,1.8781,1.8702,1.862,0.6542,1.4737,1.7302,1.6814,1.6325,1.5834,1.5342,1.485,1.4358,1.3867,1.3375,1.2883
6.1046,5.5964,5.0878,4.5791,4.0704,3.5617,3.053,2.5443,8.8234,8.8217,8.8201,8.8565,8.8946,9.0785,9.2823,9.5009,9.7252,9.9505,10.0,10.0,10.0,10.0,10.0,10.0,10.0
2.7497,2.7912,2.8077,2.8176,2.8216,2.8221,2.8222,2.8218,2.8213,2.8208,2.8203,2.8319,2.8441,2.9029,1.0667,1.6597,2.2526,2.8455,3.254,3.3264,3.3987,3.4711,3.5435,3.6158,3.6882
1.5792,1.5561,1.5469,1.5414,1.5391,1.5389,1.5388,1.539,1.5393,1.5396,1.5399,1.5334,0.3858,1.4938,1.4575,1.4186,1.3786,1.3385,1.2982,1.2579,1.2176,1.1772,1.1369,1.0966,1.0562
1.6699,1.6951,1.7051,1.7111,1.7136,1.7138,1.7139,1.7136,1.7134,1.7131,1.7127,1.0843,1.7272,1.7629,1.8025,1.845,1.8885,1.9322,1.9762,2.0201,2.064,2.108,2.1519,2.1959,2.2398
4.4724,4.407,4.381,4.3654,4.359,4.3582,4.3581,4.3587,4.3594,4.3603,4.3611,4.3427,4.3235,4.2307,0.9561,1.4875,2.0189,2.5503,3.0816,3.5625,3.4483,3.3341,3.2198,3.1056,2.9914
3.9788,3.9206,3.8974,3.8835,3.8778,3.7977,3.2553,2.7128,2.1704,1.628,1.0856,3.8634,3.8463,3.7637,3.6722,3.5741,3.4734,3.3723,3.2708,3.1692,3.0676,2.966,2.8644,2.7628,2.6612
1.6326,1.6572,1.667,1.6729,1.6753,1.6756,1.6756,1.6754,1.6751,1.6748,1.6745,1.6814,1.6886,0.9453,1.7623,1.8038,1.8463,1.8891,1.932,1.975,2.0179,2.0609,2.1039,2.1468,2.1898
1.5997,1.5763,1.567,1.5614,1.5591,1.5589,1.5588,1.559,1.5593,1.5596,1.5599,1.5533,1.5464,1.3242,1.4765,1.437,1.3965,1.3559,1.315,1.2742,1.2334,1.1925,1.1517,1.1108,1.07
2.9619,3.0066,3.0244,3.035,3.0394,3.0399,3.04,2.8919,2.3137,1.7354,1.1572,3.0505,3.0636,3.1269,3.1972,3.2725,3.3497,3.4273,3.5052,3.5831,3.661,3.739,3.8169,3.8949,3.9729
6.8289,6.9318,6.9729,6.9974,7.0075,7.0086,7.0089,7.0078,7.0067,7.0054,7.0042,7.033,7.0633,7.2093,7.3712,7.5448,7.7229,7.9018,2.9967,3.4779,3.9894,4.5009,5.0123,5.5238,6.0353
1.8617,1.8345,1.8236,1.8171,1.8145,1.8141,1.8141,1.8144,1.8146,1.815,1.7478,0.8745,1.7997,1.7611,1.7182,1.6723,1.6252,1.5779,1.5304,1.4829,1.4354,1.3878,1.3403,1.2927,1.2452
1.4925,1.5149,1.5239,1.5293,1.5315,1.5317,1.5318,1.5316,1.5313,1.531,1.5307,1.5371,0.4324,1.5756,1.611,1.6489,1.6878,1.7269,1.7662,1.8054,1.8447,1.884,1.9233,1.9625,2.0018
2.3721,2.3374,2.3235,2.3153,2.3119,2.3115,2.3114,2.3118,2.3121,2.3126,2.313,2.3033,2.2931,0.5302,1.1728,1.8247,2.0708,2.0105,1.95,1.8894,1.8289,1.7683,1.7077,1.6471,1.5866
10.0,10.0,10.0,10.0,10.0,10.0,10.0,10.0,10.0,10.0,10.0,10.0,10.0,10.0,10.0,10.0,10.0,10.0,10.0,10.0,10.0,10.0,10.0,10.0,10.0
2.0931,2.1246,2.1372,2.1448,2.1478,2.1482,2.1483,2.1479,2.1476,2.1472,2.1468,2.1557,2.1649,0.6512,1.2698,1.9756,2.3671,2.4219,2.477,2.532,2.5871,2.6422,2.6973,2.7524,2.8075
1.5262,1.5039,1.495,1.4897,1.4875,1.4873,1.4872,1.4874,1.4877,1.4879,1.4882,1.482,0.3728,1.4437,1.4086,1.371,1.3324,1.2936,1.2546,1.2157,1.1767,1.1377,1.0988,1.0598,1.0208
1.93,1.9591,1.9707,1.9776,1.9804,1.9808,1.9808,1.9805,1.9802,1.9799,1.5601,0.7806,1.9962,2.0375,2.0832,2.1323,2.1826,2.2332,2.2839,2.3347,2.3855,2.4363,2.4871,2.5379,2.5887
10.0,10.0,10.0,10.0,10.0,10.0,10.0,10.0,10.0,10.0,10.0,10.0,10.0,10.0,10.0,10.0,1.913,2.4165,2.92,3.4235,3.9269,4.4304,4.9339,5.4374,5.9409
2.6615,2.6226,2.6071,2.5978,2.594,2.5936,2.5935,2.5939,2.4437,1.833,1.2223,0.6616,2.5729,2.5177,2.4564,2.3908,2.3234,2.2558,2.1879,2.12,2.052,1.9841,1.9161,1.8481,1.7802
1.5154,1.5382,1.5473,1.5527,1.555,1.5552,1.5553,1.5551,1.5548,1.5545,1.5542,1.5606,1.5674,1.5998,1.6357,1.6742,1.7137,1.7534,1.7933,1.8331,1.873,1.9129,1.9528,1.9927,2.0325
1.7589,1.7332,1.723,1.7168,1.7143,1.714,1.714,1.7142,1.7145,1.7148,1.7152,1.7079,1.7004,0.7989,1.6234,1.58,1.5355,1.4908,1.446,1.4011,1.3561,1.3112,1.2663,1.2214,1.1765
4.8972,4.971,5.0004,4.7262,4.2011,3.6761,3.151,2.626,2.1009,1.5759,5.0228,5.0435,5.0653,5.17,5.2861,5.4105,5.5383,5.6665,5.7953,5.9241,6.053,6.1819,6.3108,6.4397,6.5686
3.5106,3.5634,3.5846,3.5972,3.6023,3.6029,3.6031,3.6025,3.602,3.6013,3.6006,3.6155,3.631,3.7061,3.7893,1.5403,2.0905,2.6408,3.191,3.7412,4.2914,4.4315,4.5239,4.6163,4.7087
1.6508,1.6267,1.6171,1.6113,1.609,1.6087,1.6086,1.6089,1.6091,1.6094,1.6098,1.3046,1.5959,1.5616,1.5237,1.4829,1.4412,1.3992,1.3571,1.315,1.2728,1.2307,1.1885,1.1463,1.1042
1.5726,1.5963,1.6058,1.6114,1.6138,1.614,1.6141,1.6138,1.6136,1.6133,1.613,1.4725,1.6266,1.6602,1.6975,1.7375,1.7785,1.8197,1.8611,1.9024,1.9438,1.9852,2.0266,2.068,2.1094
3.2886,3.2405,3.2213,3.2098,3.2051,3.2046,3.2045,3.205,3.2055,3.2061,3.2067,3.1932,3.1791,3.1108,1.0131,1.5763,2.1394,2.7024,2.7034,2.6195,2.5355,2.4515,2.3675,2.2836,2.1996
5.9332,5.6964,5.1787,4.6609,4.1431,3.6253,3.1075,2.5897,2.0719,1.5541,5.7855,5.7611,5.7356,5.6125,5.4761,5.3297,5.1796,5.0288,4.8774,4.726,4.5745,4.423,4.2715,4.12,3.9684
1.7555,1.782,1.7926,1.7989,1.8014,1.8017,1.8018,1.8015,1.8013,1.8009,1.8006,1.808,1.8158,0.7392,1.6651,1.9396,1.9854,2.0314,2.0775,2.1237,2.1699,2.2161,2.2623,2.3085,2.3547
1.5467,1.5241,1.5151,1.5097,1.5075,1.5072,1.5072,1.5074,1.5077,1.5079,1.5082,1.5019,1.4952,1.4631,1.4276,1.3894,1.3503,1.311,1.2715,1.232,1.1925,1.153,1.1135,1.074,1.0345
2.4209,2.4574,2.472,2.4807,2.4842,2.4846,2.4847,2.4844,2.484,1.8965,1.2646,0.6907,2.504,2.5558,2.6132,2.6747,2.7379,2.8013,2.8649,2.9286,2.9923,3.056,3.1197,3.1835,3.2472
10.0,10.0,10.0,10.0,10.0,10.0,10.0,10.0,10.0,10.0,10.0,10.0,10.0,10.0,10.0,10.0,10.0,10.0,10.0,10.0,10.0,10.0,10.0,10.0,10.0
2.0718,2.0415,2.0294,2.0222,2.0192,2.0189,2.0188,2.0191,2.0194,2.0198,1.4778,0.7394,2.0028,1.9598,1.9122,1.8611,1.8086,1.756,1.7031,1.6502,1.5973,1.5444,1.4915,1.4386,1.3857
1.4783,1.5006,1.5095,1.5148,1.5169,1.5172,1.5173,1.517,1.5168,1.5165,1.5162,1.5225,1.529,1.5606,1.5957,1.6333,1.6718,1.7105,1.7494,1.7883,1.8272,1.8661,1.905,1.9439,1.9828
2.0609,2.0307,2.0187,2.0115,2.0086,2.0082,2.0082,2.0085,2.0088,2.0092,2.0095,2.0011,1.9922,0.5916,1.3328,1.8512,1.7991,1.7467,1.6941,1.6415,1.5889,1.5363,1.4837,1.431,1.3784
6.028,5.5262,5.024,4.5871,10.0,10.0,10.0,10.0,10.0,10.0,10.0,10.0,10.0,10.0,10.0,10.0,10.0,10.0,10.0,10.0,10.0,10.0,10.0,10.0,10.0
2.4385,2.4752,2.4899,2.4986,2.5022,2.5026,2.5027,2.5023,2.502,2.5015,2.501,2.5113,2.5222,2.5743,1.1284,1.7556,2.3827,2.8216,2.8857,2.9498,3.014,3.0782,3.1423,3.2065,3.2707
1.5479,1.5252,1.5162,1.5108,1.5086,1.5083,1.5083,1.5085,1.5087,1.509,1.5093,1.503,0.3781,1.4642,1.4286,1.3904,1.3512,1.3119,1.2724,1.2329,1.1934,1.1539,1.1143,1.0748,1.0353
1.7486,1.7749,1.7855,1.7917,1.7943,1.7946,1.7947,1.7944,1.7941,1.7938,1.7935,0.9375,1.8086,1.846,1.8874,1.9319,1.9775,2.0233,2.0693,2.1153,2.1613,2.2073,2.2533,2.2994,2.3454
5.8064,5.7215,5.6876,5.6674,5.6591,5.6582,5.6579,5.6588,5.6597,5.6608,5.6619,5.638,5.613,5.4926,5.359,1.4468,1.9637,2.4805,2.9973,3.5141,4.0309,4.3285,4.1802,4.0319,3.8836
3.3232,3.2746,3.2552,3.2436,3.2389,3.2384,3.2382,2.8148,2.252,1.6892,1.1264,3.2268,3.2125,3.1436,3.0672,2.9852,2.9011,2.8166,2.7319,2.647,2.5622,2.4773,2.3925,2.3076,2.2227
1.575,1.5988,1.6082,1.6139,1.6162,1.6165,1.6165,1.6163,1.616,1.6157,1.6155,1.6221,1.6291,1.1522,1.7001,1.7401,1.7812,1.8225,1.8639,1.9053,1.9468,1.9882,2.0297,2.0711,2.1126
1.6459,1.6219,1.6123,1.6065,1.6042,1.6039,1.6039,1.6041,1.6044,1.6047,1.605,1.5982,1.5911,1.0512,1.5191,1.4785,1.4369,1.3951,1.3531,1.3111,1.269,1.227,1.185,1.1429,1.1009
3.4657,3.5179,3.5387,3.5512,3.5563,3.5569,3.3185,2.7655,2.2126,1.6596,1.1067,3.5693,3.5846,3.6587,3.7409,3.829,3.9194,4.0101,4.1013,4.1924,4.2836,4.3749,4.4661,4.5573,4.6485
4.9831,5.0581,5.0881,5.106,5.1134,5.1142,5.1144,5.1136,5.1128,5.1119,5.1109,5.132,5.1541,5.2606,5.3788,5.5054,1.9839,2.506,3.0282,3.5503,4.0724,4.5945,5.1167,5.6388,6.1609
1.7633,1.7375,1.7272,1.7211,1.7185,1.7183,1.7182,1.7185,1.7187,1.7191,1.7194,0.994,1.7046,1.668,1.6274,1.5839,1.5393,1.4945,1.4495,1.4045,1.3595,1.3145,1.2694,1.2244,1.1794
1.5121,1.5349,1.544,1.5494,1.5516,1.5519,1.5519,1.5517,1.5515,1.5512,1.5509,1.5573,0.4381,1.5963,1.6322,1.6706,1.71,1.7496,1.7894,1.8292,1.869,1.9088,1.9486,1.9884,2.0282
2.6375,2.5989,2.5835,2.5743,2.5706,2.5701,2.57,2.5704,2.5708,2.5713,2.5718,2.561,2.5496,0.5895,1.0989,1.7097,2.3025,2.2354,2.1681,2.1008,2.0335,1.9661,1.8988,1.8314,1.7641
6.0493,5.5457,5.0417,4.5376,4.0335,3.5294,3.0536,10.0,10.0,10.0,10.0,10.0,10.0,10.0,10.0,10.0,10.0,10.0,9.9611,9.6519,9.3425,9.0331,8.7236,8.4142,8.1047
1.9371,1.9663,1.9779,1.9849,1.9878,1.9881,1.9882,1.9879,1.9875,1.9872,1.9868,1.995,2.0036,0.6159,1.3874,2.1402,2.1907,2.2414,2.2924,2.3433,2.3943,2.4453,2.4963,2.5473,2.5982
1.5241,1.5018,1.4929,1.4876,1.4854,1.4851,1.4851,1.4853,1.4856,1.4858,1.4861,1.4799,1.4733,1.4417,1.4066,1.369,1.3305,1.2917,1.2529,1.214,1.175,1.1361,1.0972,1.0583,1.0194
2.0787,2.11,2.1225,2.13,2.133,2.1334,2.1334,2.1331,2.1328,2.1324,1.4229,0.712,2.15,2.1945,2.2437,2.2966,2.3508,2.4052,2.4599,2.5146,2.5693,2.624,2.6787,2.7334,2.7881
10.0,10.0,10.0,10.0,10.0,10.0,10.0,10.0,10.0,10.0,10.0,10.0,10.0,10.0,10.0,10.0,10.0,10.0,10.0,3.3941,3.8933,4.3924,4.8916,5.3907,5.8899
2.385,2.3501,2.3362,2.3279,2.3245,2.3241,2.324,2.3243,2.3247,1.9502,1.3004,0.6507,2.3055,2.2561,2.2012,2.1424,2.082,2.0214,1.9606,1.8997,1.8388,1.7779,1.717,1.6561,1.5952
1.4914,1.5139,1.5229,1.5282,1.5304,1.5307,1.5307,1.5305,1.5302,1.53,1.5297,1.536,1.5426,1.5745,1.6098,1.6478,1.6867,1.7257,1.7649,1.8042,1.8434,1.8827,1.9219,1.9612,2.0004
1.8515,1.8244,1.8136,1.8072,1.8045,1.8042,1.8041,1.8044,1.8047,1.805,1.8054,1.7978,1.7898,0.7001,1.5771,1.6632,1.6163,1.5693,1.522,1.4748,1.4275,1.3802,1.3329,1.2857,1.2384
6.1545,5.6421,5.1294,4.6165,4.1037,3.5908,3.0779,2.565,2.0522,6.8194,6.8181,6.8463,6.8757,7.0179,7.1755,7.3445,7.5178,7.6919,7.8667,8.0416,8.2165,8.3915,8.5665,8.7414,8.9164
2.9865,3.0315,3.0495,3.0602,3.0646,3.0651,3.0652,3.0648,3.0643,3.0637,3.0632,3.0758,3.089,3.1529,1.0322,1.6059,2.1796,2.7532,3.3269,3.6128,3.6914,3.77,3.8486,3.9272,4.0058
1.5998,1.5764,1.5671,1.5615,1.5592,1.559,1.5589,1.5592,1.5594,1.5597,1.56,1.5534,1.5465,1.5134,1.4766,1.4371,1.3966,1.356,1.3151,1.2743,1.2335,1.1926,1.1518,1.1109,1.07
1.6254,1.6499,1.6596,1.6655,1.6679,1.6681,1.6682,1.6679,1.6677,1.6674,1.6671,1.2013,1.6812,1.7159,1.7544,1.7958,1.8381,1.8807,1.9235,1.9662,2.009,2.0518,2.0945,2.1373,2.1801
3.9176,3.8603,3.8375,3.8238,3.8182,3.8176,3.8174,3.818,3.8186,3.8194,3.8201,3.804,3.7871,3.7059,0.9735,1.5147,2.0558,2.5968,3.1379,3.1205,3.0205,2.9204,2.8204,2.7204,2.6203
4.5349,4.4686,4.4422,4.4264,4.2474,3.7166,3.1857,2.6549,2.124,1.5932,1.1459,4.4034,4.3839,4.2898,4.1855,4.0737,3.9589,3.8437,3.728,3.6122,3.4964,3.3806,3.2648,3.149,3.0332
1.6715,1.6967,1.7068,1.7128,1.7152,1.7155,1.7156,1.7153,1.715,1.7147,1.7144,1.7215,1.7289,0.8513,1.8043,1.8467,1.8903,1.9341,1.9781,2.022,2.066,2.11,2.154,2.198,2.242
1.5735,1.5505,1.5413,1.5358,1.5336,1.5333,1.5333,1.5335,1.5338,1.5341,1.5343,1.5279,1.5211,1.4885,1.4523,1.4135,1.3737,1.3337,1.2935,1.2534,1.2132,1.173,1.1328,1.0926,1.0525
2.7196,2.7606,2.7769,2.7867,2.7907,2.7912,2.7913,2.7909,2.383,1.7874,1.1919,2.8009,2.8129,2.8711,2.9356,3.0047,3.0756,3.1469,3.2184,3.2899,3.3615,3.4331,3.5046,3.5762,3.6478
8.8693,9.003,9.0563,9.0882,9.1012,9.1027,9.1031,9.1017,9.1003,9.0986,9.0969,9.1344,9.1738,9.3634,9.5737,9.7991,10.0,10.0,10.0,10.0,10.0,10.0,4.9542,5.4598,5.9653
1.9302,1.9019,1.8907,1.884,1.8812,1.8809,1.8808,1.8811,1.8814,1.8818,1.6283,0.8148,1.8659,1.8258,1.7814,1.7338,1.685,1.6359,1.5867,1.5374,1.4882,1.4389,1.3896,1.3403,1.291
1.4821,1.5044,1.5133,1.5186,1.5208,1.5211,1.5211,1.5209,1.5207,1.5204,1.5201,1.5264,0.4294,1.5646,1.5998,1.6374,1.6761,1.7149,1.7539,1.7929,1.8319,1.8709,1.9099,1.9489,1.9879
2.2354,2.2027,2.1896,2.1818,2.1787,2.1783,2.1782,2.1785,2.1789,2.1793,2.1797,2.1705,2.1609,0.5439,1.2251,1.9061,1.9514,1.8946,1.8376,1.7805,1.7235,1.6664,1.6093,1.5522,1.4951
10.0,10.0,10.0,10.0,10.0,10.0,10.0,10.0,10.0,10.0,10.0,10.0,10.0,10.0,10.0,10.0,10.0,10.0,10.0,10.0,10.0,10.0,10.0,10.0,10.0
2.2057,2.239,2.2522,2.2602,2.2634,2.2638,2.2639,2.2635,2.2632,2.2628,2.2623,2.2717,2.2815,2.3286,1.2079,1.8793,2.4945,2.5523,2.6103,2.6683,2.7263,2.7844,2.8425,2.9005,2.9586
1.5296,1.5072,1.4983,1.493,1.4908,1.4905,1.4905,1.4907,1.4909,1.4912,1.4915,1.4852,0.3736,1.4469,1.4117,1.374,1.3353,1.2964,1.2574,1.2184,1.1793,1.1403,1.1012,1.0621,1.0231
1.8507,1.8786,1.8897,1.8963,1.8991,1.8994,1.8994,1.8992,1.8989,1.8985,1.6614,0.8313,1.9142,1.9538,1.9976,2.0447,2.093,2.1414,2.1901,2.2388,2.2875,2.3362,2.3849,2.4336,2.4823
8.3762,8.2538,8.2049,8.1757,8.1637,8.1624,8.162,8.1633,8.1646,8.1661,8.1677,8.1333,8.0973,7.9235,7.7308,1.4731,1.9261,2.4331,2.94,3.447,3.9539,4.4608,4.9678,5.4747,5.6025
2.8719,2.8299,2.8132,2.8032,2.799,2.7986,2.7985,2.7989,2.3596,1.7699,1.1802,2.7886,2.7763,2.7167,2.6506,2.5798,2.5071,2.4341,2.3609,2.2876,2.2142,2.1409,2.0676,1.9942,1.9209
1.533,1.5562,1.5654,1.5709,1.5731,1.5734,1.5735,1.5732,1.573,1.5727,1.5724,1.5789,1.5857,1.491,1.6548,1.6938,1.7337,1.7739,1.8142,1.8545,1.8949,1.9352,1.9756,2.0159,2.0563
1.709,1.684,1.674,1.6681,1.6656,1.6654,1.6653,1.6656,1.6658,1.6661,1.6664,1.6594,1.6521,0.877,1.5773,1.5352,1.4919,1.4485,1.4049,1.3613,1.3176,1.274,1.2304,1.1867,1.1431
4.2177,4.2812,4.3066,4.3217,4.2714,3.7376,3.2037,2.6699,2.136,1.6022,4.3259,4.3437,4.3624,4.4526,4.5526,4.6598,4.7698,4.8803,4.9912,5.1021,5.2131,5.3241,5.4351,5.5462,5.6572
3.946,4.0055,4.0292,4.0434,4.0492,4.0498,4.05,4.0494,4.0487,4.048,4.0473,4.0639,4.0814,4.1658,4.2594,1.505,2.0427,2.5803,3.1179,3.6555,4.1931,4.7307,5.085,5.1889,5.2928
1.6873,1.6627,1.6528,1.647,1.6445,1.6443,1.6442,1.6445,1.6447,1.645,1.6453,1.1622,1.6312,1.5962,1.5573,1.5157,1.473,1.4301,1.3871,1.344,1.3009,1.2579,1.2148,1.1717,1.1286
1.5447,1.568,1.5773,1.5828,1.5851,1.5854,1.5854,1.5852,1.5849,1.5846,1.5843,1.5909,1.5977,1.6307,1.6674,1.7066,1.7469,1.7874,1.828,1.8686,1.9093,1.9499,1.9906,2.0313,2.0719
2.9971,2.9533,2.9358,2.9253,2.921,2.9206,2.9204,2.9209,2.9214,2.9219,2.9225,2.9102,2.8973,2.8351,1.0414,1.6203,2.1992,2.5402,2.4638,2.3873,2.3108,2.2342,2.1577,2.0812,2.0046
6.1335,5.6229,5.1119,4.6008,4.0897,3.5786,3.0674,2.5563,2.0452,7.166,7.1674,7.1372,7.1056,6.9531,6.7841,6.6028,6.4167,6.23,6.0424,5.8548,5.6672,5.4795,5.2918,5.104,4.9163
1.816,1.8434,1.8543,1.8608,1.8635,1.8638,1.8638,1.8636,1.8633,1.8629,1.8626,1.8703,1.8783,0.6849,1.5428,2.0064,2.0537,2.1013,2.149,2.1968,2.2446,2.2924,2.3402,2.388,2.4358
1.534,1.5116,1.5027,1.4973,1.4951,1.4949,1.4948,1.4951,1.4953,1.4956,1.4959,1.4896,1.483,1.4511,1.4159,1.378,1.3392,1.3002,1.2611,1.2219,1.1828,1.1436,1.1044,1.0652,1.0261
2.2719,2.3062,2.3198,2.328,2.3313,2.3317,2.3318,2.3315,2.3311,1.9757,1.3174,0.6592,2.3499,2.3985,2.4524,2.5101,2.5694,2.6289,2.6886,2.7484,2.8082,2.868,2.9277,2.9875,3.0473
10.0,10.0,10.0,10.0,10.0,10.0,10.0,10.0,10.0,10.0,10.0,10.0,10.0,10.0,10.0,10.0,10.0,10.0,10.0,10.0,10.0,10.0,10.0,10.0,10.0
2.1759,2.1441,2.1314,2.1238,2.1207,2.1203,2.1203,2.1206,2.1209,2.1013,1.4012,0.7011,2.1034,2.0583,2.0082,1.9546,1.8995,1.8442,1.7887,1.7332,1.6776,1.6221,1.5665,1.5109,1.4554
1.4797,1.502,1.5109,1.5163,1.5184,1.5187,1.5187,1.5185,1.5183,1.518,1.5177,1.524,1.5305,1.5622,1.5972,1.6349,1.6735,1.7122,1.7511,1.79,1.829,1.8679,1.9069,1.9458,1.9848
1.9709,1.9421,1.9306,1.9237,1.9209,1.9206,1.9205,1.9208,1.9211,1.9215,1.9218,1.9137,1.9053,0.6274,1.4133,1.7704,1.7206,1.6705,1.6202,1.5699,1.5196,1.4692,1.4189,1.3686,1.3182
6.0618,5.5571,5.0521,4.547,4.0418,3.5367,3.0315,10.0,10.0,10.0,10.0,10.0,10.0,10.0,10.0,10.0,10.0,10.0,10.0,10.0,10.0,10.0,10.0,10.0,10.0
2.6164,2.6558,2.6716,2.681,2.6848,2.6853,2.6854,2.6849,2.6845,2.684,2.6835,2.6946,2.7062,2.7621,1.0871,1.6914,2.2956,2.8998,3.0963,3.1651,3.2339,3.3028,3.3716,3.4405,3.5094
1.5638,1.541,1.5319,1.5264,1.5242,1.5239,1.5239,1.5241,1.5243,1.5246,1.5249,1.5185,0.382,1.4793,1.4434,1.4048,1.3652,1.3255,1.2856,1.2457,1.2057,1.1658,1.1259,1.0859,1.046
1.6957,1.7213,1.7314,1.7375,1.74,1.7403,1.7404,1.7401,1.7399,1.7395,1.7392,1.0211,1.7539,1.7902,1.8304,1.8735,1.9177,1.9621,2.0067,2.0513,2.0959,2.1405,2.1852,2.2298,2.2744
4.8929,4.8214,4.7928,4.7758,4.7688,4.768,4.7678,4.7685,4.7693,4.7702,4.7711,4.751,4.7299,4.6284,0.9812,1.4689,1.9936,2.5183,3.043,3.5677,3.7724,3.6475,3.5225,3.3976,3.2726
3.6933,3.6393,3.6178,3.6049,3.5996,3.599,3.2948,2.7458,2.1968,1.6478,1.0988,3.5862,3.5703,3.4937,3.4088,3.3177,3.2242,3.1304,3.0361,2.9419,2.8476,2.7533,2.6589,2.5646,2.4703
1.6073,1.6315,1.6412,1.6469,1.6493,1.6496,1.6496,1.6494,1.6491,1.6488,1.6485,1.6553,1.6625,1.013,1.7349,1.7758,1.8177,1.8598,1.9021,1.9443,1.9866,2.0289,2.0712,2.1136,2.1559
1.6143,1.5907,1.5813,1.5756,1.5733,1.5731,1.573,1.5733,1.5735,1.5738,1.5741,1.5675,1.5605,1.2027,1.4899,1.4501,1.4092,1.3682,1.327,1.2858,1.2446,1.2034,1.1622,1.121,1.0797
3.1308,3.178,3.1968,3.2081,3.2127,3.2132,3.2133,2.8377,2.2703,1.7029,1.1355,3.2244,3.2383,3.3052,3.3794,3.459,3.5407,3.6227,3.705,3.7874,3.8698,3.9522,4.0346,4.117,4.1994
5.9737,6.0637,6.0996,6.1211,6.1299,6.1309,6.1311,6.1302,6.1292,6.1281,6.127,6.1522,6.1787,6.3064,6.448,6.5999,6.7557,2.4703,2.985,3.4997,4.0144,4.5291,5.0438,5.5585,6.0732
1.8202,1.7935,1.7829,1.7766,1.774,1.7737,1.7736,1.7739,1.7742,1.7745,1.7748,0.9152,1.7595,1.7218,1.6799,1.635,1.589,1.5427,1.4963,1.4498,1.4033,1.3569,1.3104,1.2639,1.2174
1.4978,1.5203,1.5293,1.5347,1.5369,1.5372,1.5372,1.537,1.5368,1.5365,1.5362,1.5425,0.434,1.5812,1.6167,1.6548,1.6939,1.7331,1.7725,1.8119,1.8513,1.8907,1.9301,1.9695,2.009
2.4635,2.4275,2.4131,2.4045,2.401,2.4006,2.4005,2.4009,2.4013,2.4017,2.4022,2.3921,2.3815,0.5507,1.1419,1.7767,2.1506,2.088,2.0251,1.9623,1.8994,1.8365,1.7736,1.7106,1.6477
6.0201,5.5189,10.0,10.0,10.0,10.0,10.0,10.0,10.0,10.0,10.0,10.0,10.0,10.0,10.0,10.0,10.0,10.0,10.0,10.0,10.0,10.0,10.0,10.0,10.0
2.0283,2.0588,2.071,2.0783,2.0813,2.0816,2.0817,2.0814,2.0811,2.0807,2.0803,2.0889,2.0979,0.631,1.3107,2.0392,2.2938,2.3469,2.4002,2.4536,2.507,2.5603,2.6137,2.6671,2.7205
1.5237,1.5014,1.4925,1.4872,1.485,1.4848,1.4847,1.485,1.4852,1.4855,1.4858,1.4795,0.3722,1.4413,1.4063,1.3687,1.3302,1.2914,1.2526,1.2137,1.1748,1.1359,1.0969,1.058,1.0191
1.9821,2.012,2.0239,2.031,2.0339,2.0342,2.0343,2.034,2.0337,2.0333,1.5031,0.7521,2.0501,2.0925,2.1395,2.1899,2.2416,2.2935,2.3456,2.3977,2.4499,2.5021,2.5542,2.6064,2.6586
10.0,10.0,10.0,10.0,10.0,10.0,10.0,10.0,10.0,10.0,10.0,10.0,10.0,10.0,10.0,10.0,10.0,2.4062,2.9075,3.4089,3.9102,4.4115,4.9129,5.4142,5.9155
2.5464,2.5092,2.4943,2.4854,2.4818,2.4814,2.4813,2.4817,2.4821,1.8743,1.2498,0.633,2.4616,2.4088,2.3502,2.2874,2.2229,2.1582,2.0933,2.0283,1.9633,1.8982,1.8332,1.7682,1.7032
1.5049,1.5276,1.5366,1.542,1.5442,1.5445,1.5445,1.5443,1.5441,1.5438,1.5435,1.5499,1.5565,1.5887,1.6244,1.6626,1.7019,1.7413,1.7809,1.8205,1.8601,1.8997,1.9393,1.9789,2.0185
1.7918,1.7656,1.7552,1.7489,1.7463,1.7461,1.746,1.7463,1.7465,1.7469,1.7472,1.7398,1.7321,0.7575,1.6537,1.6096,1.5642,1.5187,1.473,1.4272,1.3815,1.3357,1.29,1.2442,1.1985
5.4408,5.5228,5.2004,4.6805,4.1605,3.6405,3.1206,2.6006,2.0806,1.5606,5.5804,5.6034,5.6275,5.7439,5.8729,6.0112,6.1531,6.2956,6.4386,6.5818,6.7249,6.8681,7.0113,7.1545,7.2977
3.2881,3.3377,3.3574,3.3693,3.3741,3.3747,3.3748,3.3743,3.3737,3.3731,3.3725,3.3864,3.401,3.4713,1.101,1.5638,2.1224,2.681,3.2395,3.7981,4.0642,4.1507,4.2373,4.3238,4.4104
1.6301,1.6063,1.5968,1.5911,1.5888,1.5885,1.5884,1.5887,1.5889,1.5892,1.5895,1.4123,1.5758,1.542,1.5045,1.4643,1.4231,1.3816,1.34,1.2984,1.2568,1.2152,1.1736,1.1319,1.0903
1.5916,1.6156,1.6252,1.6309,1.6332,1.6335,1.6336,1.6333,1.6331,1.6328,1.6325,1.355,1.6463,1.6803,1.718,1.7585,1.8,1.8417,1.8835,1.9254,1.9673,2.0092,2.0511,2.0929,2.1348
3.502,3.4508,3.4303,3.4181,3.4131,3.4126,3.4124,3.413,3.4135,3.4141,3.4148,3.4004,3.3854,3.3127,0.9972,1.5516,2.1058,2.6601,2.8788,2.7895,2.7,2.6106,2.5212,2.4317,2.3423
5.3065,5.229,5.198,4.7035,4.181,3.6584,3.1359,2.6134,2.0908,1.5683,5.1744,5.1527,5.1298,5.0197,4.8977,4.7668,4.6325,4.4977,4.3623,4.2269,4.0914,3.9559,3.8203,3.6848,3.5493
1.7221,1.748,1.7584,1.7645,1.7671,1.7674,1.7674,1.7672,1.7669,1.7666,1.7662,1.7735,1.7812,0.7781,1.7528,1.9026,1.9475,1.9926,2.0379,2.0832,2.1285,2.1738,2.2191,2.2645,2.3098
1.5566,1.5338,1.5247,1.5193,1.5171,1.5168,1.5168,1.517,1.5173,1.5175,1.5178,1.5114,1.5047,1.4724,1.4366,1.3983,1.3589,1.3193,1.2796,1.2399,1.2001,1.1604,1.1206,1.0809,1.0411
2.5266,2.5647,2.5799,2.589,2.5927,2.5931,2.5932,2.5928,2.4706,1.8531,1.2357,0.7209,2.6134,2.6674,2.7273,2.7915,2.8574,2.9236,2.99,3.0565,3.123,3.1895,3.256,3.3225,3.389
10.0,10.0,10.0,10.0,10.0,10.0,10.0,10.0,10.0,10.0,10.0,10.0,10.0,10.0,10.0,10.0,10.0,10.0,10.0,10.0,10.0,10.0,10.0,10.0,10.0
2.0154,1.9859,1.9742,1.9671,1.9643,1.9639,1.9639,1.9642,1.9645,1.9649,1.5319,0.7665,1.9483,1.9065,1.8601,1.8104,1.7594,1.7082,1.6568,1.6053,1.5539,1.5024,1.4509,1.3995,1.348
1.4799,1.5022,1.5111,1.5164,1.5186,1.5188,1.5189,1.5187,1.5184,1.5182,1.5179,1.5241,0.4288,1.5623,1.5974,1.635,1.6736,1.7124,1.7513,1.7902,1.8292,1.8681,1.9071,1.946,1.985
2.1246,2.0935,2.0811,2.0737,2.0707,2.0703,2.0703,2.0706,2.0709,2.0713,2.0717,2.063,2.0538,0.5725,1.2897,1.9085,1.8547,1.8007,1.7465,1.6923,1.6381,1.5838,1.5295,1.4753,1.421
10.0,10.0,10.0,10.0,10.0,10.0,10.0,10.0,10.0,10.0,10.0,10.0,10.0,10.0,10.0,10.0,10.0,10.0,10.0,10.0,10.0,10.0,10.0,10.0,10.0
2.3448,2.3801,2.3942,2.4027,2.4061,2.4065,2.4066,2.4062,2.4058,2.4054,2.405,2.4149,2.4253,2.4754,1.1579,1.8015,2.445,2.7132,2.7748,2.8365,2.8982,2.9599,3.0216,3.0834,3.1451
1.5415,1.5189,1.5099,1.5046,1.5023,1.5021,1.502,1.5023,1.5025,1.5028,1.5031,1.4967,0.3765,1.4581,1.4227,1.3847,1.3457,1.3065,1.2672,1.2278,1.1885,1.1491,1.1097,1.0704,1.031
1.7871,1.814,1.8248,1.8312,1.8338,1.8341,1.8342,1.8339,1.8336,1.8333,1.7874,0.8943,1.8484,1.8866,1.929,1.9744,2.021,2.0678,2.1148,2.1618,2.2089,2.2559,2.3029,2.35,2.397
6.5807,6.4845,6.4461,6.4232,6.4138,6.4127,6.4124,6.4134,6.4145,6.4157,6.4169,6.3899,6.3615,6.225,6.0737,1.4369,1.9502,2.4635,2.9768,3.4901,4.0034,4.5166,4.7376,4.5696,4.4015
3.137,3.0911,3.0728,3.0619,3.0574,3.0569,3.0568,2.8665,2.2934,1.7202,1.1471,3.046,3.0325,2.9675,2.8953,2.8179,2.7385,2.6588,2.5788,2.4987,2.4186,2.3385,2.2584,2.1783,2.0982
1.5598,1.5833,1.5927,1.5983,1.6006,1.6009,1.6009,1.6007,1.6004,1.6001,1.5998,1.6064,1.6134,1.2626,1.6837,1.7233,1.764,1.8049,1.8459,1.8869,1.928,1.969,2.0101,2.0511,2.0922
1.6708,1.6463,1.6366,1.6308,1.6284,1.6281,1.628,1.6283,1.6285,1.6289,1.6292,1.6223,1.6151,0.9778,1.542,1.5008,1.4585,1.4161,1.3735,1.3308,1.2882,1.2455,1.2028,1.1602,1.1175
3.7221,3.7782,3.8005,3.8139,3.8194,3.82,3.2765,2.7305,2.1845,1.6386,1.0926,3.8333,3.8498,3.9294,4.0177,4.1123,4.2093,4.3068,4.4047,4.5026,4.6006,4.6985,4.7965,4.8945,4.9924
4.5326,4.6009,4.6282,4.6445,4.6511,4.6519,4.6521,4.6514,4.6506,4.6498,4.6489,4.6681,4.6882,4.7851,4.8926,5.0078,2.0078,2.5362,3.0646,3.593,4.1215,4.6499,5.1783,5.7067,6.0796
1.7352,1.7098,1.6997,1.6937,1.6912,1.6909,1.6908,1.6911,1.6914,1.6917,1.692,1.0532,1.6774,1.6414,1.6015,1.5587,1.5148,1.4707,1.4264,1.3821,1.3378,1.2935,1.2492,1.2049,1.1606
1.526,1.549,1.5582,1.5637,1.5659,1.5662,1.5662,1.566,1.5657,1.5654,1.5652,1.5716,1.5784,1.611,1.6472,1.686,1.7258,1.7657,1.8059,1.846,1.8862,1.9263,1.9665,2.0067,2.0468
2.7673,2.7268,2.7107,2.701,2.6971,2.6966,2.6965,2.6969,2.6974,2.6979,2.6984,2.687,2.6751,2.6177,1.0774,1.6763,2.2752,2.3455,2.2749,2.2042,2.1336,2.0629,1.9923,1.9216,1.8509
6.0885,5.5817,5.0744,4.5671,4.0597,3.5523,3.0449,2.5376,9.4775,9.4793,9.4811,9.4412,9.3994,9.1977,8.974,8.7342,8.4881,8.2411,7.993,7.7449,7.4966,7.2483,7.0,6.7517,6.5034
1.8914,1.9199,1.9313,1.9381,1.9408,1.9412,1.9412,1.9409,1.9406,1.9403,1.9399,1.9479,1.9563,0.6414,1.4448,2.0897,2.139,2.1885,2.2383,2.288,2.3378,2.3876,2.4374,2.4871,2.5369
1.5299,1.5076,1.4986,1.4933,1.4911,1.4909,1.4908,1.491,1.4913,1.4916,1.4918,1.4856,1.479,1.4472,1.412,1.3743,1.3356,1.2967,1.2577,1.2186,1.1796,1.1405,1.1014,1.0624,1.0233
2.1516,2.184,2.1969,2.2046,2.2078,2.2082,2.2083,2.2079,2.2076,2.0735,1.3827,0.6918,2.2254,2.2714,2.3224,2.3771,2.4332,2.4896,2.5461,2.6027,2.6594,2.716,2.7726,2.8292,2.8859
10.0,10.0,10.0,10.0,10.0,10.0,10.0,10.0,10.0,10.0,10.0,10.0,10.0,10.0,10.0,10.0,10.0,10.0,10.0,10.0,10.0,4.3979,4.8977,5.3975,5.8972
2.3041,2.2704,2.257,2.249,2.2457,2.2453,2.2452,2.2456,2.2459,2.0084,1.3392,0.6701,2.2274,2.1796,2.1266,2.0698,2.0115,1.9529,1.8941,1.8353,1.7765,1.7177,1.6588,1.6,1.5411
1.4894,1.5118,1.5208,1.5261,1.5283,1.5286,1.5286,1.5284,1.5282,1.5279,1.5276,1.5339,1.5405,1.5723,1.6076,1.6455,1.6844,1.7234,1.7625,1.8017,1.8409,1.8801,1.9193,1.9585,1.9977
1.8986,1.8708,1.8598,1.8532,1.8504,1.8501,1.8501,1.8503,1.8506,1.851,1.8513,1.8435,1.8354,0.6716,1.5128,1.7055,1.6574,1.6092,1.5608,1.5123,1.4638,1.4153,1.3669,1.3184,1.2699
6.1297,5.6194,5.1087,4.5979,4.0871,3.5763,3.0655,2.5547,7.9425,7.9411,7.9396,7.9723,8.0067,8.1722,8.3557,8.5525,8.7544,8.9571,9.1607,9.3643,9.568,9.7717,9.9755,10.0,10.0
2.8387,2.8814,2.8985,2.9087,2.9129,2.9134,2.9135,2.913,2.9126,2.912,2.9115,2.9235,2.9361,2.9968,1.0545,1.6406,2.2266,2.8127,3.3593,3.4339,3.5086,3.5834,3.6581,3.7328,3.8075
1.589,1.5657,1.5565,1.5509,1.5486,1.5484,1.5483,1.5486,1.5488,1.5491,1.5494,1.5429,1.536,1.5031,1.4665,1.4273,1.3871,1.3467,1.3062,1.2657,1.2251,1.1845,1.1439,1.1034,1.0628
1.6549,1.6798,1.6897,1.6957,1.6981,1.6984,1.6985,1.6982,1.6979,1.6976,1.6973,1.1277,1.7117,1.747,1.7863,1.8283,1.8715,1.9148,1.9584,2.0019,2.0454,2.089,2.1325,2.1761,2.2197
4.2494,4.1873,4.1625,4.1477,4.1416,4.1409,4.1407,4.1414,4.142,4.1428,4.1436,4.1262,4.1079,4.0197,0.9641,1.5,2.0358,2.5716,3.1074,3.3848,3.2763,3.1678,3.0593,2.9507,2.8422
4.1807,4.1196,4.0952,4.0806,4.0746,3.7723,3.2335,2.6947,2.1559,1.6171,1.0783,4.0595,4.0415,3.9548,3.8586,3.7555,3.6497,3.5434,3.4368,3.3301,3.2233,3.1166,3.0098,2.9031,2.7963
1.65,1.6749,1.6848,1.6908,1.6932,1.6935,1.6935,1.6933,1.693,1.6927,1.6924,1.6994,1.7067,0.9086,1.7811,1.823,1.8661,1.9093,1.9527,1.9961,2.0395,2.0829,2.1263,2.1698,2.2132
1.5925,1.5692,1.5599,1.5544,1.5521,1.5519,1.5518,1.552,1.5523,1.5526,1.5529,1.5463,1.5395,1.4138,1.4698,1.4305,1.3902,1.3498,1.3091,1.2685,1.2278,1.1872,1.1465,1.1058,1.0652
2.8701,2.9134,2.9306,2.9409,2.9452,2.9456,2.9457,2.93,2.3442,1.7583,1.1725,2.9559,2.9686,3.03,3.098,3.171,3.2458,3.321,3.3965,3.472,3.5475,3.6231,3.6986,3.7741,3.8497
7.5015,7.6146,7.6597,7.6866,7.6977,7.6989,7.6992,7.6981,7.6969,7.6954,7.694,7.7258,7.759,7.9194,8.0972,8.2879,8.4836,8.6801,8.8773,3.4892,3.9798,4.49,5.0003,5.5106,6.0208
1.8913,1.8637,1.8527,1.8461,1.8434,1.8431,1.843,1.8433,1.8436,1.8439,1.7039,0.8526,1.8284,1.7891,1.7456,1.699,1.6511,1.603,1.5548,1.5065,1.4582,1.4099,1.3616,1.3133,1.265
1.4919,1.5144,1.5233,1.5287,1.5309,1.5312,1.5312,1.531,1.5307,1.5305,1.5302,1.5365,0.4323,1.575,1.6104,1.6483,1.6872,1.7263,1.7655,1.8047,1.844,1.8833,1.9225,1.9618,2.0011
2.3236,2.2896,2.276,2.2679,2.2646,2.2642,2.2641,2.2645,2.2649,2.2653,2.2657,2.2562,2.2462,0.5305,1.1951,1.8594,2.0284,1.9694,1.9101,1.8508,1.7915,1.7321,1.6728,1.6135,1.5541
6.0242,5.5227,5.0208,10.0,10.0,10.0,10.0,10.0,10.0,10.0,10.0,10.0,10.0,10.0,10.0,10.0,10.0,10.0,10.0,10.0,10.0,10.0,10.0,10.0,10.0
2.1404,2.1726,2.1855,2.1932,2.1963,2.1967,2.1968,2.1964,2.1961,2.1957,2.1953,2.2043,2.2138,0.6659,1.2487,1.9428,2.4206,2.4766,2.5329,2.5892,2.6455,2.7019,2.7582,2.8145,2.8709
1.5317,1.5093,1.5004,1.4951,1.4929,1.4926,1.4926,1.4928,1.493,1.4933,1.4936,1.4873,0.3742,1.449,1.4137,1.3759,1.3372,1.2983,1.2592,1.2201,1.181,1.1419,1.1027,1.0636,1.0245
1.9044,1.9331,1.9446,1.9514,1.9542,1.9545,1.9546,1.9543,1.954,1.9536,1.6019,0.8015,1.9698,2.0105,2.0556,2.1041,2.1537,2.2036,2.2537,2.3038,2.3539,2.404,2.4541,2.5043,2.5544
10.0,10.0,9.941,9.9056,9.8911,9.8895,9.8891,9.8906,9.8922,9.8941,9.896,9.8543,9.8106,9.6001,9.3667,9.1164,1.9238,2.4301,2.9364,3.4427,3.949,4.4553,4.9617,5.468,5.9743
2.7466,2.7065,2.6905,2.6809,2.677,2.6765,2.6764,2.6768,2.4185,1.814,1.2096,0.6827,2.6552,2.5982,2.535,2.4673,2.3978,2.328,2.2579,2.1878,2.1177,2.0475,1.9774,1.9072,1.8371
1.527,1.55,1.5592,1.5647,1.5669,1.5672,1.5672,1.567,1.5668,1.5665,1.5662,1.5726,1.5794,1.6121,1.6483,1.6871,1.7269,1.7669,1.8071,1.8472,1.8874,1.9276,1.9678,2.008,2.0482
1.7454,1.7199,1.7097,1.7036,1.7011,1.7008,1.7008,1.701,1.7013,1.7016,1.7019,1.6948,1.6873,0.8298,1.6109,1.5679,1.5237,1.4793,1.4348,1.3903,1.3457,1.3011,1.2566,1.212,1.1674
4.6295,4.6993,4.7271,4.7437,4.2424,3.7122,3.182,2.6518,2.1216,1.5913,4.7483,4.7679,4.7884,4.8874,4.9971,5.1148,5.2356,5.3568,5.4786,5.6003,5.7222,5.844,5.9659,6.0877,6.2096
3.6781,3.7336,3.7557,3.7689,3.7743,3.7749,3.7751,3.7745,3.7739,3.7732,3.7725,3.7881,3.8044,3.883,3.9702,1.5322,2.0795,2.6268,3.1741,3.7214,4.2687,4.6431,4.7399,4.8367,4.9335
1.6708,1.6464,1.6366,1.6308,1.6284,1.6281,1.6281,1.6283,1.6286,1.6289,1.6292,1.2509,1.6151,1.5805,1.5421,1.5008,1.4586,1.4161,1.3735,1.3308,1.2882,1.2455,1.2028,1.1602,1.1175
1.5679,1.5915,1.6009,1.6065,1.6088,1.6091,1.6092,1.6089,1.6087,1.6084,1.6081,1.5626,1.6217,1.6552,1.6924,1.7322,1.7731,1.8142,1.8554,1.8966,1.9379,1.9792,2.0204,2.0617,2.103
3.1834,3.1368,3.1183,3.1072,3.1026,3.1021,3.102,3.1025,3.103,3.1035,3.1041,3.0911,3.0774,3.0113,1.0278,1.5991,2.1704,2.6981,2.6169,2.5357,2.4544,2.3731,2.2918,2.2105,2.1292
6.208,5.6912,5.174,4.6567,4.1394,3.622,3.1047,2.5874,2.07,1.6237,6.2707,6.2443,6.2166,6.0832,5.9353,5.7767,5.6139,5.4505,5.2865,5.1223,4.9581,4.7939,4.6297,4.4655,4.3013
1.7856,1.8125,1.8232,1.8297,1.8323,1.8326,1.8327,1.8324,1.8321,1.8318,1.8314,1.839,1.8469,0.7205,1.6229,1.9728,2.0194,2.0661,2.1131,2.16,2.207,2.254,2.301,2.348,2.395
1.5485,1.5259,1.5168,1.5114,1.5092,1.509,1.5089,1.5091,1.5094,1.5097,1.51,1.5036,1.4969,1.4648,1.4292,1.391,1.3518,1.3125,1.273,1.2334,1.1939,1.1544,1.1148,1.0753,1.0357
2.3723,2.408,2.4223,2.4308,2.4343,2.4347,2.4348,2.4344,2.434,1.9345,1.29,0.6768,2.4537,2.5044,2.5606,2.6209,2.6828,2.7449,2.8073,2.8697,2.9322,2.9946,3.057,3.1195,3.1819
10.0,10.0,10.0,10.0,10.0,10.0,10.0,10.0,10.0,10.0,10.0,10.0,10.0,10.0,10.0,10.0,10.0,10.0,10.0,10.0,3.9171,4.4193,4.9216,5.4238,5.926
2.1202,2.0892,2.0768,2.0694,2.0664,2.0661,2.066,2.0663,2.0666,2.067,1.4543,0.7277,2.0496,2.0056,1.9568,1.9045,1.8509,1.797,1.7429,1.6888,1.6347,1.5805,1.5264,1.4722,1.4181
1.4859,1.5083,1.5173,1.5226,1.5248,1.525,1.5251,1.5249,1.5246,1.5243,1.5241,1.5303,1.5369,1.5687,1.6039,1.6417,1.6805,1.7194,1.7584,1.7975,1.8366,1.8757,1.9149,1.954,1.9931
2.0355,2.0057,1.9939,1.9868,1.9838,1.9835,1.9834,1.9837,1.9841,1.9844,1.9848,1.9765,1.9677,0.6078,1.3691,1.8285,1.7769,1.7252,1.6733,1.6213,1.5694,1.5174,1.4654,1.4134,1.3614
6.0712,5.5658,5.06,4.5541,4.0482,10.0,10.0,10.0,10.0,10.0,10.0,10.0,10.0,10.0,10.0,10.0,10.0,10.0,10.0,10.0,10.0,10.0,10.0,10.0,10.0
2.5164,2.5543,2.5694,2.5785,2.5822,2.5826,2.5827,2.5823,2.5819,2.5814,2.5809,2.5916,2.6027,2.6565,1.118,1.7394,2.3608,2.9117,2.9779,3.0441,3.1103,3.1765,3.2427,3.309,3.3752
1.5621,1.5393,1.5302,1.5247,1.5225,1.5222,1.5222,1.5224,1.5226,1.5229,1.5232,1.5168,0.3816,1.4777,1.4417,1.4032,1.3637,1.324,1.2841,1.2443,1.2044,1.1645,1.1246,1.0847,1.0448
1.7373,1.7635,1.7739,1.7802,1.7827,1.783,1.7831,1.7828,1.7825,1.7822,1.7819,0.973,1.7969,1.8341,1.8753,1.9194,1.9647,2.0102,2.0559,2.1016,2.1474,2.1931,2.2388,2.2845,2.3303
5.4497,5.3701,5.3383,5.3193,5.3115,5.3106,5.3104,5.3112,5.3121,5.3131,5.3141,5.2917,5.2683,5.1552,5.0298,1.4632,1.9859,2.5085,3.0312,3.5539,4.0765,4.0626,3.9234,3.7843,3.6451
3.4749,3.4241,3.4038,3.3917,3.3868,3.3862,3.3643,2.8037,2.2431,1.6825,1.1219,3.3741,3.3592,3.2871,3.2072,3.1215,3.0335,2.9452,2.8566,2.7679,2.6792,2.5904,2.5017,2.4129,2.3242
1.5963,1.6204,1.63,1.6357,1.6381,1.6383,1.6384,1.6381,1.6379,1.6376,1.6373,1.644,1.6511,1.101,1.7231,1.7637,1.8053,1.8471,1.8891,1.9311,1.9731,2.0151,2.0571,2.0991,2.1411
1.6433,1.6193,1.6097,1.6039,1.6016,1.6013,1.6013,1.6015,1.6018,1.6021,1.6024,1.5956,1.5886,1.1108,1.5167,1.4761,1.4346,1.3928,1.3509,1.3089,1.267,1.225,1.183,1.1411,1.0991
3.3496,3.4,3.4202,3.4322,3.4371,3.4377,3.3711,2.8094,2.2476,1.6859,1.1242,3.4497,3.4645,3.5361,3.6155,3.7007,3.7881,3.8758,3.9639,4.052,4.1401,4.2283,4.3164,4.4046,4.4928
5.3525,5.4332,5.4654,5.4846,5.4925,5.4934,5.4936,5.4928,5.4919,5.4909,5.4899,5.5125,5.5363,5.6507,5.7776,5.9137,2.0679,2.5075,3.0299,3.5523,4.0748,4.5972,5.1196,5.6421,6.1645
1.7957,1.7694,1.759,1.7527,1.7501,1.7498,1.7498,1.75,1.7503,1.7506,1.751,0.9683,1.7359,1.6986,1.6573,1.613,1.5676,1.522,1.4762,1.4303,1.3845,1.3386,1.2928,1.2469,1.2011
1.5161,1.539,1.5481,1.5535,1.5558,1.556,1.5561,1.5559,1.5556,1.5553,1.555,1.5615,0.4393,1.6006,1.6365,1.6751,1.7146,1.7543,1.7942,1.8341,1.874,1.9139,1.9538,1.9937,2.0336
2.5848,2.547,2.5319,2.5229,2.5192,2.5188,2.5187,2.5191,2.5195,2.5199,2.5204,2.5098,2.4987,0.5778,1.1221,1.7459,2.2565,2.1908,2.1248,2.0589,1.9929,1.9269,1.8609,1.7948,1.7288
6.0778,5.5719,5.0655,4.559,4.0526,3.5461,10.0,10.0,10.0,10.0,10.0,10.0,10.0,10.0,10.0,10.0,10.0,10.0,10.0,10.0,10.0,10.0,10.0,10.0,9.6495
1.9842,2.0141,2.026,2.0331,2.036,2.0364,2.0364,2.0361,2.0358,2.0354,2.0351,2.0435,2.0523,0.6173,1.3661,2.1255,2.2439,2.2959,2.348,2.4002,2.4525,2.5047,2.5569,2.6091,2.6613
1.5343,1.5119,1.5029,1.4976,1.4954,1.4951,1.4951,1.4953,1.4955,1.4958,1.4961,1.4898,1.4832,1.4514,1.4161,1.3782,1.3394,1.3004,1.2613,1.2221,1.183,1.1438,1.1046,1.0654,1.0262
2.0548,2.0858,2.0982,2.1055,2.1086,2.1089,2.109,2.1087,2.1083,2.1079,1.4626,0.7319,2.1254,2.1693,2.218,2.2702,2.3238,2.3777,2.4317,2.4857,2.5398,2.5939,2.648,2.7021,2.7562
10.0,10.0,10.0,10.0,10.0,10.0,10.0,10.0,10.0,10.0,10.0,10.0,10.0,10.0,10.0,10.0,10.0,10.0,2.9202,3.4237,3.9272,4.4308,4.9343,5.4378,5.9413
2.4617,2.4257,2.4114,2.4028,2.3993,2.3989,2.3988,2.3991,2.3995,1.9343,1.2898,0.6454,2.3797,2.3287,2.272,2.2113,2.149,2.0865,2.0237,1.9608,1.898,1.8351,1.7723,1.7094,1.6465
1.5075,1.5302,1.5392,1.5446,1.5469,1.5471,1.5472,1.5469,1.5467,1.5464,1.5461,1.5525,1.5592,1.5914,1.6272,1.6655,1.7048,1.7443,1.7839,1.8236,1.8632,1.9029,1.9426,1.9823,2.0219
1.8418,1.8148,1.8041,1.7977,1.795,1.7947,1.7947,1.795,1.7952,1.7956,1.7959,1.7884,1.7804,0.7263,1.6362,1.6544,1.6078,1.561,1.514,1.467,1.42,1.373,1.3259,1.2789,1.2319
6.1743,5.7145,5.1952,4.6757,4.1563,3.6369,3.1174,2.5979,2.0785,6.3339,6.3328,6.3589,6.3863,6.5183,6.6646,6.8216,6.9826,7.1443,7.3067,7.4691,7.6316,7.7941,7.9566,8.1191,8.2816
3.1187,3.1657,3.1845,3.1957,3.2003,3.2008,3.2009,3.2004,3.1999,3.1993,3.1987,3.2119,3.2258,3.2925,1.0443,1.6017,2.1739,2.746,3.3182,3.7727,3.8548,3.9369,4.019,4.1011,4.1831
1.6238,1.6001,1.5906,1.5849,1.5826,1.5823,1.5823,1.5825,1.5828,1.5831,1.5834,1.5529,1.5697,1.536,1.4987,1.4586,1.4175,1.3763,1.3349,1.2934,1.252,1.2105,1.169,1.1276,1.0861
1.625,1.6495,1.6593,1.6651,1.6675,1.6678,1.6679,1.6676,1.6674,1.667,1.6667,1.2656,1.6808,1.7156,1.7541,1.7954,1.8378,1.8803,1.9231,1.9658,2.0086,2.0513,2.0941,2.1369,2.1797
3.7777,3.7224,3.7004,3.6872,3.6818,3.6812,3.6811,3.6816,3.6822,3.6829,3.6836,3.6681,3.6519,3.5735,0.9903,1.5408,2.0913,2.6417,3.1055,3.009,2.9126,2.8161,2.7197,2.6232,2.5267
4.8409,4.7701,4.7419,4.725,4.2561,3.7242,3.1923,2.6603,2.1284,1.5965,4.7204,4.7005,4.6797,4.5793,4.4679,4.3485,4.226,4.103,3.9795,3.856,3.7323,3.6087,3.4851,3.3615,3.2379
1.7044,1.7301,1.7404,1.7465,1.749,1.7493,1.7494,1.7491,1.7488,1.7485,1.7482,1.7554,1.7629,0.8285,1.8398,1.8831,1.9276,1.9722,2.017,2.0619,2.1067,2.1516,2.1965,2.2413,2.2862
1.5801,1.557,1.5478,1.5423,1.54,1.5398,1.5397,1.54,1.5402,1.5405,1.5408,1.5343,1.5275,1.4947,1.4584,1.4194,1.3794,1.3393,1.299,1.2586,1.2183,1.1779,1.1376,1.0972,1.0569
2.6649,2.7051,2.7211,2.7307,2.7346,2.7351,2.7352,2.7347,2.4362,1.8274,1.2185,2.7446,2.7564,2.8134,2.8766,2.9443,3.0138,3.0836,3.1537,3.2238,3.2939,3.364,3.4342,3.5043,3.5745
10.0,10.0,10.0,10.0,10.0,10.0,10.0,10.0,10.0,10.0,10.0,10.0,10.0,10.0,10.0,10.0,10.0,10.0,2.9504,3.4591,3.9679,4.4766,4.9853,5.4941,6.0028
1.979,1.9501,1.9386,1.9317,1.9288,1.9285,1.9284,1.9287,1.929,1.9294,1.604,0.8026,1.9131,1.8721,1.8266,1.7777,1.7277,1.6774,1.6269,1.5764,1.5258,1.4753,1.4248,1.3742,1.3237
1.4944,1.5169,1.5259,1.5312,1.5334,1.5337,1.5338,1.5335,1.5333,1.533,1.5327,1.539,0.433,1.5776,1.613,1.651,1.69,1.7291,1.7684,1.8077,1.8471,1.8864,1.9257,1.9651,2.0044
2.2114,2.179,2.1661,2.1584,2.1553,2.1549,2.1548,2.1552,2.1555,2.1559,2.1563,2.1472,2.1377,0.5595,1.2603,1.9608,1.9305,1.8743,1.8179,1.7614,1.705,1.6485,1.592,1.5356,1.4791
6.062,5.5574,5.0523,4.5472,4.042,3.5369,3.0317,10.0,10.0,10.0,10.0,10.0,10.0,10.0,10.0,10.0,10.0,10.0,10.0,10.0,10.0,10.0,10.0,10.0,10.0
2.2777,2.3121,2.3258,2.3339,2.3373,2.3377,2.3378,2.3374,2.3371,2.3366,2.3362,2.3458,2.3559,2.4046,1.1992,1.8658,2.5324,2.6356,2.6955,2.7554,2.8153,2.8753,2.9352,2.9952,3.0551
1.5484,1.5258,1.5168,1.5114,1.5092,1.5089,1.5089,1.5091,1.5093,1.5096,1.5099,1.5035,0.3782,1.4648,1.4291,1.391,1.3518,1.3124,1.2729,1.2334,1.1939,1.1543,1.1148,1.0752,1.0357
1.8431,1.8709,1.882,1.8886,1.8913,1.8916,1.8917,1.8914,1.8911,1.8908,1.7236,0.8624,1.9064,1.9458,1.9895,2.0363,2.0844,2.1327,2.1812,2.2296,2.2781,2.3266,2.3752,2.4237,2.4722
7.6576,7.5457,7.501,7.4743,7.4634,7.4621,7.4618,7.463,7.4642,7.4656,7.467,7.4356,7.4026,7.2438,7.0676,1.4396,1.9539,2.4681,2.9823,3.4966,4.0108,4.525,5.0392,5.3174,5.1219
2.9966,2.9528,2.9353,2.9249,2.9206,2.9201,2.92,2.9205,2.3565,1.7676,1.1787,2.9097,2.8968,2.8347,2.7657,2.6918,2.616,2.5399,2.4634,2.3869,2.3104,2.2339,2.1574,2.0808,2.0043
1.5584,1.5818,1.5912,1.5968,1.5991,1.5994,1.5994,1.5992,1.5989,1.5986,1.5983,1.6049,1.6118,1.4082,1.6821,1.7217,1.7624,1.8032,1.8442,1.8851,1.9262,1.9672,2.0082,2.0492,2.0902
1.711,1.686,1.676,1.6701,1.6676,1.6673,1.6673,1.6675,1.6678,1.6681,1.6684,1.6614,1.6541,0.9221,1.5792,1.537,1.4937,1.4502,1.4066,1.3629,1.3192,1.2755,1.2318,1.1881,1.1444
4.0538,4.1149,4.1392,4.1538,4.1598,3.8076,3.2637,2.7199,2.1761,1.6322,1.1394,4.1749,4.1929,4.2796,4.3757,4.4787,4.5845,4.6906,4.7972,4.9039,5.0105,5.1172,5.2239,5.3306,5.4373
4.1938,4.257,4.2822,4.2973,4.3035,4.3042,4.3043,4.3037,4.303,4.3022,4.3014,4.3192,4.3378,4.4274,4.5269,1.5108,2.0499,2.5894,3.1289,3.6684,4.2079,4.7474,5.2869,5.5148,5.6252
1.7229,1.6977,1.6877,1.6817,1.6792,1.6789,1.6789,1.6791,1.6794,1.6797,1.68,1.1295,1.6656,1.6298,1.5902,1.5477,1.5041,1.4603,1.4163,1.3724,1.3284,1.2844,1.2404,1.1964,1.1524
1.5536,1.577,1.5863,1.5919,1.5942,1.5944,1.5945,1.5943,1.594,1.5937,1.5934,1.6,1.6069,1.6401,1.6769,1.7164,1.7569,1.7976,1.8385,1.8793,1.9202,1.9611,2.002,2.0429,2.0838
2.9355,2.8926,2.8755,2.8652,2.861,2.8606,2.8605,2.8609,2.8614,2.8619,2.8624,2.8504,2.8378,2.7769,1.0661,1.6587,2.2512,2.4881,2.4132,2.3382,2.2633,2.1883,2.1134,2.0384,1.9634
6.1816,5.667,5.152,4.6369,4.1217,3.6066,3.0915,2.5763,2.0674,7.9883,7.9898,7.9561,7.9209,7.7509,7.5624,7.3603,7.153,6.9448,6.7357,6.5266,6.3174,6.1082,5.8989,5.6897,5.4804
1.864,1.8921,1.9033,1.91,1.9128,1.9131,1.9132,1.9129,1.9126,1.9122,1.9119,1.9198,1.928,0.6748,1.52,2.0595,2.1081,2.1569,2.2059,2.2549,2.304,2.3531,2.4021,2.4512,2.5002
1.5492,1.5266,1.5175,1.5121,1.5099,1.5097,1.5096,1.5098,1.5101,1.5104,1.5107,1.5043,1.4976,1.4655,1.4299,1.3916,1.3524,1.3131,1.2735,1.234,1.1945,1.1549,1.1153,1.0758,1.0362
2.2489,2.2828,2.2963,2.3044,2.3077,2.3081,2.3082,2.3078,2.3075,2.0342,1.3565,0.6787,2.3261,2.3742,2.4275,2.4847,2.5433,2.6022,2.6614,2.7205,2.7797,2.8389,2.8981,2.9573,3.0165
8.9321,8.9321,8.9321,8.9321,8.9321,8.9321,8.9321,8.9321,8.9321,8.9321,8.9321,8.9321,8.9321,8.9321,8.9321,8.9321,8.9321,8.9321,2.9275,3.4323,3.9371,4.4418,4.9466,5.4514,5.9561
2.2484,2.2155,2.2024,2.1945,2.1913,2.1909,2.1909,2.1912,2.1916,2.0881,1.3924,0.6967,2.1735,2.1268,2.0751,2.0197,1.9628,1.9056,1.8483,1.7909,1.7335,1.6761,1.6187,1.5612,1.5038
1.5004,1.523,1.532,1.5374,1.5396,1.5398,1.5399,1.5397,1.5394,1.5391,1.5389,1.5452,1.5519,1.5839,1.6195,1.6576,1.6968,1.7361,1.7755,1.815,1.8545,1.894,1.9334,1.9729,2.0124
1.965,1.9363,1.9248,1.918,1.9152,1.9148,1.9148,1.9151,1.9154,1.9157,1.9161,1.908,1.8996,0.651,1.4665,1.7652,1.7154,1.6655,1.6154,1.5652,1.515,1.4649,1.4147,1.3645,1.3143
6.1586,5.6459,5.1328,4.6196,4.1064,3.5932,3.08,2.5668,9.5812,9.5794,9.5776,9.6172,9.6586,9.8582,10.0,10.0,10.0,10.0,10.0,10.0,10.0,10.0,10.0,10.0,10.0
2.729,2.7701,2.7865,2.7963,2.8004,2.8008,2.8009,2.8005,2.8001,2.7995,2.799,2.8106,2.8227,2.881,1.087,1.6913,2.2955,2.8996,3.2295,3.3013,3.3731,3.4449,3.5167,3.5886,3.6604
1.5921,1.5688,1.5595,1.554,1.5517,1.5515,1.5514,1.5516,1.5519,1.5522,1.5525,1.5459,0.3889,1.5061,1.4694,1.4302,1.3899,1.3494,1.3088,1.2682,1.2275,1.1869,1.1462,1.1055,1.0649
1.7001,1.7257,1.7359,1.742,1.7445,1.7448,1.7449,1.7446,1.7443,1.744,1.7437,1.0722,1.7584,1.7948,1.8351,1.8783,1.9226,1.9671,2.0118,2.0566,2.1013,2.146,2.1908,2.2355,2.2803
4.6811,4.6127,4.5854,4.5691,4.5624,4.5616,4.5614,4.5621,4.5629,4.5637,4.5646,4.5454,4.5252,4.4281,0.9632,1.4986,2.034,2.5693,3.1047,3.64,3.6092,3.4896,3.3701,3.2505,3.131
3.9133,3.856,3.8332,3.8196,3.814,3.8133,3.3113,2.7595,2.2077,1.656,1.1042,3.7998,3.7829,3.7018,3.6117,3.5152,3.4162,3.3168,3.2169,3.1171,3.0171,2.9172,2.8173,2.7173,2.6174
1.6435,1.6683,1.6782,1.6841,1.6865,1.6868,1.6868,1.6866,1.6863,1.686,1.6857,1.6926,1.6999,0.9824,1.774,1.8158,1.8587,1.9017,1.9449,1.9882,2.0314,2.0747,2.1179,2.1612,2.2045
1.626,1.6022,1.5927,1.5871,1.5848,1.5845,1.5844,1.5847,1.5849,1.5852,1.5855,1.5789,1.5719,1.2916,1.5007,1.4606,1.4195,1.3782,1.3367,1.2952,1.2537,1.2121,1.1706,1.1291,1.0876
3.0639,3.1101,3.1285,3.1395,3.144,3.1445,3.1447,2.9087,2.3271,1.7455,1.1639,3.1555,3.1691,3.2346,3.3072,3.3851,3.465,3.5453,3.6258,3.7064,3.7871,3.8677,3.9484,4.029,4.1096
6.5614,6.6603,6.6997,6.7233,6.733,6.7341,6.7343,6.7333,6.7323,6.731,6.7298,6.7575,6.7866,6.9269,7.0825,7.2493,7.4204,2.4936,3.0131,3.5327,4.0522,4.5717,5.0913,5.6108,6.1304
1.8706,1.8432,1.8323,1.8258,1.8231,1.8228,1.8227,1.823,1.8233,1.8237,1.802,0.9017,1.8083,1.7695,1.7264,1.6803,1.633,1.5854,1.5377,1.49,1.4422,1.3945,1.3467,1.2989,1.2511
1.515,1.5378,1.5469,1.5524,1.5546,1.5549,1.5549,1.5547,1.5544,1.5542,1.5539,1.5603,0.439,1.5994,1.6353,1.6738,1.7133,1.753,1.7928,1.8327,1.8726,1.9124,1.9523,1.9922,2.0321
2.4397,2.404,2.3898,2.3813,2.3778,2.3774,2.3773,2.3776,2.378,2.3785,2.3789,2.3689,2.3584,0.5453,1.177,1.8312,2.1298,2.0678,2.0055,1.9433,1.881,1.8187,1.7564,1.6941,1.6318
6.1016,5.5936,5.0853,4.5769,4.0684,3.5599,3.0515,2.543,10.0,10.0,10.0,10.0,10.0,10.0,10.0,10.0,10.0,10.0,10.0,10.0,10.0,10.0,10.0,10.0,10.0
2.0975,2.1291,2.1417,2.1492,2.1523,2.1527,2.1528,2.1524,2.1521,2.1517,2.1513,2.1602,2.1695,0.6526,1.3035,2.028,2.3721,2.427,2.4822,2.5373,2.5925,2.6477,2.7029,2.7581,2.8133
1.5474,1.5248,1.5157,1.5104,1.5081,1.5079,1.5078,1.5081,1.5083,1.5086,1.5089,1.5025,0.378,1.4638,1.4282,1.39,1.3508,1.3115,1.272,1.2326,1.193,1.1535,1.114,1.0745,1.035
1.9782,2.008,2.0199,2.027,2.03,2.0303,2.0304,2.0301,2.0297,2.0294,1.5605,0.7808,2.0461,2.0884,2.1353,2.1856,2.2372,2.289,2.341,2.3931,2.4451,2.4972,2.5493,2.6013,2.6534
7.8986,7.8986,7.8986,7.8986,7.8986,7.8986,7.8986,7.8986,7.8986,7.8986,7.8986,7.8986,7.8986,7.8986,7.8986,7.8986,1.9514,2.4485,2.9587,3.4689,3.979,4.4892,4.9993,5.5095,6.0196
2.6559,2.617,2.6016,2.5923,2.5885,2.5881,2.588,2.5884,2.5017,1.8765,1.2513,0.6602,2.5674,2.5123,2.4512,2.3857,2.3185,2.251,2.1833,2.1155,2.0477,1.9799,1.912,1.8442,1.7764
1.5345,1.5576,1.5668,1.5723,1.5746,1.5749,1.5749,1.5747,1.5744,1.5741,1.5738,1.5803,1.5871,1.62,1.6563,1.6953,1.7354,1.7755,1.8159,1.8563,1.8966,1.937,1.9774,2.0178,2.0582
1.7988,1.7725,1.762,1.7558,1.7532,1.7529,1.7528,1.7531,1.7534,1.7537,1.754,1.7467,1.7389,0.7947,1.6602,1.6159,1.5703,1.5246,1.4787,1.4328,1.3869,1.341,1.295,1.2491,1.2032
5.1714,5.2494,5.2805,4.7826,4.2513,3.72,3.1886,2.6573,2.126,1.5947,5.3041,5.326,5.3489,5.4595,5.5821,5.7136,5.8484,5.9839,6.1199,6.2559,6.392,6.5281,6.6642,6.8003,6.9364
3.4766,3.529,3.5499,3.5624,3.5675,3.5681,3.5682,3.5677,3.5671,3.5664,3.5658,3.5805,3.5959,3.6702,3.7526,1.5738,2.136,2.6982,3.2604,3.8226,4.2971,4.3886,4.4801,4.5716,4.6631
1.6693,1.6449,1.6352,1.6294,1.627,1.6267,1.6266,1.6269,1.6272,1.6275,1.6278,1.3654,1.6137,1.5791,1.5407,1.4995,1.4573,1.4149,1.3723,1.3297,1.2871,1.2444,1.2018,1.1592,1.1165
1.6056,1.6298,1.6394,1.6452,1.6476,1.6478,1.6479,1.6477,1.6474,1.6471,1.6468,1.4485,1.6607,1.695,1.7331,1.7739,1.8158,1.8578,1.9001,1.9423,1.9846,2.0268,2.0691,2.1113,2.1536
3.4225,3.3725,3.3525,3.3406,3.3357,3.3351,3.335,3.3355,3.3361,3.3367,3.3373,3.3233,3.3085,3.2375,1.0236,1.5926,2.1615,2.7304,2.8135,2.7262,2.6388,2.5514,2.464,2.3766,2.2892
5.7719,5.6875,5.2835,4.7552,4.2269,3.6987,3.1704,2.6421,2.1138,1.5855,5.6282,5.6045,5.5797,5.46,5.3272,5.1848,5.0388,4.8921,4.7448,4.5975,4.4502,4.3028,4.1554,4.008,3.8606
1.7721,1.7988,1.8094,1.8158,1.8184,1.8187,1.8188,1.8185,1.8182,1.8179,1.8175,1.825,1.8329,0.7663,1.7262,1.9578,2.004,2.0505,2.0971,2.1437,2.1903,2.2369,2.2836,2.3302,2.3769
1.577,1.5539,1.5447,1.5392,1.537,1.5367,1.5367,1.5369,1.5372,1.5374,1.5377,1.5313,1.5245,1.4918,1.4555,1.4166,1.3767,1.3366,1.2964,1.2561,1.2159,1.1756,1.1353,1.0951,1.0548
2.5028,2.5405,2.5556,2.5646,2.5683,2.5687,2.5688,2.5684,2.5493,1.9122,1.2751,0.7141,2.5887,2.6422,2.7016,2.7652,2.8305,2.896,2.9618,3.0277,3.0935,3.1594,3.2253,3.2912,3.357
7.3707,7.3707,7.3707,7.3707,7.3707,7.3707,7.3707,7.3707,7.3707,7.3707,7.3707,7.3707,7.3707,7.3707,7.3707,7.3707,7.3707,2.4484,2.9585,3.4686,3.9787,4.4888,4.9989,5.509,6.0192
2.0862,2.0557,2.0435,2.0362,2.0332,2.0329,2.0328,2.0331,2.0335,2.0338,1.5245,0.7628,2.0167,1.9734,1.9254,1.874,1.8212,1.7682,1.7149,1.6617,1.6084,1.5552,1.5019,1.4486,1.3953
1.5054,1.5281,1.5371,1.5425,1.5447,1.545,1.5451,1.5448,1.5446,1.5443,1.544,1.5504,0.4362,1.5892,1.6249,1.6632,1.7025,1.7419,1.7815,1.8211,1.8607,1.9003,1.9399,1.9796,2.0192
2.1225,2.0915,2.0791,2.0717,2.0686,2.0683,2.0682,2.0685,2.0689,2.0693,2.0697,2.0609,2.0518,0.5948,1.3398,1.9066,1.8529,1.799,1.7448,1.6906,1.6364,1.5822,1.528,1.4738,1.4196
6.1348,5.6241,5.113,4.6018,4.0906,3.5793,3.0681,2.5569,2.0635,10.0,10.0,10.0,10.0,10.0,10.0,10.0,10.0,10.0,10.0,10.0,10.0,10.0,10.0,10.0,10.0
2.4462,2.4831,2.4978,2.5066,2.5102,2.5106,2.5107,2.5103,2.5099,2.5095,2.509,2.5194,2.5302,2.5825,1.1605,1.8057,2.4507,2.8306,2.8949,2.9592,3.0236,3.088,3.1524,3.2168,3.2811
1.5743,1.5513,1.5421,1.5366,1.5344,1.5341,1.5341,1.5343,1.5345,1.5348,1.5351,1.5287,0.3846,1.4892,1.453,1.4142,1.3743,1.3343,1.2942,1.254,1.2138,1.1736,1.1334,1.0932,1.053
1.7964,1.8235,1.8343,1.8408,1.8434,1.8437,1.8438,1.8435,1.8432,1.8429,1.8425,0.9379,1.8581,1.8965,1.9391,1.9848,2.0316,2.0787,2.1259,2.1732,2.2204,2.2677,2.315,2.3623,2.4096
6.196,6.1055,6.0693,6.0477,6.0389,6.0379,6.0376,6.0385,6.0395,6.0407,6.0418,6.0164,5.9897,5.8612,5.7187,1.4706,1.9959,2.5213,3.0466,3.5719,4.0972,4.6189,4.4607,4.3025,4.1443
3.3122,3.2638,3.2445,3.2329,3.2282,3.2277,3.2275,2.8891,2.3114,1.7338,1.1561,3.2162,3.2019,3.1332,3.057,2.9753,2.8915,2.8073,2.7228,2.6383,2.5537,2.4691,2.3846,2.3,2.2154
1.5998,1.6239,1.6335,1.6393,1.6416,1.6419,1.642,1.6417,1.6415,1.6412,1.6409,1.6476,1.6547,1.2153,1.7268,1.7675,1.8092,1.8511,1.8932,1.9353,1.9774,2.0195,2.0616,2.1037,2.1458
1.688,1.6633,1.6534,1.6476,1.6452,1.6449,1.6448,1.6451,1.6453,1.6456,1.646,1.639,1.6318,1.042,1.5579,1.5163,1.4736,1.4307,1.3876,1.3445,1.3014,1.2583,1.2152,1.1721,1.129
3.6303,3.685,3.7068,3.7199,3.7252,3.7258,3.3681,2.8069,2.2456,1.6844,1.1232,3.7388,3.7549,3.8325,3.9186,4.0109,4.1056,4.2007,4.2961,4.3916,4.4871,4.5827,4.6782,4.7738,4.8693
4.8972,4.971,5.0005,5.0181,5.0253,5.0261,5.0263,5.0255,5.0247,5.0238,5.0229,5.0436,5.0653,5.17,5.2861,5.4106,2.033,2.5681,3.1032,3.6383,4.1733,4.7084,5.2435,5.7785,6.3136
1.788,1.7619,1.7515,1.7452,1.7427,1.7424,1.7423,1.7426,1.7429,1.7432,1.7435,1.0365,1.7285,1.6914,1.6503,1.6062,1.5609,1.5155,1.4699,1.4242,1.3786,1.3329,1.2873,1.2416,1.1959
1.5485,1.5719,1.5812,1.5867,1.589,1.5893,1.5893,1.5891,1.5888,1.5885,1.5883,1.5948,0.4487,1.6348,1.6715,1.7109,1.7512,1.7918,1.8325,1.8732,1.914,1.9548,1.9955,2.0363,2.077
2.7413,2.7012,2.6852,2.6757,2.6718,2.6713,2.6712,2.6716,2.6721,2.6726,2.6731,2.6618,2.65,0.6128,1.1132,1.732,2.3507,2.3235,2.2535,2.1836,2.1136,2.0436,1.9735,1.9035,1.8335
6.1912,5.6757,5.1599,4.644,4.1281,3.6122,3.0963,2.5803,2.0644,10.0,10.0,10.0,10.0,10.0,10.0,10.0,9.8701,9.5828,9.2944,9.0058,8.7171,8.4284,8.1397,7.851,7.5622
1.9599,1.9895,2.0012,2.0083,2.0112,2.0115,2.0116,2.0113,2.011,2.0106,2.0102,2.0185,2.0272,0.6386,1.4386,2.1654,2.2165,2.2678,2.3194,2.3709,2.4225,2.4741,2.5257,2.5773,2.6288
1.5589,1.5361,1.527,1.5215,1.5193,1.5191,1.519,1.5192,1.5195,1.5198,1.52,1.5136,1.5069,1.4746,1.4387,1.4003,1.3609,1.3212,1.2815,1.2417,1.2019,1.1621,1.1223,1.0825,1.0426
2.1513,2.1837,2.1967,2.2044,2.2076,2.2079,2.208,2.2077,2.2073,2.1559,1.4376,0.7193,2.2252,2.2711,2.3221,2.3768,2.4329,2.4893,2.5459,2.6024,2.6591,2.7157,2.7723,2.8289,2.8856
6.6524,6.6524,6.6524,6.6524,6.6524,6.6524,6.6524,6.6524,6.6524,6.6524,6.6524,6.6524,6.6524,6.6524,6.6524,6.6524,1.9388,2.449,2.9593,3.4695,3.9798,4.49,5.0003,5.5106,6.0208
2.405,2.3699,2.3558,2.3474,2.344,2.3436,2.3435,2.3439,2.3443,2.0153,1.3438,0.6724,2.3249,2.275,2.2197,2.1604,2.0995,2.0384,1.9771,1.9157,1.8543,1.7929,1.7314,1.67,1.6086
1.5236,1.5466,1.5558,1.5612,1.5635,1.5637,1.5638,1.5636,1.5633,1.563,1.5627,1.5692,1.5759,1.6085,1.6446,1.6834,1.7231,1.763,1.8031,1.8432,1.8833,1.9234,1.9635,2.0036,2.0437
1.911,1.8831,1.8719,1.8653,1.8625,1.8622,1.8621,1.8624,1.8627,1.8631,1.8634,1.8556,1.8474,0.7043,1.5865,1.7166,1.6683,1.6197,1.571,1.5222,1.4734,1.4246,1.3758,1.327,1.2782
6.2836,5.7604,5.2369,4.7133,4.1897,3.6661,3.1425,2.6188,2.0952,7.3716,7.3702,7.4006,7.4325,7.5861,7.7565,7.9392,8.1266,8.3148,8.5037,8.6927,8.8819,9.071,9.2601,9.4492,9.6384
2.9948,3.0399,3.0579,3.0687,3.0731,3.0736,3.0737,3.0733,3.0728,3.0722,3.0717,3.0843,3.0976,3.1616,1.0643,1.6559,2.2474,2.8389,3.4303,3.6228,3.7016,3.7805,3.8593,3.9381,4.0169
1.6323,1.6084,1.5989,1.5932,1.5909,1.5906,1.5906,1.5908,1.5911,1.5914,1.5917,1.585,1.5779,1.5441,1.5065,1.4663,1.425,1.3835,1.3418,1.3002,1.2585,1.2168,1.1751,1.1334,1.0918
1.6744,1.6997,1.7097,1.7158,1.7182,1.7185,1.7186,1.7183,1.718,1.7177,1.7174,1.1992,1.7319,1.7677,1.8074,1.85,1.8936,1.9375,1.9815,2.0256,2.0696,2.1137,2.1578,2.2019,2.2459
4.1327,4.0722,4.0481,4.0337,4.0278,4.0271,4.027,4.0276,4.0283,4.029,4.0298,4.0128,3.995,3.9093,0.9926,1.5443,2.096,2.6476,3.1992,3.2918,3.1863,3.0808,2.9752,2.8697,2.7641
4.4961,4.4303,4.4041,4.3884,4.3723,3.8258,3.2794,2.7329,2.1865,1.6401,1.1361,4.3657,4.3463,4.2531,4.1497,4.0388,3.925,3.8107,3.696,3.5813,3.4665,3.3517,3.2369,3.122,3.0072
1.7028,1.7285,1.7387,1.7448,1.7473,1.7476,1.7477,1.7474,1.7471,1.7468,1.7465,1.7537,1.7612,0.8931,1.838,1.8813,1.9257,1.9703,2.0151,2.0599,2.1047,2.1495,2.1943,2.2391,2.284
1.6187,1.595,1.5855,1.5799,1.5776,1.5773,1.5773,1.5775,1.5778,1.5781,1.5784,1.5717,1.5648,1.5312,1.4939,1.454,1.4131,1.3719,1.3306,1.2893,1.248,1.2067,1.1653,1.124,1.0826
2.8425,2.8853,2.9024,2.9126,2.9168,2.9173,2.9174,2.9169,2.4253,1.8191,1.213,2.9274,2.94,3.0008,3.0682,3.1404,3.2146,3.289,3.3638,3.4385,3.5133,3.5881,3.663,3.7378,3.8126
6.274,6.274,6.274,6.274,6.274,6.274,6.274,6.274,6.274,6.274,6.274,6.274,6.274,6.274,6.274,6.274,1.9747,2.4945,3.0142,3.5339,4.0536,4.5734,5.0931,5.6128,6.1325
1.9622,1.9336,1.9221,1.9153,1.9125,1.9121,1.9121,1.9124,1.9127,1.913,1.6972,0.8492,1.8969,1.8562,1.8111,1.7627,1.713,1.6631,1.6131,1.563,1.5129,1.4628,1.4127,1.3626,1.3125
1.5227,1.5456,1.5548,1.5603,1.5625,1.5628,1.5628,1.5626,1.5623,1.562,1.5618,1.5682,0.4412,1.6075,1.6436,1.6823,1.722,1.7619,1.8019,1.842,1.8821,1.9221,1.9622,2.0023,2.0424
2.3251,2.2911,2.2775,2.2694,2.2661,2.2657,2.2656,2.266,2.2663,2.2668,2.2672,2.2576,2.2476,0.5522,1.2438,1.9352,2.0297,1.9707,1.9113,1.852,1.7926,1.7333,1.6739,1.6145,1.5551
6.161,5.6481,5.1348,4.6214,4.108,3.5946,3.0812,2.5677,2.0543,10.0,10.0,10.0,10.0,10.0,10.0,10.0,10.0,10.0,10.0,10.0,10.0,10.0,10.0,10.0,10.0
2.2357,2.2694,2.2828,2.2909,2.2942,2.2945,2.2946,2.2943,2.2939,2.2935,2.2931,2.3025,2.3124,0.6956,1.2543,1.9516,2.5284,2.5869,2.6457,2.7045,2.7634,2.8222,2.8811,2.9399,2.9987
1.5696,1.5467,1.5375,1.5321,1.5298,1.5296,1.5295,1.5298,1.53,1.5303,1.5306,1.5241,0.3834,1.4848,1.4487,1.41,1.3703,1.3304,1.2903,1.2503,1.2102,1.1701,1.13,1.09,1.0499
1.9192,1.9482,1.9597,1.9666,1.9694,1.9698,1.9698,1.9695,1.9692,1.9689,1.6805,0.8409,1.9851,2.0262,2.0717,2.1204,2.1705,2.2208,2.2712,2.3217,2.3722,2.4227,2.4733,2.5238,2.5743
6.0617,6.0617,6.0617,6.0617,6.0617,6.0617,6.0617,6.0617,6.0617,6.0617,6.0617,6.0617,6.0617,6.0617,6.0617,6.0617,1.9754,2.4953,3.0152,3.5351,4.055,4.5749,5.0948,5.6147,6.1346
2.8967,2.8544,2.8375,2.8274,2.8232,2.8228,2.8227,2.8231,2.4444,1.8335,1.2226,0.7201,2.8003,2.7402,2.6735,2.6021,2.5288,2.4552,2.3813,2.3074,2.2334,2.1594,2.0854,2.0115,1.9375
1.5712,1.5949,1.6044,1.61,1.6123,1.6126,1.6127,1.6124,1.6122,1.6119,1.6116,1.6182,1.6252,1.603,1.696,1.736,1.7769,1.8181,1.8594,1.9007,1.9421,1.9834,2.0248,2.0662,2.1075
1.7687,1.7428,1.7325,1.7264,1.7238,1.7235,1.7235,1.7237,1.724,1.7243,1.7247,1.7174,1.7098,0.8812,1.6324,1.5888,1.544,1.4991,1.454,1.4088,1.3637,1.3185,1.2733,1.2282,1.183
4.4838,4.5514,4.5784,4.5945,4.3748,3.828,3.2813,2.7345,2.1878,1.641,4.5989,4.6179,4.6377,4.7336,4.8399,4.9539,5.0708,5.1883,5.3062,5.4241,5.5421,5.6601,5.7781,5.8962,6.0142
3.9429,4.0023,4.026,4.0402,4.046,4.0467,4.0468,4.0462,4.0456,4.0448,4.0441,4.0608,4.0783,4.1626,4.256,1.5564,2.1123,2.6683,3.2242,3.7802,4.3361,4.8921,5.0811,5.1849,5.2886
1.7269,1.7016,1.6915,1.6855,1.683,1.6828,1.6827,1.683,1.6832,1.6835,1.6839,1.2273,1.6693,1.6335,1.5938,1.5512,1.5075,1.4636,1.4196,1.3755,1.3314,1.2873,1.2432,1.1991,1.155
1.5962,1.6203,1.6299,1.6356,1.638,1.6382,1.6383,1.638,1.6378,1.6375,1.6372,1.6439,1.651,1.6851,1.723,1.7636,1.8052,1.847,1.889,1.931,1.973,2.015,2.057,2.099,2.141
3.1508,3.1047,3.0864,3.0754,3.0709,3.0704,3.0702,3.0707,3.0712,3.0718,3.0724,3.0594,3.0459,2.9805,1.0649,1.6568,2.2487,2.6705,2.5901,2.5097,2.4293,2.3488,2.2684,2.1879,2.1074
5.8395,5.8066,5.2789,4.7511,4.2233,3.6955,3.1677,2.6398,2.112,1.6684,6.9849,6.9555,6.9247,6.7761,6.6113,6.4346,6.2534,6.0713,5.8886,5.7058,5.5229,5.3399,5.157,4.9741,4.7912
1.855,1.8829,1.8941,1.9008,1.9035,1.9038,1.9039,1.9036,1.9033,1.9029,1.9026,1.9104,1.9187,0.7177,1.6168,2.0495,2.0978,2.1464,2.1952,2.244,2.2928,2.3416,2.3904,2.4393,2.4881
1.5832,1.5601,1.5508,1.5453,1.543,1.5428,1.5427,1.543,1.5432,1.5435,1.5438,1.5373,1.5305,1.4976,1.4612,1.4222,1.3821,1.3419,1.3015,1.2611,1.2206,1.1802,1.1398,1.0994,1.0589
2.3753,2.4111,2.4254,2.4339,2.4374,2.4378,2.4379,2.4375,2.4372,2.0157,1.3441,0.6777,2.4568,2.5076,2.5639,2.6243,2.6863,2.7485,2.8109,2.8734,2.9359,2.9984,3.061,3.1235,3.186
5.7459,5.7459,5.7459,5.7459,5.7459,5.7459,5.7459,5.7459,5.7459,5.7459,5.7459,5.7459,5.7459,5.7459,5.7459,5.7459,1.9549,2.4695,2.984,3.4985,4.013,4.5275,5.042,5.5565,6.071
2.2166,2.1842,2.1713,2.1636,2.1604,2.16,2.16,2.1603,2.1606,2.161,1.4623,0.7317,2.1428,2.0968,2.0458,1.9912,1.9351,1.8788,1.8222,1.7656,1.709,1.6524,1.5958,1.5392,1.4826
1.5254,1.5484,1.5575,1.563,1.5653,1.5655,1.5656,1.5653,1.5651,1.5648,1.5645,1.571,1.5777,1.6103,1.6465,1.6853,1.7251,1.765,1.8051,1.8452,1.8854,1.9255,1.9657,2.0058,2.046
2.0538,2.0238,2.0118,2.0046,2.0017,2.0014,2.0013,2.0016,2.0019,2.0023,2.0027,1.9943,1.9854,0.6379,1.4371,1.8449,1.7929,1.7408,1.6884,1.6359,1.5835,1.531,1.4786,1.4262,1.3737
5.6552,5.6552,5.2048,4.6844,4.164,3.6436,3.1232,2.6028,2.0823,1.6158,10.0,10.0,10.0,10.0,10.0,10.0,10.0,10.0,10.0,10.0,10.0,10.0,10.0,10.0,10.0
2.654,2.694,2.7099,2.7195,2.7234,2.7238,2.7239,2.7235,2.7231,2.7226,2.7221,2.7333,2.7451,2.8018,1.1315,1.7605,2.3894,3.0182,3.1407,3.2105,3.2804,3.3502,3.4201,3.4899,3.5598
1.6101,1.5866,1.5772,1.5716,1.5693,1.569,1.569,1.5692,1.5694,1.5697,1.57,1.5634,0.3933,1.5231,1.4861,1.4464,1.4056,1.3647,1.3236,1.2825,1.2414,1.2003,1.1592,1.1181,1.0769
1.7632,1.7897,1.8003,1.8067,1.8093,1.8096,1.8096,1.8094,1.8091,1.8087,1.8084,1.0324,1.8237,1.8614,1.9032,1.948,1.994,2.0402,2.0865,2.1329,2.1793,2.2257,2.2721,2.3185,2.3649
5.2475,5.1707,5.1401,5.1218,5.1143,5.1135,5.1133,5.1141,5.1149,5.1159,5.1168,5.0953,5.0727,4.9639,1.0523,1.5114,2.0513,2.5912,3.131,3.6709,4.0458,3.9118,3.7778,3.6438,3.5098
3.717,3.6627,3.641,3.628,3.6227,3.6221,3.423,2.8526,2.2822,1.7119,1.1415,3.6092,3.5932,3.5161,3.4306,3.339,3.2449,3.1504,3.0556,2.9607,2.8658,2.7709,2.676,2.5811,2.4862
1.6526,1.6775,1.6874,1.6933,1.6958,1.6961,1.6961,1.6959,1.6956,1.6953,1.695,1.702,1.7093,1.0773,1.7838,1.8258,1.8689,1.9122,1.9557,1.9991,2.0426,2.0861,2.1296,2.1731,2.2166
1.6758,1.6513,1.6415,1.6357,1.6333,1.633,1.633,1.6332,1.6335,1.6338,1.6341,1.6272,1.62,1.202,1.5467,1.5054,1.463,1.4204,1.3776,1.3349,1.2921,1.2493,1.2065,1.1637,1.1209
3.3118,3.3617,3.3816,3.3935,3.3984,3.3989,3.399,2.9153,2.3324,1.7495,1.1666,3.4108,3.4254,3.4962,3.5748,3.6589,3.7453,3.8321,3.9191,4.0062,4.0934,4.1806,4.2677,4.3549,4.4421
5.4613,5.4613,5.4613,5.4613,5.4613,5.4613,5.4613,5.4613,5.4613,5.4613,5.4613,5.4613,5.4613,5.4613,5.4613,1.5604,2.0288,2.5628,3.0967,3.6307,4.1646,4.6986,5.2325,5.7665,6.3004
1.8681,1.8408,1.8299,1.8234,1.8208,1.8204,1.8204,1.8207,1.821,1.8213,1.8216,0.9646,1.8059,1.7672,1.7242,1.6781,1.6309,1.5834,1.5357,1.488,1.4403,1.3926,1.3449,1.2972,1.2495
1.5528,1.5762,1.5856,1.5911,1.5934,1.5937,1.5938,1.5935,1.5933,1.593,1.5927,1.5992,0.4499,1.6393,1.6761,1.7156,1.7561,1.7968,1.8376,1.8785,1.9193,1.9602,2.0011,2.0419,2.0828
2.5893,2.5515,2.5364,2.5273,2.5236,2.5232,2.5231,2.5235,2.5239,2.5244,2.5249,2.5142,2.5031,0.5788,1.1707,1.8215,2.2604,2.1946,2.1286,2.0625,1.9964,1.9303,1.8641,1.798,1.7319
5.3794,5.3794,5.1988,4.679,4.1592,3.6394,3.1196,2.5997,2.0799,1.5601,10.0,10.0,10.0,10.0,10.0,10.0,10.0,10.0,10.0,10.0,10.0,10.0,10.0,10.0,10.0
2.0766,2.1079,2.1204,2.1279,2.1309,2.1313,2.1314,2.1311,2.1307,2.1303,2.1299,2.1387,2.1479,0.6461,1.3748,2.139,2.3485,2.4029,2.4575,2.5121,2.5668,2.6214,2.6761,2.7307,2.7854
1.5779,1.5548,1.5456,1.5401,1.5378,1.5376,1.5375,1.5378,1.538,1.5383,1.5386,1.5321,1.4216,1.4926,1.4563,1.4174,1.3774,1.3373,1.2971,1.2568,1.2165,1.1762,1.1359,1.0957,1.0554
2.0757,2.107,2.1195,2.1269,2.13,2.1303,2.1304,2.1301,2.1298,2.1294,1.5364,0.7688,2.147,2.1913,2.2406,2.2933,2.3475,2.4018,2.4564,2.511,2.5656,2.6203,2.6749,2.7295,2.7842
5.2998,5.2998,5.2998,5.2998,5.2998,5.2998,5.2998,5.2998,5.2998,5.2998,5.2998,5.2998,5.2998,5.2998,5.2998,1.5142,1.9714,2.4903,3.0092,3.528,4.0469,4.5657,5.0846,5.6035,6.1223
2.5973,2.5593,2.5442,2.5351,2.5314,2.531,2.5309,2.5313,2.5317,1.9603,1.3072,0.6541,2.5108,2.4569,2.3972,2.3331,2.2674,2.2014,2.1351,2.0688,2.0025,1.9362,1.8699,1.8035,1.7372
1.5566,1.58,1.5894,1.595,1.5973,1.5975,1.5976,1.5973,1.5971,1.5968,1.5965,1.6031,1.61,1.6433,1.6802,1.7197,1.7603,1.8011,1.842,1.883,1.9239,1.9649,2.0059,2.0468,2.0878
1.872,1.8446,1.8337,1.8272,1.8245,1.8242,1.8241,1.8244,1.8247,1.825,1.8254,1.8177,1.8097,0.7705,1.7278,1.6816,1.6342,1.5866,1.5389,1.4911,1.4433,1.3955,1.3477,1.2999,1.2521
5.2226,5.2226,5.2226,4.8382,4.3007,3.7632,3.2257,2.6882,2.1507,1.6132,6.0463,6.0712,6.0974,6.2234,6.3632,6.513,6.6668,6.8212,6.9762,7.1312,7.2864,7.4415,7.5967,7.7519,7.907
3.3315,3.3817,3.4017,3.4137,3.4186,3.4192,3.4193,3.4188,3.4183,3.4176,3.417,3.4311,3.4459,3.5171,1.1155,1.6323,2.2153,2.7984,3.3814,3.9645,4.1178,4.2055,4.2932,4.3809,4.4685
1.6839,1.6593,1.6494,1.6436,1.6412,1.6409,1.6408,1.6411,1.6413,1.6417,1.642,1.5137,1.6278,1.5929,1.5541,1.5126,1.47,1.4272,1.3842,1.3413,1.2983,1.2553,1.2123,1.1693,1.1263
1.66,1.685,1.695,1.701,1.7034,1.7037,1.7038,1.7035,1.7032,1.7029,1.7026,1.3651,1.717,1.7525,1.7918,1.834,1.8773,1.9208,1.9645,2.0081,2.0518,2.0955,2.1392,2.1829,2.2266
3.7289,3.6743,3.6526,3.6396,3.6343,3.6336,3.6335,3.6341,3.6347,3.6353,3.636,3.6207,3.6047,3.5273,1.0293,1.6015,2.1736,2.7457,3.0653,2.9702,2.875,2.7797,2.6845,2.5893,2.4941
5.1292,5.1292,5.1292,4.9022,4.3576,3.813,3.2684,2.7238,2.1792,1.6345,5.1658,5.144,5.1212,5.0113,4.8895,4.7588,4.6247,4.4901,4.355,4.2198,4.0845,3.9492,3.8139,3.6786,3.5434
1.776,1.8027,1.8134,1.8198,1.8224,1.8227,1.8228,1.8225,1.8222,1.8219,1.8215,1.8291,1.8369,0.8249,1.8582,1.9621,2.0085,2.055,2.1017,2.1484,2.1951,2.2419,2.2886,2.3354,2.3821
1.6213,1.5976,1.5881,1.5825,1.5802,1.5799,1.5798,1.5801,1.5803,1.5806,1.5809,1.5743,1.5673,1.5337,1.4964,1.4564,1.4154,1.3742,1.3328,1.2914,1.25,1.2086,1.1672,1.1258,1.0844
2.6704,2.7106,2.7267,2.7363,2.7402,2.7406,2.7407,2.7403,2.5453,1.9092,1.2731,0.7619,2.762,2.8191,2.8824,2.9503,3.02,3.0899,3.1601,3.2304,3.3006,3.3709,3.4412,3.5115,3.5818
5.0568,5.0568,5.0568,5.0568,5.0568,5.0568,5.0568,5.0568,5.0568,5.0568,5.0568,5.0568,5.0568,5.0568,5.0568,1.4643,1.9874,2.5105,3.0336,3.5566,4.0797,4.6028,5.1258,5.6489,6.172
2.0739,2.0435,2.0314,2.0242,2.0213,2.0209,2.0208,2.0212,2.0215,2.0219,1.6153,0.8083,2.0048,1.9618,1.9141,1.8629,1.8104,1.7578,1.7048,1.6519,1.599,1.546,1.493,1.4401,1.3871
1.5396,1.5628,1.5721,1.5776,1.5799,1.5801,1.5802,1.58,1.5797,1.5794,1.5791,1.5856,0.4461,1.6254,1.6619,1.701,1.7412,1.7815,1.822,1.8625,1.903,1.9435,1.9841,2.0246,2.0651
2.2363,2.2036,2.1905,2.1827,2.1795,2.1792,2.1791,2.1794,2.1798,2.1802,2.1806,2.1714,2.1618,0.5883,1.3252,2.0088,1.9522,1.8954,1.8383,1.7813,1.7242,1.6671,1.61,1.5528,1.4957
4.9864,4.9864,4.9864,4.6944,4.1729,3.6514,3.1298,2.6083,2.0868,1.5653,10.0,10.0,10.0,10.0,10.0,10.0,10.0,10.0,10.0,10.0,10.0,10.0,10.0,10.0,10.0
2.4047,2.441,2.4554,2.4641,2.4676,2.468,2.4681,2.4677,2.4673,2.4669,2.4664,2.4766,2.4873,2.5387,1.217,1.8935,2.5699,2.7825,2.8457,2.909,2.9723,3.0356,3.0989,3.1622,3.2254
1.6018,1.5784,1.5691,1.5635,1.5612,1.5609,1.5609,1.5611,1.5614,1.5617,1.562,1.5554,0.3913,1.5153,1.4784,1.4389,1.3984,1.3577,1.3168,1.2759,1.235,1.1941,1.1532,1.1123,1.0714
1.8762,1.9044,1.9157,1.9225,1.9252,1.9255,1.9256,1.9253,1.925,1.9247,1.8286,0.915,1.9406,1.9807,2.0251,2.0728,2.1218,2.1709,2.2203,2.2696,2.319,2.3684,2.4177,2.4671,2.5165
4.918,4.918,4.918,4.918,4.918,4.918,4.918,4.918,4.918,4.918,4.918,4.918,4.918,4.918,4.918,1.4923,2.0254,2.5585,3.0916,3.6246,4.1577,4.6907,5.1975,5.0131,4.8288
3.1988,3.152,3.1333,3.1222,3.1176,3.1171,3.117,3.0065,2.4053,1.8042,1.2031,3.106,3.0922,3.0259,2.9523,2.8734,2.7925,2.7112,2.6296,2.5479,2.4662,2.3846,2.3029,2.2212,2.1395
1.6189,1.6433,1.653,1.6588,1.6612,1.6615,1.6616,1.6613,1.6611,1.6607,1.6604,1.6673,1.6745,1.3651,1.7475,1.7886,1.8308,1.8732,1.9158,1.9584,2.001,2.0436,2.0862,2.1288,2.1714
1.7509,1.7253,1.7151,1.7089,1.7064,1.7062,1.7061,1.7064,1.7066,1.707,1.7073,1.7001,1.6926,0.9924,1.616,1.5728,1.5285,1.484,1.4393,1.3946,1.3499,1.3052,1.2605,1.2158,1.1711
3.9916,4.0517,4.0757,4.0901,4.0959,3.9644,3.3982,2.8319,2.2657,1.6995,1.1332,4.1109,4.1286,4.2139,4.3085,4.41,4.5141,4.6187,4.7236,4.8286,4.9337,5.0387,5.1438,5.2488,5.3539
4.5673,4.6361,4.6636,4.68,4.6867,4.6875,4.6876,4.6869,4.6862,4.6853,4.6845,4.7038,4.724,4.8217,4.8351,1.5491,2.1025,2.6559,3.2092,3.7626,4.3159,4.8693,5.4226,5.976,6.1261
1.7982,1.7719,1.7614,1.7551,1.7526,1.7523,1.7522,1.7525,1.7528,1.7531,1.7534,1.1236,1.7383,1.701,1.6596,1.6153,1.5698,1.5241,1.4782,1.4323,1.3864,1.3405,1.2946,1.2487,1.2027
1.5969,1.621,1.6306,1.6364,1.6387,1.639,1.639,1.6388,1.6385,1.6382,1.6379,1.6447,1.6518,1.6859,1.7238,1.7644,1.806,1.8478,1.8898,1.9318,1.9739,2.0159,2.0579,2.1,2.142
2.9416,2.8986,2.8814,2.8712,2.867,2.8665,2.8664,2.8668,2.8673,2.8678,2.8684,2.8563,2.8436,2.7826,1.1155,1.7356,2.3556,2.4932,2.4182,2.3431,2.268,2.1929,2.1178,2.0426,1.9675
4.7707,4.7707,4.7707,4.7707,4.2459,3.7152,3.1846,2.6539,2.1233,1.5926,9.1988,9.1601,9.1195,8.9238,8.7068,8.4741,8.2354,7.9957,7.755,7.5142,7.2733,7.0325,6.7916,6.5506,6.3097
1.9561,1.9856,1.9973,2.0043,2.0072,2.0076,2.0076,2.0073,2.007,2.0066,2.0063,2.0146,2.0232,0.68,1.5317,2.1611,2.2122,2.2634,2.3148,2.3663,2.4178,2.4692,2.5207,2.5722,2.6237
1.5992,1.5758,1.5665,1.5609,1.5586,1.5583,1.5583,1.5585,1.5588,1.5591,1.5594,1.5528,1.5459,1.5127,1.476,1.4365,1.396,1.3554,1.3146,1.2738,1.233,1.1921,1.1513,1.1105,1.0696
2.2765,2.3108,2.3245,2.3327,2.3361,2.3364,2.3365,2.3362,2.3358,2.1416,1.428,0.7145,2.3547,2.4033,2.4573,2.5152,2.5746,2.6342,2.694,2.7539,2.8138,2.8737,2.9337,2.9936,3.0535
4.708,4.708,4.708,4.708,4.708,4.708,4.708,4.708,4.708,4.708,4.708,4.708,4.708,4.708,4.708,1.4617,1.9838,2.5059,3.028,3.5502,4.0723,4.5944,5.1165,5.6386,6.1607
2.3758,2.3411,2.3272,2.3189,2.3155,2.3151,2.315,2.3154,2.3158,2.1218,1.4148,0.7079,2.2967,2.2474,2.1927,2.1341,2.074,2.0137,1.953,1.8924,1.8317,1.7711,1.7104,1.6497,1.5891
1.555,1.5785,1.5878,1.5934,1.5957,1.596,1.596,1.5958,1.5955,1.5952,1.5949,1.6015,1.6084,1.6417,1.6785,1.7181,1.7586,1.7994,1.8402,1.8811,1.9221,1.963,2.0039,2.0449,2.0858
2.0032,1.9739,1.9622,1.9552,1.9524,1.9521,1.952,1.9523,1.9526,1.953,1.9533,1.9451,1.9365,0.691,1.5565,1.7995,1.7488,1.6979,1.6467,1.5956,1.5445,1.4933,1.4422,1.391,1.3399
4.647,4.647,4.647,4.647,4.2649,3.7319,3.1988,2.6658,2.1328,1.5998,8.8519,8.8885,8.9267,9.1112,9.3158,9.5352,9.7603,9.9864,10.0,10.0,10.0,10.0,10.0,10.0,10.0
2.9124,2.9563,2.9738,2.9843,2.9886,2.9891,2.9892,2.9887,2.9883,2.9877,2.9872,2.9995,3.0124,3.0747,1.1114,1.7292,2.3469,2.9645,3.4466,3.5232,3.5998,3.6765,3.7531,3.8298,3.9064
1.657,1.6328,1.6232,1.6174,1.615,1.6147,1.6147,1.6149,1.6152,1.6155,1.6158,1.609,1.6019,1.5675,1.5294,1.4885,1.4466,1.4045,1.3622,1.3199,1.2776,1.2353,1.193,1.1506,1.1083
1.7427,1.7689,1.7794,1.7856,1.7882,1.7885,1.7886,1.7883,1.788,1.7877,1.7874,1.1524,1.8025,1.8397,1.881,1.9253,1.9708,2.0164,2.0623,2.1081,2.154,2.1998,2.2457,2.2916,2.3374
4.5875,4.5258,4.499,4.483,4.4764,4.4757,4.4755,4.4762,4.4769,4.4778,4.4786,4.4597,4.44,4.3447,1.0047,1.5632,2.1216,2.68,3.2384,3.6584,3.5412,3.4239,3.3066,3.1893,3.072
4.2478,4.1857,4.1609,4.1461,4.14,3.9694,3.4024,2.8355,2.2685,1.7016,1.1346,4.1246,4.1063,4.0182,3.9205,3.8157,3.7082,3.6003,3.4919,3.3835,3.275,3.1666,3.0581,2.9496,2.8411
1.7183,1.7442,1.7546,1.7607,1.7633,1.7635,1.7636,1.7633,1.7631,1.7627,1.7624,1.7697,1.7773,0.9758,1.8548,1.8985,1.9433,1.9883,2.0335,2.0787,2.1239,2.1691,2.2143,2.2596,2.3048
1.6746,1.6501,1.6403,1.6345,1.6321,1.6318,1.6318,1.632,1.6323,1.6326,1.6329,1.626,1.6188,1.4231,1.5456,1.5042,1.4619,1.4193,1.3766,1.3339,1.2911,1.2483,1.2056,1.1628,1.12
3.0694,3.1157,3.1341,3.1452,3.1497,3.1502,3.1503,3.0487,2.4391,1.8295,1.2199,3.1612,3.1748,3.2404,3.3132,3.3912,3.4713,3.5516,3.6324,3.7131,3.7939,3.8747,3.9554,4.0362,4.117
4.5153,4.5153,4.5153,4.5153,4.5153,4.5153,4.5153,4.5153,4.5153,4.5153,4.5153,4.5153,4.5153,4.5153,4.5153,1.5012,2.0374,2.5736,3.1099,3.6461,4.1823,4.7185,5.2547,5.7909,6.3272
1.966,1.9372,1.9257,1.9189,1.9161,1.9158,1.9157,1.916,1.9163,1.9166,1.8167,0.909,1.9005,1.8597,1.8145,1.766,1.7162,1.6663,1.6161,1.566,1.5158,1.4656,1.4153,1.3651,1.3149
1.5669,1.5905,1.5999,1.6056,1.6079,1.6081,1.6082,1.608,1.6077,1.6074,1.6071,1.6137,0.454,1.6542,1.6913,1.7312,1.772,1.8131,1.8543,1.8955,1.9367,1.978,2.0192,2.0604,2.1017
2.4718,2.4357,2.4213,2.4127,2.4091,2.4087,2.4086,2.409,2.4094,2.4099,2.4103,2.4002,2.3895,0.5525,1.2408,1.9305,2.1579,2.0951,2.032,1.9689,1.9058,1.8427,1.7796,1.7164,1.6533
4.4591,4.4591,4.4591,4.4591,4.2164,3.6895,3.1625,2.6355,2.1086,1.5816,10.0,10.0,10.0,10.0,10.0,10.0,10.0,10.0,10.0,10.0,10.0,10.0,10.0,10.0,10.0
2.2188,2.2523,2.2656,2.2736,2.2768,2.2772,2.2773,2.277,2.2766,2.2762,2.2758,2.2851,2.295,0.6903,1.3261,2.0632,2.5093,2.5674,2.6258,2.6841,2.7425,2.8009,2.8593,2.9177,2.9761
1.607,1.5835,1.5741,1.5685,1.5662,1.566,1.5659,1.5661,1.5664,1.5667,1.567,1.5604,0.3925,1.5201,1.4832,1.4435,1.4029,1.362,1.321,1.28,1.239,1.198,1.1569,1.1159,1.0748
2.0196,2.0501,2.0622,2.0695,2.0724,2.0728,2.0728,2.0725,2.0722,2.0718,1.6575,0.8293,2.0889,2.1321,2.18,2.2313,2.284,2.3369,2.39,2.4431,2.4963,2.5494,2.6026,2.6558,2.7089
4.4043,4.4043,4.4043,4.4043,4.4043,4.4043,4.4043,4.4043,4.4043,4.4043,4.4043,4.4043,4.4043,4.4043,4.4043,1.4862,2.0172,2.5481,3.0789,3.6098,4.1407,4.6716,5.2025,5.7334,6.2643
2.835,2.7935,2.777,2.7671,2.7631,2.7626,2.7625,2.7629,2.5619,1.9216,1.2814,0.7047,2.7406,2.6818,2.6165,2.5466,2.4749,2.4028,2.3305,2.2582,2.1858,2.1134,2.041,1.9686,1.8962
1.6002,1.6243,1.6339,1.6397,1.642,1.6423,1.6424,1.6421,1.6419,1.6416,1.6412,1.648,1.6551,1.6893,1.7273,1.7679,1.8097,1.8516,1.8937,1.9358,1.9779,2.02,2.0621,2.1042,2.1463
1.8471,1.8201,1.8094,1.8029,1.8003,1.8,1.7999,1.8002,1.8005,1.8008,1.8012,1.7936,1.7856,0.8536,1.7048,1.6593,1.6125,1.5656,1.5185,1.4713,1.4241,1.377,1.3298,1.2826,1.2355
4.3508,4.3508,4.3508,4.3508,4.3508,3.8877,3.3324,2.7771,2.2218,1.6666,5.1776,5.1989,5.2213,5.3293,5.4489,5.5773,5.7089,5.8411,5.9739,6.1066,6.2395,6.3724,6.5052,6.6381,6.771
3.7658,3.8225,3.8451,3.8587,3.8642,3.8648,3.865,3.8644,3.8638,3.8631,3.8624,3.8783,3.895,3.9755,4.0648,1.6202,2.1989,2.7777,3.3564,3.9351,4.5139,4.7537,4.8528,4.9519,5.051
1.7486,1.723,1.7128,1.7067,1.7042,1.7039,1.7038,1.7041,1.7044,1.7047,1.705,1.3533,1.6903,1.6541,1.6138,1.5707,1.5265,1.482,1.4374,1.3928,1.3481,1.3035,1.2588,1.2142,1.1695
1.6567,1.6817,1.6917,1.6976,1.7001,1.7003,1.7004,1.7001,1.6999,1.6996,1.6993,1.5881,1.7136,1.749,1.7883,1.8304,1.8736,1.917,1.9606,2.0042,2.0478,2.0914,2.135,2.1786,2.2222
3.4263,3.3762,3.3562,3.3443,3.3394,3.3388,3.3387,3.3392,3.3398,3.3404,3.341,3.327,3.3122,3.2411,1.0748,1.6722,2.2696,2.8669,2.8166,2.7292,2.6417,2.5542,2.4667,2.3792,2.2917
4.2858,4.2858,4.2858,4.2858,4.2858,3.825,3.2786,2.7323,2.186,1.6397,6.2927,6.2662,6.2384,6.1045,5.9561,5.7969,5.6336,5.4696,5.305,5.1403,4.9755,4.8107,4.6459,4.4811,4.3163
1.8655,1.8936,1.9049,1.9116,1.9143,1.9146,1.9147,1.9144,1.9141,1.9138,1.9134,1.9213,1.9296,0.7727,1.7407,2.0611,2.1098,2.1586,2.2077,2.2567,2.3058,2.3549,2.404,2.4531,2.5022
1.6343,1.6104,1.6009,1.5952,1.5929,1.5926,1.5925,1.5928,1.593,1.5933,1.5936,1.5869,1.5799,1.546,1.5084,1.4681,1.4267,1.3852,1.3435,1.3018,1.2601,1.2183,1.1766,1.1349,1.0931
2.5378,2.5761,2.5913,2.6005,2.6042,2.6046,2.6047,2.6043,2.6039,2.0189,1.3462,0.7241,2.6249,2.6792,2.7394,2.8039,2.8701,2.9365,3.0033,3.07,3.1368,3.2036,3.2704,3.3372,3.404
4.2352,4.2352,4.2352,4.2352,4.2352,4.2352,4.2352,4.2352,4.2352,4.2352,4.2352,4.2352,4.2352,4.2352,4.2352,1.4831,2.0129,2.5426,3.0724,3.6022,4.1319,4.6617,5.1914,5.7212,6.2509
2.2097,2.1774,2.1645,2.1568,2.1537,2.1533,2.1532,2.1536,2.1539,2.1543,1.5528,0.777,2.1362,2.0903,2.0395,1.985,1.9291,1.8729,1.8165,1.7601,1.7037,1.6473,1.5909,1.5344,1.478
1.5666,1.5902,1.5996,1.6052,1.6075,1.6078,1.6079,1.6076,1.6074,1.6071,1.6068,1.6134,1.6203,1.6538,1.691,1.7308,1.7717,1.8127,1.8539,1.8951,1.9363,1.9775,2.0188,2.06,2.1012
2.17,2.1383,2.1256,2.1181,2.115,2.1146,2.1145,2.1149,2.1152,2.1156,2.116,2.1071,2.0977,0.6324,1.4246,1.9493,1.8944,1.8392,1.7839,1.7285,1.6731,1.6177,1.5623,1.5068,1.4514
4.1857,4.1857,4.1857,4.1857,4.1857,3.7325,3.1993,2.6662,2.1331,1.6,10.0,10.0,10.0,10.0,10.0,10.0,10.0,10.0,10.0,10.0,10.0,10.0,10.0,10.0,10.0
2.6127,2.652,2.6678,2.6771,2.681,2.6814,2.6815,2.6811,2.6807,2.6802,2.6797,2.6908,2.7024,2.7582,1.1904,1.8521,2.5137,3.0231,3.0918,3.1606,3.2293,3.2981,3.3669,3.4356,3.5044
1.6451,1.621,1.6114,1.6057,1.6034,1.6031,1.603,1.6033,1.6035,1.6038,1.6041,1.5974,0.4019,1.5562,1.5183,1.4778,1.4361,1.3943,1.3524,1.3104,1.2684,1.2264,1.1843,1.1423,1.1003
1.848,1.8758,1.8869,1.8936,1.8963,1.8966,1.8967,1.8964,1.8961,1.8957,1.8954,1.0074,1.9114,1.9509,1.9947,2.0417,2.0899,2.1383,2.1869,2.2355,2.2841,2.3328,2.3814,2.4301,2.4787
4.1374,4.1374,4.1374,4.1374,4.1374,4.1374,4.1374,4.1374,4.1374,4.1374,4.1374,4.1374,4.1374,4.1374,4.1374,1.54,2.0901,2.6402,3.1903,3.7404,4.2905,4.4752,4.3219,4.1686,4.0153
3.5833,3.5309,3.51,3.4975,3.4924,3.4918,3.4916,2.9798,2.384,1.7882,1.1924,3.4793,3.4639,3.3896,3.3072,3.2188,3.1281,3.0371,2.9456,2.8542,2.7627,2.6712,2.5797,2.4882,2.3967
1.679,1.7043,1.7144,1.7205,1.7229,1.7232,1.7233,1.723,1.7228,1.7224,1.7221,1.7292,1.7367,1.2006,1.8124,1.8551,1.8988,1.9428,1.987,2.0311,2.0753,2.1195,2.1637,2.2079,2.2521
1.7452,1.7197,1.7095,1.7034,1.7009,1.7006,1.7006,1.7008,1.7011,1.7014,1.7017,1.6946,1.6871,1.1387,1.6107,1.5677,1.5235,1.4792,1.4346,1.3901,1.3455,1.301,1.2564,1.2118,1.1673
3.63,3.6847,3.7065,3.7195,3.7249,3.7255,3.5432,2.9528,2.3624,1.772,1.1816,3.7385,3.7545,3.8322,3.9182,4.0105,4.1052,4.2002,4.2957,4.3912,4.4867,4.5822,4.6778,4.7733,4.8689
4.0785,4.0785,4.0785,4.0785,4.0785,4.0785,4.0785,4.0785,4.0785,4.0785,4.0785,4.0785,4.0785,4.0785,4.0785,1.5522,2.1067,2.6612,3.2157,3.7702,4.3246,4.8791,5.4336,5.988,6.5425
1.8858,1.8582,1.8472,1.8406,1.8379,1.8376,1.8376,1.8378,1.8381,1.8385,1.8388,1.0451,1.823,1.7839,1.7405,1.694,1.6462,1.5983,1.5502,1.5021,1.4539,1.4058,1.3576,1.3095,1.2613
1.6082,1.6324,1.6421,1.6478,1.6502,1.6505,1.6505,1.6503,1.65,1.6497,1.6494,1.6562,0.466,1.6977,1.7359,1.7767,1.8187,1.8608,1.9031,1.9454,1.9877,2.03,2.0724,2.1147,2.157
2.7814,2.7407,2.7245,2.7148,2.7108,2.7104,2.7103,2.7107,2.7111,2.7116,2.7121,2.7007,2.6888,0.6217,1.1773,1.8317,2.4281,2.3574,2.2865,2.2155,2.1445,2.0734,2.0024,1.9314,1.8603
4.0326,4.0326,4.0326,4.0326,4.0326,3.7592,3.2223,2.6854,2.1484,1.6115,1.1522,10.0,10.0,10.0,10.0,10.0,10.0,10.0,10.0,10.0,10.0,10.0,9.8817,9.5312,9.1807
2.0792,2.1105,2.123,2.1305,2.1335,2.1339,2.1339,2.1336,2.1333,2.1329,2.1325,2.1413,2.1505,0.6512,1.4668,2.2822,2.3513,2.4058,2.4605,2.5152,2.5699,2.6246,2.6793,2.734,2.7888
1.6257,1.6019,1.5924,1.5868,1.5844,1.5842,1.5841,1.5844,1.5846,1.5849,1.5852,1.5785,1.5715,1.5378,1.5004,1.4603,1.4192,1.3779,1.3364,1.2949,1.2534,1.2119,1.1704,1.1289,1.0873
2.2026,2.2358,2.249,2.2569,2.2602,2.2605,2.2606,2.2603,2.2599,2.2595,1.5304,0.7658,2.2782,2.3253,2.3775,2.4335,2.4909,2.5486,2.6065,2.6644,2.7224,2.7804,2.8384,2.8963,2.9543
3.9878,3.9878,3.9878,3.9878,3.9878,3.9878,3.9878,3.9878,3.9878,3.9878,3.9878,3.9878,3.9878,3.9878,3.9878,1.4928,2.026,2.5593,3.0925,3.6257,4.1589,4.6922,5.2254,5.7586,6.2918
2.5709,2.5333,2.5183,2.5094,2.5057,2.5053,2.5052,2.5056,2.506,2.0705,1.3807,0.6908,2.4853,2.432,2.3728,2.3094,2.2444,2.179,2.1134,2.0478,1.9822,1.9165,1.8509,1.7852,1.7196
1.5955,1.6196,1.6292,1.6349,1.6373,1.6375,1.6376,1.6373,1.6371,1.6368,1.6365,1.6432,1.6503,1.6844,1.7222,1.7628,1.8044,1.8462,1.8882,1.9301,1.9721,2.0141,2.0561,2.0981,2.1401
1.9694,1.9406,1.9291,1.9222,1.9194,1.9191,1.919,1.9193,1.9196,1.92,1.9203,1.9123,1.9038,0.7567,1.7045,1.7691,1.7192,1.6692,1.6189,1.5687,1.5184,1.4681,1.4178,1.3675,1.3172
3.9439,3.9439,3.9439,3.9439,3.9439,3.8472,3.2977,2.7482,2.1987,1.6492,1.1268,7.0909,7.1214,7.2687,7.4319,7.6069,7.7865,7.9668,8.1479,8.329,8.5102,8.6914,8.8726,9.0538,9.235
3.2381,3.2869,3.3064,3.318,3.3228,3.3233,3.3234,3.3229,3.3224,3.3218,3.3212,3.3349,3.3492,3.4185,1.0998,1.7111,2.3224,2.9336,3.5448,3.9171,4.0023,4.0876,4.1728,4.258,4.3433
1.7167,1.6916,1.6816,1.6756,1.6731,1.6729,1.6728,1.6731,1.6733,1.6736,1.674,1.6669,1.6595,1.6239,1.5844,1.5421,1.4986,1.455,1.4112,1.3674,1.3236,1.2797,1.2359,1.1921,1.1482
1.7347,1.7608,1.7713,1.7775,1.7801,1.7803,1.7804,1.7801,1.7799,1.7795,1.7792,1.3077,1.7942,1.8313,1.8725,1.9166,1.9618,2.0072,2.0528,2.0985,2.1441,2.1898,2.2354,2.2811,2.3268
3.901,3.901,3.901,3.901,3.901,3.901,3.901,3.901,3.901,3.901,3.901,3.901,3.901,3.901,1.0463,1.6279,2.2094,2.7909,3.3724,3.2851,3.1798,3.0745,2.9692,2.8639,2.7585
3.8904,3.8904,3.8904,3.8904,3.8904,3.8904,3.4054,2.838,2.2705,1.7031,1.1356,4.8204,4.799,4.696,4.5818,4.4594,4.3338,4.2076,4.081,3.9543,3.8275,3.7007,3.574,3.4472,3.3204
1.7994,1.8265,1.8373,1.8438,1.8464,1.8467,1.8468,1.8465,1.8462,1.8459,1.8455,1.8531,1.8611,0.9001,1.9423,1.988,2.0349,2.0821,2.1294,2.1767,2.2241,2.2714,2.3188,2.3661,2.4135
1.6846,1.66,1.6502,1.6443,1.6419,1.6416,1.6415,1.6418,1.6421,1.6424,1.6427,1.6358,1.6285,1.5936,1.5548,1.5133,1.4706,1.4278,1.3848,1.3419,1.2988,1.2558,1.2128,1.1698,1.1268
2.8852,2.9287,2.9461,2.9564,2.9607,2.9612,2.9613,2.9608,2.5696,1.9274,1.2852,2.9715,2.9843,3.046,3.1144,3.1877,3.263,3.3385,3.4144,3.4903,3.5662,3.6421,3.7181,3.794,3.87
3.8486,3.8486,3.8486,3.8486,3.8486,3.8486,3.8486,3.8486,3.8486,3.8486,3.8486,3.8486,3.8486,3.8486,3.8486,1.5175,2.0596,2.6017,3.1438,3.6858,4.2279,4.77,5.312,5.8541,6.3962
2.0851,2.0546,2.0425,2.0352,2.0322,2.0319,2.0318,2.0321,2.0325,2.0328,1.7322,0.8668,2.0157,1.9724,1.9245,1.873,1.8203,1.7673,1.7141,1.6609,1.6076,1.5544,1.5011,1.4479,1.3946
1.5915,1.6155,1.625,1.6307,1.6331,1.6334,1.6334,1.6332,1.6329,1.6326,1.6323,1.639,0.4611,1.6801,1.7179,1.7583,1.7998,1.8415,1.8834,1.9252,1.9671,2.009,2.0509,2.0928,2.1346
2.3837,2.3489,2.3349,2.3266,2.3232,2.3228,2.3228,2.3231,2.3235,2.3239,2.3244,2.3146,2.3043,0.5887,1.3261,2.0632,2.0809,2.0204,1.9595,1.8987,1.8378,1.777,1.7161,1.6552,1.5944
3.8077,3.8077,3.8077,3.8077,3.8077,3.7648,3.227,2.6893,2.1516,1.6139,1.0879,10.0,10.0,10.0,10.0,10.0,10.0,10.0,10.0,10.0,10.0,10.0,10.0,10.0,10.0
2.3927,2.4288,2.4432,2.4517,2.4553,2.4557,2.4558,2.4554,2.455,2.4546,2.4541,2.4642,2.4748,2.526,1.2908,2.0083,2.7059,2.7686,2.8315,2.8945,2.9574,3.0204,3.0834,3.1464,3.2093
1.6474,1.6233,1.6137,1.6079,1.6056,1.6053,1.6053,1.6055,1.6058,1.6061,1.6064,1.5996,0.4024,1.5584,1.5205,1.4798,1.4381,1.3963,1.3542,1.3122,1.2701,1.2281,1.186,1.1439,1.1019
1.9815,2.0113,2.0232,2.0304,2.0333,2.0336,2.0337,2.0334,2.0331,2.0327,1.8067,0.904,2.0495,2.0918,2.1388,2.1892,2.2409,2.2928,2.3449,2.397,2.4491,2.5013,2.5534,2.6056,2.6577
3.7677,3.7677,3.7677,3.7677,3.7677,3.7677,3.7677,3.7677,3.7677,3.7677,3.7677,3.7677,3.7677,3.7677,1.0765,1.5308,2.0776,2.6244,3.1712,3.718,4.2648,4.8116,5.3584,5.9052,5.8008
3.1321,3.0863,3.068,3.0571,3.0526,3.0521,3.052,3.0525,2.5309,1.8984,1.2659,3.0413,3.0278,2.9628,2.8908,2.8135,2.7343,2.6547,2.5747,2.4948,2.4148,2.3349,2.2549,2.1749,2.0949
1.6561,1.6811,1.691,1.697,1.6994,1.6997,1.6998,1.6995,1.6992,1.6989,1.6986,1.7056,1.713,1.5652,1.7876,1.8297,1.8729,1.9163,1.9599,2.0034,2.047,2.0906,2.1342,2.1778,2.2214
1.8362,1.8093,1.7986,1.7922,1.7896,1.7893,1.7892,1.7895,1.7898,1.7901,1.7905,1.7829,1.775,0.9599,1.6947,1.6494,1.6029,1.5563,1.5094,1.4626,1.4157,1.3688,1.3219,1.275,1.2281
3.7285,3.7285,3.7285,3.7285,3.7285,3.7285,3.4663,2.8887,2.3111,1.7335,1.1559,4.5951,4.6149,4.7103,4.8161,4.9295,5.0458,5.1627,5.28,5.3974,5.5148,5.6322,5.7497,5.8671,5.9845
3.7188,3.7188,3.7188,3.7188,3.7188,3.7188,3.7188,3.7188,3.7188,3.7188,3.7188,3.7188,3.7188,3.7188,1.0625,1.6197,2.1983,2.7768,3.3554,3.9339,4.5125,5.091,5.592,5.7063,5.8205
1.8286,1.8019,1.7912,1.7848,1.7822,1.7819,1.7818,1.7821,1.7824,1.7827,1.7831,1.2358,1.7677,1.7298,1.6877,1.6426,1.5963,1.5499,1.5032,1.4565,1.4099,1.3632,1.3165,1.2698,1.2231
1.665,1.6901,1.7001,1.7061,1.7085,1.7088,1.7089,1.7086,1.7083,1.708,1.7077,1.7147,1.7221,1.7577,1.7972,1.8395,1.8829,1.9265,1.9703,2.0141,2.0579,2.1018,2.1456,2.1894,2.2332
3.1987,3.152,3.1333,3.1222,3.1176,3.1171,3.1169,3.1174,3.1179,3.1185,3.1191,3.106,3.0922,3.0259,1.1305,1.7589,2.3873,2.7112,2.6295,2.5479,2.4662,2.3845,2.3029,2.2212,2.1395
3.6806,3.6806,3.6806,3.6806,3.6806,3.6806,3.3114,2.7596,2.2078,1.656,1.1043,7.9985,7.963,7.7921,7.6027,7.3995,7.1911,6.9817,6.7716,6.5613,6.351,6.1407,5.9303,5.72,5.5096
1.9748,2.0046,2.0165,2.0236,2.0265,2.0268,2.0269,2.0266,2.0263,2.0259,2.0255,2.0339,2.0426,0.7332,1.6516,2.1819,2.2334,2.2851,2.337,2.389,2.4409,2.4929,2.5449,2.5969,2.6488
1.6585,1.6343,1.6246,1.6188,1.6165,1.6162,1.6161,1.6164,1.6166,1.617,1.6173,1.6104,1.6033,1.5689,1.5308,1.4899,1.4479,1.4057,1.3634,1.3211,1.2787,1.2364,1.194,1.1517,1.1093
2.4384,2.4751,2.4898,2.4985,2.5021,2.5025,2.5026,2.5022,2.5019,2.1526,1.4354,0.7182,2.5221,2.5742,2.632,2.694,2.7576,2.8214,2.8856,2.9497,3.0139,3.078,3.1422,3.2064,3.2706
3.6432,3.6432,3.6432,3.6432,3.6432,3.6432,3.6432,3.6432,3.6432,3.6432,3.6432,3.6432,3.6432,3.6432,1.0409,1.5121,2.0523,2.5924,3.1325,3.6727,4.2128,4.7529,5.2931,5.8332,6.3733
2.3757,2.341,2.3271,2.3188,2.3154,2.315,2.3149,2.3153,2.3157,2.2603,1.5072,0.7542,2.2966,2.2473,2.1927,2.1341,2.0739,2.0136,1.953,1.8923,1.8317,1.771,1.7103,1.6497,1.589
1.6047,1.6288,1.6385,1.6442,1.6466,1.6469,1.6469,1.6467,1.6464,1.6461,1.6458,1.6526,1.6597,1.694,1.7321,1.7729,1.8147,1.8568,1.8989,1.9412,1.9834,2.0256,2.0679,2.1101,2.1523
2.1243,2.0932,2.0809,2.0735,2.0704,2.0701,2.07,2.0703,2.0706,2.071,2.0714,2.0627,2.0536,0.6866,1.5467,1.9082,1.8545,1.8005,1.7463,1.6921,1.6378,1.5836,1.5294,1.4751,1.4209
3.6065,3.6065,3.6065,3.6065,3.6065,3.6065,3.2924,2.7438,2.1952,1.6466,1.098,10.0,10.0,10.0,10.0,10.0,10.0,10.0,10.0,10.0,10.0,10.0,10.0,10.0,10.0
2.871,2.9143,2.9316,2.9419,2.9461,2.9466,2.9467,2.9462,2.9458,2.9452,2.9447,2.9568,2.9696,3.031,1.1739,1.8265,2.479,3.1314,3.3976,3.4731,3.5486,3.6242,3.6998,3.7753,3.8509
1.701,1.6762,1.6662,1.6603,1.6579,1.6576,1.6575,1.6578,1.6581,1.6584,1.6587,1.6517,0.4155,1.6091,1.57,1.528,1.485,1.4417,1.3983,1.3549,1.3115,1.2681,1.2246,1.1812,1.1377
1.8343,1.862,1.873,1.8796,1.8823,1.8826,1.8827,1.8824,1.8821,1.8818,1.8814,1.1242,1.8973,1.9365,1.98,2.0266,2.0745,2.1225,2.1708,2.219,2.2673,2.3156,2.3638,2.4121,2.4604
3.5706,3.5706,3.5706,3.5706,3.5706,3.5706,3.5706,3.5706,3.5706,3.5706,3.5706,3.5706,3.5706,3.5706,1.0285,1.6003,2.1719,2.7435,3.3152,3.8868,4.0085,3.8758,3.743,3.6102,3.4774
3.5617,3.5617,3.5617,3.5617,3.5617,3.5617,3.5617,2.9753,2.3804,1.7855,1.1906,3.9643,3.9468,3.8621,3.7682,3.6675,3.5641,3.4604,3.3562,3.252,3.1478,3.0435,2.9393,2.835,2.7308
1.7538,1.7803,1.7908,1.7971,1.7997,1.8,1.8001,1.7998,1.7995,1.7992,1.7988,1.8063,1.814,1.083,1.8931,1.9377,1.9834,2.0294,2.0755,2.1216,2.1678,2.2139,2.2601,2.3063,2.3524
1.752,1.7264,1.7162,1.7101,1.7076,1.7073,1.7072,1.7075,1.7078,1.7081,1.7084,1.7012,1.6937,1.3372,1.617,1.5738,1.5295,1.485,1.4403,1.3956,1.3508,1.3061,1.2613,1.2166,1.1719
3.3615,3.4122,3.4324,3.4445,3.4494,3.45,3.4501,3.1016,2.4814,1.8613,1.2411,3.462,3.4769,3.5488,3.6285,3.7139,3.8016,3.8896,3.978,4.0665,4.1549,4.2434,4.3319,4.4203,4.5088
3.5267,3.5267,3.5267,3.5267,3.5267,3.5267,3.5267,3.5267,3.5267,3.5267,3.5267,3.5267,3.5267,3.5267,1.0076,1.5663,2.1258,2.6853,3.2448,3.8043,4.3638,4.9233,5.4828,6.0423,6.6018
1.9929,1.9638,1.9521,1.9452,1.9423,1.942,1.9419,1.9422,1.9426,1.9429,1.9433,0.986,1.9265,1.8852,1.8394,1.7902,1.7398,1.6891,1.6383,1.5874,1.5365,1.4856,1.4348,1.3839,1.333
1.6307,1.6552,1.665,1.6709,1.6733,1.6736,1.6736,1.6734,1.6731,1.6728,1.6725,1.6794,0.4725,1.7215,1.7601,1.8016,1.8441,1.8868,1.9297,1.9726,2.0155,2.0584,2.1014,2.1443,2.1872
2.6613,2.6224,2.6069,2.5976,2.5938,2.5934,2.5933,2.5937,2.5941,2.5946,2.595,2.5841,2.5727,0.5949,1.2526,1.9489,2.3233,2.2556,2.1877,2.1198,2.0519,1.9839,1.9159,1.848,1.78
3.4923,3.4923,3.4923,3.4923,3.4923,3.4923,3.2828,2.7358,2.1888,1.6418,1.0948,10.0,10.0,10.0,10.0,10.0,10.0,10.0,10.0,10.0,10.0,10.0,10.0,10.0,10.0
2.2294,2.263,2.2764,2.2844,2.2877,2.2881,2.2881,2.2878,2.2874,2.287,2.2866,2.296,2.3059,0.6936,1.4193,2.2082,2.5212,2.5796,2.6383,2.6969,2.7556,2.8142,2.8729,2.9316,2.9903
1.6639,1.6396,1.6299,1.6241,1.6217,1.6215,1.6214,1.6216,1.6219,1.6222,1.6225,1.6157,0.4065,1.574,1.5357,1.4947,1.4526,1.4103,1.3678,1.3254,1.2829,1.2404,1.1979,1.1554,1.1129
2.151,2.1834,2.1963,2.204,2.2072,2.2076,2.2076,2.2073,2.207,2.2065,1.6559,0.8285,2.2248,2.2708,2.3218,2.3764,2.4325,2.4889,2.5454,2.602,2.6586,2.7152,2.7718,2.8285,2.8851
3.4586,3.4586,3.4586,3.4586,3.4586,3.4586,3.4586,3.4586,3.4586,3.4586,3.4586,3.4586,3.4586,3.4586,0.9882,1.535,2.0834,2.6317,3.18,3.7283,4.2766,4.825,5.3733,5.9216,6.4699
2.8122,2.7711,2.7547,2.7449,2.7409,2.7404,2.7403,2.7407,2.717,2.038,1.359,0.699,2.7186,2.6602,2.5955,2.5262,2.455,2.3836,2.3118,2.24,2.1682,2.0964,2.0246,1.9528,1.881
1.6484,1.6733,1.6832,1.6891,1.6915,1.6918,1.6919,1.6916,1.6914,1.6911,1.6907,1.6977,1.705,1.7403,1.7793,1.8213,1.8642,1.9074,1.9508,1.9941,2.0375,2.0809,2.1243,2.1677,2.2111
1.9518,1.9233,1.9119,1.9051,1.9023,1.902,1.9019,1.9022,1.9025,1.9029,1.9032,1.8952,1.8868,0.8391,1.8014,1.7533,1.7039,1.6543,1.6045,1.5547,1.5049,1.455,1.4052,1.3553,1.3055
3.4256,3.4256,3.4256,3.4256,3.4256,3.4256,3.4236,2.8532,2.2827,1.7122,1.1417,5.9769,6.0027,6.1268,6.2643,6.4119,6.5632,6.7152,6.8678,7.0205,7.1732,7.326,7.4787,7.6315,7.7842
3.4174,3.4174,3.4174,3.4174,3.4174,3.4174,3.4174,3.4174,3.4174,3.4174,3.4174,3.4174,3.4174,3.4174,1.0967,1.7064,2.3159,2.9255,3.535,4.1445,4.5184,4.6146,4.7108,4.807,4.9032
1.7913,1.7651,1.7547,1.7484,1.7459,1.7456,1.7455,1.7458,1.7461,1.7464,1.7467,1.5178,1.7316,1.6945,1.6533,1.6091,1.5638,1.5183,1.4726,1.4268,1.3811,1.3354,1.2896,1.2439,1.1981
1.7397,1.7659,1.7763,1.7826,1.7852,1.7855,1.7855,1.7852,1.785,1.7846,1.7843,1.5138,1.7994,1.8366,1.8778,1.922,1.9674,2.013,2.0587,2.1045,2.1503,2.1961,2.2418,2.2876,2.3334
3.3931,3.3931,3.3931,3.3931,3.3931,3.3931,3.3931,3.3931,3.3931,3.3931,3.3931,3.3931,3.3931,3.3931,1.0977,1.7078,2.3179,2.928,3.1094,3.0129,2.9163,2.8197,2.7231,2.6265,2.5299
3.3851,3.3851,3.3851,3.3851,3.3851,3.3851,3.3851,2.8611,2.289,1.7169,1.1449,5.7978,5.7721,5.6482,5.5109,5.3636,5.2125,5.0608,4.9084,4.7561,4.6036,4.4511,4.2986,4.1462,3.9937
1.8988,1.9274,1.9388,1.9456,1.9484,1.9487,1.9488,1.9485,1.9482,1.9479,1.9475,1.9555,1.9639,0.8436,1.9003,2.0978,2.1473,2.1971,2.247,2.2969,2.3469,2.3969,2.4469,2.4968,2.5468
1.7068,1.6819,1.6719,1.6659,1.6635,1.6632,1.6632,1.6634,1.6637,1.664,1.6643,1.6573,1.65,1.6146,1.5753,1.5332,1.49,1.4466,1.4031,1.3595,1.316,1.2724,1.2288,1.1852,1.1416
2.7476,2.789,2.8056,2.8154,2.8195,2.8199,2.82,2.8196,2.7291,2.047,1.365,0.7839,2.8419,2.9007,2.9658,3.0357,3.1073,3.1793,3.2516,3.3238,3.3961,3.4684,3.5408,3.6131,3.6854
3.3535,3.3535,3.3535,3.3535,3.3535,3.3535,3.3535,3.3535,3.3535,3.3535,3.3535,3.3535,3.3535,3.3535,0.9929,1.5449,2.0968,2.6486,3.2005,3.7523,4.3042,4.856,5.4078,5.9597,6.5115
2.2307,2.198,2.185,2.1773,2.1741,2.1737,2.1736,2.1739,2.1743,2.1747,1.6702,0.8357,2.1564,2.1101,2.0588,2.0038,1.9473,1.8906,1.8337,1.7768,1.7198,1.6629,1.6059,1.5489,1.492
1.6278,1.6523,1.6621,1.668,1.6703,1.6706,1.6707,1.6704,1.6702,1.6699,1.6696,1.6764,0.4716,1.7185,1.7571,1.7984,1.8409,1.8835,1.9263,1.9691,2.012,2.0548,2.0977,2.1405,2.1834
2.3216,2.2877,2.2742,2.2661,2.2627,2.2624,2.2623,2.2626,2.263,2.2634,2.2638,2.2543,2.2443,0.6351,1.4306,2.0855,2.0267,1.9678,1.9085,1.8493,1.79,1.7307,1.6714,1.6121,1.5528
3.3224,3.3224,3.3224,3.3224,3.3224,3.3224,3.316,2.7635,2.2109,1.6584,1.1058,10.0,10.0,10.0,10.0,10.0,10.0,10.0,10.0,10.0,10.0,10.0,10.0,10.0,10.0
2.607,2.6463,2.662,2.6713,2.6752,2.6756,2.6757,2.6753,2.6749,2.6744,2.6739,2.6849,2.6965,2.7522,1.2679,1.9726,2.6773,3.0166,3.0851,3.1537,3.2223,3.2909,3.3596,3.4282,3.4968
1.7008,1.6759,1.666,1.66,1.6576,1.6573,1.6573,1.6575,1.6578,1.6581,1.6584,1.6514,0.4155,1.6088,1.5697,1.5278,1.4847,1.4415,1.3981,1.3547,1.3113,1.2679,1.2244,1.181,1.1376
1.9606,1.9901,2.0019,2.009,2.0119,2.0122,2.0123,2.012,2.0116,2.0113,1.9927,0.9971,2.0279,2.0698,2.1163,2.1661,2.2173,2.2686,2.3202,2.3717,2.4233,2.4749,2.5265,2.5781,2.6297
3.2918,3.2918,3.2918,3.2918,3.2918,3.2918,3.2918,3.2918,3.2918,3.2918,3.2918,3.2918,3.2918,3.2918,1.0206,1.5879,2.1552,2.7224,3.2896,3.8569,4.4241,4.9913,5.0677,4.8879,4.7082
3.2843,3.2843,3.2843,3.2843,3.2843,3.2843,3.2843,3.1505,2.5206,1.8906,1.2607,3.4073,3.3922,3.3194,3.2387,3.1522,3.0634,2.9742,2.8847,2.7951,2.7055,2.6159,2.5263,2.4367,2.3471
1.7265,1.7525,1.7629,1.7691,1.7717,1.772,1.772,1.7718,1.7715,1.7712,1.7708,1.7781,1.7858,1.3635,1.8636,1.9075,1.9525,1.9978,2.0432,2.0886,2.134,2.1795,2.2249,2.2703,2.3158
1.8394,1.8125,1.8018,1.7954,1.7928,1.7925,1.7924,1.7927,1.793,1.7933,1.7936,1.7861,1.7782,1.0984,1.6977,1.6523,1.6058,1.559,1.5121,1.4652,1.4182,1.3712,1.3243,1.2773,1.2303
3.2619,3.2619,3.2619,3.2619,3.2619,3.2619,3.2619,3.0273,2.422,1.8167,1.2114,4.1647,4.1826,4.2691,4.365,4.4677,4.5732,4.6791,4.7855,4.8918,4.9983,5.1047,5.2111,5.3176,5.424
3.2545,3.2545,3.2545,3.2545,3.2545,3.2545,3.2545,3.2545,3.2545,3.2545,3.2545,3.2545,3.2545,3.2545,1.0485,1.6314,2.2142,2.7969,3.3796,3.9624,4.5451,5.1278,5.7106,6.2933,6.87
1.9271,1.899,1.8877,1.881,1.8783,1.8779,1.8779,1.8782,1.8785,1.8788,1.8792,1.1492,1.863,1.823,1.7787,1.7311,1.6824,1.6334,1.5842,1.535,1.4858,1.4366,1.3874,1.3382,1.289
1.6856,1.711,1.7211,1.7272,1.7297,1.7299,1.73,1.7297,1.7295,1.7292,1.7288,1.736,1.7434,1.7795,1.8194,1.8623,1.9063,1.9504,1.9947,2.0391,2.0834,2.1278,2.1721,2.2165,2.2609
3.0296,2.9853,2.9677,2.9571,2.9528,2.9523,2.9522,2.9526,2.9531,2.9536,2.9542,2.9418,2.9287,2.8659,1.1988,1.8651,2.5314,2.5678,2.4905,2.4132,2.3358,2.2585,2.1811,2.1037,2.0264
3.2252,3.2252,3.2252,3.2252,3.2252,3.2252,3.2252,2.8074,2.2461,1.6847,1.1234,10.0,10.0,10.0,10.0,10.0,9.8646,9.5774,9.2891,9.0008,8.7122,8.4237,8.1351,7.8465,7.558
2.1085,2.1402,2.1529,2.1605,2.1636,2.1639,2.164,2.1637,2.1634,2.163,2.1626,2.1715,2.1808,0.7041,1.5861,2.3295,2.3845,2.4397,2.4951,2.5506,2.6061,2.6616,2.7171,2.7726,2.8281
1.6953,1.6705,1.6606,1.6547,1.6523,1.652,1.6519,1.6522,1.6525,1.6528,1.6531,1.6461,1.6388,1.6037,1.5647,1.5229,1.48,1.4369,1.3936,1.3504,1.3071,1.2638,1.2205,1.1772,1.1339
2.3678,2.4035,2.4178,2.4263,2.4298,2.4302,2.4302,2.4299,2.4295,2.3163,1.5445,0.7728,2.4491,2.4997,2.5559,2.6161,2.6778,2.7398,2.8021,2.8644,2.9267,2.989,3.0513,3.1137,3.176
3.1964,3.1964,3.1964,3.1964,3.1964,3.1964,3.1964,3.1964,3.1964,3.1964,3.1964,3.1964,3.1964,3.1964,0.998,1.5528,2.1075,2.6622,3.2169,3.7716,4.3262,4.8809,5.4356,5.9903,6.5449
2.5798,2.5421,2.527,2.518,2.5143,2.5139,2.5138,2.5142,2.5146,2.2151,1.4771,0.7391,2.4939,2.4404,2.381,2.3174,2.2521,2.1866,2.1207,2.0549,1.989,1.9231,1.8573,1.7914,1.7255
1.6556,1.6805,1.6905,1.6964,1.6989,1.6991,1.6992,1.6989,1.6987,1.6984,1.698,1.7051,1.7124,1.7478,1.787,1.8291,1.8723,1.9157,1.9592,2.0027,2.0463,2.0899,2.1335,2.177,2.2206
2.0982,2.0675,2.0553,2.048,2.045,2.0446,2.0446,2.0449,2.0452,2.0456,2.046,2.0374,2.0283,0.7539,1.6982,1.8848,1.8317,1.7784,1.7249,1.6713,1.6177,1.5641,1.5106,1.457,1.4034
3.1682,3.1682,3.1682,3.1682,3.1682,3.1682,3.1682,2.8443,2.2756,1.7069,1.1382,8.5368,8.5736,8.7508,8.9473,9.158,9.3742,9.5913,9.8093,9.9571,9.9571,9.9571,9.9571,9.9571,9.9571
3.1612,3.1612,3.1612,3.1612,3.1612,3.1612,3.1612,3.1612,3.1612,3.1612,3.1612,3.1612,3.1612,3.1612,1.1675,1.8165,2.4654,3.1142,3.7631,3.8665,3.9506,4.0348,4.1189,4.203,4.2871
1.7719,1.746,1.7357,1.7295,1.727,1.7267,1.7266,1.7269,1.7272,1.7275,1.7278,1.7206,1.7129,1.6762,1.6354,1.5917,1.5469,1.5018,1.4566,1.4114,1.3662,1.3209,1.2757,1.2304,1.1852
1.8355,1.8632,1.8742,1.8808,1.8835,1.8838,1.8839,1.8836,1.8833,1.883,1.8826,1.2745,1.8985,1.9378,1.9813,2.028,2.0758,2.1239,2.1722,2.2205,2.2688,2.3171,2.3654,2.4137,2.462
3.1404,3.1404,3.1404,3.1404,3.1404,3.1404,3.1404,3.1404,3.1404,3.1404,3.1404,3.1404,3.1404,3.1404,1.0769,1.6755,2.274,2.8725,3.471,3.6985,3.5799,3.4613,3.3428,3.2242,3.1056
3.1336,3.1336,3.1336,3.1336,3.1336,3.1336,3.1336,2.994,2.3954,1.7967,1.1981,4.6112,4.5907,4.4922,4.383,4.2659,4.1457,4.025,3.9039,3.7827,3.6614,3.5401,3.4189,3.2976,3.1763
1.8463,1.8741,1.8852,1.8919,1.8946,1.8949,1.895,1.8947,1.8944,1.894,1.8937,1.9015,1.9097,0.9978,1.9929,2.0398,2.088,2.1364,2.1849,2.2335,2.2821,2.3307,2.3792,2.4278,2.4764
1.7724,1.7464,1.7361,1.7299,1.7274,1.7271,1.727,1.7273,1.7276,1.7279,1.7282,1.721,1.7133,1.6178,1.6358,1.5921,1.5472,1.5022,1.457,1.4118,1.3665,1.3212,1.276,1.2307,1.1855
3.1131,3.1131,3.1131,3.1131,3.1131,3.1131,3.1131,3.1131,2.6277,1.971,1.3143,3.2582,3.2723,3.3399,3.4149,3.4953,3.5778,3.6607,3.7439,3.8271,3.9104,3.9936,4.0769,4.1602,4.2434
3.1064,3.1064,3.1064,3.1064,3.1064,3.1064,3.1064,3.1064,3.1064,3.1064,3.1064,3.1064,3.1064,3.1064,1.0235,1.5924,2.1612,2.7301,3.2989,3.8677,4.4365,5.0053,5.5741,6.1429,6.7117
2.1241,2.093,2.0806,2.0732,2.0702,2.0699,2.0698,2.0701,2.0704,2.0708,1.8839,0.9427,2.0534,2.0093,1.9604,1.908,1.8543,1.8003,1.7461,1.6919,1.6377,1.5834,1.5292,1.475,1.4207
1.6658,1.6909,1.7009,1.7069,1.7093,1.7096,1.7097,1.7094,1.7091,1.7088,1.7085,1.7156,0.4827,1.7586,1.7981,1.8404,1.8838,1.9275,1.9713,2.0151,2.0589,2.1028,2.1466,2.1905,2.2343
2.5758,2.5381,2.5231,2.5141,2.5104,2.51,2.5099,2.5103,2.5107,2.5112,2.5117,2.5011,2.49,0.597,1.3449,2.0925,2.2486,2.1832,2.1174,2.0517,1.9859,1.9202,1.8544,1.7886,1.7228
3.0797,3.0797,3.0797,3.0797,3.0797,3.0797,3.0797,2.8079,2.2465,1.685,1.1236,9.6791,9.6791,9.6791,9.6791,9.6791,9.6791,9.6791,9.6791,9.6791,9.6791,9.6791,9.6791,9.6791,9.6791
2.414,2.4503,2.4648,2.4735,2.4771,2.4775,2.4776,2.4772,2.4768,2.4764,2.4759,2.4861,2.4968,0.751,1.3875,2.1587,2.73,2.7932,2.8567,2.9202,2.9837,3.0472,3.1108,3.1743,3.2378
1.7158,1.6907,1.6807,1.6747,1.6722,1.672,1.6719,1.6721,1.6724,1.6727,1.673,1.666,0.4191,1.623,1.5836,1.5412,1.4978,1.4542,1.4105,1.3667,1.3229,1.279,1.2352,1.1914,1.1476
2.1205,2.1524,2.1652,2.1728,2.1759,2.1763,2.1764,2.176,2.1757,2.1753,1.8111,0.9062,2.1933,2.2386,2.2889,2.3428,2.3981,2.4536,2.5094,2.5651,2.621,2.6768,2.7326,2.7884,2.8442
3.0535,3.0535,3.0535,3.0535,3.0535,3.0535,3.0535,3.0535,3.0535,3.0535,3.0535,3.0535,3.0535,3.0535,1.0221,1.5903,2.1584,2.7264,3.2945,3.8626,4.4306,4.9987,5.5667,6.1348,6.7028
3.047,3.047,3.047,3.0396,3.0352,3.0347,3.0346,3.035,2.6981,2.0238,1.3495,0.7741,3.0105,2.9459,2.8743,2.7974,2.7186,2.6395,2.56,2.4806,2.401,2.3215,2.242,2.1625,2.0829
1.716,1.7419,1.7522,1.7584,1.7609,1.7612,1.7612,1.761,1.7607,1.7604,1.7601,1.7673,1.7749,1.8116,1.8523,1.8959,1.9407,1.9856,2.0307,2.0759,2.121,2.1662,2.2114,2.2565,2.3017
1.9508,1.9223,1.9109,1.9041,1.9013,1.901,1.9009,1.9012,1.9015,1.9019,1.9023,1.8943,1.8859,0.9441,1.8005,1.7524,1.703,1.6535,1.6037,1.5539,1.5041,1.4543,1.4045,1.3546,1.3048
3.0277,3.0277,3.0277,3.0277,3.0277,3.0277,3.0277,2.985,2.3882,1.7913,1.1945,5.2381,5.2607,5.3694,5.49,5.6193,5.7519,5.8852,6.0189,6.1527,6.2865,6.4204,6.5543,6.6881,6.822
3.0213,3.0213,3.0213,3.0213,3.0213,3.0213,3.0213,3.0213,3.0213,3.0213,3.0213,3.0213,3.0213,3.0213,1.1026,1.7155,2.3284,2.9412,3.554,4.1668,4.7796,5.3055,5.4162,5.5268,5.6374
1.884,1.8564,1.8454,1.8389,1.8362,1.8359,1.8358,1.8361,1.8364,1.8367,1.8371,1.3825,1.8212,1.7822,1.7388,1.6924,1.6447,1.5968,1.5487,1.5007,1.4526,1.4044,1.3563,1.3082,1.2601
1.7585,1.785,1.7956,1.8019,1.8045,1.8048,1.8049,1.8046,1.8043,1.804,1.8036,1.7965,1.8189,1.8565,1.8982,1.9429,1.9887,2.0348,2.081,2.1273,2.1736,2.2198,2.2661,2.3124,2.3587
3.0023,3.0023,3.0023,3.0023,3.0023,3.0023,3.0023,3.0023,3.0023,3.0023,3.0023,3.0023,3.0023,3.0023,1.161,1.8064,2.4517,2.9947,2.9045,2.8144,2.7241,2.6339,2.5437,2.4535,2.3632
2.996,2.996,2.996,2.996,2.996,2.996,2.996,2.9069,2.3257,1.7444,1.1632,7.2488,7.2166,7.0618,6.8901,6.7059,6.517,6.3273,6.1369,5.9463,5.7557,5.5651,5.3745,5.1838,4.9932
2.0208,2.0513,2.0634,2.0707,2.0737,2.074,2.0741,2.0738,2.0734,2.0731,2.0727,2.0812,2.0902,0.8023,1.8074,2.2327,2.2854,2.3383,2.3914,2.4446,2.4978,2.551,2.6041,2.6573,2.7105
1.7426,1.7171,1.707,1.7009,1.6984,1.6981,1.6981,1.6983,1.6986,1.6989,1.6992,1.6921,1.6846,1.6484,1.6084,1.5654,1.5213,1.477,1.4325,1.3881,1.3436,1.2991,1.2546,1.2101,1.1656
2.6494,2.6893,2.7052,2.7148,2.7187,2.7191,2.7192,2.7188,2.7184,2.1937,1.4628,0.7559,2.7403,2.797,2.8598,2.9271,2.9962,3.0656,3.1353,3.205,3.2747,3.3444,3.4142,3.4839,3.5536
2.9712,2.9712,2.9712,2.9712,2.9712,2.9712,2.9712,2.9712,2.9712,2.9712,2.9712,2.9712,2.9712,2.9712,1.0186,1.5848,2.1509,2.7171,3.2832,3.8493,4.4154,4.9815,5.5476,6.1137,6.6798
2.4094,2.3742,2.3601,2.3517,2.3483,2.3479,2.3478,2.3482,2.3485,2.349,1.6283,0.8147,2.3292,2.2792,2.2238,2.1643,2.1034,2.0422,1.9807,1.9192,1.8577,1.7961,1.7346,1.6731,1.6116
1.6777,1.703,1.713,1.7191,1.7215,1.7218,1.7219,1.7216,1.7214,1.721,1.7207,1.7278,1.7353,1.7711,1.8109,1.8535,1.8973,1.9412,1.9854,2.0295,2.0736,2.1178,2.1619,2.2061,2.2503
2.284,2.2506,2.2373,2.2293,2.226,2.2257,2.2256,2.2259,2.2263,2.2267,2.2271,2.2177,2.2079,0.6923,1.5596,2.0517,1.9939,1.9358,1.8776,1.8193,1.761,1.7026,1.6443,1.586,1.5277
2.9468,2.9468,2.9468,2.9468,2.9468,2.9468,2.9468,2.8616,2.2894,1.7172,1.1451,9.2613,9.2613,9.2613,9.2613,9.2613,9.2613,9.2613,9.2613,9.2613,9.2613,9.2613,9.2613,9.2613,9.2613
2.8741,2.9174,2.9347,2.9407,2.9407,2.9407,2.9407,2.9407,2.9407,2.9407,2.9407,2.9407,2.9407,2.9407,1.257,1.9558,2.6544,3.3256,3.4012,3.4768,3.5524,3.6281,3.7037,3.7794,3.855
1.7695,1.7436,1.7333,1.7271,1.7246,1.7243,1.7243,1.7245,1.7248,1.7251,1.7255,1.7182,0.4322,1.6739,1.6332,1.5895,1.5447,1.4998,1.4546,1.4095,1.3643,1.3191,1.2739,1.2287,1.1835
1.9572,1.9867,1.9985,2.0055,2.0084,2.0087,2.0088,2.0085,2.0082,2.0078,2.0074,1.1148,2.0244,2.0662,2.1126,2.1624,2.2134,2.2647,2.3161,2.3676,2.4191,2.4706,2.5221,2.5737,2.6252
2.9227,2.9227,2.9227,2.9227,2.9227,2.9227,2.9227,2.9227,2.9227,2.9227,2.9227,2.9227,2.9227,2.9227,1.0671,1.6603,2.2533,2.8464,3.4395,4.0325,4.6256,4.4856,4.3319,4.1783,4.0246
2.9168,2.9168,2.9168,2.9168,2.9168,2.9168,2.9168,2.9168,2.5317,1.899,1.2663,3.881,3.8638,3.7809,3.689,3.5904,3.4892,3.3877,3.2857,3.1837,3.0816,2.9796,2.8775,2.7754,2.6734
1.8144,1.8418,1.8527,1.8592,1.8619,1.8622,1.8623,1.862,1.8617,1.8614,1.861,1.8687,1.8767,1.2245,1.9585,2.0047,2.052,2.0995,2.1472,2.1949,2.2427,2.2904,2.3382,2.386,2.4337
1.858,1.8308,1.82,1.8135,1.8108,1.8105,1.8105,1.8107,1.811,1.8114,1.8117,1.8041,1.7961,1.2843,1.7148,1.669,1.622,1.5748,1.5274,1.4799,1.4325,1.3851,1.3376,1.2902,1.2427
2.8991,2.8991,2.8991,2.8991,2.8991,2.8991,2.8991,2.8991,2.5593,1.9197,1.2801,3.8556,3.8722,3.9522,4.041,4.1361,4.2338,4.3318,4.4303,4.5287,4.6272,4.7258,4.8243,4.9228,5.0214
2.8932,2.8932,2.8932,2.8932,2.8932,2.8932,2.8932,2.8932,2.8932,2.8932,2.8932,2.8932,2.8932,2.8932,1.0647,1.6565,2.2482,2.84,3.4317,4.0234,4.6151,5.2068,5.7985,6.3902,6.9819
2.0485,2.0186,2.0066,1.9995,1.9965,1.9962,1.9961,1.9964,1.9968,1.9971,1.9975,1.0864,1.9803,1.9378,1.8907,1.8402,1.7883,1.7363,1.684,1.6317,1.5794,1.5271,1.4748,1.4225,1.3702
1.7201,1.746,1.7564,1.7625,1.7651,1.7654,1.7654,1.7652,1.7649,1.7646,1.7642,1.7715,0.4984,1.8159,1.8567,1.9004,1.9453,1.9903,2.0356,2.0808,2.1261,2.1713,2.2166,2.2619,2.3072
2.8758,2.8663,2.8493,2.8392,2.835,2.8346,2.8345,2.8349,2.8354,2.8359,2.8364,2.8245,2.812,0.6502,1.2827,1.9956,2.5394,2.4655,2.3912,2.317,2.2427,2.1684,2.0942,2.0199,1.9456
2.8701,2.8701,2.8701,2.8701,2.8701,2.8701,2.8701,2.8701,2.3031,1.7275,1.1519,9.0202,9.0202,9.0202,9.0202,9.0202,9.0202,9.0202,9.0202,9.0202,9.0202,9.0202,9.0202,9.0202,9.0202
2.2727,2.307,2.3206,2.3288,2.3322,2.3325,2.3326,2.3323,2.3319,2.3315,2.331,2.3407,2.3507,0.7071,1.5415,2.3984,2.5703,2.6298,2.6895,2.7493,2.8091,2.8689,2.9288,2.9886,3.0484
1.7465,1.721,1.7108,1.7047,1.7022,1.702,1.7019,1.7021,1.7024,1.7027,1.7031,1.6959,1.6884,1.6522,1.612,1.5689,1.5247,1.4803,1.4358,1.3912,1.3466,1.302,1.2574,1.2128,1.1682
2.3241,2.3591,2.3731,2.3815,2.3849,2.3853,2.3854,2.385,2.3846,2.3842,1.6792,0.8402,2.4039,2.4536,2.5087,2.5678,2.6284,2.6892,2.7504,2.8115,2.8727,2.9338,2.995,3.0562,3.1173
2.8473,2.8473,2.8473,2.8473,2.8473,2.8473,2.8473,2.8473,2.8473,2.8473,2.8473,2.8473,2.8473,2.8473,1.033,1.6073,2.1814,2.7556,3.3297,3.9038,4.478,5.0521,5.6262,6.2004,6.7745
2.8334,2.792,2.7755,2.7656,2.7615,2.7611,2.761,2.7614,2.7618,2.1925,1.462,0.7315,2.7391,2.6803,2.6151,2.5452,2.4735,2.4015,2.3292,2.2569,2.1846,2.1122,2.0399,1.9675,1.8951
1.7217,1.7477,1.758,1.7642,1.7668,1.7671,1.7671,1.7669,1.7666,1.7662,1.7659,1.7732,1.7808,1.8177,1.8585,1.9022,1.9471,1.9922,2.0375,2.0828,2.1281,2.1734,2.2187,2.2641,2.3094
2.0919,2.0613,2.0491,2.0418,2.0388,2.0385,2.0384,2.0387,2.039,2.0394,2.0398,2.0312,2.0222,0.8385,1.8888,1.8791,1.8262,1.773,1.7196,1.6662,1.6128,1.5594,1.506,1.4526,1.3992
2.8248,2.8248,2.8248,2.8248,2.8248,2.8248,2.8248,2.8248,2.378,1.7837,1.1894,7.0504,7.0807,7.2271,7.3894,7.5634,7.742,7.9213,8.1013,8.2813,8.4615,8.6417,8.8219,8.878,8.878
2.8193,2.8193,2.8193,2.8193,2.8193,2.8193,2.8193,2.8193,2.8193,2.8193,2.8193,2.8193,2.8193,2.8193,1.1715,1.8227,2.4738,3.1249,3.776,4.3706,4.4656,4.5607,4.6558,4.7509,4.846
1.861,1.8338,1.823,1.8165,1.8138,1.8135,1.8135,1.8137,1.814,1.8144,1.8147,1.7376,1.7991,1.7605,1.7177,1.6718,1.6247,1.5774,1.5299,1.4824,1.4349,1.3873,1.3398,1.2923,1.2448
1.8526,1.8806,1.8917,1.8984,1.9011,1.9014,1.9015,1.9012,1.9009,1.9005,1.9002,1.4728,1.9162,1.9558,1.9998,2.0469,2.0952,2.1437,2.1924,2.2412,2.2899,2.3387,2.3874,2.4362,2.485
2.8027,2.8027,2.8027,2.8027,2.8027,2.8027,2.8027,2.8027,2.8027,2.8027,2.8027,2.8027,2.8027,2.8027,1.1371,1.7691,2.4011,3.0331,3.4952,3.3867,3.2781,3.1696,3.061,2.9524,2.8438
2.7973,2.7973,2.7973,2.7973,2.7973,2.7973,2.7973,2.7973,2.4309,1.8234,1.2158,5.5045,5.4801,5.3625,5.2321,5.0923,4.9488,4.8048,4.6601,4.5155,4.3707,4.226,4.0812,3.9364,3.7917
1.9606,1.9902,2.002,2.009,2.0119,2.0122,2.0123,2.012,2.0117,2.0113,2.0109,2.0192,2.0279,0.9365,2.1097,2.1662,2.2173,2.2687,2.3202,2.3718,2.4234,2.475,2.5266,2.5782,2.6298
1.8078,1.7814,1.7709,1.7646,1.762,1.7617,1.7616,1.7619,1.7622,1.7625,1.7628,1.7554,1.7476,1.7101,1.6685,1.624,1.5782,1.5323,1.4861,1.44,1.3938,1.3477,1.3015,1.2553,1.2092
2.781,2.781,2.781,2.781,2.781,2.781,2.781,2.781,2.781,2.1061,1.4044,0.7946,3.1264,3.191,3.2627,3.3395,3.4183,3.4975,3.577,3.6565,3.736,3.8156,3.8951,3.9747,4.0542
2.7756,2.7756,2.7756,2.7756,2.7756,2.7756,2.7756,2.7756,2.7756,2.7756,2.7756,2.7756,2.7756,2.7756,1.0491,1.6322,2.2153,2.7984,3.3814,3.9644,4.5475,5.1305,5.7136,6.2966,6.8796
2.2857,2.2522,2.2389,2.2309,2.2277,2.2273,2.2272,2.2276,2.2279,2.2283,1.8245,0.9129,2.2095,2.1621,2.1095,2.0532,1.9953,1.9373,1.8789,1.8206,1.7622,1.7039,1.6455,1.5871,1.5288
1.7156,1.7415,1.7518,1.7579,1.7605,1.7607,1.7608,1.7605,1.7603,1.7599,1.7596,1.7669,0.4971,1.8112,1.8518,1.8955,1.9402,1.9851,2.0302,2.0754,2.1205,2.1657,2.2108,2.256,2.3011
2.5218,2.4849,2.4702,2.4614,2.4578,2.4574,2.4573,2.4577,2.4581,2.4585,2.459,2.4487,2.4378,0.6476,1.4588,2.2653,2.2015,2.1374,2.0731,2.0087,1.9443,1.8799,1.8155,1.7511,1.6867
2.7543,2.7543,2.7543,2.7543,2.7543,2.7543,2.7543,2.7543,2.3246,1.7436,1.1627,8.6563,8.6563,8.6563,8.6563,8.6563,8.6563,8.6563,8.6563,8.6563,8.6563,8.6563,8.6563,8.6563,8.6563
2.643,2.6828,2.6987,2.7082,2.7121,2.7125,2.7126,2.7122,2.7118,2.7113,2.7108,2.722,2.7337,2.749,1.3707,2.1327,2.8945,3.0582,3.1277,3.1972,3.2668,3.3363,3.4059,3.4755,3.545
1.7838,1.7577,1.7473,1.7411,1.7385,1.7382,1.7382,1.7384,1.7387,1.739,1.7394,1.7321,0.4357,1.6874,1.6463,1.6024,1.5572,1.5119,1.4664,1.4208,1.3753,1.3298,1.2842,1.2386,1.1931
2.1112,2.143,2.1557,2.1632,2.1664,2.1667,2.1668,2.1665,2.1661,2.1657,2.0055,1.0035,2.1836,2.2288,2.2788,2.3325,2.3875,2.4428,2.4983,2.5539,2.6094,2.665,2.7206,2.7761,2.8317
2.7333,2.7333,2.7333,2.7333,2.7333,2.7333,2.7333,2.7333,2.7333,2.7333,2.7333,2.7333,2.7333,2.7333,1.0677,1.6613,2.2547,2.8481,3.4416,4.035,4.6284,5.2218,5.8152,5.912,5.6946
2.7281,2.7281,2.7281,2.7281,2.7281,2.7281,2.7281,2.7281,2.7046,2.0287,1.3528,0.7794,3.3817,3.3091,3.2287,3.1424,3.0539,2.965,2.8757,2.7864,2.6971,2.6078,2.5185,2.4291,2.3398
1.8015,1.8286,1.8395,1.8459,1.8486,1.8489,1.849,1.8487,1.8484,1.8481,1.8477,1.8553,1.8633,1.5847,1.9446,1.9904,2.0373,2.0845,2.1319,2.1793,2.2267,2.2741,2.3215,2.3689,2.4163
1.9675,1.9388,1.9273,1.9204,1.9176,1.9173,1.9172,1.9175,1.9178,1.9182,1.9186,1.9105,1.902,1.0807,1.8159,1.7674,1.7176,1.6676,1.6174,1.5672,1.517,1.4667,1.4165,1.3662,1.316
2.7126,2.7126,2.7126,2.7126,2.7126,2.7126,2.7126,2.7126,2.5201,1.8903,1.2605,4.7318,4.7522,4.8504,4.9593,5.0761,5.196,5.3163,5.4371,5.558,5.6789,5.7998,5.9207,6.0417,6.1626
2.7075,2.7075,2.7075,2.7075,2.7075,2.7075,2.7075,2.7075,2.7075,2.7075,2.7075,2.7075,2.7075,2.7075,1.1183,1.74,2.3616,2.9831,3.6047,4.2262,4.8477,5.4692,6.0908,6.4984,6.6285
1.9991,1.9699,1.9582,1.9512,1.9484,1.9481,1.948,1.9483,1.9486,1.949,1.9493,1.2865,1.9325,1.891,1.8451,1.7958,1.7452,1.6944,1.6434,1.5924,1.5413,1.4903,1.4392,1.3882,1.3371
1.793,1.82,1.8308,1.8372,1.8399,1.8402,1.8403,1.84,1.8397,1.8393,1.839,1.8466,1.8545,1.8929,1.9354,1.981,2.0277,2.0747,2.1218,2.169,2.2162,2.2634,2.3106,2.3578,2.405
2.6922,2.6922,2.6922,2.6922,2.6922,2.6922,2.6922,2.6922,2.6922,2.6922,2.6922,2.6922,2.6922,2.6922,1.2393,1.9283,2.6171,2.8448,2.7592,2.6735,2.5878,2.5021,2.4164,2.3307,2.245
2.6872,2.6872,2.6872,2.6872,2.6872,2.6872,2.6872,2.6872,2.3831,1.7876,1.192,8.4454,8.4454,8.4454,8.4454,8.4454,8.4454,8.3666,8.1148,7.8628,7.6108,7.3587,7.1066,6.8546,6.6025
2.1715,2.2042,2.2173,2.2251,2.2283,2.2286,2.2287,2.2284,2.228,2.2276,2.2272,2.2364,2.246,0.7739,1.7434,2.3991,2.4558,2.5126,2.5697,2.6268,2.684,2.7411,2.7983,2.8555,2.9126
1.7943,1.7681,1.7576,1.7514,1.7488,1.7485,1.7485,1.7487,1.749,1.7493,1.7497,1.7423,1.7346,1.6974,1.6561,1.6118,1.5664,1.5208,1.475,1.4293,1.3834,1.3376,1.2918,1.246,1.2002
2.5865,2.6255,2.641,2.6503,2.6541,2.6546,2.6547,2.6543,2.6538,2.375,1.5837,0.7924,2.6753,2.7306,2.7919,2.8576,2.9251,2.9928,3.0609,3.1289,3.197,3.265,3.3331,3.4012,3.4693
2.6672,2.6672,2.6672,2.6672,2.6672,2.6672,2.6672,2.6672,2.6672,2.6672,2.6672,2.6672,2.6672,2.6672,1.0538,1.6396,2.2253,2.811,3.3966,3.9823,4.568,5.1536,5.7393,6.325,6.9106
2.6312,2.5927,2.5774,2.5682,2.5644,2.564,2.5639,2.5643,2.5647,2.4074,1.6053,0.8032,2.5436,2.489,2.4285,2.3636,2.297,2.2301,2.163,2.0958,2.0286,1.9615,1.8943,1.8271,1.7599
1.7439,1.7701,1.7806,1.7869,1.7894,1.7897,1.7898,1.7895,1.7893,1.7889,1.7886,1.796,1.8037,1.841,1.8823,1.9267,1.9721,2.0178,2.0637,2.1095,2.1554,2.2013,2.2472,2.2931,2.339
2.2706,2.2374,2.2241,2.2162,2.213,2.2126,2.2125,2.2129,2.2132,2.2136,2.2141,2.2047,2.195,0.7639,1.7208,2.0396,1.9822,1.9245,1.8665,1.8086,1.7506,1.6926,1.6347,1.5767,1.5187
2.6475,2.6475,2.6475,2.6475,2.6475,2.6475,2.6475,2.6475,2.391,1.7935,1.1959,8.3206,8.3206,8.3206,8.3206,8.3206,8.3206,8.3206,8.3206,8.3206,8.3206,8.3206,8.3206,8.3206,8.3206
2.6426,2.6426,2.6426,2.6426,2.6426,2.6426,2.6426,2.6426,2.6426,2.6426,2.6426,2.6426,2.6426,2.6426,1.2587,1.9584,2.658,3.3576,3.801,3.8855,3.97,4.0545,4.1391,4.2236,4.3082
1.8571,1.83,1.8191,1.8126,1.81,1.8097,1.8096,1.8099,1.8102,1.8105,1.8109,1.8032,0.4536,1.7567,1.714,1.6682,1.6212,1.574,1.5266,1.4793,1.4318,1.3844,1.337,1.2896,1.2421
1.9725,2.0022,2.0141,2.0211,2.0241,2.0244,2.0245,2.0242,2.0238,2.0235,2.0231,1.2666,2.0402,2.0824,2.1291,2.1793,2.2307,2.2824,2.3342,2.3861,2.438,2.4899,2.5419,2.5938,2.6457
2.628,2.628,2.628,2.628,2.628,2.628,2.628,2.628,2.628,2.628,2.628,2.628,2.628,2.628,1.1256,1.7513,2.3769,3.0025,3.6281,4.2536,4.1188,3.9824,3.8459,3.7095,3.5731
2.6232,2.6232,2.6232,2.6232,2.6232,2.6232,2.6232,2.6232,2.5665,1.9251,1.2837,0.7495,4.4896,4.3933,4.2864,4.1719,4.0544,3.9363,3.8179,3.6993,3.5807,3.4621,3.3435,3.2249,3.1063
1.9242,1.9532,1.9648,1.9717,1.9745,1.9749,1.9749,1.9746,1.9743,1.974,1.9736,1.9817,1.9903,1.1277,2.077,2.1259,2.1761,2.2265,2.2771,2.3277,2.3784,2.429,2.4797,2.5303,2.581
1.8937,1.8661,1.855,1.8484,1.8457,1.8454,1.8453,1.8456,1.8459,1.8463,1.8466,1.8388,1.8307,1.5429,1.7478,1.7011,1.6532,1.6051,1.5568,1.5084,1.4601,1.4117,1.3634,1.315,1.2666
2.6089,2.6089,2.6089,2.6089,2.6089,2.6089,2.6089,2.6089,2.6089,2.0476,1.3654,0.7454,3.6535,3.729,3.8128,3.9026,3.9947,4.0872,4.1801,4.273,4.366,4.4589,4.5519,4.6449,4.7378
2.6042,2.6042,2.6042,2.6042,2.6042,2.6042,2.6042,2.6042,2.6042,2.6042,2.6042,2.6042,2.6042,2.6042,1.0908,1.6971,2.3033,2.9095,3.5157,4.1219,4.7281,5.3343,5.9405,6.5467,7.1529
2.1988,2.1667,2.1539,2.1462,2.143,2.1427,2.1426,2.1429,2.1433,2.1437,2.0847,1.0431,2.1256,2.08,2.0294,1.9752,1.9195,1.8637,1.8076,1.7514,1.6953,1.6392,1.583,1.5268,1.4707
1.7709,1.7976,1.8082,1.8146,1.8172,1.8175,1.8176,1.8173,1.817,1.8167,1.8163,1.8238,0.5131,1.8695,1.9115,1.9565,2.0027,2.0491,2.0957,2.1423,2.1889,2.2355,2.2821,2.3287,2.3753
2.5901,2.5901,2.5901,2.5901,2.5901,2.5901,2.5901,2.5901,2.5901,2.5901,2.5901,2.5901,2.5901,0.6327,1.3865,2.1572,2.4711,2.3992,2.327,2.2547,2.1825,2.1102,2.0379,1.9656,1.8933
2.5854,2.5854,2.5854,2.5854,2.5854,2.5854,2.5854,2.5854,2.3825,1.7871,1.1916,8.1255,8.1255,8.1255,8.1255,8.1255,8.1255,8.1255,8.1255,8.1255,8.1255,8.1255,8.1255,8.1255,8.1255
2.4767,2.514,2.5289,2.5378,2.5414,2.5418,2.5419,2.5416,2.5412,2.5407,2.5402,2.5507,2.5617,0.7374,1.5163,2.3592,2.8009,2.8658,2.9309,2.996,3.0612,3.1264,3.1916,3.2568,3.322
1.8153,1.7888,1.7782,1.7719,1.7693,1.769,1.7689,1.7692,1.7695,1.7698,1.7701,1.7627,0.4434,1.7172,1.6754,1.6307,1.5847,1.5386,1.4923,1.446,1.3996,1.3533,1.3069,1.2605,1.2142
2.3068,2.3415,2.3554,2.3637,2.3671,2.3675,2.3676,2.3672,2.3668,2.3664,1.8473,0.9243,2.386,2.4353,2.49,2.5486,2.6088,2.6692,2.7298,2.7905,2.8512,2.9119,2.9726,3.0334,3.0941
2.5669,2.5669,2.5669,2.5669,2.5669,2.5669,2.5669,2.5669,2.5669,2.5669,2.5669,2.5669,2.5669,2.5669,1.0788,1.6785,2.2781,2.8777,3.4773,4.0768,4.6764,5.276,5.8755,6.4751,7.0747
2.5623,2.5623,2.5623,2.5623,2.5623,2.5623,2.5623,2.5623,2.5623,2.193,1.4623,0.7321,3.0482,2.9828,2.9102,2.8325,2.7527,2.6725,2.5921,2.5116,2.4311,2.3506,2.2701,2.1895,2.109
1.8067,1.834,1.8448,1.8513,1.854,1.8543,1.8543,1.8541,1.8538,1.8534,1.8531,1.8607,1.8687,1.9074,1.9502,1.9961,2.0433,2.0906,2.1381,2.1856,2.2332,2.2807,2.3283,2.3758,2.4234
2.1066,2.0758,2.0635,2.0562,2.0532,2.0528,2.0527,2.0531,2.0534,2.0538,2.0542,2.0455,2.0364,0.9467,1.9443,1.8923,1.839,1.7855,1.7317,1.678,1.6242,1.5704,1.5166,1.4628,1.409
2.5486,2.5486,2.5486,2.5486,2.5486,2.5486,2.5486,2.5486,2.5079,1.8811,1.2544,0.7282,6.1446,6.2716,6.4125,6.5635,6.7184,6.874,7.0302,7.1865,7.3428,7.4992,7.6555,7.8119,7.9683
2.5441,2.5441,2.5441,2.5441,2.5441,2.5441,2.5441,2.5441,2.5441,2.5441,2.5441,2.5441,2.5441,2.5441,1.187,1.8468,2.5065,3.1663,3.8259,4.4856,5.1404,5.2499,5.3593,5.4688,5.5783
1.9729,1.9441,1.9326,1.9257,1.9229,1.9226,1.9225,1.9228,1.9231,1.9235,1.9238,1.5796,1.9072,1.8663,1.8209,1.7723,1.7223,1.6722,1.6219,1.5715,1.5211,1.4708,1.4204,1.37,1.3196
1.8878,1.9162,1.9276,1.9343,1.9371,1.9374,1.9375,1.9372,1.9369,1.9366,1.9362,1.7424,1.9526,1.9929,2.0377,2.0857,2.1349,2.1843,2.234,2.2836,2.3333,2.383,2.4327,2.4824,2.5321
2.5306,2.5306,2.5306,2.5306,2.5306,2.5306,2.5306,2.5306,2.5306,2.5306,2.5306,2.5306,2.5306,2.5306,1.2122,1.886,2.5597,3.2334,3.2712,3.1696,3.068,2.9664,2.8648,2.7631,2.6615
2.5262,2.5262,2.5262,2.5262,2.5262,2.5262,2.5262,2.5262,2.49,1.8677,1.2454,0.7218,6.7674,6.6222,6.4612,6.2885,6.1113,5.9335,5.7548,5.5762,5.3974,5.2187,5.0399,4.8611,4.6824
2.1028,2.1345,2.1471,2.1547,2.1578,2.1581,2.1582,2.1579,2.1575,2.1572,2.1568,2.1657,2.175,0.8944,2.0148,2.3232,2.3781,2.4332,2.4885,2.5438,2.5991,2.6544,2.7098,2.7651,2.8205
1.8612,1.8339,1.8231,1.8166,1.8139,1.8136,1.8136,1.8138,1.8141,1.8145,1.8148,1.8072,1.7992,1.7606,1.7178,1.6719,1.6248,1.5775,1.53,1.4825,1.435,1.3874,1.3399,1.2924,1.2448
2.5129,2.5129,2.5129,2.5129,2.5129,2.5129,2.5129,2.5129,2.5129,2.274,1.5164,0.7587,3.0312,3.0939,3.1634,3.2379,3.3143,3.3911,3.4681,3.5452,3.6223,3.6995,3.7766,3.8537,3.9309
2.5085,2.5085,2.5085,2.5085,2.5085,2.5085,2.5085,2.5085,2.5085,2.5085,2.5085,2.5085,2.5085,2.5085,1.0853,1.6886,2.2917,2.8949,3.4981,4.1012,4.7044,5.3075,5.9107,6.5138,7.117
2.4866,2.4502,2.4357,2.4271,2.4235,2.4231,2.423,2.4234,2.4238,2.4242,1.7902,0.8957,2.4038,2.3522,2.295,2.2337,2.1707,2.1076,2.0441,1.9807,1.9172,1.8537,1.7902,1.7267,1.6632
1.7833,1.8101,1.8209,1.8273,1.8299,1.8302,1.8303,1.83,1.8297,1.8294,1.829,1.8366,0.5167,1.8826,1.9249,1.9702,2.0167,2.0634,2.1103,2.1572,2.2042,2.2511,2.298,2.345,2.3919
2.4954,2.4621,2.4475,2.4388,2.4352,2.4348,2.4347,2.4351,2.4355,2.4359,2.4364,2.4261,2.4154,0.7107,1.601,2.2445,2.1812,2.1177,2.054,1.9902,1.9264,1.8626,1.7988,1.735,1.6712
2.4911,2.4911,2.4911,2.4911,2.4911,2.4911,2.4911,2.4911,2.4277,1.821,1.2143,0.7117,7.829,7.829,7.829,7.829,7.829,7.829,7.829,7.829,7.829,7.829,7.829,7.829,7.829
2.4867,2.4867,2.4867,2.4867,2.4867,2.4867,2.4867,2.4867,2.4867,2.4867,2.4867,2.4867,2.4867,0.7105,1.3694,2.1306,2.8917,3.3917,3.4688,3.5459,3.623,3.7002,3.7773,3.8545,3.9316
1.8719,1.8445,1.8336,1.8271,1.8244,1.8241,1.824,1.8243,1.8246,1.825,1.8253,1.8176,0.4573,1.7707,1.7277,1.6815,1.6341,1.5866,1.5388,1.491,1.4432,1.3954,1.3476,1.2998,1.252
2.1244,2.1564,2.1692,2.1768,2.1799,2.1803,2.1804,2.18,2.1797,2.1793,2.1789,1.1275,2.1973,2.2427,2.2931,2.3471,2.4025,2.4581,2.514,2.5699,2.6258,2.6817,2.7376,2.7935,2.8494
2.4739,2.4739,2.4739,2.4739,2.4739,2.4739,2.4739,2.4739,2.4739,2.4739,2.4739,2.4739,2.4739,2.4739,1.126,1.7519,2.3777,3.0036,3.6293,4.2551,4.8809,5.3383,5.1554,4.9725,4.7896
2.4696,2.4696,2.4696,2.4696,2.4696,2.4696,2.4696,2.4696,2.4696,2.0546,1.37,0.7056,3.8636,3.7807,3.6888,3.5902,3.4891,3.3875,3.2855,3.1835,3.0815,2.9794,2.8773,2.7753,2.6732
1.9095,1.9383,1.9498,1.9567,1.9595,1.9598,1.9599,1.9596,1.9593,1.9589,1.9585,1.9666,1.9751,1.417,2.0612,2.1097,2.1595,2.2095,2.2597,2.31,2.3602,2.4105,2.4607,2.511,2.5613
2.0044,1.9751,1.9634,1.9564,1.9535,1.9532,1.9531,1.9534,1.9537,1.9541,1.9545,1.9462,1.9376,1.2634,1.8499,1.8005,1.7498,1.6988,1.6477,1.5965,1.5454,1.4942,1.443,1.3918,1.3406
2.4569,2.4569,2.4569,2.4569,2.4569,2.4569,2.4569,2.4569,2.4569,2.0145,1.3433,0.702,4.4037,4.4947,4.5957,4.7039,4.815,4.9265,5.0384,5.1504,5.2625,5.3745,5.4866,5.5986,5.7107
2.4527,2.4527,2.4527,2.4527,2.4527,2.4527,2.4527,2.4527,2.4527,2.4527,2.4527,2.4527,2.4527,2.4527,1.1455,1.7822,2.4189,3.0555,3.6922,4.3288,4.9654,5.602,6.2386,6.8753,7.5119
2.1429,2.1116,2.0991,2.0916,2.0886,2.0882,2.0881,2.0884,2.0888,2.0892,2.0896,1.2209,2.0716,2.0271,1.9778,1.925,1.8707,1.8163,1.7616,1.7069,1.6522,1.5975,1.5428,1.488,1.4333
1.846,1.8738,1.8849,1.8915,1.8943,1.8946,1.8946,1.8944,1.8941,1.8937,1.8934,1.9012,0.5349,1.9488,1.9926,2.0395,2.0877,2.136,2.1846,2.2331,2.2817,2.3303,2.3789,2.4275,2.476
2.4402,2.4402,2.4402,2.4402,2.4402,2.4402,2.4402,2.4402,2.4402,2.4402,2.4402,2.4402,2.4402,0.6972,1.337,2.0802,2.8233,2.7466,2.6639,2.5812,2.4985,2.4157,2.333,2.2502,2.1674
2.436,2.436,2.436,2.436,2.436,2.436,2.436,2.436,2.436,1.8495,1.2333,0.696,7.6561,7.6561,7.6561,7.6561,7.6561,7.6561,7.6561,7.6561,7.6561,7.6561,7.6561,7.6561,7.6561
2.3594,2.3949,2.4091,2.4176,2.4211,2.4215,2.4216,2.4212,2.4208,2.4204,2.4199,2.4299,2.4319,0.7572,1.7057,2.6067,2.6683,2.7301,2.7921,2.8542,2.9162,2.9783,3.0404,3.1025,3.1646
1.8655,1.8382,1.8273,1.8208,1.8182,1.8178,1.8178,1.8181,1.8183,1.8187,1.819,1.8114,1.8034,1.7647,1.7217,1.6757,1.6285,1.5811,1.5335,1.4859,1.4383,1.3907,1.343,1.2954,1.2477
2.4237,2.4237,2.4237,2.4237,2.4237,2.4237,2.4237,2.4237,2.4237,2.4237,1.7348,0.868,2.6455,2.7002,2.7609,2.8259,2.8926,2.9596,3.0268,3.0941,3.1614,3.2287,3.2961,3.3634,3.4307
2.4196,2.4196,2.4196,2.4196,2.4196,2.4196,2.4196,2.4196,2.4196,2.4196,2.4196,2.4196,2.4196,2.4196,1.1008,1.7127,2.3246,2.9364,3.5482,4.16,4.7717,5.3835,5.9953,6.6071,7.2189
2.4155,2.4155,2.4155,2.4155,2.4155,2.4155,2.4155,2.4155,2.4155,2.402,1.6017,0.8014,2.8132,2.7529,2.6859,2.6142,2.5405,2.4666,2.3923,2.318,2.2437,2.1694,2.0951,2.0208,1.9465
1.8304,1.858,1.869,1.8755,1.8782,1.8785,1.8786,1.8783,1.878,1.8777,1.8773,1.8851,1.8932,1.9323,1.9757,2.0223,2.07,2.1179,2.1661,2.2142,2.2624,2.3105,2.3587,2.4069,2.4551
2.283,2.2496,2.2363,2.2283,2.225,2.2247,2.2246,2.2249,2.2253,2.2257,2.2261,2.2168,2.2069,0.8548,1.9256,2.0508,1.993,1.935,1.8767,1.8185,1.7602,1.7019,1.6436,1.5853,1.527
2.4034,2.4034,2.4034,2.4034,2.4034,2.4034,2.4034,2.4034,2.4034,1.8916,1.2614,0.6867,7.5534,7.5534,7.5534,7.5534,7.5534,7.5534,7.5534,7.5534,7.5534,7.5534,7.5534,7.5534,7.5534
2.3993,2.3993,2.3993,2.3993,2.3993,2.3993,2.3993,2.3993,2.3993,2.3993,2.3993,2.3993,2.3993,0.6855,1.2742,1.9825,2.6907,3.3989,4.1071,4.4126,4.5086,4.6046,4.7006,4.7967,4.8927
1.9686,1.9398,1.9284,1.9215,1.9187,1.9184,1.9183,1.9186,1.9189,1.9193,1.9196,1.9115,1.9031,1.8622,1.8169,1.7684,1.7186,1.6685,1.6183,1.5681,1.5178,1.4675,1.4173,1.367,1.3167
2.009,2.0393,2.0514,2.0586,2.0616,2.0619,2.062,2.0617,2.0613,2.061,2.0606,1.4669,2.078,2.1209,2.1686,2.2196,2.272,2.3247,2.3775,2.4303,2.4832,2.5361,2.589,2.6418,2.6947
2.3873,2.3873,2.3873,2.3873,2.3873,2.3873,2.3873,2.3873,2.3873,2.3873,2.3873,2.3873,2.3873,2.3873,1.1995,1.8663,2.533,3.1996,3.8663,3.8949,3.77,3.6452,3.5203,3.3954,3.2705
2.3834,2.3834,2.3834,2.3834,2.3834,2.3834,2.3834,2.3834,2.3834,1.9718,1.3148,0.681,5.3477,5.233,5.1057,4.9693,4.8293,4.6887,4.5476,4.4064,4.2651,4.1239,3.9826,3.8413,3.7001
2.0621,2.0932,2.1056,2.113,2.1161,2.1164,2.1165,2.1162,2.1158,2.1155,2.1151,2.1238,2.1329,1.062,2.2259,2.2783,2.3321,2.3861,2.4403,2.4946,2.5489,2.6031,2.6574,2.7117,2.766
1.9501,1.9215,1.9102,1.9034,1.9006,1.9003,1.9002,1.9005,1.9008,1.9011,1.9015,1.8935,1.8851,1.8447,1.7998,1.7517,1.7024,1.6528,1.6031,1.5533,1.5035,1.4537,1.4039,1.3541,1.3043
2.3715,2.3715,2.3715,2.3715,2.3715,2.3715,2.3715,2.3715,2.3715,2.2079,1.4722,0.7367,3.51,3.5825,3.663,3.7492,3.8377,3.9266,4.0159,4.1051,4.1944,4.2837,4.3731,4.4624,4.5517
2.3676,2.3676,2.3676,2.3676,2.3676,2.3676,2.3676,2.3676,2.3676,2.3676,2.3676,2.3676,2.3676,2.3676,1.1289,1.7564,2.3838,3.0112,3.6386,4.2659,4.8933,5.5207,6.1481,6.7755,7.4028
2.3637,2.3521,2.3382,2.3299,2.3264,2.3261,2.326,2.3263,2.3267,2.3271,2.0329,1.0172,2.3075,2.258,2.2031,2.1442,2.0838,2.0231,1.9622,1.9013,1.8404,1.7794,1.7185,1.6575,1.5966
1.8418,1.8695,1.8806,1.8872,1.8899,1.8902,1.8903,1.89,1.8897,1.8894,1.889,1.8968,0.5336,1.9443,1.988,2.0348,2.0829,2.1311,2.1795,2.228,2.2764,2.3249,2.3734,2.4219,2.4703
2.356,2.356,2.356,2.356,2.356,2.356,2.356,2.356,2.356,2.356,2.356,2.356,2.356,0.6733,1.5167,2.3599,2.4384,2.3674,2.2961,2.2249,2.1535,2.0822,2.0109,1.9395,1.8682
2.3521,2.3521,2.3521,2.3521,2.3521,2.3521,2.3521,2.3521,2.3521,1.8675,1.2453,0.672,7.3923,7.3923,7.3923,7.3923,7.3923,7.3923,7.3923,7.3923,7.3923,7.3923,7.3923,7.3923,7.3923
2.3482,2.3482,2.3482,2.3482,2.3482,2.3482,2.3482,2.3482,2.3482,2.3482,2.3482,2.3482,2.3482,0.6709,1.5108,2.3506,3.0913,3.1629,3.2348,3.3067,3.3786,3.4506,3.5225,3.5945,3.6664
1.9061,1.8783,1.8671,1.8605,1.8578,1.8575,1.8574,1.8577,1.858,1.8583,1.8587,1.8508,0.4656,1.8031,1.7593,1.7122,1.664,1.6156,1.5669,1.5183,1.4696,1.4209,1.3723,1.3236,1.2749
2.3174,2.3406,2.3406,2.3406,2.3406,2.3406,2.3406,2.3406,2.3406,2.3406,2.0606,1.0311,2.397,2.4465,2.5014,2.5603,2.6208,2.6815,2.7424,2.8034,2.8644,2.9254,2.9864,3.0473,3.1083
2.3368,2.3368,2.3368,2.3368,2.3368,2.3368,2.3368,2.3368,2.3368,2.3368,2.3368,2.3368,2.3368,2.3368,1.1383,1.771,2.4037,3.0363,3.6689,4.3015,4.9341,5.5667,6.1994,6.832,7.1762
2.333,2.333,2.333,2.333,2.333,2.333,2.333,2.333,2.333,2.219,1.4797,0.7404,3.4453,3.3713,3.2894,3.2015,3.1113,3.0207,2.9298,2.8388,2.7478,2.6568,2.5658,2.4748,2.3838
1.9158,1.9447,1.9562,1.9631,1.9659,1.9662,1.9663,1.966,1.9657,1.9653,1.965,1.9731,1.9815,1.8971,2.0679,2.1166,2.1666,2.2168,2.2672,2.3175,2.368,2.4184,2.4688,2.5192,2.5697
2.1454,2.114,2.1015,2.094,2.091,2.0906,2.0905,2.0908,2.0912,2.0916,2.092,2.0832,2.0739,1.0885,1.9801,1.9272,1.8729,1.8184,1.7636,1.7089,1.6541,1.5993,1.5445,1.4897,1.4349
2.3216,2.3216,2.3216,2.3216,2.3216,2.3216,2.3216,2.3216,2.3216,2.005,1.337,0.669,5.5367,5.6512,5.7781,5.9142,6.0538,6.194,6.3348,6.4756,6.6164,6.7573,6.8982,7.0391,7.18
2.3179,2.3179,2.3179,2.3179,2.3179,2.3179,2.3179,2.3179,2.3179,2.3179,2.3179,2.3179,2.3179,0.6622,1.216,1.8919,2.5677,3.2435,3.9193,4.5951,5.2709,5.9467,6.3083,6.4371,6.566
2.1144,2.0835,2.0712,2.0638,2.0608,2.0604,2.0604,2.0607,2.061,2.0614,2.0618,1.4738,2.044,2.0001,1.9515,1.8994,1.8459,1.7921,1.7382,1.6842,1.6302,1.5762,1.5222,1.4682,1.4142
1.9445,1.9738,1.9855,1.9924,1.9953,1.9956,1.9957,1.9954,1.9951,1.9947,1.9944,2.0026,2.0112,2.0528,2.0989,2.1483,2.199,2.2499,2.3011,2.3522,2.4034,2.4546,2.5057,2.5569,2.6081
2.3067,2.3067,2.3067,2.3067,2.3067,2.3067,2.3067,2.3067,2.3067,2.3067,2.3067,2.3067,2.3067,0.6591,1.3068,2.0332,2.7595,3.2213,3.1243,3.0273,2.9302,2.8332,2.7361,2.6391,2.542
2.303,2.303,2.303,2.303,2.303,2.303,2.303,2.303,2.303,1.9338,1.2895,0.658,7.2379,7.2379,7.2379,7.2379,7.2379,7.2379,7.2379,7.2164,6.985,6.7537,6.5223,6.291,6.0596
2.2816,2.2993,2.2993,2.2993,2.2993,2.2993,2.2993,2.2993,2.2993,2.2993,2.2993,2.2993,2.2993,0.8689,1.9573,2.5208,2.5803,2.64,2.7,2.76,2.8201,2.8801,2.9402,3.0002,3.0603
1.9366,1.9083,1.897,1.8902,1.8875,1.8872,1.8871,1.8874,1.8877,1.888,1.8884,1.8804,1.8721,1.8319,1.7874,1.7396,1.6906,1.6414,1.592,1.5426,1.4931,1.4437,1.3942,1.3448,1.2953
2.2919,2.2919,2.2919,2.2919,2.2919,2.2919,2.2919,2.2919,2.2919,2.2919,1.6572,0.8292,2.9837,3.0454,3.1138,3.1871,3.2624,3.3379,3.4138,3.4897,3.5656,3.6415,3.7174,3.7933,3.8693
2.2883,2.2883,2.2883,2.2883,2.2883,2.2883,2.2883,2.2883,2.2883,2.2883,2.2883,2.2883,2.2883,2.2883,1.1348,1.7655,2.3962,3.0269,3.6576,4.2882,4.9189,5.5496,6.1802,6.8109,7.1917
2.2846,2.2846,2.2846,2.2846,2.2846,2.2846,2.2846,2.2846,2.2846,2.2846,1.7809,0.8911,2.6489,2.5921,2.5291,2.4615,2.3921,2.3225,2.2526,2.1827,2.1127,2.0427,1.9727,1.9028,1.8328
1.8736,1.9018,1.9131,1.9198,1.9225,1.9229,1.9229,1.9226,1.9223,1.922,1.9216,1.9296,1.9379,1.9779,2.0223,2.07,2.1188,2.1679,2.2172,2.2665,2.3158,2.3651,2.4144,2.4637,2.513
2.2774,2.2774,2.2774,2.2774,2.2774,2.2774,2.2774,2.2774,2.2774,2.2774,2.2774,2.2774,2.2774,0.7909,1.7816,2.2528,2.1893,2.1256,2.0616,1.9976,1.9336,1.8696,1.8055,1.7415,1.6774
2.2738,2.2738,2.2738,2.2738,2.2738,2.2738,2.2738,2.2738,2.2738,1.9225,1.2819,0.6496,7.1461,7.1461,7.1461,7.1461,7.1461,7.1461,7.1461,7.1461,7.1461,7.1461,7.1461,7.1461,7.1461
2.2702,2.2702,2.2702,2.2702,2.2702,2.2702,2.2702,2.2702,2.2702,2.2702,2.2702,2.2702,2.2702,0.6486,1.3851,2.155,2.9248,3.6946,3.9061,3.993,4.0798,4.1667,4.2536,4.3404,4.4273
1.9859,1.9569,1.9453,1.9384,1.9356,1.9352,1.9352,1.9355,1.9358,1.9361,1.9365,1.9283,0.4851,1.8786,1.8329,1.7839,1.7337,1.6832,1.6326,1.5819,1.5312,1.4805,1.4297,1.379,1.3283
2.1634,2.196,2.209,2.2167,2.2199,2.2203,2.2204,2.22,2.2197,2.2193,2.2189,1.2888,2.2376,2.2839,2.3352,2.3902,2.4466,2.5032,2.5601,2.617,2.674,2.7309,2.7878,2.8448,2.9017
2.2594,2.2594,2.2594,2.2594,2.2594,2.2594,2.2594,2.2594,2.2594,2.2594,2.2594,2.2594,2.2594,0.6455,1.2007,1.8681,2.5355,3.2028,3.8701,4.5374,4.8735,4.7121,4.5507,4.3892,4.2278
2.2559,2.2559,2.2559,2.2559,2.2559,2.2559,2.2559,2.2559,2.2559,2.1052,1.4038,0.7024,4.5061,4.4094,4.3022,4.1872,4.0692,3.9508,3.8319,3.7129,3.5939,3.4749,3.3558,3.2368,3.1177
2.0471,2.078,2.0903,2.0976,2.1006,2.101,2.1011,2.1008,2.1004,2.1,2.0996,2.1083,2.1174,1.3069,2.2097,2.2617,2.3151,2.3687,2.4226,2.4764,2.5303,2.5842,2.638,2.6919,2.7458
2.0654,2.0352,2.0232,2.016,2.013,2.0127,2.0126,2.0129,2.0132,2.0136,2.014,2.0055,1.9966,1.5165,1.9063,1.8553,1.8031,1.7506,1.6979,1.6452,1.5924,1.5397,1.487,1.4342,1.3815
2.2453,2.2453,2.2453,2.2453,2.2453,2.2453,2.2453,2.2453,2.2453,2.172,1.4483,0.7247,4.1765,4.2628,4.3585,4.4612,4.5665,4.6723,4.7784,4.8846,4.9909,5.0972,5.2035,5.3097,5.416
2.2418,2.2418,2.2418,2.2418,2.2418,2.2418,2.2418,2.2418,2.2418,2.2418,2.2418,2.2418,2.2418,0.6405,1.1867,1.8463,2.5059,3.1654,3.8249,4.4845,5.144,5.8035,6.463,7.0455,7.0455
2.2383,2.2383,2.2383,2.2383,2.2383,2.2383,2.2383,2.2383,2.2383,2.2383,2.2383,1.1808,2.2474,2.1992,2.1457,2.0884,2.0295,1.9704,1.9111,1.8518,1.7924,1.7331,1.6737,1.6143,1.555
1.9221,1.9511,1.9627,1.9696,1.9724,1.9727,1.9728,1.9725,1.9722,1.9718,1.9715,1.9796,0.5569,2.0292,2.0748,2.1236,2.1738,2.2241,2.2747,2.3252,2.3758,2.4264,2.477,2.5276,2.5782
2.2313,2.2313,2.2313,2.2313,2.2313,2.2313,2.2313,2.2313,2.2313,2.2313,2.2313,2.2313,2.2313,0.6483,1.4605,2.2723,2.7768,2.696,2.6148,2.5336,2.4524,2.3712,2.29,2.2087,2.1275
2.2278,2.2278,2.2278,2.2278,2.2278,2.2278,2.2278,2.2278,2.2278,1.9353,1.2905,0.6457,7.0017,7.0017,7.0017,7.0017,7.0017,7.0017,7.0017,7.0017,7.0017,7.0017,7.0017,7.0017,7.0017
2.2244,2.2244,2.2244,2.2244,2.2244,2.2244,2.2244,2.2244,2.2244,2.2244,2.2244,2.2244,2.2244,0.752,1.694,2.6357,2.9374,3.0054,3.0737,3.1421,3.2104,3.2788,3.3471,3.4155,3.4839
1.9615,1.9328,1.9214,1.9145,1.9117,1.9114,1.9113,1.9116,1.9119,1.9123,1.9127,1.9046,0.4791,1.8555,1.8104,1.762,1.7124,1.6625,1.6125,1.5624,1.5123,1.4622,1.4121,1.362,1.312
2.2175,2.2175,2.2175,2.2175,2.2175,2.2175,2.2175,2.2175,2.2175,2.2175,1.9271,0.9643,2.6529,2.7077,2.7685,2.8337,2.9006,2.9678,3.0352,3.1027,3.1702,3.2377,3.3052,3.3727,3.4402
2.2141,2.2141,2.2141,2.2141,2.2141,2.2141,2.2141,2.2141,2.2141,2.2141,2.2141,2.2141,2.2141,0.6326,1.1631,1.8096,2.4561,3.1025,3.7489,4.3953,5.0417,5.6881,6.3345,6.9585,6.9585
2.2106,2.2106,2.2106,2.2106,2.2106,2.2106,2.2106,2.2106,2.2106,2.2106,1.6194,0.8103,3.159,3.0912,3.0161,2.9355,2.8528,2.7697,2.6864,2.603,2.5195,2.4361,2.3526,2.2692,2.1857
1.9434,1.9727,1.9844,1.9914,1.9942,1.9945,1.9946,1.9943,1.994,1.9936,1.9933,2.0015,2.0101,2.0517,2.0977,2.1471,2.1978,2.2487,2.2998,2.3509,2.4021,2.4532,2.5044,2.5555,2.6067
2.2038,2.2038,2.2038,2.2038,2.2038,2.2038,2.2038,2.2038,2.2038,2.2038,2.2038,2.2038,2.2038,0.9728,2.1458,2.0884,2.0296,1.9705,1.9112,1.8519,1.7925,1.7331,1.6738,1.6144,1.555
2.2005,2.2005,2.2005,2.2005,2.2005,2.2005,2.2005,2.2005,2.2005,2.0186,1.346,0.6735,6.9157,6.9157,6.9157,6.9157,6.9157,6.9157,6.9157,6.9157,6.9157,6.9157,6.9157,6.9157,6.9157
2.1971,2.1971,2.1971,2.1971,2.1971,2.1971,2.1971,2.1971,2.1971,2.1971,2.1971,2.1971,2.1971,0.6277,1.306,2.032,2.7579,3.4838,4.2096,4.9355,5.2212,5.3323,5.4435,5.5547,5.6659
2.1118,2.0809,2.0686,2.0612,2.0582,2.0578,2.0578,2.0581,2.0584,2.0588,2.0592,1.8553,2.0414,1.9976,1.9491,1.897,1.8435,1.7899,1.736,1.6821,1.6282,1.5742,1.5203,1.4664,1.4125
2.0714,2.1026,2.1151,2.1225,2.1256,2.1259,2.126,2.1257,2.1253,2.1249,2.1245,1.7401,2.1425,2.1868,2.2359,2.2885,2.3426,2.3968,2.4513,2.5058,2.5603,2.6148,2.6693,2.7238,2.7784
2.187,2.187,2.187,2.187,2.187,2.187,2.187,2.187,2.187,2.187,2.187,2.187,2.187,0.6249,1.2939,2.0131,2.7323,3.4514,3.7795,3.6622,3.5448,3.4274,3.31,3.1926,3.0752
2.1837,2.1837,2.1837,2.1837,2.1837,2.1837,2.1837,2.1837,2.1837,2.0443,1.3631,0.6821,6.5764,6.4353,6.2788,6.111,5.9389,5.766,5.5924,5.4188,5.2451,5.0714,4.8977,4.7239,4.5502
2.1804,2.1804,2.1804,2.1804,2.1804,2.1804,2.1804,2.1804,2.1804,2.1804,2.1804,2.1804,2.1804,1.0218,2.3017,2.4723,2.5307,2.5893,2.6481,2.707,2.7659,2.8248,2.8837,2.9426,3.0015
2.0323,2.0025,1.9907,1.9836,1.9807,1.9804,1.9803,1.9806,1.9809,1.9813,1.9817,1.9733,1.9646,1.9224,1.8757,1.8256,1.7741,1.7225,1.6706,1.6188,1.5669,1.515,1.4631,1.4112,1.3593
2.1738,2.1738,2.1738,2.1738,2.1738,2.1738,2.1738,2.1738,2.1738,2.1738,1.6081,0.8046,3.4342,3.5051,3.5839,3.6683,3.7549,3.8418,3.9291,4.0164,4.1038,4.1912,4.2786,4.366,4.4534
2.1705,2.1705,2.1705,2.1705,2.1705,2.1705,2.1705,2.1705,2.1705,2.1705,2.1705,2.1705,2.1705,0.6201,1.1824,1.8396,2.4968,3.1539,3.8111,4.4682,5.1253,5.7824,6.4395,6.8215,6.8215
2.1672,2.1672,2.1672,2.1672,2.1672,2.1672,2.1672,2.1672,2.1672,2.1672,2.0151,1.0083,2.539,2.4845,2.4241,2.3593,2.2929,2.2261,2.1591,2.0921,2.025,1.9579,1.8909,1.8238,1.7567
1.9386,1.9678,1.9794,1.9864,1.9892,1.9896,1.9896,1.9893,1.989,1.9887,1.9883,1.9965,0.5617,2.0465,2.0925,2.1418,2.1923,2.2431,2.2941,2.3451,2.3961,2.4471,2.4981,2.5492,2.6002
2.1607,2.1607,2.1607,2.1607,2.1607,2.1607,2.1607,2.1607,2.1607,2.1607,2.1607,2.1607,2.1607,0.7471,1.683,2.5135,2.4426,2.3715,2.3002,2.2287,2.1573,2.0859,2.0144,1.9429,1.8715
2.1574,2.1574,2.1574,2.1574,2.1574,2.1574,2.1574,2.1574,2.1574,1.9752,1.3171,0.6591,6.7804,6.7804,6.7804,6.7804,6.7804,6.7804,6.7804,6.7804,6.7804,6.7804,6.7804,6.7804,6.7804
2.1542,2.1542,2.1542,2.1542,2.1542,2.1542,2.1542,2.1542,2.1542,2.1542,2.1542,2.1542,2.1542,0.6778,1.527,2.3758,3.2244,3.5446,3.6252,3.7057,3.7863,3.867,3.9476,4.0282,4.1088
2.026,1.9963,1.9845,1.9775,1.9746,1.9742,1.9742,1.9745,1.9748,1.9752,1.9755,1.9672,0.4949,1.9165,1.8699,1.8199,1.7686,1.7171,1.6655,1.6138,1.562,1.5103,1.4586,1.4068,1.3551
2.1477,2.1477,2.1477,2.1477,2.1477,2.1477,2.1477,2.1477,2.1477,2.1477,2.1477,1.1695,2.4412,2.4917,2.5477,2.6076,2.6692,2.731,2.7931,2.8552,2.9173,2.9794,3.0415,3.1036,3.1658
2.1445,2.1445,2.1445,2.1445,2.1445,2.1445,2.1445,2.1445,2.1445,2.1445,2.1445,2.1445,2.1445,0.6127,1.2159,1.8918,2.5676,3.2433,3.9191,4.5948,5.2706,5.9463,6.3673,6.1414,5.9155
2.1413,2.1413,2.1413,2.1413,2.1413,2.1413,2.1413,2.1413,2.1413,2.1413,1.5173,0.7592,3.9682,3.883,3.7886,3.6874,3.5835,3.4792,3.3745,3.2697,3.1649,3.0601,2.9552,2.8504,2.7456
2.057,2.088,2.1004,2.1078,2.1108,2.1111,2.1112,2.1109,2.1106,2.1102,2.1098,2.1185,2.1276,1.691,2.2204,2.2727,2.3263,2.3802,2.4343,2.4884,2.5425,2.5967,2.6508,2.7049,2.7591
2.1349,2.1349,2.1349,2.1349,2.1349,2.1349,2.1349,2.1349,2.1349,2.1349,2.1349,2.1349,2.1349,1.2796,2.043,1.9884,1.9324,1.8762,1.8197,1.7632,1.7067,1.6502,1.5936,1.5371,1.4806
2.1317,2.1317,2.1317,2.1317,2.1317,2.1317,2.1317,2.1317,2.1317,2.1317,1.4433,0.7222,5.1504,5.2568,5.3749,5.5014,5.6313,5.7617,5.8927,6.0236,6.1547,6.2857,6.4168,6.5479,6.6789
2.1286,2.1286,2.1286,2.1286,2.1286,2.1286,2.1286,2.1286,2.1286,2.1286,2.1286,2.1286,2.1286,0.6082,1.2618,1.9632,2.6646,3.3659,4.0671,4.7684,5.4697,6.171,6.6898,6.6898,6.6898
2.1254,2.1254,2.1254,2.1254,2.1254,2.1254,2.1254,2.1254,2.1254,2.1254,2.1254,1.409,2.2194,2.1718,2.119,2.0624,2.0043,1.9459,1.8874,1.8288,1.7701,1.7115,1.6529,1.5942,1.5356
2.0287,2.0592,2.0714,2.0787,2.0817,2.082,2.0821,2.0818,2.0815,2.0811,2.0807,2.0893,2.0983,2.1417,2.1897,2.2413,2.2942,2.3474,2.4007,2.4541,2.5075,2.5608,2.6142,2.6676,2.721
2.1191,2.1191,2.1191,2.1191,2.1191,2.1191,2.1191,2.1191,2.1191,2.1191,2.1191,2.1191,2.1191,0.6339,1.4279,2.2216,3.0152,3.1397,3.0452,2.9507,2.8561,2.7615,2.6669,2.5723,2.4777
2.116,2.116,2.116,2.116,2.116,2.116,2.116,2.116,2.116,2.0279,1.3523,0.6766,6.6503,6.6503,6.6503,6.6503,6.6503,6.6503,6.6503,6.6503,6.6503,6.6503,6.6503,6.6503,6.6503
2.1129,2.1129,2.1129,2.1129,2.1129,2.1129,2.1129,2.1129,2.1129,2.1129,2.1129,2.1129,2.1129,0.8594,1.9359,2.7737,2.8391,2.9049,2.9709,3.0369,3.103,3.1691,3.2352,3.3012,3.3673
2.041,2.0112,1.9993,1.9922,1.9892,1.9889,1.9888,1.9891,1.9895,1.9898,1.9902,1.9818,1.973,1.9307,1.8838,1.8334,1.7818,1.7299,1.6778,1.6257,1.5736,1.5215,1.4694,1.4173,1.3651
2.1067,2.1067,2.1067,2.1067,2.1067,2.1067,2.1067,2.1067,2.1067,2.1067,1.8379,0.9197,2.9856,3.0473,3.1158,3.1891,3.2644,3.34,3.4159,3.4918,3.5678,3.6438,3.7198,3.7957,3.8717
2.1036,2.1036,2.1036,2.1036,2.1036,2.1036,2.1036,2.1036,2.1036,2.1036,2.1036,2.1036,2.1036,0.601,1.2018,1.8699,2.5379,3.2058,3.8738,4.5417,5.2096,5.8776,6.5455,6.6113,6.6113
2.1005,2.1005,2.1005,2.1005,2.1005,2.1005,2.1005,2.1005,2.1005,2.1005,1.7993,0.9003,2.9649,2.9013,2.8307,2.7551,2.6774,2.5995,2.5213,2.443,2.3647,2.2864,2.208,2.1297,2.0514
1.9941,2.0241,2.0361,2.0433,2.0462,2.0465,2.0466,2.0463,2.046,2.0456,2.0452,2.0537,2.0625,2.1051,2.1524,2.2031,2.2551,2.3073,2.3598,2.4122,2.4647,2.5172,2.5697,2.6221,2.6746
2.0944,2.0944,2.0944,2.0944,2.0944,2.0944,2.0944,2.0944,2.0944,2.0944,2.0944,2.0944,2.0944,0.895,2.0161,2.2949,2.2302,2.1653,2.1001,2.0349,1.9697,1.9044,1.8392,1.774,1.7087
2.0913,2.0913,2.0913,2.0913,2.0913,2.0913,2.0913,2.0913,2.0913,2.0563,1.3712,0.6861,6.5727,6.5727,6.5727,6.5727,6.5727,6.5727,6.5727,6.5727,6.5727,6.5727,6.5727,6.5727,6.5727
2.0883,2.0883,2.0883,2.0883,2.0883,2.0883,2.0883,2.0883,2.0883,2.0883,2.0883,2.0883,2.0883,0.6309,1.4212,2.2111,3.001,3.7909,4.481,4.5806,4.6803,4.7799,4.8796,4.9793,5.0789
2.0852,2.0852,2.0852,2.084,2.0809,2.0806,2.0805,2.0808,2.0811,2.0815,2.0819,2.0732,2.064,2.0197,1.9706,1.9179,1.8639,1.8096,1.7551,1.7007,1.6461,1.5916,1.5371,1.4826,1.4281
2.0822,2.0822,2.0822,2.0822,2.0822,2.0822,2.0822,2.0822,2.0822,2.0822,2.0822,1.505,2.3109,2.3586,2.4116,2.4684,2.5267,2.5852,2.6439,2.7027,2.7615,2.8203,2.8791,2.9379,2.9967
2.0792,2.0792,2.0792,2.0792,2.0792,2.0792,2.0792,2.0792,2.0792,2.0792,2.0792,2.0792,2.0792,0.5941,1.2978,2.0191,2.7404,3.4617,4.1829,4.6197,4.4716,4.3235,4.1754,4.0273,3.8791
2.0762,2.0762,2.0762,2.0762,2.0762,2.0762,2.0762,2.0762,2.0762,2.0762,1.4584,0.7297,5.3928,5.2771,5.1488,5.0112,4.87,4.7282,4.5859,4.4435,4.3011,4.1586,4.0162,3.8737,3.7313
2.0732,2.0732,2.0732,2.0732,2.0732,2.0732,2.0732,2.0732,2.0732,2.0732,2.0732,2.0732,2.0732,1.2397,2.4018,2.4584,2.5164,2.5747,2.6332,2.6917,2.7503,2.8088,2.8674,2.926,2.9845
2.0702,2.0702,2.0702,2.0702,2.0702,2.0702,2.0702,2.0702,2.0702,2.0702,2.0702,2.0702,2.0702,1.8835,1.9915,1.9383,1.8837,1.8288,1.7738,1.7187,1.6636,1.6085,1.5534,1.4983,1.4432
2.0672,2.0672,2.0672,2.0672,2.0672,2.0672,2.0672,2.0672,2.0672,2.0672,1.5839,0.7925,4.0523,4.1361,4.229,4.3286,4.4308,4.5334,4.6364,4.7395,4.8426,4.9457,5.0488,5.1519,5.255
2.0642,2.0642,2.0642,2.0642,2.0642,2.0642,2.0642,2.0642,2.0642,2.0642,2.0642,2.0642,2.0642,0.5898,1.2463,1.9391,2.6318,3.3244,4.0171,4.7097,5.4023,6.095,6.4875,6.4875,6.4875
2.0613,2.0613,2.0613,2.0613,2.0613,2.0613,2.0613,2.0613,2.0613,2.0613,2.0613,1.1649,2.4741,2.421,2.3622,2.299,2.2343,2.1692,2.1039,2.0386,1.9733,1.9079,1.8426,1.7772,1.7118
2.029,2.0583,2.0583,2.0583,2.0583,2.0583,2.0583,2.0583,2.0583,2.0583,2.0583,2.0583,0.5879,2.142,2.1901,2.2417,2.2946,2.3477,2.4011,2.4545,2.5079,2.5613,2.6147,2.6681,2.7215
2.0553,2.0553,2.0553,2.0553,2.0553,2.0553,2.0553,2.0553,2.0553,2.0553,2.0553,2.0553,2.0553,0.7191,1.6199,2.5203,2.7751,2.6943,2.6132,2.5321,2.4509,2.3697,2.2885,2.2074,2.1262
2.0524,2.0524,2.0524,2.0524,2.0524,2.0524,2.0524,2.0524,2.0524,2.0524,1.369,0.685,6.4504,6.4504,6.4504,6.4504,6.4504,6.4504,6.4504,6.4504,6.4504,6.4504,6.4504,6.4504,6.4504
2.0495,2.0495,2.0495,2.0495,2.0495,2.0495,2.0495,2.0495,2.0495,2.0495,2.0495,2.0495,2.0495,0.7595,1.7109,2.6619,3.286,3.3621,3.4385,3.5149,3.5914,3.6679,3.7444,3.8208,3.8973
2.0465,2.0465,2.0465,2.0411,2.0381,2.0378,2.0377,2.038,2.0383,2.0387,2.0391,2.0305,0.5108,1.9782,1.9301,1.8785,1.8256,1.7724,1.7191,1.6657,1.6123,1.5589,1.5055,1.4521,1.3987
2.0436,2.0436,2.0436,2.0436,2.0436,2.0436,2.0436,2.0436,2.0436,2.0436,2.0436,1.0896,2.7032,2.759,2.821,2.8874,2.9556,3.024,3.0928,3.1615,3.2303,3.2991,3.3679,3.4366,3.5054
2.0407,2.0407,2.0407,2.0407,2.0407,2.0407,2.0407,2.0407,2.0407,2.0407,2.0407,2.0407,2.0407,0.5831,1.2462,1.9389,2.6315,3.3241,4.0166,4.7092,5.4018,6.0944,6.4137,6.4137,6.4137
2.0378,2.0378,2.0378,2.0378,2.0378,2.0378,2.0378,2.0378,2.0378,2.0378,1.6629,0.8321,3.6139,3.5364,3.4504,3.3582,3.2636,3.1686,3.0732,2.9778,2.8823,2.7869,2.6914,2.5959,2.5005
2.0349,2.0349,2.0349,2.0349,2.0349,2.0349,2.0349,2.0349,2.0349,2.0349,2.0349,2.0349,2.0349,2.2094,2.259,2.3122,2.3668,2.4216,2.4766,2.5317,2.5868,2.6418,2.6969,2.752,2.8071
2.032,2.032,2.032,2.032,2.032,2.032,2.032,2.032,2.032,2.032,2.032,2.032,2.032,1.1304,2.2185,2.1592,2.0984,2.0373,1.976,1.9147,1.8533,1.7919,1.7305,1.6691,1.6077
2.0292,2.0292,2.0292,2.0292,2.0292,2.0292,2.0292,2.0292,2.0292,2.0292,1.4571,0.7291,6.3774,6.3774,6.3774,6.3774,6.3774,6.3774,6.3774,6.3774,6.3774,6.3774,6.3774,6.3774,6.3774
2.0263,2.0263,2.0263,2.0263,2.0263,2.0263,2.0263,2.0263,2.0263,2.0263,2.0263,2.0263,2.0263,0.6032,1.3588,2.114,2.8692,3.6244,4.3795,5.1347,5.8898,6.3273,6.3683,6.3683,6.3683
2.0234,2.0234,2.0234,2.0234,2.0234,2.0234,2.0234,2.0234,2.0234,2.0234,2.0234,1.7429,2.2222,2.1745,2.1216,2.0649,2.0068,1.9484,1.8897,1.831,1.7723,1.7136,1.6549,1.5962,1.5375
2.0206,2.0206,2.0206,2.0206,2.0206,2.0206,2.0206,2.0206,2.0206,2.0206,2.0206,2.0206,2.2419,2.2882,2.3396,2.3947,2.4512,2.508,2.565,2.622,2.6791,2.7361,2.7932,2.8502,2.9073
2.0177,2.0177,2.0177,2.0177,2.0177,2.0177,2.0177,2.0177,2.0177,2.0177,2.0177,2.0177,2.0177,0.6289,1.4168,2.2044,2.9918,3.7603,3.6471,3.5339,3.4206,3.3073,3.194,3.0807,2.9674
2.0149,2.0149,2.0149,2.0149,2.0149,2.0149,2.0149,2.0149,2.0149,2.0149,1.4342,0.7176,6.3325,6.3325,6.3325,6.3325,6.3325,6.3325,6.3325,6.3325,6.3325,6.3325,6.2876,6.0646,5.8415
2.0121,2.0121,2.0121,2.0121,2.0121,2.0121,2.0121,2.0121,2.0121,2.0121,2.0121,2.0121,2.0121,1.005,2.2639,2.7246,2.7889,2.8535,2.9183,2.9832,3.0481,3.113,3.1779,3.2428,3.3077
2.0093,2.0093,2.0093,2.0093,2.0093,2.0093,2.0093,2.0093,2.0093,2.0093,2.0093,2.0093,2.0093,2.0332,1.9837,1.9307,1.8763,1.8217,1.7669,1.712,1.6571,1.6023,1.5474,1.4925,1.4376
2.0064,2.0064,2.0064,2.0064,2.0064,2.0064,2.0064,2.0064,2.0064,2.0064,1.7848,0.8931,3.4271,3.498,3.5765,3.6607,3.7472,3.8339,3.9211,4.0082,4.0954,4.1826,4.2698,4.3571,4.4443
2.0036,2.0036,2.0036,2.0036,2.0036,2.0036,2.0036,2.0036,2.0036,2.0036,2.0036,2.0036,2.0036,0.5725,1.2568,1.9555,2.654,3.3526,4.0511,4.7496,5.4481,6.1466,6.2971,6.2971,6.2971
2.0008,2.0008,2.0008,2.0008,2.0008,2.0008,2.0008,2.0008,2.0008,2.0008,2.0008,1.018,2.8408,2.7798,2.7122,2.6397,2.5654,2.4907,2.4157,2.3407,2.2657,2.1907,2.1156,2.0406,1.9655
1.998,1.998,1.998,1.998,1.998,1.998,1.998,1.998,1.998,1.998,1.998,1.998,1.998,2.1863,2.2354,2.2881,2.3421,2.3963,2.4508,2.5053,2.5598,2.6143,2.6688,2.7233,2.7778
1.9953,1.9953,1.9953,1.9953,1.9953,1.9953,1.9953,1.9953,1.9953,1.9953,1.9953,1.9953,1.9953,0.8438,1.9007,2.5621,2.4899,2.4175,2.3447,2.2719,2.1991,2.1262,2.0534,1.9806,1.9077
1.9925,1.9925,1.9925,1.9925,1.9925,1.9925,1.9925,1.9925,1.9925,1.9925,1.4141,0.7076,6.2621,6.2621,6.2621,6.2621,6.2621,6.2621,6.2621,6.2621,6.2621,6.2621,6.2621,6.2621,6.2621
1.9897,1.9897,1.9897,1.9897,1.9897,1.9897,1.9897,1.9897,1.9897,1.9897,1.9897,1.9897,1.9897,0.6967,1.5694,2.4418,3.3141,4.0483,4.1403,4.2323,4.3244,4.4164,4.5085,4.6006,4.6927
1.987,1.987,1.987,1.987,1.987,1.987,1.987,1.987,1.987,1.987,1.987,1.987,0.534,2.0681,2.0178,1.9639,1.9086,1.853,1.7972,1.7414,1.6856,1.6298,1.574,1.5181,1.4623
1.9842,1.9842,1.9842,1.9842,1.9842,1.9842,1.9842,1.9842,1.9842,1.9842,1.9842,1.3544,2.5275,2.5797,2.6376,2.6998,2.7635,2.8275,2.8918,2.956,3.0203,3.0846,3.149,3.2133,3.2776
1.9815,1.9815,1.9815,1.9815,1.9815,1.9815,1.9815,1.9815,1.9815,1.9815,1.9815,1.9815,1.9815,0.5855,1.319,2.0521,2.7852,3.5182,4.2513,4.9843,5.7173,5.7966,5.5981,5.3995,5.2009
1.9787,1.9787,1.9787,1.9787,1.9787,1.9787,1.9787,1.9787,1.9787,1.9787,1.5812,0.7912,4.6797,4.5793,4.468,4.3486,4.2261,4.1031,3.9795,3.856,3.7324,3.6088,3.4851,3.3615,3.2379
1.976,1.976,1.976,1.976,1.976,1.976,1.976,1.976,1.976,1.976,1.976,1.976,1.976,1.5687,2.4217,2.4787,2.5372,2.596,2.655,2.714,2.7731,2.8321,2.8912,2.9502,3.0093
1.9733,1.9733,1.9733,1.9733,1.9733,1.9733,1.9733,1.9733,1.9733,1.9733,1.9733,1.9733,1.9733,1.5476,2.142,2.0847,2.026,1.967,1.9078,1.8486,1.7893,1.7301,1.6708,1.6115,1.5523
1.9706,1.9706,1.9706,1.9706,1.9706,1.9706,1.9706,1.9706,1.9706,1.9706,1.5833,0.7922,4.9364,5.0384,5.1516,5.2729,5.3974,5.5224,5.6479,5.7734,5.899,6.0246,6.1502,6.1933,6.1933
1.9679,1.9679,1.9679,1.9679,1.9679,1.9679,1.9679,1.9679,1.9679,1.9679,1.9679,1.9679,1.9679,0.5906,1.3304,2.07,2.8094,3.5488,4.2882,5.0276,5.767,6.1848,6.1848,6.1848,6.1848
1.9652,1.9652,1.9652,1.9652,1.9652,1.9652,1.9652,1.9652,1.9652,1.9652,1.9652,1.3809,2.4498,2.3972,2.339,2.2765,2.2123,2.1479,2.0833,2.0186,1.9539,1.8892,1.8245,1.7597,1.695
1.9625,1.9625,1.9625,1.9625,1.9625,1.9625,1.9625,1.9625,1.9625,1.9625,1.9625,1.9625,0.5607,2.2702,2.3212,2.3759,2.432,2.4883,2.5448,2.6014,2.658,2.7146,2.7712,2.8278,2.8844
1.9598,1.9598,1.9598,1.9598,1.9598,1.9598,1.9598,1.9598,1.9598,1.9598,1.9598,1.9598,1.9598,0.7044,1.5869,2.469,3.2219,3.1281,3.034,2.9398,2.8455,2.7513,2.657,2.5628,2.4685
1.9571,1.9571,1.9571,1.9571,1.9571,1.9571,1.9571,1.9571,1.9571,1.9571,1.4409,0.721,6.151,6.151,6.151,6.151,6.151,6.151,6.151,6.151,6.151,6.151,6.151,6.151,6.151
1.9545,1.9545,1.9545,1.9545,1.9545,1.9545,1.9545,1.9545,1.9545,1.9545,1.9545,1.9545,1.9545,0.8673,1.9538,3.0398,3.1794,3.253,3.327,3.4009,3.4749,3.5489,3.6229,3.6969,3.7709
1.9518,1.9518,1.9518,1.9518,1.9518,1.9518,1.9518,1.9518,1.9518,1.9518,1.9518,1.9518,1.9518,2.0677,2.0175,1.9635,1.9082,1.8527,1.7969,1.7411,1.6853,1.6295,1.5737,1.5179,1.462
1.9492,1.9492,1.9492,1.9492,1.9492,1.9492,1.9492,1.9492,1.9492,1.9492,1.9492,1.0389,3.045,3.108,3.1778,3.2526,3.3294,3.4065,3.4839,3.5613,3.6388,3.7163,3.7938,3.8713,3.9488
1.9465,1.9465,1.9465,1.9465,1.9465,1.9465,1.9465,1.9465,1.9465,1.9465,1.9465,1.9465,1.9465,0.5743,1.2936,2.0128,2.7318,3.4507,4.1697,4.8887,5.6076,6.1176,6.1176,6.1176,6.1176
1.9439,1.9439,1.9439,1.9439,1.9439,1.9439,1.9439,1.9439,1.9439,1.9439,1.8515,0.9264,3.384,3.3114,3.2309,3.1446,3.056,2.967,2.8777,2.7884,2.699,2.6096,2.5202,2.4308,2.3414
1.9412,1.9412,1.9412,1.9412,1.9412,1.9412,1.9412,1.9412,1.9412,1.9412,1.9412,1.9412,1.9412,2.2775,2.3287,2.3835,2.4398,2.4963,2.553,2.6097,2.6665,2.7233,2.7801,2.8369,2.8936
1.9386,1.9386,1.9386,1.9386,1.9386,1.9386,1.9386,1.9386,1.9386,1.9386,1.9386,1.9386,1.9386,1.0344,2.3302,2.3799,2.3128,2.2455,2.1779,2.1103,2.0427,1.975,1.9073,1.8397,1.772
1.936,1.936,1.936,1.936,1.936,1.936,1.936,1.936,1.936,1.936,1.4912,0.7461,6.0845,6.0845,6.0845,6.0845,6.0845,6.0845,6.0845,6.0845,6.0845,6.0845,6.0845,6.0845,6.0845
1.9334,1.9334,1.9334,1.9334,1.9334,1.9334,1.9334,1.9334,1.9334,1.9334,1.9334,1.9334,1.9334,0.6588,1.4841,2.309,3.1338,3.9586,4.7834,5.3795,5.4965,5.6136,5.7306,5.8477,5.9647
1.9308,1.9308,1.9308,1.9308,1.9308,1.9308,1.9308,1.9308,1.9308,1.9308,1.9308,1.9308,2.2567,2.2083,2.1546,2.097,2.0379,1.9786,1.9191,1.8595,1.7999,1.7403,1.6806,1.621,1.5614
1.9282,1.9282,1.9282,1.9282,1.9282,1.9282,1.9282,1.9282,1.9282,1.9282,1.9282,1.8058,2.4284,2.4786,2.5343,2.594,2.6552,2.7167,2.7785,2.8402,2.902,2.9638,3.0256,3.0874,3.1492
1.9256,1.9256,1.9256,1.9256,1.9256,1.9256,1.9256,1.9256,1.9256,1.9256,1.9256,1.9256,1.9256,0.6335,1.427,2.2202,3.0134,3.8064,4.5308,4.3902,4.2494,4.1087,3.9679,3.8272,3.6864
1.923,1.923,1.923,1.923,1.923,1.923,1.923,1.923,1.923,1.923,1.5416,0.7714,6.0437,6.0437,6.0437,6.0437,6.0273,5.8519,5.6757,5.4995,5.3232,5.1469,4.9706,4.7943,4.618
1.9204,1.9204,1.9204,1.9204,1.9204,1.9204,1.9204,1.9204,1.9204,1.9204,1.9204,1.9204,1.9204,1.2097,2.657,2.7196,2.7838,2.8483,2.913,2.9777,3.0425,3.1073,3.1721,3.2369,3.3017
1.9179,1.9179,1.9179,1.9179,1.9179,1.9179,1.9179,1.9179,1.9179,1.9179,1.9179,1.9179,1.9179,2.1696,2.1168,2.0603,2.0022,1.944,1.8854,1.8269,1.7683,1.7098,1.6512,1.5926,1.5341
1.9153,1.9153,1.9153,1.9153,1.9153,1.9153,1.9153,1.9153,1.9153,1.9153,1.7637,0.8825,4.0296,4.1128,4.2052,4.3042,4.4059,4.5079,4.6103,4.7128,4.8153,4.9179,5.0204,5.1229,5.2255
1.9127,1.9127,1.9127,1.9127,1.9127,1.9127,1.9127,1.9127,1.9127,1.9127,1.9127,1.9127,1.9127,0.5912,1.3318,2.0721,2.8123,3.5525,4.2927,5.0329,5.7731,6.0115,6.0115,6.0115,6.0115
1.9102,1.9102,1.9102,1.9102,1.9102,1.9102,1.9102,1.9102,1.9102,1.9102,1.9102,1.1752,2.7752,2.7156,2.6496,2.5788,2.5061,2.4332,2.3599,2.2867,2.2134,2.1401,2.0667,1.9934,1.9201
1.9077,1.9077,1.9077,1.9077,1.9077,1.9077,1.9077,1.9077,1.9077,1.9077,1.9077,1.9077,0.545,2.3009,2.3526,2.408,2.4648,2.5219,2.5792,2.6365,2.6939,2.7513,2.8086,2.866,2.9233
1.9051,1.9051,1.9051,1.9051,1.9051,1.9051,1.9051,1.9051,1.9051,1.9051,1.9051,1.9051,1.9051,0.8133,1.832,2.8503,2.8322,2.7498,2.667,2.5842,2.5014,2.4185,2.3357,2.2528,2.17
1.9026,1.9026,1.9026,1.9026,1.9026,1.9026,1.9026,1.9026,1.9026,1.9026,1.4781,0.7396,5.9796,5.9796,5.9796,5.9796,5.9796,5.9796,5.9796,5.9796,5.9796,5.9796,5.9796,5.9796,5.9796
1.9001,1.9001,1.9001,1.9001,1.9001,1.9001,1.9001,1.9001,1.9001,1.9001,1.9001,1.9001,1.9001,0.7827,1.7631,2.7431,3.723,3.8389,3.9261,4.0134,4.1007,4.188,4.2754,4.3627,4.45
1.8976,1.8976,1.8976,1.8976,1.8976,1.8976,1.8976,1.8976,1.8976,1.8976,1.8976,1.8976,0.5422,2.1468,2.0946,2.0386,1.9812,1.9235,1.8656,1.8077,1.7497,1.6918,1.6338,1.5759,1.5179
1.895,1.895,1.895,1.895,1.895,1.895,1.895,1.895,1.895,1.895,1.895,1.2585,2.8089,2.867,2.9314,3.0004,3.0713,3.1424,3.2138,3.2852,3.3567,3.4282,3.4997,3.5711,3.6426
1.8925,1.8925,1.8925,1.8925,1.8925,1.8925,1.8925,1.8925,1.8925,1.8925,1.8925,1.8925,1.8925,0.6035,1.3595,2.1151,2.8707,3.6263,4.3818,5.1374,5.8929,5.948,5.948,5.948,5.948
1.89,1.89,1.89,1.89,1.89,1.89,1.89,1.89,1.89,1.89,1.7407,0.871,4.2339,4.143,4.0423,3.9342,3.8234,3.7121,3.6004,3.4886,3.3768,3.2649,3.1531,3.0412,2.9294
1.8876,1.8876,1.8876,1.8876,1.8876,1.8876,1.8876,1.8876,1.8876,1.8876,1.8876,1.8876,1.8876,2.1096,2.4776,2.536,2.5958,2.6559,2.7163,2.7767,2.8371,2.8975,2.9579,3.0183,3.0787
1.8851,1.8851,1.8851,1.8851,1.8851,1.8851,1.8851,1.8851,1.8851,1.8851,1.8851,1.8851,1.8851,1.3492,2.3379,2.2754,2.2113,2.1469,2.0823,2.0177,1.953,1.8883,1.8236,1.7589,1.6942
1.8826,1.8826,1.8826,1.8826,1.8826,1.8826,1.8826,1.8826,1.8826,1.8826,1.6071,0.8042,5.9167,5.9167,5.9167,5.9167,5.9167,5.9167,5.9167,5.9167,5.9167,5.9167,5.9167,5.9167,5.9167
1.8801,1.8801,1.8801,1.8801,1.8801,1.8801,1.8801,1.8801,1.8801,1.8801,1.8801,1.8801,1.8801,0.6395,1.4407,2.2415,3.0422,3.8429,4.6436,5.4443,5.909,5.909,5.909,5.909,5.909
1.8777,1.8777,1.8777,1.8777,1.8777,1.8777,1.8777,1.8777,1.8777,1.8777,1.8777,1.6914,2.4655,2.4126,2.3539,2.291,2.2265,2.1616,2.0966,2.0315,1.9664,1.9012,1.8361,1.771,1.7058
1.8752,1.8752,1.8752,1.8752,1.8752,1.8752,1.8752,1.8752,1.8752,1.8752,1.8752,1.8752,0.5358,2.4402,2.495,2.5538,2.6141,2.6746,2.7354,2.7962,2.857,2.9178,2.9787,3.0395,3.1004
1.8728,1.8728,1.8728,1.8728,1.8728,1.8728,1.8728,1.8728,1.8728,1.8728,1.8728,1.8728,1.8728,0.7023,1.5819,2.4613,3.3405,3.7304,3.6181,3.5058,3.3934,3.281,3.1686,3.0563,2.9439
1.8703,1.8703,1.8703,1.8703,1.8703,1.8703,1.8703,1.8703,1.8703,1.8703,1.5379,0.7695,5.8781,5.8781,5.8781,5.8781,5.8781,5.8781,5.8781,5.8781,5.8781,5.8781,5.8781,5.8781,5.8781
1.8679,1.8679,1.8679,1.8679,1.8679,1.8679,1.8679,1.8679,1.8679,1.8679,1.8679,1.8679,1.8679,1.0134,2.2829,3.0635,3.1358,3.2084,3.2814,3.3543,3.4273,3.5002,3.5732,3.6462,3.7192
1.8655,1.8655,1.8655,1.8655,1.8655,1.8655,1.8655,1.8655,1.8655,1.8655,1.8655,1.8655,1.8655,2.1918,2.1385,2.0814,2.0227,1.9638,1.9047,1.8456,1.7864,1.7273,1.6681,1.6089,1.5498
1.863,1.863,1.863,1.863,1.863,1.863,1.863,1.863,1.863,1.863,1.863,1.012,3.5007,3.5731,3.6533,3.7394,3.8276,3.9163,4.0053,4.0943,4.1834,4.2725,4.3615,4.4506,4.5397
1.8606,1.8606,1.8606,1.8606,1.8606,1.8606,1.8606,1.8606,1.8606,1.8606,1.8606,1.8606,1.8606,0.6046,1.362,2.1191,2.8761,3.6331,4.39,5.147,5.8476,5.8476,5.8476,5.8476,5.8476
1.8582,1.8582,1.8582,1.8582,1.8582,1.8582,1.8582,1.8582,1.8582,1.8582,1.8582,1.0509,3.2482,3.1785,3.1013,3.0184,2.9333,2.848,2.7622,2.6765,2.5907,2.5049,2.4191,2.3333,2.2474
1.8558,1.8558,1.8558,1.8558,1.8558,1.8558,1.8558,1.8558,1.8558,1.8558,1.8558,1.8558,1.8558,2.3816,2.4351,2.4924,2.5513,2.6104,2.6697,2.729,2.7884,2.8478,2.9072,2.9665,3.0259
1.8534,1.8534,1.8534,1.8534,1.8534,1.8534,1.8534,1.8534,1.8534,1.8534,1.8534,1.8534,1.8534,0.975,2.1964,2.6688,2.5937,2.5182,2.4424,2.3665,2.2907,2.2148,2.1389,2.0631,1.9872
1.851,1.851,1.851,1.851,1.851,1.851,1.851,1.851,1.851,1.851,1.5486,0.7749,5.8174,5.8174,5.8174,5.8174,5.8174,5.8174,5.8174,5.8174,5.8174,5.8174,5.8174,5.8174,5.8174
1.8486,1.8486,1.8486,1.8486,1.8486,1.8486,1.8486,1.8486,1.8486,1.8486,1.8486,1.8486,1.8486,0.7315,1.6477,2.5636,3.4794,4.3952,4.8463,4.9541,5.0618,5.1696,5.2774,5.3852,5.493
1.8462,1.8462,1.8462,1.8462,1.8462,1.8462,1.8462,1.8462,1.8462,1.8462,1.8462,1.8462,0.5275,2.2769,2.2215,2.1621,2.1012,2.0401,1.9786,1.9172,1.8558,1.7943,1.7328,1.6714,1.6099
1.8439,1.8439,1.8439,1.8439,1.8439,1.8439,1.8439,1.8439,1.8439,1.8439,1.8439,1.6116,2.6723,2.7275,2.7888,2.8545,2.9219,2.9895,3.0575,3.1254,3.1934,3.2614,3.3294,3.3974,3.4654
1.8415,1.8415,1.8415,1.8415,1.8415,1.8415,1.8415,1.8415,1.8415,1.8415,1.8415,1.8415,1.8415,0.6482,1.4602,2.2719,3.0834,3.895,4.7065,5.518,5.5533,5.3694,5.1855,5.0015,4.8176
1.8391,1.8391,1.8391,1.8391,1.8391,1.8391,1.8391,1.8391,1.8391,1.8391,1.6827,0.842,5.6921,5.5699,5.4345,5.2892,5.1402,4.9906,4.8404,4.6901,4.5398,4.3894,4.239,4.0887,3.9383
1.8368,1.8368,1.8368,1.8368,1.8368,1.8368,1.8368,1.8368,1.8368,1.8368,1.8368,1.8368,1.8368,1.5119,2.6967,2.7602,2.8254,2.8908,2.9565,3.0222,3.088,3.1537,3.2195,3.2852,3.351
1.8344,1.8344,1.8344,1.8344,1.8344,1.8344,1.8344,1.8344,1.8344,1.8344,1.8344,1.8344,1.8344,1.9434,2.2931,2.2319,2.169,2.1059,2.0425,1.9791,1.9156,1.8522,1.7887,1.7253,1.6618
1.8321,1.8321,1.8321,1.8321,1.8321,1.8321,1.8321,1.8321,1.8321,1.8321,1.7741,0.8877,4.8831,4.984,5.0959,5.2159,5.3391,5.4627,5.5868,5.711,5.758,5.758,5.758,5.758,5.758
1.8297,1.8297,1.8297,1.8297,1.8297,1.8297,1.8297,1.8297,1.8297,1.8297,1.8297,1.8297,1.8297,0.6359,1.4325,2.2287,3.0249,3.821,4.6171,5.4132,5.7506,5.7506,5.7506,5.7506,5.7506
1.8274,1.8274,1.8274,1.8274,1.8274,1.8274,1.8274,1.8274,1.8274,1.8274,1.8274,1.3918,2.7637,2.7044,2.6387,2.5682,2.4958,2.4232,2.3502,2.2773,2.2042,2.1312,2.0582,1.9852,1.9122
1.8251,1.8251,1.8251,1.8251,1.8251,1.8251,1.8251,1.8251,1.8251,1.8251,1.8251,1.8251,0.5215,2.4578,2.513,2.5722,2.6329,2.6939,2.7551,2.8163,2.8776,2.9389,3.0002,3.0614,3.1227
1.8228,1.8228,1.8228,1.8228,1.8228,1.8228,1.8228,1.8228,1.8228,1.8228,1.8228,1.8228,1.8228,0.8007,1.8037,2.8063,3.2946,3.1987,3.1024,3.0061,2.9098,2.8134,2.717,2.6206,2.5243
1.8204,1.8204,1.8204,1.8204,1.8204,1.8204,1.8204,1.8204,1.8204,1.8204,1.5683,0.7847,5.7214,5.7214,5.7214,5.7214,5.7214,5.7214,5.7214,5.7214,5.7214,5.7214,5.7214,5.7214,5.7214
1.8181,1.8181,1.8181,1.8181,1.8181,1.8181,1.8181,1.8181,1.8181,1.8181,1.8181,1.8181,1.8181,0.8973,2.0213,3.1448,3.6446,3.729,3.8137,3.8985,3.9833,4.0681,4.1529,4.2377,4.3226
1.8158,1.8158,1.8158,1.8158,1.8158,1.8158,1.8158,1.8158,1.8158,1.8158,1.8158,1.8158,0.5188,2.2626,2.2076,2.1486,2.088,2.0273,1.9662,1.9052,1.8441,1.783,1.722,1.6609,1.5998
1.8135,1.8135,1.8135,1.8135,1.8135,1.8135,1.8135,1.8135,1.8135,1.8135,1.8135,1.2027,3.1812,3.2469,3.3198,3.398,3.4782,3.5588,3.6397,3.7206,3.8015,3.8824,3.9634,4.0443,4.1253
1.8112,1.8112,1.8112,1.8112,1.8112,1.8112,1.8112,1.8112,1.8112,1.8112,1.8112,1.8112,1.8112,0.6317,1.4231,2.2142,3.0051,3.796,4.5869,5.3779,5.6925,5.6925,5.6925,5.6925,5.6925
1.809,1.809,1.809,1.809,1.809,1.809,1.809,1.809,1.809,1.809,1.809,0.9761,3.9639,3.8788,3.7845,3.6834,3.5796,3.4754,3.3708,3.2661,3.1614,3.0567,2.952,2.8473,2.7426
1.8067,1.8067,1.8067,1.8067,1.8067,1.8067,1.8067,1.8067,1.8067,1.8067,1.8067,1.8067,1.8067,2.519,2.5756,2.6362,2.6984,2.7609,2.8237,2.8864,2.9492,3.012,3.0748,3.1376,3.2004
1.8044,1.8044,1.8044,1.8044,1.8044,1.8044,1.8044,1.8044,1.8044,1.8044,1.8044,1.8044,1.8044,1.2295,2.5956,2.5263,2.4551,2.3836,2.3119,2.2401,2.1683,2.0965,2.0247,1.9529,1.881
1.8021,1.8021,1.8021,1.8021,1.8021,1.8021,1.8021,1.8021,1.8021,1.8021,1.6585,0.8299,5.6639,5.6639,5.6639,5.6639,5.6639,5.6639,5.6639,5.6639,5.6639,5.6639,5.6639,5.6639,5.6639
1.7999,1.7999,1.7999,1.7999,1.7999,1.7999,1.7999,1.7999,1.7999,1.7999,1.7999,1.7999,1.7999,0.7041,1.5861,2.4678,3.3494,4.2309,5.1124,5.6567,5.6567,5.6567,5.6567,5.6567,5.6567
1.7976,1.7976,1.7976,1.7976,1.7976,1.7976,1.7976,1.7976,1.7976,1.7976,1.7976,1.7976,2.5245,2.4703,2.4103,2.3459,2.2798,2.2134,2.1468,2.0801,2.0135,1.9468,1.8801,1.8134,1.7467
1.7954,1.7954,1.7954,1.7954,1.7954,1.7954,1.7954,1.7954,1.7954,1.7954,1.7954,1.7954,2.6119,2.6659,2.7258,2.79,2.8558,2.922,2.9884,3.0548,3.1212,3.1877,3.2542,3.3206,3.3871
1.7931,1.7931,1.7931,1.7931,1.7931,1.7931,1.7931,1.7931,1.7931,1.7931,1.7931,1.7931,1.7931,0.713,1.6062,2.499,3.3917,4.2844,4.4656,4.327,4.1883,4.0496,3.9108,3.7721,3.6334
1.7909,1.7909,1.7909,1.7909,1.7909,1.7909,1.7909,1.7909,1.7909,1.7909,1.668,0.8346,5.6285,5.6285,5.6285,5.6285,5.6285,5.6285,5.6285,5.6285,5.6285,5.6285,5.6285,5.6285,5.6285
1.7886,1.7886,1.7886,1.7886,1.7886,1.7886,1.7886,1.7886,1.7886,1.7886,1.7886,1.7886,1.7886,1.2185,2.745,3.0814,3.1541,3.2272,3.3005,3.3739,3.4473,3.5207,3.5941,3.6675,3.7409
1.7864,1.7864,1.7864,1.7864,1.7864,1.7864,1.7864,1.7864,1.7864,1.7864,1.7864,1.7864,1.7864,2.3608,2.3034,2.2419,2.1787,2.1153,2.0516,1.9879,1.9242,1.8605,1.7968,1.733,1.6693
1.7842,1.7842,1.7842,1.7842,1.7842,1.7842,1.7842,1.7842,1.7842,1.7842,1.7842,1.0072,4.126,4.2113,4.3059,4.4073,4.5113,4.6158,4.7207,4.8256,4.9306,5.0356,5.1406,5.2456,5.3506
1.782,1.782,1.782,1.782,1.782,1.782,1.782,1.782,1.782,1.782,1.782,1.782,1.782,0.6469,1.4573,2.2673,3.0772,3.8871,4.697,5.5069,5.6005,5.6005,5.6005,5.6005,5.6005
1.7798,1.7798,1.7798,1.7798,1.7798,1.7798,1.7798,1.7798,1.7798,1.7798,1.7798,1.219,3.1929,3.1244,3.0485,2.967,2.8834,2.7995,2.7152,2.6309,2.5466,2.4622,2.3779,2.2935,2.2092
1.7776,1.7776,1.7776,1.7776,1.7776,1.7776,1.7776,1.7776,1.7776,1.7776,1.7776,1.7776,0.5079,2.5313,2.5882,2.6491,2.7117,2.7745,2.8375,2.9006,2.9637,3.0268,3.0899,3.153,3.2161
1.7754,1.7754,1.7754,1.7754,1.7754,1.7754,1.7754,1.7754,1.7754,1.7754,1.7754,1.7754,1.7754,0.9444,2.1274,3.0554,2.9694,2.8829,2.7961,2.7093,2.6225,2.5356,2.4488,2.3619,2.275
1.7732,1.7732,1.7732,1.7732,1.7732,1.7732,1.7732,1.7732,1.7732,1.7732,1.635,0.8181,5.5728,5.5728,5.5728,5.5728,5.5728,5.5728,5.5728,5.5728,5.5728,5.5728,5.5728,5.5728,5.5728
1.771,1.771,1.771,1.771,1.771,1.771,1.771,1.771,1.771,1.771,1.771,1.771,1.771,0.8281,1.8654,2.9024,3.9391,4.5068,4.6092,4.7117,4.8142,4.9167,5.0192,5.1217,5.2242
1.7688,1.7688,1.7688,1.7688,1.7688,1.7688,1.7688,1.7688,1.7688,1.7688,1.7688,1.7688,0.5054,2.3877,2.3297,2.2674,2.2035,2.1394,2.075,2.0106,1.9461,1.8817,1.8172,1.7527,1.6883
1.7666,1.7666,1.7666,1.7666,1.7666,1.7666,1.7666,1.7666,1.7666,1.7666,1.7666,1.4972,2.996,3.0579,3.1266,3.2002,3.2758,3.3516,3.4278,3.504,3.5802,3.6565,3.7327,3.8089,3.8852
1.7644,1.7644,1.7644,1.7644,1.7644,1.7644,1.7644,1.7644,1.7644,1.7644,1.7644,1.7644,1.7644,0.675,1.5205,2.3658,3.2109,4.0559,4.901,5.5454,5.5454,5.5454,5.5454,5.5454,5.5454
1.7623,1.7623,1.7623,1.7623,1.7623,1.7623,1.7623,1.7623,1.7623,1.7623,1.7623,0.9358,5.1224,5.0125,4.8906,4.7599,4.6258,4.4912,4.356,4.2207,4.0854,3.9501,3.8148,3.6795,3.5442
1.7601,1.7601,1.7601,1.7601,1.7601,1.7601,1.7601,1.7601,1.7601,1.7601,1.7601,1.7601,1.7601,1.9907,2.7873,2.853,2.9203,2.9879,3.0558,3.1238,3.1917,3.2597,3.3277,3.3956,3.4636
1.7579,1.7579,1.7579,1.7579,1.7579,1.7579,1.7579,1.7579,1.7579,1.7579,1.7579,1.7579,1.7579,1.6697,2.5285,2.461,2.3916,2.322,2.2521,2.1822,2.1122,2.0423,1.9723,1.9024,1.8324
1.7558,1.7558,1.7558,1.7558,1.7558,1.7558,1.7558,1.7558,1.7558,1.7558,1.7558,0.9102,5.5182,5.5182,5.5182,5.5182,5.5182,5.5182,5.5182,5.5182,5.5182,5.5182,5.5182,5.5182,5.5182
1.7536,1.7536,1.7536,1.7536,1.7536,1.7536,1.7536,1.7536,1.7536,1.7536,1.7536,1.7536,1.7536,0.696,1.5679,2.4395,3.3109,4.1823,5.0537,5.5114,5.5114,5.5114,5.5114,5.5114,5.5114
1.7515,1.7515,1.7515,1.7515,1.7515,1.7515,1.7515,1.7515,1.7515,1.7515,1.7515,1.7026,2.8089,2.7486,2.6818,2.6101,2.5366,2.4628,2.3886,2.3145,2.2403,2.1661,2.0919,2.0177,1.9435
1.7494,1.7494,1.7494,1.7494,1.7494,1.7494,1.7494,1.7494,1.7494,1.7494,1.7494,1.7494,0.4998,2.6716,2.7316,2.7959,2.8619,2.9282,2.9947,3.0613,3.1279,3.1945,3.2611,3.3277,3.3943
1.7472,1.7472,1.7472,1.7472,1.7472,1.7472,1.7472,1.7472,1.7472,1.7472,1.7472,1.7472,1.7472,0.8058,1.8151,2.8241,3.8329,3.8261,3.7109,3.5957,3.4804,3.3652,3.2499,3.1346,3.0193
1.7451,1.7451,1.7451,1.7451,1.7451,1.7451,1.7451,1.7451,1.7451,1.7451,1.6934,0.8473,5.4846,5.4846,5.4846,5.4846,5.4846,5.4846,5.4846,5.4846,5.4846,5.4846,5.4846,5.4846,5.4846
1.743,1.743,1.743,1.743,1.743,1.743,1.743,1.743,1.743,1.743,1.743,1.743,1.743,1.0546,2.3757,3.5426,3.6262,3.7102,3.7945,3.8788,3.9632,4.0476,4.132,4.2164,4.3008
1.7409,1.7409,1.7409,1.7409,1.7409,1.7409,1.7409,1.7409,1.7409,1.7409,1.7409,1.7409,1.7409,2.4271,2.368,2.3048,2.2398,2.1746,2.1092,2.0437,1.9782,1.9127,1.8471,1.7816,1.7161
1.7388,1.7388,1.7388,1.7388,1.7388,1.7388,1.7388,1.7388,1.7388,1.7388,1.7388,1.1807,3.6861,3.7623,3.8468,3.9374,4.0304,4.1237,4.2174,4.3112,4.405,4.4987,4.5925,4.6863,4.7802
1.7366,1.7366,1.7366,1.7366,1.7366,1.7366,1.7366,1.7366,1.7366,1.7366,1.7366,1.7366,1.7366,0.6733,1.5166,2.3597,3.2027,4.0456,4.8885,5.458,5.458,5.458,5.458,5.458,5.458
1.7345,1.7345,1.7345,1.7345,1.7345,1.7345,1.7345,1.7345,1.7345,1.7345,1.7345,1.1176,3.8283,3.7462,3.6551,3.5574,3.4572,3.3566,3.2555,3.1545,3.0533,2.9522,2.8511,2.7499,2.6488
1.7324,1.7324,1.7324,1.7324,1.7324,1.7324,1.7324,1.7324,1.7324,1.7324,1.7324,1.7324,1.7324,2.6669,2.7268,2.791,2.8569,2.9231,2.9895,3.056,3.1225,3.1889,3.2554,3.3219,3.3884
1.7304,1.7304,1.7304,1.7304,1.7304,1.7304,1.7304,1.7304,1.7304,1.7304,1.7304,1.7304,1.7304,1.1633,2.6204,2.8631,2.7824,2.7014,2.6201,2.5388,2.4574,2.376,2.2946,2.2132,2.1318
1.7283,1.7283,1.7283,1.7283,1.7283,1.7283,1.7283,1.7283,1.7283,1.7283,1.7283,0.8726,5.4317,5.4317,5.4317,5.4317,5.4317,5.4317,5.4317,5.4317,5.4317,5.4317,5.4317,5.4317,5.4317
1.7262,1.7262,1.7262,1.7262,1.7262,1.7262,1.7262,1.7262,1.7262,1.7262,1.7262,1.7262,1.7262,0.7908,1.7814,2.7716,3.7617,4.7518,5.4252,5.4252,5.4252,5.4252,5.4252,5.4252,5.4252
1.7241,1.7241,1.7241,1.7241,1.7241,1.7241,1.7241,1.7241,1.7241,1.7241,1.7241,1.7241,0.4926,2.5793,2.5166,2.4493,2.3803,2.311,2.2415,2.1719,2.1023,2.0326,1.963,1.8934,1.8237
1.722,1.722,1.722,1.722,1.722,1.722,1.722,1.722,1.722,1.722,1.722,1.722,2.9097,2.9698,3.0365,3.108,3.1814,3.2551,3.329,3.403,3.4771,3.5511,3.6252,3.6992,3.7732
1.72,1.72,1.72,1.72,1.72,1.72,1.72,1.72,1.72,1.72,1.72,1.72,1.72,0.7388,1.6643,2.5895,3.5145,4.4395,5.3644,5.4056,5.4056,5.2346,5.0553,4.876,4.6967
1.7179,1.7179,1.7179,1.7179,1.7179,1.7179,1.7179,1.7179,1.7179,1.7179,1.7179,0.9228,5.3992,5.3992,5.3992,5.3992,5.3992,5.3992,5.3992,5.3992,5.3992,5.3992,5.3824,5.1915,5.0005
1.7159,1.7159,1.7159,1.7159,1.7159,1.7159,1.7159,1.7159,1.7159,1.7159,1.7159,1.7159,1.7159,1.5204,3.0937,3.1666,3.2413,3.3164,3.3917,3.4671,3.5426,3.618,3.6934,3.7689,3.8443
1.7138,1.7138,1.7138,1.7138,1.7138,1.7138,1.7138,1.7138,1.7138,1.7138,1.7138,1.7138,1.7138,2.5736,2.5292,2.4616,2.3922,2.3226,2.2527,2.1828,2.1128,2.0428,1.9728,1.9028,1.8329
1.7118,1.7118,1.7118,1.7118,1.7118,1.7118,1.7118,1.7118,1.7118,1.7118,1.7118,1.0255,5.0186,5.1223,5.2373,5.3607,5.3798,5.3798,5.3798,5.3798,5.3798,5.3798,5.3798,5.3798,5.3798
1.7097,1.7097,1.7097,1.7097,1.7097,1.7097,1.7097,1.7097,1.7097,1.7097,1.7097,1.7097,1.7097,0.7056,1.5894,2.4729,3.3563,4.2397,5.123,5.3734,5.3734,5.3734,5.3734,5.3734,5.3734
1.7077,1.7077,1.7077,1.7077,1.7077,1.7077,1.7077,1.7077,1.7077,1.7077,1.7077,1.4542,3.2172,3.1482,3.0716,2.9895,2.9053,2.8207,2.7358,2.6509,2.5659,2.4809,2.3959,2.311,2.226
1.7057,1.7057,1.7057,1.7057,1.7057,1.7057,1.7057,1.7057,1.7057,1.7057,1.7057,1.7057,0.4873,2.7432,2.8048,2.8708,2.9386,3.0066,3.075,3.1433,3.2117,3.2801,3.3485,3.4169,3.4853
1.7036,1.7036,1.7036,1.7036,1.7036,1.7036,1.7036,1.7036,1.7036,1.7036,1.7036,1.7036,1.7036,0.94,2.1175,3.2946,3.4877,3.3861,3.2842,3.1823,3.0802,2.9782,2.8762,2.7742,2.6722
1.7016,1.7016,1.7016,1.7016,1.7016,1.7016,1.7016,1.7016,1.7016,1.7016,1.7016,0.8809,5.3479,5.3479,5.3479,5.3479,5.3479,5.3479,5.3479,5.3479,5.3479,5.3479,5.3479,5.3479,5.3479
1.6996,1.6996,1.6996,1.6996,1.6996,1.6996,1.6996,1.6996,1.6996,1.6996,1.6996,1.6996,1.6996,0.9603,2.1632,3.3657,4.3204,4.4204,4.5209,4.6214,4.7219,4.8225,4.923,5.0236,5.1241
1.6976,1.6976,1.6976,1.6976,1.6976,1.6976,1.6976,1.6976,1.6976,1.6976,1.6976,1.6976,0.485,2.5547,2.4925,2.4259,2.3576,2.289,2.2201,2.1511,2.0822,2.0132,1.9443,1.8753,1.8063
1.6956,1.6956,1.6956,1.6956,1.6956,1.6956,1.6956,1.6956,1.6956,1.6956,1.6956,1.442,3.4368,3.5079,3.5867,3.6711,3.7578,3.8448,3.9322,4.0196,4.107,4.1945,4.282,4.3694,4.4569
1.6936,1.6936,1.6936,1.6936,1.6936,1.6936,1.6936,1.6936,1.6936,1.6936,1.6936,1.6936,1.6936,0.7175,1.6162,2.5147,3.413,4.3112,5.2095,5.3226,5.3226,5.3226,5.3226,5.3226,5.3226
1.6916,1.6916,1.6916,1.6916,1.6916,1.6916,1.6916,1.6916,1.6916,1.6916,1.6916,1.0634,4.8186,4.7152,4.6006,4.4776,4.3515,4.2248,4.0977,3.9705,3.8432,3.7159,3.5886,3.4613,3.334
1.6896,1.6896,1.6896,1.6896,1.6896,1.6896,1.6896,1.6896,1.6896,1.6896,1.6896,1.6896,1.6896,2.8341,2.9427,3.012,3.0831,3.1545,3.2262,3.2979,3.3697,3.4414,3.5132,3.5849,3.6567
1.6876,1.6876,1.6876,1.6876,1.6876,1.6876,1.6876,1.6876,1.6876,1.6876,1.6876,1.6876,1.6876,1.521,2.8494,2.7732,2.6951,2.6167,2.5379,2.4591,2.3803,2.3014,2.2226,2.1438,2.0649
1.6856,1.6856,1.6856,1.6856,1.6856,1.6856,1.6856,1.6856,1.6856,1.6856,1.6856,0.9541,5.2976,5.2976,5.2976,5.2976,5.2976,5.2976,5.2976,5.2976,5.2976,5.2976,5.2976,5.2976,5.2976
1.6836,1.6836,1.6836,1.6836,1.6836,1.6836,1.6836,1.6836,1.6836,1.6836,1.6836,1.6836,1.6836,0.7784,1.7535,2.7282,3.7028,4.6773,5.2914,5.2914,5.2914,5.2914,5.2914,5.2914,5.2914
1.6816,1.6816,1.6816,1.6816,1.6816,1.6816,1.6816,1.6816,1.6816,1.6816,1.6816,1.6816,2.9214,2.8587,2.7892,2.7146,2.6382,2.5614,2.4843,2.4071,2.33,2.2528,2.1756,2.0985,2.0213
1.6797,1.6797,1.6797,1.6797,1.6797,1.6797,1.6797,1.6797,1.6797,1.6797,1.6797,1.6797,0.4799,2.9668,3.0334,3.1049,3.1781,3.2517,3.3256,3.3996,3.4735,3.5475,3.6215,3.6954,3.7694
1.6777,1.6777,1.6777,1.6777,1.6777,1.6777,1.6777,1.6777,1.6777,1.6777,1.6777,1.6777,1.6777,0.8309,1.8717,2.912,3.9523,4.7442,4.6014,4.4586,4.3156,4.1727,4.0298,3.8868,3.7439
1.6757,1.6757,1.6757,1.6757,1.6757,1.6757,1.6757,1.6757,1.6757,1.6757,1.6757,0.9347,5.2666,5.2666,5.2666,5.2666,5.2666,5.2666,5.2666,5.2666,5.2666,5.2666,5.2666,5.2666,5.2666
1.6738,1.6738,1.6738,1.6738,1.6738,1.6738,1.6738,1.6738,1.6738,1.6738,1.6738,1.6738,1.6738,1.2795,2.8822,3.6178,3.7032,3.789,3.8751,3.9612,4.0474,4.1336,4.2197,4.3059,4.3921
1.6718,1.6718,1.6718,1.6718,1.6718,1.6718,1.6718,1.6718,1.6718,1.6718,1.6718,1.6718,1.6718,2.6604,2.5957,2.5264,2.4552,2.3837,2.312,2.2402,2.1684,2.0966,2.0247,1.9529,1.8811
1.6699,1.6699,1.6699,1.6699,1.6699,1.6699,1.6699,1.6699,1.6699,1.6699,1.6699,1.1924,4.3968,4.4877,4.5884,4.6965,4.8074,4.9187,5.0305,5.1423,5.2482,5.2482,5.2482,5.2482,5.2482
1.6679,1.6679,1.6679,1.6679,1.6679,1.6679,1.6679,1.6679,1.6679,1.6679,1.6679,1.6679,1.6679,0.7334,1.6521,2.5705,3.4888,4.407,5.2421,5.2421,5.2421,5.2421,5.2421,5.2421,5.2421
1.666,1.666,1.666,1.666,1.666,1.666,1.666,1.666,1.666,1.666,1.666,1.3149,3.8154,3.7336,3.6428,3.5454,3.4455,3.3453,3.2446,3.1438,3.043,2.9423,2.8415,2.7407,2.6399
1.6641,1.6641,1.6641,1.6641,1.6641,1.6641,1.6641,1.6641,1.6641,1.6641,1.6641,1.6641,1.6641,2.8873,2.9521,3.0216,3.093,3.1646,3.2365,3.3084,3.3804,3.4524,3.5244,3.5964,3.6683
1.6621,1.6621,1.6621,1.6621,1.6621,1.6621,1.6621,1.6621,1.6621,1.6621,1.6621,1.6621,1.6621,1.1407,2.5697,3.3299,3.2361,3.1419,3.0473,2.9527,2.8581,2.7634,2.6687,2.5741,2.4794
1.6602,1.6602,1.6602,1.6602,1.6602,1.6602,1.6602,1.6602,1.6602,1.6602,1.6602,0.9388,5.2178,5.2178,5.2178,5.2178,5.2178,5.2178,5.2178,5.2178,5.2178,5.2178,5.2178,5.2178,5.2178
1.6583,1.6583,1.6583,1.6583,1.6583,1.6583,1.6583,1.6583,1.6583,1.6583,1.6583,1.6583,1.6583,0.9107,2.0516,3.192,4.3322,5.2118,5.2118,5.2118,5.2118,5.2118,5.2118,5.2118,5.2118
1.6564,1.6564,1.6564,1.6564,1.6564,1.6564,1.6564,1.6564,1.6564,1.6564,1.6564,1.6564,0.4733,2.7571,2.69,2.6181,2.5444,2.4703,2.396,2.3216,2.2472,2.1727,2.0983,2.0239,1.9494
1.6545,1.6545,1.6545,1.6545,1.6545,1.6545,1.6545,1.6545,1.6545,1.6545,1.6545,1.6545,3.3221,3.3908,3.4669,3.5486,3.6324,3.7165,3.8009,3.8854,3.97,4.0545,4.139,4.2236,4.3081
1.6526,1.6526,1.6526,1.6526,1.6526,1.6526,1.6526,1.6526,1.6526,1.6526,1.6526,1.6526,1.6526,0.7844,1.767,2.7492,3.7313,4.7133,5.1938,5.1938,5.1938,5.1938,5.1938,5.1938,5.1938
1.6507,1.6507,1.6507,1.6507,1.6507,1.6507,1.6507,1.6507,1.6507,1.6507,1.6507,1.0455,5.1878,5.1878,5.1878,5.1878,5.1878,5.1878,5.1878,5.1878,5.1834,5.0117,4.84,4.6684,4.4967
1.6488,1.6488,1.6488,1.6488,1.6488,1.6488,1.6488,1.6488,1.6488,1.6488,1.6488,1.6488,1.6488,1.9953,3.2607,3.3375,3.4163,3.4954,3.5749,3.6543,3.7338,3.8133,3.8928,3.9723,4.0519
1.6469,1.6469,1.6469,1.6469,1.6469,1.6469,1.6469,1.6469,1.6469,1.6469,1.6469,1.6469,1.6469,2.1798,2.8452,2.7692,2.6912,2.6128,2.5342,2.4555,2.3768,2.2981,2.2193,2.1406,2.0619
1.645,1.645,1.645,1.645,1.645,1.645,1.645,1.645,1.645,1.645,1.645,1.0723,5.1699,5.1699,5.1699,5.1699,5.1699,5.1699,5.1699,5.1699,5.1699,5.1699,5.1699,5.1699,5.1699
1.6431,1.6431,1.6431,1.6431,1.6431,1.6431,1.6431,1.6431,1.6431,1.6431,1.6431,1.6431,1.6431,0.7885,1.7763,2.7637,3.7509,4.7381,5.164,5.164,5.164,5.164,5.164,5.164,5.164
1.6412,1.6412,1.6412,1.6412,1.6412,1.6412,1.6412,1.6412,1.6412,1.6412,1.6412,1.6412,3.3342,3.2627,3.1834,3.0983,3.011,2.9234,2.8354,2.7473,2.6593,2.5712,2.4831,2.395,2.307
1.6393,1.6393,1.6393,1.6393,1.6393,1.6393,1.6393,1.6393,1.6393,1.6393,1.6393,1.6393,0.4684,3.0465,3.1149,3.1883,3.2636,3.3391,3.415,3.4909,3.5669,3.6428,3.7188,3.7947,3.8707
1.6375,1.6375,1.6375,1.6375,1.6375,1.6375,1.6375,1.6375,1.6375,1.6375,1.6375,1.6375,1.6375,0.9644,2.1724,3.3799,4.2346,4.1114,3.9876,3.8638,3.74,3.6161,3.4922,3.3683,3.2445
1.6356,1.6356,1.6356,1.6356,1.6356,1.6356,1.6356,1.6356,1.6356,1.6356,1.6356,0.9725,5.1404,5.1404,5.1404,5.1404,5.1404,5.1404,5.1404,5.1404,5.1404,5.1404,5.1404,5.1404,5.1404
1.6337,1.6337,1.6337,1.6337,1.6337,1.6337,1.6337,1.6337,1.6337,1.6337,1.6337,1.6337,1.6337,1.1487,2.5877,4.0261,4.3798,4.4812,4.583,4.6849,4.7868,4.8887,4.9907,5.0926,5.1346
1.6319,1.6319,1.6319,1.6319,1.6319,1.6319,1.6319,1.6319,1.6319,1.6319,1.6319,1.6319,1.6319,2.8034,2.7352,2.6621,2.5871,2.5118,2.4362,2.3606,2.2849,2.2092,2.1335,2.0579,1.9822
1.63,1.63,1.63,1.63,1.63,1.63,1.63,1.63,1.63,1.63,1.63,1.4409,4.0613,4.1453,4.2384,4.3382,4.4406,4.5434,4.6467,4.75,4.8533,4.9566,5.06,5.1229,5.1229
1.6282,1.6282,1.6282,1.6282,1.6282,1.6282,1.6282,1.6282,1.6282,1.6282,1.6282,1.6282,1.6282,0.7826,1.763,2.7431,3.723,4.7028,5.1171,5.1171,5.1171,5.1171,5.1171,5.1171,5.1171
1.6263,1.6263,1.6263,1.6263,1.6263,1.6263,1.6263,1.6263,1.6263,1.6263,1.6263,1.2437,4.729,4.6275,4.515,4.3944,4.2706,4.1463,4.0214,3.8966,3.7717,3.6468,3.5218,3.3969,3.272
1.6245,1.6245,1.6245,1.6245,1.6245,1.6245,1.6245,1.6245,1.6245,1.6245,1.6245,1.6245,1.6245,3.1204,3.1905,3.2656,3.3427,3.4201,3.4978,3.5756,3.6534,3.7312,3.809,3.8868,3.9646
1.6226,1.6226,1.6226,1.6226,1.6226,1.6226,1.6226,1.6226,1.6226,1.6226,1.6226,1.6226,1.6226,1.4581,3.2846,3.2148,3.1243,3.0333,2.942,2.8507,2.7593,2.6679,2.5765,2.4851,2.3937
1.6208,1.6208,1.6208,1.6208,1.6208,1.6208,1.6208,1.6208,1.6208,1.6208,1.6208,1.0278,5.094,5.094,5.094,5.094,5.094,5.094,5.094,5.094,5.094,5.094,5.094,5.094,5.094
1.619,1.619,1.619,1.619,1.619,1.619,1.619,1.619,1.619,1.619,1.619,1.619,1.619,0.8953,2.0168,3.1378,4.2588,5.0882,5.0882,5.0882,5.0882,5.0882,5.0882,5.0882,5.0882
1.6171,1.6171,1.6171,1.6171,1.6171,1.6171,1.6171,1.6171,1.6171,1.6171,1.6171,1.6171,0.462,3.0591,2.9847,2.9049,2.8231,2.7409,2.6584,2.5759,2.4933,2.4107,2.3282,2.2456,2.163
1.6153,1.6153,1.6153,1.6153,1.6153,1.6153,1.6153,1.6153,1.6153,1.6153,1.6153,1.6153,0.4615,3.3882,3.4643,3.5459,3.6296,3.7136,3.798,3.8825,3.9669,4.0514,4.1359,4.2203,4.3048
1.6135,1.6135,1.6135,1.6135,1.6135,1.6135,1.6135,1.6135,1.6135,1.6135,1.6135,1.6135,1.6135,0.8826,1.9883,3.0935,4.1985,5.071,5.071,5.071,5.071,5.071,5.071,5.0619,4.8758
1.6117,1.6117,1.6117,1.6117,1.6117,1.6117,1.6117,1.6117,1.6117,1.6117,1.6117,1.0606,5.0653,5.0653,5.0653,5.0653,5.0653,5.0653,5.0653,5.0653,5.0653,5.0653,5.0653,5.0653,5.0653
1.6099,1.6099,1.6099,1.6099,1.6099,1.6099,1.6099,1.6099,1.6099,1.6099,1.6099,1.6099,1.6099,1.6198,3.6489,3.8122,3.9022,3.9925,4.0833,4.174,4.2648,4.3556,4.4464,4.5373,4.6281
1.6081,1.6081,1.6081,1.6081,1.6081,1.6081,1.6081,1.6081,1.6081,1.6081,1.6081,1.6081,1.6081,3.0003,2.9273,2.8491,2.7688,2.6882,2.6073,2.5264,2.4454,2.3644,2.2834,2.2024,2.1214
1.6063,1.6063,1.6063,1.6063,1.6063,1.6063,1.6063,1.6063,1.6063,1.6063,1.6063,1.2449,5.0483,5.0483,5.0483,5.0483,5.0483,5.0483,5.0483,5.0483,5.0483,5.0483,5.0483,5.0483,5.0483
1.6045,1.6045,1.6045,1.6045,1.6045,1.6045,1.6045,1.6045,1.6045,1.6045,1.6045,1.6045,1.6045,0.8223,1.8524,2.8821,3.9117,4.9412,5.0426,5.0426,5.0426,5.0426,5.0426,5.0426,5.0426
1.6027,1.6027,1.6027,1.6027,1.6027,1.6027,1.6027,1.6027,1.6027,1.6027,1.6027,1.6027,3.9412,3.8567,3.7629,3.6623,3.5592,3.4556,3.3515,3.2475,3.1434,3.0393,2.9352,2.831,2.7269
1.6009,1.6009,1.6009,1.6009,1.6009,1.6009,1.6009,1.6009,1.6009,1.6009,1.6009,1.6009,0.4574,3.219,3.2913,3.3688,3.4484,3.5282,3.6084,3.6886,3.7689,3.8491,3.9294,4.0096,4.0899
1.5991,1.5991,1.5991,1.5991,1.5991,1.5991,1.5991,1.5991,1.5991,1.5991,1.5991,1.5991,1.5991,1.1634,2.6207,4.0094,3.8964,3.783,3.6691,3.5552,3.4412,3.3273,3.2133,3.0993,2.9853
1.5973,1.5973,1.5973,1.5973,1.5973,1.5973,1.5973,1.5973,1.5973,1.5973,1.5973,1.0409,5.0202,5.0202,5.0202,5.0202,5.0202,5.0202,5.0202,5.0202,5.0202,5.0202,5.0202,5.0202,5.0202
1.5955,1.5955,1.5955,1.5955,1.5955,1.5955,1.5955,1.5955,1.5955,1.5955,1.5955,1.5955,1.5955,1.0848,2.4437,3.8021,5.0146,5.0146,5.0146,5.0146,5.0146,5.0146,5.0146,5.0146,5.0146
1.5938,1.5938,1.5938,1.5938,1.5938,1.5938,1.5938,1.5938,1.5938,1.5938,1.5938,1.5938,0.4554,3.0395,2.9656,2.8863,2.805,2.7234,2.6414,2.5594,2.4773,2.3953,2.3132,2.2312,2.1491
1.592,1.592,1.592,1.592,1.592,1.592,1.592,1.592,1.592,1.592,1.592,1.592,3.9211,4.0022,4.0921,4.1884,4.2873,4.3866,4.4863,4.586,4.6858,4.7855,4.8853,4.9851,5.0034
1.5902,1.5902,1.5902,1.5902,1.5902,1.5902,1.5902,1.5902,1.5902,1.5902,1.5902,1.5902,1.5902,0.8597,1.9367,3.0132,4.0896,4.9979,4.9979,4.9979,4.9979,4.9979,4.9979,4.9979,4.9979
1.5885,1.5885,1.5885,1.5885,1.5885,1.5885,1.5885,1.5885,1.5885,1.5885,1.5885,1.2243,4.9924,4.9924,4.9924,4.9924,4.9924,4.9924,4.9924,4.9924,4.9625,4.7982,4.6338,4.4694,4.3051
1.5867,1.5867,1.5867,1.5867,1.5867,1.5867,1.5867,1.5867,1.5867,1.5867,1.5867,1.5867,1.5867,2.8195,3.552,3.6356,3.7214,3.8076,3.8941,3.9807,4.0673,4.1539,4.2405,4.3271,4.4137
1.585,1.585,1.585,1.585,1.585,1.585,1.585,1.585,1.585,1.585,1.585,1.585,1.585,2.0074,3.3084,3.22,3.1293,3.0382,2.9467,2.8553,2.7637,2.6722,2.5807,2.4891,2.3976
1.5832,1.5832,1.5832,1.5832,1.5832,1.5832,1.5832,1.5832,1.5832,1.5832,1.5832,1.1604,4.9758,4.9758,4.9758,4.9758,4.9758,4.9758,4.9758,4.9758,4.9758,4.9758,4.9758,4.9758,4.9758
1.5815,1.5815,1.5815,1.5815,1.5815,1.5815,1.5815,1.5815,1.5815,1.5815,1.5815,1.5815,1.5815,0.9111,2.0524,3.1933,4.334,4.9703,4.9703,4.9703,4.9703,4.9703,4.9703,4.9703,4.9703
1.5797,1.5797,1.5797,1.5797,1.5797,1.5797,1.5797,1.5797,1.5797,1.5797,1.5797,1.5797,0.4513,3.5051,3.4199,3.3285,3.2347,3.1406,3.046,2.9515,2.8568,2.7622,2.6676,2.573,2.4784
1.578,1.578,1.578,1.578,1.578,1.578,1.578,1.578,1.578,1.578,1.578,1.578,0.4509,3.4997,3.5783,3.6626,3.749,3.8358,3.923,4.0102,4.0975,4.1847,4.2719,4.3592,4.4465
1.5763,1.5763,1.5763,1.5763,1.5763,1.5763,1.5763,1.5763,1.5763,1.5763,1.5763,1.5763,1.5763,1.0276,2.3147,3.6014,4.8879,4.9539,4.9539,4.9116,4.7541,4.5967,4.4392,4.2817,4.1243
1.5745,1.5745,1.5745,1.5745,1.5745,1.5745,1.5745,1.5745,1.5745,1.5745,1.5745,1.111,4.9485,4.9485,4.9485,4.9485,4.9485,4.9485,4.9485,4.9485,4.9485,4.9485,4.9485,4.9485,4.9485
1.5728,1.5728,1.5728,1.5728,1.5728,1.5728,1.5728,1.5728,1.5728,1.5728,1.5728,1.5728,1.5728,1.4346,3.2316,4.5162,4.6228,4.7299,4.8374,4.9431,4.9431,4.9431,4.9431,4.9431,4.9431
1.5711,1.5711,1.5711,1.5711,1.5711,1.5711,1.5711,1.5711,1.5711,1.5711,1.5711,1.5711,1.5711,3.1861,3.1086,3.0256,2.9403,2.8547,2.7688,2.6828,2.5968,2.5108,2.4248,2.3388,2.2528
1.5693,1.5693,1.5693,1.5693,1.5693,1.5693,1.5693,1.5693,1.5693,1.5693,1.5693,1.5039,4.9322,4.9322,4.9322,4.9322,4.9322,4.9322,4.9322,4.9322,4.9322,4.9322,4.9322,4.9322,4.9322
1.5676,1.5676,1.5676,1.5676,1.5676,1.5676,1.5676,1.5676,1.5676,1.5676,1.5676,1.5676,1.5676,0.885,1.9935,3.1017,4.2097,4.9268,4.9268,4.9268,4.9268,4.9268,4.9268,4.9268,4.9268
1.5659,1.5659,1.5659,1.5659,1.5659,1.5659,1.5659,1.5659,1.5659,1.5659,1.5659,1.5146,4.8685,4.7641,4.6482,4.524,4.3966,4.2686,4.1401,4.0116,3.883,3.7544,3.6258,3.4971,3.3685
1.5642,1.5642,1.5642,1.5642,1.5642,1.5642,1.5642,1.5642,1.5642,1.5642,1.5642,1.5642,1.5642,3.5104,3.5893,3.6738,3.7605,3.8476,3.9351,4.0225,4.11,4.1975,4.2851,4.3726,4.4601
1.5625,1.5625,1.5625,1.5625,1.5625,1.5625,1.5625,1.5625,1.5625,1.5625,1.5625,1.5625,1.5625,1.4753,3.3233,3.8788,3.7695,3.6598,3.5496,3.4395,3.3292,3.2189,3.1087,2.9984,2.8881
1.5608,1.5608,1.5608,1.5608,1.5608,1.5608,1.5608,1.5608,1.5608,1.5608,1.5608,1.1503,4.9054,4.9054,4.9054,4.9054,4.9054,4.9054,4.9054,4.9054,4.9054,4.9054,4.9054,4.9054,4.9054
1.5591,1.5591,1.5591,1.5591,1.5591,1.5591,1.5591,1.5591,1.5591,1.5591,1.5591,1.5591,1.5591,1.0717,2.4142,3.7562,4.9001,4.9001,4.9001,4.9001,4.9001,4.9001,4.9001,4.9001,4.9001
1.5574,1.5574,1.5574,1.5574,1.5574,1.5574,1.5574,1.5574,1.5574,1.5574,1.5574,1.5574,0.445,3.4052,3.3224,3.2336,3.1425,3.051,2.9592,2.8673,2.7754,2.6835,2.5916,2.4996,2.4077
1.5557,1.5557,1.5557,1.5557,1.5557,1.5557,1.5557,1.5557,1.5557,1.5557,1.5557,1.5557,0.4445,4.0283,4.1187,4.2157,4.3153,4.4152,4.5155,4.6159,4.7163,4.8168,4.8894,4.8894,4.8894
1.554,1.554,1.554,1.554,1.554,1.554,1.554,1.554,1.554,1.554,1.554,1.554,1.554,0.9768,2.2005,3.4237,4.6467,4.8841,4.8841,4.8841,4.8841,4.8841,4.8841,4.8841,4.8841
1.5524,1.5524,1.5524,1.5524,1.5524,1.5524,1.5524,1.5524,1.5524,1.5524,1.5524,1.2534,4.8788,4.8788,4.8788,4.8788,4.8788,4.8788,4.8788,4.8788,4.8788,4.8788,4.8788,4.8788,4.8788
1.5507,1.5507,1.5507,1.5507,1.5507,1.5507,1.5507,1.5507,1.5507,1.5507,1.5507,1.5507,1.5507,2.1809,4.0961,4.1926,4.2916,4.391,4.4907,4.5906,4.6904,4.7903,4.8736,4.8736,4.8736
1.549,1.549,1.549,1.549,1.549,1.549,1.549,1.549,1.549,1.549,1.549,1.549,1.549,3.117,3.4408,3.3489,3.2546,3.1598,3.0647,2.9696,2.8744,2.7792,2.684,2.5888,2.4936
1.5473,1.5473,1.5473,1.5473,1.5473,1.5473,1.5473,1.5473,1.5473,1.5473,1.5473,1.3595,4.863,4.863,4.863,4.863,4.863,4.863,4.863,4.863,4.863,4.863,4.863,4.863,4.863
1.5457,1.5457,1.5457,1.5457,1.5457,1.5457,1.5457,1.5457,1.5457,1.5457,1.5457,1.5457,1.5457,0.9618,2.1666,3.371,4.5752,4.8578,4.8578,4.8578,4.8578,4.8578,4.8578,4.8578,4.8578
1.544,1.544,1.544,1.544,1.544,1.544,1.544,1.544,1.544,1.544,1.544,1.544,4.2693,4.1777,4.0761,3.9672,3.8554,3.7432,3.6305,3.5178,3.405,3.2923,3.1795,3.0667,2.9539
1.5423,1.5423,1.5423,1.5423,1.5423,1.5423,1.5423,1.5423,1.5423,1.5423,1.5423,1.5423,0.4407,3.7478,3.8319,3.9222,4.0148,4.1077,4.2011,4.2945,4.3879,4.4813,4.5748,4.6682,4.7616
1.5407,1.5407,1.5407,1.5407,1.5407,1.5407,1.5407,1.5407,1.5407,1.5407,1.5407,1.5407,1.5407,1.2482,2.8118,4.3747,4.8421,4.7923,4.6481,4.5038,4.3594,4.215,4.0706,3.9262,3.7818
1.539,1.539,1.539,1.539,1.539,1.539,1.539,1.539,1.539,1.539,1.539,1.2065,4.8369,4.8369,4.8369,4.8369,4.8369,4.8369,4.8369,4.8369,4.8369,4.8369,4.8369,4.8369,4.8369
1.5374,1.5374,1.5374,1.5374,1.5374,1.5374,1.5374,1.5374,1.5374,1.5374,1.5374,1.5374,1.5374,1.3584,3.06,4.761,4.8317,4.8317,4.8317,4.8317,4.8317,4.8317,4.8317,4.8317,4.8317
1.5357,1.5357,1.5357,1.5357,1.5357,1.5357,1.5357,1.5357,1.5357,1.5357,1.5357,1.5357,0.4388,3.5081,3.4228,3.3314,3.2375,3.1433,3.0486,2.954,2.8593,2.7646,2.6699,2.5752,2.4805
1.5341,1.5341,1.5341,1.5341,1.5341,1.5341,1.5341,1.5341,1.5341,1.5341,1.5341,1.5341,4.8214,4.8214,4.8214,4.8214,4.8214,4.8214,4.8214,4.8214,4.8214,4.8214,4.8214,4.8214,4.8214
1.5324,1.5324,1.5324,1.5324,1.5324,1.5324,1.5324,1.5324,1.5324,1.5324,1.5324,1.5324,1.5324,0.988,2.2257,3.4629,4.6999,4.8162,4.8162,4.8162,4.8162,4.8162,4.8162,4.8162,4.8162
1.5308,1.5308,1.5308,1.5308,1.5308,1.5308,1.5308,1.5308,1.5308,1.5308,1.5308,1.5072,4.8111,4.8111,4.8111,4.8111,4.8111,4.8111,4.8111,4.8111,4.8111,4.8111,4.7509,4.5824,4.4139
1.5292,1.5292,1.5292,1.5292,1.5292,1.5292,1.5292,1.5292,1.5292,1.5292,1.5292,1.5292,1.5292,3.9749,4.0641,4.1598,4.2581,4.3567,4.4557,4.5547,4.6538,4.7529,4.806,4.806,4.806
1.5275,1.5275,1.5275,1.5275,1.5275,1.5275,1.5275,1.5275,1.5275,1.5275,1.5275,1.5275,1.5275,2.0049,4.0471,3.939,3.828,3.7166,3.6047,3.4928,3.3808,3.2688,3.1569,3.0449,2.9329
1.5259,1.5259,1.5259,1.5259,1.5259,1.5259,1.5259,1.5259,1.5259,1.5259,1.5259,1.3216,4.7957,4.7957,4.7957,4.7957,4.7957,4.7957,4.7957,4.7957,4.7957,4.7957,4.7957,4.7957,4.7957
1.5243,1.5243,1.5243,1.5243,1.5243,1.5243,1.5243,1.5243,1.5243,1.5243,1.5243,1.5243,1.5243,1.1085,2.4972,3.8853,4.7906,4.7906,4.7906,4.7906,4.7906,4.7906,4.7906,4.7906,4.7906
1.5227,1.5227,1.5227,1.5227,1.5227,1.5227,1.5227,1.5227,1.5227,1.5227,1.5227,1.5227,0.4351,3.9719,3.8753,3.7718,3.6655,3.5588,3.4517,3.3445,3.2373,3.1301,3.0229,2.9157,2.8084
1.5211,1.5211,1.5211,1.5211,1.5211,1.5211,1.5211,1.5211,1.5211,1.5211,1.5211,1.5211,0.4346,4.2383,4.3335,4.4355,4.5402,4.6454,4.7509,4.7805,4.7805,4.7805,4.7805,4.7805,4.7805
1.5194,1.5194,1.5194,1.5194,1.5194,1.5194,1.5194,1.5194,1.5194,1.5194,1.5194,1.5194,1.5194,1.1579,2.6083,4.0582,4.7754,4.7754,4.7754,4.7754,4.7754,4.7754,4.7754,4.7754,4.7754
1.5178,1.5178,1.5178,1.5178,1.5178,1.5178,1.5178,1.5178,1.5178,1.5178,1.5178,1.3401,4.7704,4.7704,4.7704,4.7704,4.7704,4.7704,4.7704,4.7704,4.7704,4.7704,4.7704,4.7704,4.7704
1.5162,1.5162,1.5162,1.5162,1.5162,1.5162,1.5162,1.5162,1.5162,1.5162,1.5162,1.5162,1.5162,1.9149,4.3135,4.7653,4.7653,4.7653,4.7653,4.7653,4.7653,4.7653,4.7653,4.7653,4.7653
1.5146,1.5146,1.5146,1.5146,1.5146,1.5146,1.5146,1.5146,1.5146,1.5146,1.5146,1.5146,1.5146,3.829,3.7359,3.6361,3.5337,3.4308,3.3275,3.2242,3.1209,3.0175,2.9141,2.8108,2.7074
1.513,1.513,1.513,1.513,1.513,1.513,1.513,1.513,1.513,1.513,1.513,1.513,4.7553,4.7553,4.7553,4.7553,4.7553,4.7553,4.7553,4.7553,4.7553,4.7553,4.7553,4.7553,4.7553
1.5114,1.5114,1.5114,1.5114,1.5114,1.5114,1.5114,1.5114,1.5114,1.5114,1.5114,1.5114,1.5114,1.0601,2.388,3.7155,4.7502,4.7502,4.7502,4.7502,4.7502,4.7502,4.7502,4.7502,4.7502
1.5098,1.5098,1.5098,1.5098,1.5098,1.5098,1.5098,1.5098,1.5098,1.5098,1.5098,1.5098,4.7452,4.7452,4.7452,4.7452,4.7452,4.6986,4.5572,4.4157,4.2742,4.1326,3.991,3.8495,3.7079
1.5083,1.5083,1.5083,1.5083,1.5083,1.5083,1.5083,1.5083,1.5083,1.5083,1.5083,1.5083,1.5083,4.1924,4.2865,4.3875,4.491,4.595,4.6995,4.7402,4.7402,4.7402,4.7402,4.7402,4.7402
1.5067,1.5067,1.5067,1.5067,1.5067,1.5067,1.5067,1.5067,1.5067,1.5067,1.5067,1.5067,1.5067,1.6049,3.6154,4.7353,4.7353,4.7112,4.5694,4.4275,4.2856,4.1437,4.0017,3.8598,3.7178
1.5051,1.5051,1.5051,1.5051,1.5051,1.5051,1.5051,1.5051,1.5051,1.5051,1.5051,1.3698,4.7303,4.7303,4.7303,4.7303,4.7303,4.7303,4.7303,4.7303,4.7303,4.7303,4.7303,4.7303,4.7303
1.5035,1.5035,1.5035,1.5035,1.5035,1.5035,1.5035,1.5035,1.5035,1.5035,1.5035,1.5035,1.5035,1.37,3.0862,4.7253,4.7253,4.7253,4.7253,4.7253,4.7253,4.7253,4.7253,4.7253,4.7253
1.5019,1.5019,1.5019,1.5019,1.5019,1.5019,1.5019,1.5019,1.5019,1.5019,1.5019,1.5019,0.4291,4.0434,3.9451,3.8396,3.7315,3.6229,3.5138,3.4047,3.2956,3.1864,3.0773,2.9681,2.8589
1.5004,1.5004,1.5004,1.5004,1.5004,1.5004,1.5004,1.5004,1.5004,1.5004,1.5004,1.5004,0.4287,4.7154,4.7154,4.7154,4.7154,4.7154,4.7154,4.7154,4.7154,4.7154,4.7154,4.7154,4.7154
1.4988,1.4988,1.4988,1.4988,1.4988,1.4988,1.4988,1.4988,1.4988,1.4988,1.4988,1.4988,1.4988,1.1565,2.6052,4.0534,4.7105,4.7105,4.7105,4.7105,4.7105,4.7105,4.7105,4.7105,4.7105
1.4972,1.4972,1.4972,1.4972,1.4972,1.4972,1.4972,1.4972,1.4972,1.4972,1.4972,1.4972,4.7056,4.7056,4.7056,4.7056,4.7056,4.7056,4.7056,4.7056,4.7056,4.7056,4.7056,4.7056,4.7056
1.4957,1.4957,1.4957,1.4957,1.4957,1.4957,1.4957,1.4957,1.4957,1.4957,1.4957,1.4957,1.4957,3.2478,4.7007,4.7007,4.7007,4.7007,4.7007,4.7007,4.7007,4.7007,4.7007,4.7007,4.7007
1.4941,1.4941,1.4941,1.4941,1.4941,1.4941,1.4941,1.4941,1.4941,1.4941,1.4941,1.4941,1.4941,3.0294,4.3425,4.2264,4.1074,3.9878,3.8678,3.7477,3.6275,3.5074,3.3873,3.2671,3.1469
1.4926,1.4926,1.4926,1.4926,1.4926,1.4926,1.4926,1.4926,1.4926,1.4926,1.4926,1.4926,4.6909,4.6909,4.6909,4.6909,4.6909,4.6909,4.6909,4.6909,4.6909,4.6909,4.6909,4.6909,4.6909
1.491,1.491,1.491,1.491,1.491,1.491,1.491,1.491,1.491,1.491,1.491,1.491,1.491,1.2109,2.7277,4.244,4.686,4.686,4.686,4.686,4.686,4.686,4.686,4.686,4.686
1.4895,1.4895,1.4895,1.4895,1.4895,1.4895,1.4895,1.4895,1.4895,1.4895,1.4895,1.4895,0.4256,4.6811,4.6811,4.6468,4.5159,4.3844,4.2525,4.1204,3.9884,3.8563,3.7242,3.5921,3.46
1.4879,1.4879,1.4879,1.4879,1.4879,1.4879,1.4879,1.4879,1.4879,1.4879,1.4879,1.4879,0.4251,4.6763,4.6763,4.6763,4.6763,4.6763,4.6763,4.6763,4.6763,4.6763,4.6763,4.6763,4.6763
1.4864,1.4864,1.4864,1.4864,1.4864,1.4864,1.4864,1.4864,1.4864,1.4864,1.4864,1.4864,1.4864,1.4548,3.2772,4.6714,4.6714,4.6714,4.6714,4.6714,4.6714,4.6714,4.6714,4.6714,4.6714
1.4848,1.4848,1.4848,1.4848,1.4848,1.4848,1.4848,1.4848,1.4848,1.4848,1.4848,1.4848,4.6666,4.6666,4.6666,4.6666,4.6666,4.6666,4.6666,4.6666,4.6666,4.6666,4.6666,4.6666,4.6666
1.4833,1.4833,1.4833,1.4833,1.4833,1.4833,1.4833,1.4833,1.4833,1.4833,1.4833,1.4833,1.4833,1.8576,4.1845,4.6618,4.6618,4.6618,4.6618,4.6618,4.6618,4.6618,4.6618,4.6618,4.6618
1.4818,1.4818,1.4818,1.4818,1.4818,1.4818,1.4818,1.4818,1.4818,1.4818,1.4818,1.4818,1.4818,4.3998,4.2928,4.1781,4.0604,3.9422,3.8235,3.7048,3.5861,3.4673,3.3485,3.2297,3.111
1.4802,1.4802,1.4802,1.4802,1.4802,1.4802,1.4802,1.4802,1.4802,1.4802,1.4802,1.4802,0.4229,4.6521,4.6521,4.6521,4.6521,4.6521,4.6521,4.6521,4.6521,4.6521,4.6521,4.6521,4.6521
1.4787,1.4787,1.4787,1.4787,1.4787,1.4787,1.4787,1.4787,1.4787,1.4787,1.4787,1.4787,1.4787,1.2386,2.7903,4.3413,4.6473,4.6473,4.6473,4.6473,4.6473,4.6473,4.6473,4.6473,4.6473
1.4772,1.4772,1.4772,1.4772,1.4772,1.4772,1.4772,1.4772,1.4772,1.4772,1.4772,1.4772,4.6426,4.6426,4.6426,4.6426,4.6426,4.6426,4.6426,4.6426,4.6426,4.6426,4.6426,4.6426,4.6426
1.4757,1.4757,1.4757,1.4757,1.4757,1.4757,1.4757,1.4757,1.4757,1.4757,1.4757,1.4757,1.4757,4.6378,4.6378,4.6378,4.6378,4.6378,4.6378,4.6378,4.6378,4.6378,4.6378,4.6378,4.6378
1.4741,1.4741,1.4741,1.4741,1.4741,1.4741,1.4741,1.4741,1.4741,1.4741,1.4741,1.4741,1.4741,2.2448,4.633,4.633,4.633,4.633,4.633,4.633,4.5492,4.3986,4.2479,4.0972,3.9465
1.4726,1.4726,1.4726,1.4726,1.4726,1.4726,1.4726,1.4726,1.4726,1.4726,1.4726,1.4726,4.6282,4.6282,4.6282,4.6282,4.6282,4.6282,4.6282,4.6282,4.6282,4.6282,4.6282,4.6282,4.6282
1.4711,1.4711,1.4711,1.4711,1.4711,1.4711,1.4711,1.4711,1.4711,1.4711,1.4711,1.4711,1.4711,1.4892,3.3547,4.6235,4.6235,4.6235,4.6235,4.6235,4.6235,4.6235,4.6235,4.6235,4.6235
1.4696,1.4696,1.4696,1.4696,1.4696,1.4696,1.4696,1.4696,1.4696,1.4696,1.4696,1.4696,0.4199,4.6188,4.6188,4.6188,4.5964,4.4626,4.3283,4.1939,4.0595,3.925,3.7906,3.6561,3.5216
1.4681,1.4681,1.4681,1.4681,1.4681,1.4681,1.4681,1.4681,1.4681,1.4681,1.4681,1.4681,0.4195,4.614,4.614,4.614,4.614,4.614,4.614,4.614,4.614,4.614,4.614,4.614,4.614
1.4666,1.4666,1.4666,1.4666,1.4666,1.4666,1.4666,1.4666,1.4666,1.4666,1.4666,1.4666,1.4666,1.4523,3.2715,4.6093,4.6093,4.6093,4.6093,4.6093,4.6093,4.6093,4.6093,4.6093,4.6093
1.4651,1.4651,1.4651,1.4651,1.4651,1.4651,1.4651,1.4651,1.4651,1.4651,1.4651,1.4651,4.6046,4.6046,4.6046,4.6046,4.6046,4.6046,4.6046,4.6046,4.6046,4.6046,4.6046,4.6046,4.6046
1.4636,1.4636,1.4636,1.4636,1.4636,1.4636,1.4636,1.4636,1.4636,1.4636,1.4636,1.4636,1.4636,2.9037,4.5999,4.5999,4.5999,4.5999,4.5999,4.5999,4.5999,4.5999,4.5999,4.5999,4.5999
1.4621,1.4621,1.4621,1.4621,1.4621,1.4621,1.4621,1.4621,1.4621,1.4621,1.4621,1.4621,1.4621,4.5952,4.5952,4.5952,4.5952,4.5952,4.4823,4.3431,4.2039,4.0647,3.9254,3.7862,3.6469
1.4606,1.4606,1.4606,1.4606,1.4606,1.4606,1.4606,1.4606,1.4606,1.4606,1.4606,1.4606,0.4173,4.5905,4.5905,4.5905,4.5905,4.5905,4.5905,4.5905,4.5905,4.5905,4.5905,4.5905,4.5905
1.4591,1.4591,1.4591,1.4591,1.4591,1.4591,1.4591,1.4591,1.4591,1.4591,1.4591,1.4591,1.4591,1.4323,3.2264,4.5859,4.5859,4.5859,4.5859,4.5859,4.5859,4.5859,4.5859,4.5859,4.5859
1.4577,1.4577,1.4577,1.4577,1.4577,1.4577,1.4577,1.4577,1.4577,1.4577,1.4577,1.4577,0.4165,4.5812,4.5812,4.5812,4.5812,4.5812,4.5812,4.5812,4.5812,4.5812,4.5812,4.5812,4.5812
1.4562,1.4562,1.4562,1.4562,1.4562,1.4562,1.4562,1.4562,1.4562,1.4562,1.4562,1.4562,0.416,4.5765,4.5765,4.5765,4.5765,4.5765,4.5765,4.5765,4.5765,4.5765,4.5765,4.5765,4.5765
1.4547,1.4547,1.4547,1.4547,1.4547,1.4547,1.4547,1.4547,1.4547,1.4547,1.4547,1.4547,1.4547,2.0075,4.5223,4.5719,4.5719,4.5719,4.5719,4.5719,4.5719,4.5719,4.5719,4.5719,4.5719
1.4532,1.4532,1.4532,1.4532,1.4532,1.4532,1.4532,1.4532,1.4532,1.4532,1.4532,1.4532,4.5673,4.5673,4.5673,4.5673,4.5673,4.5673,4.5673,4.5673,4.5673,4.5673,4.5673,4.5673,4.5673
1.4517,1.4517,1.4517,1.4517,1.4517,1.4517,1.4517,1.4517,1.4517,1.4517,1.4517,1.4517,1.4517,2.0212,4.5531,4.5626,4.5626,4.5626,4.5626,4.5626,4.5626,4.5626,4.5626,4.5626,4.5626
1.4503,1.4503,1.4503,1.4503,1.4503,1.4503,1.4503,1.4503,1.4503,1.4503,1.4503,1.4503,0.4144,4.558,4.558,4.558,4.558,4.558,4.558,4.558,4.5193,4.3696,4.2199,4.0702,3.9205
1.4488,1.4488,1.4488,1.4488,1.4488,1.4488,1.4488,1.4488,1.4488,1.4488,1.4488,1.4488,0.4139,4.5534,4.5534,4.5534,4.5534,4.5534,4.5534,4.5534,4.5534,4.5534,4.5534,4.5534,4.5534
1.4473,1.4473,1.4473,1.4473,1.4473,1.4473,1.4473,1.4473,1.4473,1.4473,1.4473,1.4473,1.4473,1.5969,3.5974,4.5488,4.5488,4.5488,4.5488,4.5488,4.5488,4.5488,4.5488,4.5488,4.5488
1.4459,1.4459,1.4459,1.4459,1.4459,1.4459,1.4459,1.4459,1.4459,1.4459,1.4459,1.4459,0.4131,4.5442,4.5442,4.5442,4.5442,4.5442,4.5442,4.5442,4.5442,4.5442,4.5442,4.5442,4.5442
1.4444,1.4444,1.4444,1.4444,1.4444,1.4444,1.4444,1.4444,1.4444,1.4444,1.4444,1.4444,1.4444,4.5396,4.5396,4.5396,4.5396,4.5396,4.5396,4.5396,4.5396,4.5396,4.5396,4.5396,4.5396
1.443,1.443,1.443,1.443,1.443,1.443,1.443,1.443,1.443,1.443,1.443,1.443,1.443,3.6405,4.5351,4.5351,4.5351,4.5351,4.5351,4.5351,4.5351,4.5351,4.5351,4.5351,4.5351
1.4415,1.4415,1.4415,1.4415,1.4415,1.4415,1.4415,1.4415,1.4415,1.4415,1.4415,1.4415,0.4119,4.5305,4.5305,4.5305,4.5305,4.5305,4.5305,4.5305,4.5305,4.5305,4.5305,4.5305,4.5305
1.4401,1.4401,1.4401,1.4401,1.4401,1.4401,1.4401,1.4401,1.4401,1.4401,1.4401,1.4401,1.4401,1.8307,4.124,4.526,4.526,4.526,4.526,4.526,4.526,4.526,4.526,4.526,4.526
1.4386,1.4386,1.4386,1.4386,1.4386,1.4386,1.4386,1.4386,1.4386,1.4386,1.4386,1.4386,0.411,4.5214,4.5214,4.5214,4.5214,4.5214,4.5214,4.5214,4.5214,4.5214,4.5214,4.5214,4.5214
1.4372,1.4372,1.4372,1.4372,1.4372,1.4372,1.4372,1.4372,1.4372,1.4372,1.4372,1.4372,0.4106,4.5169,4.5169,4.5169,4.5169,4.5169,4.5169,4.5169,4.5169,4.5169,4.5169,4.5169,4.5169
1.4358,1.4358,1.4358,1.4358,1.4358,1.4358,1.4358,1.4358,1.4358,1.4358,1.4358,1.4358,1.4358,2.088,4.5124,4.5124,4.5124,4.5124,4.5124,4.5124,4.5124,4.5124,4.5124,4.5124,4.5124
1.4343,1.4343,1.4343,1.4343,1.4343,1.4343,1.4343,1.4343,1.4343,1.4343,1.4343,1.4343,0.4098,4.5079,4.5079,4.5079,4.5079,4.5079,4.5079,4.5079,4.5079,4.5079,4.5079,4.5079,4.5079
1.4329,1.4329,1.4329,1.4329,1.4329,1.4329,1.4329,1.4329,1.4329,1.4329,1.4329,1.4329,1.4329,3.2022,4.5033,4.5033,4.5033,4.5033,4.5033,4.5033,4.5033,4.5033,4.5033,4.5033,4.5033
1.4315,1.4315,1.4315,1.4315,1.4315,1.4315,1.4315,1.4315,1.4315,1.4315,1.4315,1.4315,1.4315,4.4989,4.4989,4.4989,4.4989,4.4989,4.4989,4.4989,4.4989,4.4989,4.4989,4.4989,4.4989
1.43,1.43,1.43,1.43,1.43,1.43,1.43,1.43,1.43,1.43,1.43,1.43,0.4086,4.4944,4.4944,4.4944,4.4944,4.4944,4.4944,4.4944,4.4944,4.4944,4.4944,4.4944,4.4944
1.4286,1.4286,1.4286,1.4286,1.4286,1.4286,1.4286,1.4286,1.4286,1.4286,1.4286,1.4286,1.4286,2.0009,4.4899,4.4899,4.4899,4.4899,4.4899,4.4899,4.4899,4.4899,4.4899,4.4899,4.4899
1.4272,1.4272,1.4272,1.4272,1.4272,1.4272,1.4272,1.4272,1.4272,1.4272,1.4272,1.4272,0.4078,4.4854,4.4854,4.4854,4.4854,4.4854,4.4854,4.4854,4.4854,4.4854,4.4854,4.4854,4.4854
1.4258,1.4258,1.4258,1.4258,1.4258,1.4258,1.4258,1.4258,1.4258,1.4258,1.4258,1.4258,1.4258,4.481,4.481,4.481,4.481,4.481,4.481,4.481,4.481,4.481,4.481,4.481,4.481
1.4243,1.4243,1.4243,1.4243,1.4243,1.4243,1.4243,1.4243,1.4243,1.4243,1.4243,1.4243,1.4243,3.4194,4.4765,4.4765,4.4765,4.4765,4.4765,4.4765,4.4765,4.4765,4.4765,4.4765,4.4765
1.4229,1.4229,1.4229,1.4229,1.4229,1.4229,1.4229,1.4229,1.4229,1.4229,1.4229,1.4229,0.4066,4.4721,4.4721,4.4721,4.4721,4.4721,4.4721,4.4721,4.4721,4.4721,4.4721,4.4721,4.4721
1.4215,1.4215,1.4215,1.4215,1.4215,1.4215,1.4215,1.4215,1.4215,1.4215,1.4215,1.4215,1.4215,2.7782,4.4676,4.4676,4.4676,4.4676,4.4676,4.4676,4.4676,4.4676,4.4676,4.4676,4.4676
1.4201,1.4201,1.4201,1.4201,1.4201,1.4201,1.4201,1.4201,1.4201,1.4201,1.4201,1.4201,0.4057,4.4632,4.4632,4.4632,4.4632,4.4632,4.4632,4.4632,4.4632,4.4632,4.4632,4.4632,4.4632
1.4187,1.4187,1.4187,1.4187,1.4187,1.4187,1.4187,1.4187,1.4187,1.4187,1.4187,1.4187,0.4053,4.4588,4.4588,4.4588,4.4588,4.4588,4.4588,4.4588,4.4588,4.4588,4.4588,4.4588,4.4588
1.4173,1.4173,1.4173,1.4173,1.4173,1.4173,1.4173,1.4173,1.4173,1.4173,1.4173,1.4173,1.4173,2.6923,4.4544,4.4544,4.4544,4.4544,4.4544,4.4544,4.4544,4.4544,4.4544,4.4544,4.4544
1.4159,1.4159,1.4159,1.4159,1.4159,1.4159,1.4159,1.4159,1.4159,1.4159,1.4159,1.4159,0.4045,4.45,4.45,4.45,4.45,4.45,4.45,4.45,4.45,4.45,4.45,4.45,4.45
1.4145,1.4145,1.4145,1.4145,1.4145,1.4145,1.4145,1.4145,1.4145,1.4145,1.4145,1.4145,1.4145,4.4456,4.4456,4.4456,4.4456,4.4456,4.4456,4.4456,4.4456,4.4456,4.4456,4.4456,4.4456
1.4131,1.4131,1.4131,1.4131,1.4131,1.4131,1.4131,1.4131,1.4131,1.4131,1.4131,1.4131,1.4131,4.4412,4.4412,4.4412,4.4412,4.4412,4.4412,4.4412,4.4412,4.4412,4.4412,4.4412,4.4412
1.4117,1.4117,1.4117,1.4117,1.4117,1.4117,1.4117,1.4117,1.4117,1.4117,1.4117,1.4117,0.4033,4.4368,4.4368,4.4368,4.4368,4.4368,4.4368,4.4368,4.4368,4.4368,4.4368,4.4368,4.4368
1.4103,1.4103,1.4103,1.4103,1.4103,1.4103,1.4103,1.4103,1.4103,1.4103,1.4103,1.4103,1.4103,3.3992,4.4325,4.4325,4.4325,4.4325,4.4325,4.4325,4.4325,4.4325,4.4325,4.4325,4.4325
1.4089,1.4089,1.4089,1.4089,1.4089,1.4089,1.4089,1.4089,1.4089,1.4089,1.4089,1.4089,0.4026,4.4281,4.4281,4.4281,4.4281,4.4281,4.4281,4.4281,4.4281,4.4281,4.4281,4.4281,4.4281
1.4076,1.4076,1.4076,1.4076,1.4076,1.4076,1.4076,1.4076,1.4076,1.4076,1.4076,1.4076,0.4022,4.4238,4.4238,4.4238,4.4238,4.4238,4.4238,4.4238,4.4238,4.4238,4.4238,4.4238,4.4238
1.4062,1.4062,1.4062,1.4062,1.4062,1.4062,1.4062,1.4062,1.4062,1.4062,1.4062,1.4062,1.4062,4.4194,4.4194,4.4194,4.4194,4.4194,4.4194,4.4194,4.4194,4.4194,4.4194,4.4194,4.4194
1.4048,1.4048,1.4048,1.4048,1.4048,1.4048,1.4048,1.4048,1.4048,1.4048,1.4048,1.4048,0.4014,4.4151,4.4151,4.4151,4.4151,4.4151,4.4151,4.4151,4.4151,4.4151,4.4151,4.4151,4.4151
1.4034,1.4034,1.4034,1.4034,1.4034,1.4034,1.4034,1.4034,1.4034,1.4034,1.4034,1.4034,1.4034,4.4108,4.4108,4.4108,4.4108,4.4108,4.4108,4.4108,4.4108,4.4108,4.4108,4.4108,4.4108
1.4021,1.4021,1.4021,1.4021,1.4021,1.4021,1.4021,1.4021,1.4021,1.4021,1.4021,1.4021,0.8923,4.4065,4.4065,4.4065,4.4065,4.4065,4.4065,4.4065,4.4065,4.4065,4.4065,4.4065,4.4065
1.4007,1.4007,1.4007,1.4007,1.4007,1.4007,1.4007,1.4007,1.4007,1.4007,1.4007,1.4007,0.4002,4.4021,4.4021,4.4021,4.4021,4.4021,4.4021,4.4021,4.4021,4.4021,4.4021,4.4021,4.4021
