1.6008,1.6008,1.6008,1.6008,1.6008,1.6008,1.6008,1.6008,1.6008,1.6008,1.6008,1.6008,1.6008,1.6008,1.6008,1.6008,1.6008,1.6008,1.6008,1.6008,1.6008,1.6008,1.6008,1.6008,1.6008,1.6008
1.6023,1.6023,1.6023,1.6023,1.6023,1.6023,1.6023,1.6023,1.6023,1.6023,1.6023,1.6023,1.6023,1.6023,1.6023,1.6023,1.6023,1.6023,1.6023,1.6023,1.6023,1.6023,1.6023,1.6023,1.6023,1.6023
1.6039,1.6039,1.6039,1.6039,1.6039,1.6039,1.6039,1.6039,1.6039,1.6039,1.6039,1.6039,1.6039,1.6039,1.6039,1.6039,1.6039,1.6039,1.6039,1.6039,1.6039,1.6039,1.6039,1.6039,1.6039,1.6039
1.6055,1.6055,1.6055,1.6055,1.6055,1.6055,1.6055,1.6055,1.6055,1.6055,1.6055,1.6055,1.6055,1.6055,1.6055,1.6055,1.6055,1.6055,1.6055,1.6055,1.6055,1.6055,1.6055,1.6055,1.6055,1.6055
1.6071,1.6071,1.6071,1.6071,1.6071,1.6071,1.6071,1.6071,1.6071,1.6071,1.6071,1.6071,1.6071,1.6071,1.6071,1.6071,1.6071,1.6071,1.6071,1.6071,1.6071,1.6071,1.6071,1.6071,1.6071,1.6071
1.6086,1.6086,1.6086,1.6086,1.6086,1.6086,1.6086,1.6086,1.6086,1.6086,1.6086,1.6086,1.6086,1.6086,1.6086,1.6086,1.6086,1.6086,1.6086,1.6086,1.6086,1.6086,1.6086,1.6086,1.6086,1.6086
1.6102,1.6102,1.6102,1.6102,1.6102,1.6102,1.6102,1.6102,1.6102,1.6102,1.6102,1.6102,1.6102,1.6102,1.6102,1.6102,1.6102,1.6102,1.6102,1.6102,1.6102,1.6102,1.6102,1.6102,1.6102,1.6102
1.6118,1.6118,1.6118,1.6118,1.6118,1.6118,1.6118,1.6118,1.6118,1.6118,1.6118,1.6118,1.6118,1.6118,1.6118,1.6118,1.6118,1.6118,1.6118,1.6118,1.6118,1.6118,1.6118,1.6118,1.6118,1.6118
1.6134,1.6134,1.6134,1.6134,1.6134,1.6134,1.6134,1.6134,1.6134,1.6134,1.6134,1.6134,1.6134,1.6134,1.6134,1.6134,1.6134,1.6134,1.6134,1.6134,1.6134,1.6134,1.6134,1.6134,1.6134,1.6134
1.615,1.615,1.615,1.615,1.615,1.615,1.615,1.615,1.615,1.615,1.615,1.615,1.615,1.615,1.615,1.615,1.615,1.615,1.615,1.615,1.615,1.615,1.615,1.615,1.615,1.615
1.6166,1.6166,1.6166,1.6166,1.6166,1.6166,1.6166,1.6166,1.6166,1.6166,1.6166,1.6166,1.6166,1.6166,1.6166,1.6166,1.6166,1.6166,1.6166,1.6166,1.6166,1.6166,1.6166,1.6166,1.6166,1.6166
1.6182,1.6182,1.6182,1.6182,1.6182,1.6182,1.6182,1.6182,1.6182,1.6182,1.6182,1.6182,1.6182,1.6182,1.6182,1.6182,1.6182,1.6182,1.6182,1.6182,1.6182,1.6182,1.6182,1.6182,1.6182,1.6182
1.6198,1.6198,1.6198,1.6198,1.6198,1.6198,1.6198,1.6198,1.6198,1.6198,1.6198,1.6198,1.6198,1.6198,1.6198,1.6198,1.6198,1.6198,1.6198,1.6198,1.6198,1.6198,1.6198,1.6198,1.6198,1.6198
1.6214,1.6214,1.6214,1.6214,1.6214,1.6214,1.6214,1.6214,1.6214,1.6214,1.6214,1.6214,1.6214,1.6214,1.6214,1.6214,1.6214,1.6214,1.6214,1.6214,1.6214,1.6214,1.6214,1.6214,1.6214,1.6214
1.623,1.623,1.623,1.623,1.623,1.623,1.623,1.623,1.623,1.623,1.623,1.623,1.623,1.623,1.623,1.623,1.623,1.623,1.623,1.623,1.623,1.623,1.623,1.623,1.623,1.623
1.6246,1.6246,1.6246,1.6246,1.6246,1.6246,1.6246,1.6246,1.6246,1.6246,1.6246,1.6246,1.6246,1.6246,1.6246,1.6246,1.6246,1.6246,1.6246,1.6246,1.6246,1.6246,1.6246,1.6246,1.6246,1.6246
1.6262,1.6262,1.6262,1.6262,1.6262,1.6262,1.6262,1.6262,1.6262,1.6262,1.6262,1.6262,1.6262,1.6262,1.6262,1.6262,1.6262,1.6262,1.6262,1.6262,1.6262,1.6262,1.6262,1.6262,1.6262,1.6262
1.6278,1.6278,1.6278,1.6278,1.6278,1.6278,1.6278,1.6278,1.6278,1.6278,1.6278,1.6278,1.6278,1.6278,1.6278,1.6278,1.6278,1.6278,1.6278,1.6278,1.6278,1.6278,1.6278,1.6278,1.6278,1.3861
1.6294,1.6294,1.6294,1.6294,1.6294,1.6294,1.6294,1.6294,1.6294,1.6294,1.6294,1.6294,1.6294,1.6294,1.6294,1.6294,1.6294,1.6294,1.6294,1.6294,1.6294,1.6294,1.6294,1.6294,1.6294,1.6294
1.6311,1.6311,1.6311,1.6311,1.6311,1.6311,1.6311,1.6311,1.6311,1.6311,1.6311,1.6311,1.6311,1.6311,1.6311,1.6311,1.6311,1.6311,1.6311,1.6311,1.6311,1.6311,1.6311,1.6311,1.6311,1.6311
1.6327,1.6327,1.6327,1.6327,1.6327,1.6327,1.6327,1.6327,1.6327,1.6327,1.6327,1.6327,1.6327,1.6327,1.6327,1.6327,1.6327,1.6327,1.6327,1.6327,1.6327,1.6327,1.6327,1.6327,1.6327,1.6327
1.6343,1.6343,1.6343,1.6343,1.6343,1.6343,1.6343,1.6343,1.6343,1.6343,1.6343,1.6343,1.6343,1.6343,1.6343,1.6343,1.6343,1.6343,1.6343,1.6343,1.6343,1.6343,1.6343,1.6343,1.6343,1.6343
1.6359,1.6359,1.6359,1.6359,1.6359,1.6359,1.6359,1.6359,1.6359,1.6359,1.6359,1.6359,1.6359,1.6359,1.6359,1.6359,1.6359,1.6359,1.6359,1.6359,1.6359,1.6359,1.6359,1.6359,1.6359,1.4897
1.6376,1.6376,1.6376,1.6376,1.6376,1.6376,1.6376,1.6376,1.6376,1.6376,1.6376,1.6376,1.6376,1.6376,1.6376,1.6376,1.6376,1.6376,1.6376,1.6376,1.6376,1.6376,1.6376,1.6376,1.6376,1.6376
1.6392,1.6392,1.6392,1.6392,1.6392,1.6392,1.6392,1.6392,1.6392,1.6392,1.6392,1.6392,1.6392,1.6392,1.6392,1.6392,1.6392,1.6392,1.6392,1.6392,1.6392,1.6392,1.6392,1.6392,1.6392,1.6392
1.6409,1.6409,1.6409,1.6409,1.6409,1.6409,1.6409,1.6409,1.6409,1.6409,1.6409,1.6409,1.6409,1.6409,1.6409,1.6409,1.6409,1.6409,1.6409,1.6409,1.6409,1.6409,1.6409,1.6409,1.483,1.2066
1.6425,1.6425,1.6425,1.6425,1.6425,1.6425,1.6425,1.6425,1.6425,1.6425,1.6425,1.6425,1.6425,1.6425,1.6425,1.6425,1.6425,1.6425,1.6425,1.6425,1.6425,1.6425,1.6425,1.6425,1.6425,1.6425
1.6442,1.6442,1.6442,1.6442,1.6442,1.6442,1.6442,1.6442,1.6442,1.6442,1.6442,1.6442,1.6442,1.6442,1.6442,1.6442,1.6442,1.6442,1.6442,1.6442,1.6442,1.6442,1.6442,1.6442,1.6442,1.6442
1.6458,1.6458,1.6458,1.6458,1.6458,1.6458,1.6458,1.6458,1.6458,1.6458,1.6458,1.6458,1.6458,1.6458,1.6458,1.6458,1.6458,1.6458,1.6458,1.6458,1.6458,1.6458,1.6458,1.6458,1.6458,1.6458
1.6475,1.6475,1.6475,1.6475,1.6475,1.6475,1.6475,1.6475,1.6475,1.6475,1.6475,1.6475,1.6475,1.6475,1.6475,1.6475,1.6475,1.6475,1.6475,1.6475,1.6475,1.6475,1.6475,1.6475,1.6475,1.6475
1.6491,1.6491,1.6491,1.6491,1.6491,1.6491,1.6491,1.6491,1.6491,1.6491,1.6491,1.6491,1.6491,1.6491,1.6491,1.6491,1.6491,1.6491,1.6491,1.6491,1.6491,1.6491,1.6491,1.587,1.3377,1.0883
1.6508,1.6508,1.6508,1.6508,1.6508,1.6508,1.6508,1.6508,1.6508,1.6508,1.6508,1.6508,1.6508,1.6508,1.6508,1.6508,1.6508,1.6508,1.6508,1.6508,1.6508,1.6508,1.6508,1.6508,1.6508,1.6508
1.6524,1.6524,1.6524,1.6524,1.6524,1.6524,1.6524,1.6524,1.6524,1.6524,1.6524,1.6524,1.6524,1.6524,1.6524,1.6524,1.6524,1.6524,1.6524,1.6524,1.6524,1.6524,1.6524,1.6524,1.6524,1.6524
1.6541,1.6541,1.6541,1.6541,1.6541,1.6541,1.6541,1.6541,1.6541,1.6541,1.6541,1.6541,1.6541,1.6541,1.6541,1.6541,1.6541,1.6541,1.6541,1.6541,1.6541,1.6541,1.6541,1.6541,1.5622,1.271
1.6558,1.6558,1.6558,1.6558,1.6558,1.6558,1.6558,1.6558,1.6558,1.6558,1.6558,1.6558,1.6558,1.6558,1.6558,1.6558,1.6558,1.6558,1.6558,1.6558,1.6558,1.6558,1.6558,1.6558,1.6558,1.6558
1.6575,1.6575,1.6575,1.6575,1.6575,1.6575,1.6575,1.6575,1.6575,1.6575,1.6575,1.6575,1.6575,1.6575,1.6575,1.6575,1.6575,1.6575,1.6575,1.6575,1.6575,1.6575,1.6575,1.6575,1.6575,1.4382
1.6591,1.6591,1.6591,1.6591,1.6591,1.6591,1.6591,1.6591,1.6591,1.6591,1.6591,1.6591,1.6591,1.6591,1.6591,1.6591,1.6591,1.6591,1.6591,1.6591,1.6591,1.6591,1.6591,1.6591,1.6591,1.6591
1.6608,1.6608,1.6608,1.6608,1.6608,1.6608,1.6608,1.6608,1.6608,1.6608,1.6608,1.6608,1.6608,1.6608,1.6608,1.6608,1.6608,1.6608,1.6608,1.6608,1.6608,1.6608,1.6608,1.6608,1.6608,1.6608
1.6625,1.6625,1.6625,1.6625,1.6625,1.6625,1.6625,1.6625,1.6625,1.6625,1.6625,1.6625,1.6625,1.6625,1.6625,1.6625,1.6625,1.6625,1.6625,1.6625,1.6625,1.6625,1.5904,1.3745,1.1585,0.9426
1.6642,1.6642,1.6642,1.6642,1.6642,1.6642,1.6642,1.6642,1.6642,1.6642,1.6642,1.6642,1.6642,1.6642,1.6642,1.6642,1.6642,1.6642,1.6642,1.6642,1.6642,1.6642,1.6642,1.6642,1.6642,1.6642
1.6659,1.6659,1.6659,1.6659,1.6659,1.6659,1.6659,1.6659,1.6659,1.6659,1.6659,1.6659,1.6659,1.6659,1.6659,1.6659,1.6659,1.6659,1.6659,1.6659,1.6659,1.6659,1.6659,1.6659,1.6659,1.6659
1.6676,1.6676,1.6676,1.6676,1.6676,1.6676,1.6676,1.6676,1.6676,1.6676,1.6676,1.6676,1.6676,1.6676,1.6676,1.6676,1.6676,1.6676,1.6676,1.6676,1.6676,1.6676,1.6676,1.6676,1.6676,1.6676
1.6693,1.6693,1.6693,1.6693,1.6693,1.6693,1.6693,1.6693,1.6693,1.6693,1.6693,1.6693,1.6693,1.6693,1.6693,1.6693,1.6693,1.6693,1.6693,1.6693,1.6693,1.6693,1.6693,1.6693,1.6693,1.6693
1.671,1.671,1.671,1.671,1.671,1.671,1.671,1.671,1.671,1.671,1.671,1.671,1.671,1.671,1.671,1.671,1.671,1.671,1.671,1.671,1.671,1.671,1.671,1.449,1.2213,0.9937
1.6727,1.6727,1.6727,1.6727,1.6727,1.6727,1.6727,1.6727,1.6727,1.6727,1.6727,1.6727,1.6727,1.6727,1.6727,1.6727,1.6727,1.6727,1.6727,1.6727,1.6727,1.6727,1.6727,1.6727,1.6727,1.6727
1.6744,1.6744,1.6744,1.6744,1.6744,1.6744,1.6744,1.6744,1.6744,1.6744,1.6744,1.6744,1.6744,1.6744,1.6744,1.6744,1.6744,1.6744,1.6744,1.6744,1.6744,1.6744,1.6744,1.6744,1.6744,1.6744
1.6761,1.6761,1.6761,1.6761,1.6761,1.6761,1.6761,1.6761,1.6761,1.6761,1.6761,1.6761,1.6761,1.6761,1.6761,1.6761,1.6761,1.6761,1.6761,1.6761,1.6761,1.6761,1.5978,1.3808,1.1639,0.9469
1.6778,1.6778,1.6778,1.6778,1.6778,1.6778,1.6778,1.6778,1.6778,1.6778,1.6778,1.6778,1.6778,1.6778,1.6778,1.6778,1.6778,1.6778,1.6778,1.6778,1.6778,1.6778,1.6778,1.6778,1.6778,1.6778
1.6795,1.6795,1.6795,1.6795,1.6795,1.6795,1.6795,1.6795,1.6795,1.6795,1.6795,1.6795,1.6795,1.6795,1.6795,1.6795,1.6795,1.6795,1.6795,1.6795,1.6795,1.6795,1.6795,1.6795,1.6795,1.658
1.6813,1.6813,1.6813,1.6813,1.6813,1.6813,1.6813,1.6813,1.6813,1.6813,1.6813,1.6813,1.6813,1.6813,1.6813,1.6813,1.6813,1.6813,1.6813,1.6813,1.6813,1.6813,1.6813,1.6813,1.6813,1.6813
1.683,1.683,1.683,1.683,1.683,1.683,1.683,1.683,1.683,1.683,1.683,1.683,1.683,1.683,1.683,1.683,1.683,1.683,1.683,1.683,1.683,1.683,1.683,1.683,1.683,1.683
1.6847,1.6847,1.6847,1.6847,1.6847,1.6847,1.6847,1.6847,1.6847,1.6847,1.6847,1.6847,1.6847,1.6847,1.6847,1.6847,1.6847,1.6847,1.6847,1.6847,1.6847,1.5723,1.3843,1.1964,1.0084,0.8204
1.6865,1.6865,1.6865,1.6865,1.6865,1.6865,1.6865,1.6865,1.6865,1.6865,1.6865,1.6865,1.6865,1.6865,1.6865,1.6865,1.6865,1.6865,1.6865,1.6865,1.6865,1.6865,1.6865,1.6865,1.6865,1.6865
1.6882,1.6882,1.6882,1.6882,1.6882,1.6882,1.6882,1.6882,1.6882,1.6882,1.6882,1.6882,1.6882,1.6882,1.6882,1.6882,1.6882,1.6882,1.6882,1.6882,1.6882,1.6882,1.6882,1.6882,1.6882,1.6882
1.6899,1.6899,1.6899,1.6899,1.6899,1.6899,1.6899,1.6899,1.6899,1.6899,1.6899,1.6899,1.6899,1.6899,1.6899,1.6899,1.6899,1.6899,1.6899,1.6899,1.6899,1.6899,1.6899,1.6454,1.3869,1.1283
1.6917,1.6917,1.6917,1.6917,1.6917,1.6917,1.6917,1.6917,1.6917,1.6917,1.6917,1.6917,1.6917,1.6917,1.6917,1.6917,1.6917,1.6917,1.6917,1.6917,1.6917,1.6917,1.6917,1.6917,1.6917,1.6917
1.6934,1.6934,1.6934,1.6934,1.6934,1.6934,1.6934,1.6934,1.6934,1.6934,1.6934,1.6934,1.6934,1.6934,1.6934,1.6934,1.6934,1.6934,1.6934,1.6934,1.6934,1.6934,1.6934,1.4721,1.2408,1.0095
1.6952,1.6952,1.6952,1.6952,1.6952,1.6952,1.6952,1.6952,1.6952,1.6952,1.6952,1.6952,1.6952,1.6952,1.6952,1.6952,1.6952,1.6952,1.6952,1.6952,1.6952,1.6952,1.6952,1.6952,1.6952,1.6952
1.6969,1.6969,1.6969,1.6969,1.6969,1.6969,1.6969,1.6969,1.6969,1.6969,1.6969,1.6969,1.6969,1.6969,1.6969,1.6969,1.6969,1.6969,1.6969,1.6969,1.6969,1.6969,1.6969,1.6969,1.6969,1.6969
1.6987,1.6987,1.6987,1.6987,1.6987,1.6987,1.6987,1.6987,1.6987,1.6987,1.6987,1.6987,1.6987,1.6987,1.6987,1.6987,1.6987,1.6987,1.6987,1.6987,1.6708,1.4925,1.314,1.1356,0.9572,0.7788
1.7005,1.7005,1.7005,1.7005,1.7005,1.7005,1.7005,1.7005,1.7005,1.7005,1.7005,1.7005,1.7005,1.7005,1.7005,1.7005,1.7005,1.7005,1.7005,1.7005,1.7005,1.7005,1.7005,1.7005,1.7005,1.7005
1.7022,1.7022,1.7022,1.7022,1.7022,1.7022,1.7022,1.7022,1.7022,1.7022,1.7022,1.7022,1.7022,1.7022,1.7022,1.7022,1.7022,1.7022,1.7022,1.7022,1.7022,1.7022,1.7022,1.7022,1.7022,1.7022
1.704,1.704,1.704,1.704,1.704,1.704,1.704,1.704,1.704,1.704,1.704,1.704,1.704,1.704,1.704,1.704,1.704,1.704,1.704,1.704,1.704,1.704,1.704,1.704,1.704,1.704
1.7058,1.7058,1.7058,1.7058,1.7058,1.7058,1.7058,1.7058,1.7058,1.7058,1.7058,1.7058,1.4174,1.7058,1.7058,1.7058,1.7058,1.7058,1.7058,1.7058,1.7058,1.7058,1.7058,1.7058,1.7058,1.7058
1.7076,1.7076,1.7076,1.7076,1.7076,1.7076,1.7076,1.7076,1.7076,1.7076,1.7076,1.7076,1.6633,1.7076,1.7076,1.7076,1.7076,1.7076,1.7076,1.7076,1.6612,1.4838,1.3065,1.1291,0.9517,0.7743
1.7093,1.7093,1.7093,1.7093,1.7093,1.7093,1.7093,1.7093,1.7093,1.7093,1.7093,1.7093,1.7093,1.7093,1.7093,1.7093,1.7093,1.7093,1.7093,1.7093,1.7093,1.7093,1.7093,1.7093,1.7093,1.7093
1.7111,1.7111,1.7111,1.7111,1.7111,1.7111,1.7111,1.7111,1.7111,1.7111,1.7111,1.7111,1.7111,1.7111,1.7111,1.7111,1.7111,1.7111,1.7111,1.7111,1.7111,1.7111,1.7111,1.7111,1.7111,1.7111
1.7129,1.7129,1.7129,1.7129,1.7129,1.7129,1.7129,1.7129,1.7129,1.7129,1.7129,1.7129,1.7129,1.5554,1.7129,1.7129,1.7129,1.7129,1.7129,1.7129,1.7129,1.6319,1.4368,1.2417,1.0466,0.8515
1.7147,1.7147,1.7147,1.7147,1.7147,1.7147,1.7147,1.7147,1.7147,1.7147,1.7147,1.7147,1.7147,1.7147,1.7147,1.7147,1.7147,1.7147,1.7147,1.7147,1.7147,1.7147,1.7147,1.7147,1.7147,1.7147
1.7165,1.7165,1.7165,1.7165,1.7165,1.7165,1.7165,1.7165,1.7165,1.7165,1.7165,1.7165,1.7165,1.7165,1.7165,1.7165,1.7165,1.7165,1.7165,1.7165,1.7165,1.7165,1.7165,1.6661,1.4043,1.1426
1.7183,1.7183,1.7183,1.7183,1.7183,1.7183,1.7183,1.7183,1.7183,1.7183,1.7183,1.7183,1.7183,1.7183,1.7183,1.7183,1.7183,1.7183,1.7183,1.7183,1.7183,1.7183,1.7183,1.7183,1.7183,1.7183
1.7201,1.7201,1.7201,1.7201,1.7201,1.7201,1.7201,1.7201,1.7201,1.7201,1.7201,1.7201,1.7201,1.7201,1.7201,1.7201,1.7201,1.7201,1.7201,1.7201,1.7201,1.7201,1.7201,1.7201,1.7201,1.7201
1.7219,1.7219,1.7219,1.7219,1.7219,1.7219,1.7219,1.7219,1.7219,1.7219,1.7219,1.7219,1.7219,1.7219,1.7219,1.7219,1.7219,1.7219,1.7219,1.638,1.48,1.322,1.164,1.0059,0.8479,0.6898
1.7237,1.7237,1.7237,1.7237,1.7237,1.7237,1.7237,1.7237,1.7237,1.7237,1.7237,1.7237,1.7237,1.7237,1.7237,1.7237,1.7237,1.7237,1.7237,1.7237,1.7237,1.7237,1.7237,1.7237,1.7237,1.7237
1.7255,1.7255,1.7255,1.7255,1.7255,1.7255,1.7255,1.7255,1.7255,1.7255,1.7255,1.7255,1.7255,1.7255,1.7255,1.7255,1.7255,1.7255,1.7255,1.7255,1.7255,1.7255,1.7255,1.7255,1.7255,1.7255
1.7274,1.7274,1.7274,1.7274,1.7274,1.7274,1.7274,1.7274,1.7274,1.7274,1.7274,1.7274,1.7274,1.7274,1.7274,1.7274,1.7274,1.7274,1.7274,1.7274,1.7274,1.7274,1.7274,1.6422,1.3842,1.1262
1.7292,1.7292,1.7292,1.7292,1.7292,1.7292,1.7292,1.7292,1.7292,1.7292,1.7292,1.7292,1.7292,1.7292,1.7292,1.7292,1.7292,1.7292,1.7292,1.7292,1.7292,1.7292,1.7292,1.7292,1.7292,1.7292
1.731,1.731,1.731,1.731,1.731,1.731,1.731,1.731,1.731,1.731,1.731,1.731,1.731,1.731,1.731,1.731,1.731,1.731,1.731,1.731,1.6882,1.508,1.3277,1.1474,0.9672,0.7869
1.7328,1.7328,1.7328,1.7328,1.7328,1.7328,1.7328,1.7328,1.7328,1.7328,1.7328,1.7328,1.7328,1.7328,1.7328,1.7328,1.7328,1.7328,1.7328,1.7328,1.7328,1.7328,1.7328,1.7328,1.7328,1.7328
1.7347,1.7347,1.7347,1.7347,1.7347,1.7347,1.7347,1.7347,1.7347,1.7347,1.7347,1.7347,1.7347,1.7347,1.7347,1.7347,1.7347,1.7347,1.7347,1.7347,1.7347,1.7347,1.7347,1.7347,1.7347,1.7347
1.7365,1.7365,1.7365,1.7365,1.7365,1.7365,1.7365,1.7365,1.7365,1.7365,1.7365,1.7365,1.7365,1.6518,1.7365,1.7365,1.7365,1.7365,1.7365,1.6642,1.5037,1.3431,1.1826,1.022,0.8614,0.7009
1.7384,1.7384,1.7384,1.7384,1.7384,1.7384,1.7384,1.7384,1.7384,1.7384,1.7384,1.7384,1.7384,1.5525,1.7384,1.7384,1.7384,1.7384,1.7384,1.7384,1.7384,1.7384,1.7384,1.7384,1.7384,1.7384
1.7402,1.7402,1.7402,1.7402,1.7402,1.7402,1.7402,1.7402,1.7402,1.7402,1.7402,1.7402,1.7402,1.7402,1.7402,1.7402,1.7402,1.7402,1.7402,1.7402,1.7402,1.7402,1.7402,1.7402,1.7402,1.4984
1.7421,1.7421,1.7421,1.7421,1.7421,1.7421,1.7421,1.7421,1.7421,1.7421,1.7421,1.7421,1.7421,1.7421,1.7421,1.7421,1.7421,1.7421,1.7421,1.7421,1.7421,1.7421,1.7421,1.7421,1.7421,1.7421
1.7439,1.7439,1.7439,1.7439,1.7439,1.7439,1.7439,1.7439,1.7439,1.7439,1.7439,1.7439,1.7439,1.7439,1.7439,1.7439,1.7439,1.7439,1.7439,1.7439,1.7439,1.7439,1.7439,1.7439,1.7439,1.7439
1.7458,1.7458,1.7458,1.7458,1.7458,1.7458,1.7458,1.7458,1.7458,1.7458,1.7458,1.7458,1.7458,1.7458,1.7458,1.7458,1.7458,1.7458,1.6949,1.5461,1.397,1.2479,1.0987,0.9495,0.8003,0.6512
1.7476,1.7476,1.7476,1.7476,1.7476,1.7476,1.7476,1.7476,1.7476,1.7476,1.7476,1.7476,1.7476,1.7476,1.7476,1.7476,1.7476,1.7476,1.7476,1.7476,1.7476,1.7476,1.7476,1.7476,1.7476,1.7476
1.7495,1.7495,1.7495,1.7495,1.7495,1.7495,1.7495,1.7495,1.7495,1.7495,1.7495,1.7495,1.7495,1.7495,1.7495,1.7495,1.7495,1.7495,1.7495,1.7495,1.7495,1.7495,1.7495,1.7495,1.7495,1.7495
1.7514,1.7514,1.7514,1.7514,1.7514,1.7514,1.7514,1.7514,1.7514,1.7514,1.7514,1.7514,1.7514,1.7514,1.7514,1.7514,1.7514,1.7514,1.7514,1.7514,1.7514,1.5842,1.3949,1.2055,1.0161,0.8267
1.7532,1.7532,1.7532,1.7532,1.7532,1.7532,1.7532,1.7532,1.7532,1.7532,1.7532,1.7532,1.7532,1.7532,1.7532,1.7532,1.7532,1.7532,1.7532,1.7532,1.7532,1.7532,1.7532,1.7532,1.7532,1.7532
1.7551,1.7551,1.7551,1.7551,1.7551,1.7551,1.7551,1.7551,1.7551,1.7551,1.7551,1.7551,1.7551,1.7551,1.7551,1.7551,1.7551,1.7551,1.7551,1.7551,1.7551,1.6608,1.4623,1.2637,1.0652,0.8666
1.757,1.757,1.757,1.757,1.757,1.757,1.757,1.757,1.757,1.757,1.757,1.757,1.757,1.757,1.757,1.757,1.757,1.757,1.757,1.757,1.757,1.757,1.757,1.757,1.757,1.757
1.7589,1.7589,1.7589,1.7589,1.7589,1.7589,1.7589,1.7589,1.7589,1.7589,1.7589,1.7589,1.7589,1.7589,1.7589,1.7589,1.7589,1.7589,1.7589,1.7589,1.7589,1.7589,1.7589,1.7589,1.7589,1.7589
1.7608,1.7608,1.7608,1.7608,1.7608,1.7608,1.7608,1.7608,1.7608,1.7608,1.7608,1.7608,1.7608,1.7608,1.7608,1.7608,1.7608,1.747,1.606,1.4651,1.3238,1.1824,1.0411,0.8997,0.7584,0.617
1.7627,1.7627,1.7627,1.7627,1.7627,1.7627,1.7627,1.7627,1.7627,1.7627,1.7627,1.7627,1.7627,1.7627,1.7627,1.7627,1.7627,1.7627,1.7627,1.7627,1.7627,1.7627,1.7627,1.7627,1.7627,1.7627
1.7646,1.7646,1.7646,1.7646,1.7646,1.7646,1.7646,1.7646,1.7646,1.7646,1.7646,1.7646,1.7646,1.7646,1.7646,1.7646,1.7646,1.7646,1.7646,1.7646,1.7646,1.7646,1.7646,1.7646,1.7646,1.7646
1.7665,1.7665,1.7665,1.7665,1.7665,1.7665,1.7665,1.7665,1.7665,1.7665,1.7665,1.7665,1.7665,1.7665,1.7665,1.7665,1.7665,1.7665,1.7665,1.7665,1.7665,1.7665,1.7665,1.7665,1.513,1.231
1.7684,1.7684,1.7684,1.7684,1.7684,1.7684,1.7684,1.7684,1.7684,1.7684,1.7684,1.7684,1.2509,1.7684,1.7684,1.7684,1.7684,1.7684,1.7684,1.7684,1.7684,1.7684,1.7684,1.7684,1.7684,1.7684
1.7703,1.7703,1.7703,1.7703,1.7703,1.7703,1.7703,1.7703,1.7703,1.7703,1.7703,1.7703,1.4035,1.7703,1.7703,1.7703,1.7703,1.7703,1.7005,1.5513,1.4017,1.252,1.1024,0.9527,0.803,0.6533
1.7722,1.7722,1.7722,1.7722,1.7722,1.7722,1.7722,1.7722,1.7722,1.7722,1.7722,1.7722,1.7722,1.7722,1.7722,1.7722,1.7722,1.7722,1.7722,1.7722,1.7722,1.7722,1.7722,1.7722,1.7722,1.7722
1.7741,1.7741,1.7741,1.7741,1.7741,1.7741,1.7741,1.7741,1.7741,1.7741,1.7741,1.7741,1.7741,1.7741,1.7741,1.7741,1.7741,1.7741,1.7741,1.7741,1.7741,1.7741,1.7741,1.7741,1.7741,1.7741
1.776,1.776,1.776,1.776,1.776,1.776,1.776,1.776,1.776,1.776,1.776,1.776,1.776,1.2182,1.776,1.776,1.776,1.776,1.736,1.5836,1.4309,1.2781,1.1253,0.9725,0.8197,0.6669
1.778,1.778,1.778,1.778,1.778,1.778,1.778,1.778,1.778,1.778,1.778,1.778,1.778,1.778,1.778,1.778,1.778,1.778,1.778,1.778,1.778,1.778,1.778,1.778,1.778,1.778
1.7799,1.7799,1.7799,1.7799,1.7799,1.7799,1.7799,1.7799,1.7799,1.7799,1.7799,1.7799,1.7799,1.7799,1.7799,1.7799,1.7799,1.7799,1.7799,1.7799,1.7799,1.7799,1.7799,1.5456,1.3028,1.0599
1.7818,1.7818,1.7818,1.7818,1.7818,1.7818,1.7818,1.7818,1.7818,1.7818,1.7818,1.7818,1.7818,1.7818,1.7818,1.7818,1.7818,1.7818,1.7818,1.7818,1.7818,1.7818,1.7818,1.7818,1.7818,1.7818
1.7838,1.7838,1.7838,1.7838,1.7838,1.7838,1.7838,1.7838,1.7838,1.7838,1.7838,1.7838,1.7838,1.7838,1.7838,1.7838,1.7838,1.7838,1.7838,1.7838,1.7838,1.7838,1.7838,1.7838,1.7838,1.7838
1.7857,1.7857,1.7857,1.7857,1.7857,1.7857,1.7857,1.7857,1.7857,1.7857,1.7857,1.7857,1.7857,1.7857,1.7857,1.7857,1.7583,1.6298,1.4983,1.3668,1.235,1.1031,0.9713,0.8394,0.7075,0.5756
1.7877,1.7877,1.7877,1.7877,1.7877,1.7877,1.7877,1.7877,1.7877,1.7877,1.7877,1.7877,1.7877,1.7877,1.7877,1.7877,1.7877,1.7877,1.7877,1.7877,1.7877,1.7877,1.7877,1.7877,1.7877,1.7877
1.7896,1.7896,1.7896,1.7896,1.7896,1.7896,1.7896,1.7896,1.7896,1.7896,1.7896,1.7896,1.7896,1.7896,1.7896,1.7896,1.7896,1.7896,1.7896,1.7896,1.7896,1.7896,1.7896,1.7896,1.7896,1.7896
1.7916,1.7916,1.7916,1.7916,1.7916,1.7916,1.7916,1.7916,1.7916,1.7916,1.7916,1.7916,1.7916,1.7916,1.7916,1.7916,1.7916,1.7916,1.7916,1.7916,1.7916,1.6338,1.4385,1.2432,1.0479,0.8525
1.7935,1.7935,1.7935,1.7935,1.7935,1.7935,1.7935,1.7935,1.7935,1.7935,1.7935,1.7935,1.7935,1.7935,1.7935,1.7935,1.7935,1.7935,1.7935,1.7935,1.7935,1.7935,1.7935,1.7935,1.7935,1.7935
1.7955,1.7955,1.7955,1.7955,1.7955,1.7955,1.7955,1.7955,1.7955,1.7955,1.7955,1.7955,1.7955,1.7955,1.7955,1.7955,1.7955,1.7955,1.7955,1.6624,1.5021,1.3417,1.1814,1.021,0.8605,0.7001
1.7975,1.7975,1.7975,1.7975,1.7975,1.7975,1.7975,1.7975,1.7975,1.7975,1.7975,1.7975,1.7975,1.7975,1.7975,1.7975,1.7975,1.7975,1.7975,1.7975,1.7975,1.7975,1.7975,1.7975,1.7975,1.7975
1.7995,1.7995,1.7995,1.7995,1.7995,1.7995,1.7995,1.7995,1.7995,1.7995,1.7995,1.686,1.7995,1.7995,1.7995,1.7995,1.7995,1.7995,1.7995,1.7995,1.7995,1.7995,1.7995,1.7995,1.7995,1.7995
1.8014,1.8014,1.8014,1.8014,1.8014,1.8014,1.8014,1.8014,1.8014,1.8014,1.8014,1.8014,1.8014,1.7978,1.8014,1.8014,1.762,1.6333,1.5015,1.3697,1.2376,1.1055,0.9733,0.8412,0.709,0.5769
1.8034,1.8034,1.8034,1.8034,1.8034,1.8034,1.8034,1.8034,1.8034,1.8034,1.8034,1.8034,1.8034,1.2953,1.8034,1.8034,1.8034,1.8034,1.8034,1.8034,1.8034,1.8034,1.8034,1.8034,1.8034,1.8034
1.8054,1.8054,1.8054,1.8054,1.8054,1.8054,1.8054,1.8054,1.8054,1.8054,1.8054,1.8054,1.8054,1.8054,1.8054,1.8054,1.8054,1.8054,1.8054,1.8054,1.8054,1.8054,1.8054,1.8054,1.8054,1.5426
1.8074,1.8074,1.8074,1.8074,1.8074,1.8074,1.8074,1.8074,1.8074,1.8074,1.8074,1.8074,1.8074,1.8074,1.8074,1.8074,1.8074,1.8074,1.8074,1.8074,1.8074,1.8074,1.8074,1.8074,1.8074,1.4895
1.8094,1.8094,1.8094,1.8094,1.8094,1.8094,1.8094,1.8094,1.8094,1.8094,1.8094,1.8094,1.077,1.8094,1.8094,1.8094,1.8094,1.8094,1.8094,1.8094,1.8094,1.8094,1.8094,1.8094,1.8094,1.8094
1.8114,1.8114,1.8114,1.8114,1.8114,1.8114,1.8114,1.8114,1.8114,1.8114,1.8114,1.8114,1.2476,1.8114,1.8114,1.8114,1.7331,1.6064,1.4768,1.3472,1.2173,1.0873,0.9573,0.8274,0.6974,0.5674
1.8134,1.8134,1.8134,1.8134,1.8134,1.8134,1.8134,1.8134,1.8134,1.8134,1.8134,1.8134,1.8134,1.8134,1.8134,1.8134,1.8134,1.8134,1.8134,1.8134,1.8134,1.8134,1.8134,1.8134,1.8134,1.8134
1.8154,1.8154,1.8154,1.8154,1.8154,1.8154,1.8154,1.8154,1.8154,1.8154,1.8154,1.8154,1.8154,1.8154,1.8154,1.8154,1.8154,1.8154,1.8154,1.8154,1.8154,1.8154,1.8154,1.8154,1.8154,1.8154
1.8174,1.8174,1.8174,1.8174,1.8174,1.8174,1.8174,1.8174,1.8174,1.8174,1.8174,1.8174,1.8174,1.8174,1.8174,1.8174,1.8174,1.8174,1.7282,1.5765,1.4245,1.2724,1.1203,0.9682,0.8161,0.664
1.8194,1.8194,1.8194,1.8194,1.8194,1.8194,1.8194,1.8194,1.8194,1.8194,1.8194,1.8194,1.8194,1.8194,1.8194,1.8194,1.8194,1.8194,1.8194,1.8194,1.8194,1.8194,1.8194,1.8194,1.8194,1.8194
1.8215,1.8215,1.8215,1.8215,1.8215,1.8215,1.8215,1.8215,1.8215,1.8215,1.8215,1.8215,1.8215,1.8215,1.8215,1.8215,1.8215,1.8215,1.8215,1.8215,1.7458,1.5594,1.373,1.1866,1.0002,0.8137
1.8235,1.8235,1.8235,1.8235,1.8235,1.8235,1.8235,1.8235,1.8235,1.8235,1.8235,1.8235,1.8235,1.8235,1.8235,1.8235,1.8235,1.8235,1.8235,1.8235,1.8235,1.8235,1.8235,1.8235,1.8235,1.8235
1.8255,1.8255,1.8255,1.8255,1.8255,1.8255,1.8255,1.8255,1.8255,1.8255,1.8255,1.8255,1.8255,1.8255,1.8255,1.8255,1.8255,1.8255,1.8255,1.8255,1.8255,1.8255,1.8255,1.8255,1.8255,1.8255
1.8276,1.8276,1.8276,1.8276,1.8276,1.8276,1.8276,1.8276,1.8276,1.8276,1.8276,1.8276,1.8276,1.8276,1.8276,1.7319,1.6144,1.4964,1.3757,1.255,1.1339,1.0129,0.8918,0.7707,0.6496,0.5285
1.8296,1.8296,1.8296,1.8296,1.8296,1.8296,1.8296,1.8296,1.8296,1.8296,1.8296,1.8296,1.8296,1.8296,1.8296,1.8296,1.8296,1.8296,1.8296,1.8296,1.8296,1.8296,1.8296,1.8296,1.8296,1.8296
1.8316,1.8316,1.8316,1.8316,1.8316,1.8316,1.8316,1.8316,1.8316,1.8316,1.8316,1.8316,1.8316,1.8316,1.8316,1.8316,1.8316,1.8316,1.8316,1.8316,1.8316,1.8316,1.8316,1.8316,1.8316,1.8316
1.8337,1.8337,1.8337,1.8337,1.8337,1.8337,1.8337,1.8337,1.8337,1.8337,1.8337,1.8337,1.8337,1.8337,1.7815,1.8337,1.8337,1.8337,1.8337,1.8337,1.8337,1.7889,1.5751,1.3612,1.1473,0.9335
1.8357,1.8357,1.8357,1.8357,1.8357,1.8357,1.8357,1.8357,1.8357,1.8357,1.8357,1.8357,1.4562,1.8357,1.8357,1.8357,1.8357,1.8357,1.8357,1.8357,1.8357,1.8357,1.8357,1.8357,1.8357,1.8357
1.8378,1.8378,1.8378,1.8378,1.8378,1.8378,1.8378,1.8378,1.8378,1.8378,1.8378,1.8378,1.8378,1.8378,1.8378,1.8378,1.8093,1.6771,1.5417,1.4064,1.2708,1.1351,0.9994,0.8637,0.728,0.5923
1.8399,1.8399,1.8399,1.8399,1.8399,1.8399,1.8399,1.8399,1.8399,1.8399,1.8399,1.8399,1.8399,1.8399,1.8399,1.8399,1.8399,1.8399,1.8399,1.8399,1.8399,1.8399,1.8399,1.8399,1.8399,1.8399
1.8419,1.8419,1.8419,1.8419,1.8419,1.8419,1.8419,1.8419,1.8419,1.8419,1.8419,1.8419,1.8419,1.8419,1.8419,1.8419,1.8419,1.8419,1.8419,1.8419,1.8419,1.8419,1.8419,1.8419,1.8419,1.8419
1.844,1.844,1.844,1.844,1.844,1.844,1.844,1.844,1.844,1.844,1.844,1.844,1.844,1.1384,1.844,1.8331,1.7087,1.5838,1.456,1.3283,1.2002,1.072,0.9439,0.8157,0.6876,0.5594
1.8461,1.8461,1.8461,1.8461,1.8461,1.8461,1.8461,1.8461,1.8461,1.8461,1.8461,1.8461,1.8461,1.3962,1.8461,1.8461,1.8461,1.8461,1.8461,1.8461,1.8461,1.8461,1.8461,1.8461,1.8461,1.8461
1.8482,1.8482,1.8482,1.8482,1.8482,1.8482,1.8482,1.8482,1.8482,1.8482,1.8482,1.8482,1.8482,1.8482,1.8482,1.8482,1.8482,1.8482,1.8482,1.8482,1.8482,1.8482,1.7974,1.5534,1.3093,1.0653
1.8503,1.8503,1.8503,1.8503,1.8503,1.8503,1.8503,1.8503,1.8503,1.8503,1.8503,1.8503,1.8503,1.8503,1.8503,1.8503,1.8503,1.8503,1.8503,1.8503,1.8503,1.8503,1.8503,1.8503,1.8503,1.8503
1.8523,1.8523,1.8523,1.8523,1.8523,1.8523,1.8523,1.8523,1.8523,1.8523,1.8523,1.8523,1.8523,1.8523,1.8523,1.8523,1.8523,1.8523,1.8523,1.8523,1.8523,1.8523,1.8523,1.8523,1.8523,1.8523
1.8544,1.8544,1.8544,1.8544,1.8544,1.8544,1.8544,1.8544,1.8544,1.8544,1.8544,1.8544,1.8544,1.8544,1.7992,1.6726,1.5591,1.4452,1.3286,1.212,1.0951,0.9782,0.8613,0.7443,0.6274,0.5104
1.8565,1.8565,1.8565,1.8565,1.8565,1.8565,1.8565,1.8565,1.8565,1.8565,1.8565,1.8565,1.8565,1.8565,1.8565,1.8565,1.8565,1.8565,1.8565,1.8565,1.8565,1.8565,1.8565,1.8565,1.8565,1.8565
1.8587,1.8587,1.8587,1.8587,1.8587,1.8587,1.8587,1.8587,1.8587,1.8587,1.8587,1.8587,1.8587,1.8587,1.8587,1.8587,1.8587,1.8587,1.8587,1.8587,1.8587,1.8587,1.8587,1.8587,1.8587,1.8587
1.8608,1.8608,1.8608,1.8608,1.8608,1.8608,1.8608,1.8608,1.8608,1.8608,1.8608,1.8608,1.8608,1.8608,1.8608,1.8608,1.8608,1.8608,1.7951,1.6376,1.4797,1.3217,1.1637,1.0057,0.8477,0.6897
1.8629,1.8629,1.8629,1.8629,1.8629,1.8629,1.8629,1.8629,1.8629,1.8629,1.8629,1.8629,1.8629,1.8629,1.8629,1.8629,1.8629,1.8629,1.8629,1.8629,1.8629,1.8629,1.8629,1.8629,1.8629,1.8629
1.865,1.865,1.865,1.865,1.865,1.865,1.865,1.865,1.865,1.865,1.865,1.865,1.865,1.865,1.865,1.865,1.865,1.865,1.721,1.57,1.4186,1.2671,1.1157,0.9642,0.8127,0.6612
1.8671,1.8671,1.8671,1.8671,1.8671,1.8671,1.8671,1.8671,1.8671,1.8671,1.8671,1.8671,1.8671,1.8671,1.8671,1.8671,1.8671,1.8671,1.8671,1.8671,1.8671,1.8671,1.8671,1.8671,1.8671,1.8671
1.8693,1.8693,1.8693,1.8693,1.8693,1.8693,1.8693,1.8693,1.8693,1.8693,1.8693,1.5777,1.8693,1.8693,1.8693,1.8693,1.8693,1.8693,1.8693,1.8693,1.8693,1.8693,1.8693,1.8693,1.8693,1.8693
1.8714,1.8714,1.8714,1.8714,1.8714,1.8714,1.8714,1.8714,1.8714,1.8714,1.8714,1.8714,1.8714,1.8714,1.7658,1.6417,1.5303,1.4184,1.304,1.1896,1.0748,0.9601,0.8453,0.7305,0.6158,0.501
1.8735,1.8735,1.8735,1.8735,1.8735,1.8735,1.8735,1.8735,1.8735,1.8735,1.8735,1.8735,1.8735,1.2025,1.8735,1.8735,1.8735,1.8735,1.8735,1.8735,1.8735,1.8735,1.8735,1.8735,1.8735,1.8735
1.8757,1.8757,1.8757,1.8757,1.8757,1.8757,1.8757,1.8757,1.8757,1.8757,1.8757,1.8757,1.8757,1.8757,1.8757,1.8757,1.8757,1.8757,1.8757,1.8757,1.8757,1.8757,1.8757,1.8757,1.8757,1.7547
1.8778,1.8778,1.8778,1.8778,1.8778,1.8778,1.8778,1.8778,1.8778,1.8778,1.8778,1.8778,1.8778,1.8778,1.7169,1.8778,1.8778,1.8778,1.8778,1.8778,1.8778,1.8778,1.8529,1.6013,1.3497,1.0981
1.88,1.88,1.88,1.88,1.88,1.88,1.88,1.88,1.88,1.88,1.88,1.88,0.9239,1.88,1.88,1.88,1.88,1.88,1.88,1.88,1.88,1.88,1.88,1.88,1.88,1.88
1.8821,1.8821,1.8821,1.8821,1.8821,1.8821,1.8821,1.8821,1.8821,1.8821,1.8821,1.8821,1.1163,1.8821,1.8316,1.7028,1.5872,1.4712,1.3525,1.2338,1.1148,0.9958,0.8768,0.7577,0.6387,0.5196
1.8843,1.8843,1.8843,1.8843,1.8843,1.8843,1.8843,1.8843,1.8843,1.8843,1.8843,1.8843,1.8843,1.8843,1.8843,1.8843,1.8843,1.8843,1.8843,1.8843,1.8843,1.8843,1.8843,1.8843,1.8843,1.8843
1.8865,1.8865,1.8865,1.8865,1.8865,1.8865,1.8865,1.8865,1.8865,1.8865,1.8865,1.8865,1.8865,1.8865,1.8865,1.8865,1.8865,1.8865,1.8865,1.8865,1.8865,1.8865,1.8865,1.8865,1.8865,1.8865
1.8886,1.8886,1.8886,1.8886,1.8886,1.8886,1.8886,1.8886,1.8886,1.8886,1.8886,1.8886,1.8886,1.0247,1.8886,1.8384,1.7136,1.5884,1.4602,1.3321,1.2036,1.0751,0.9466,0.8181,0.6895,0.561
1.8908,1.8908,1.8908,1.8908,1.8908,1.8908,1.8908,1.8908,1.8908,1.8908,1.8908,1.8908,1.8908,1.8908,1.8908,1.8908,1.8908,1.8908,1.8908,1.8908,1.8908,1.8908,1.8908,1.8908,1.8908,1.8908
1.893,1.893,1.893,1.893,1.893,1.893,1.893,1.893,1.893,1.893,1.893,1.893,1.893,1.893,1.893,1.893,1.893,1.893,1.893,1.893,1.7318,1.5469,1.362,1.177,0.9921,0.8072
1.8952,1.8952,1.8952,1.8952,1.8952,1.8952,1.8952,1.8952,1.8952,1.8952,1.8952,1.8952,1.8952,1.8952,1.8952,1.8952,1.8952,1.8952,1.8952,1.8952,1.8952,1.8952,1.8952,1.8952,1.8952,1.8952
1.8974,1.8974,1.8974,1.8974,1.8974,1.8974,1.8974,1.8974,1.8974,1.8974,1.8974,1.854,1.8974,1.8974,1.8974,1.8974,1.8974,1.8974,1.8974,1.8974,1.8974,1.8974,1.8974,1.8974,1.8974,1.8974
1.8996,1.8996,1.8996,1.8996,1.8996,1.8996,1.8996,1.8996,1.8996,1.8996,1.8996,1.8996,1.8996,1.7919,1.6674,1.5502,1.445,1.3394,1.2313,1.1233,1.0149,0.9066,0.7982,0.6898,0.5814,0.4731
1.9018,1.9018,1.9018,1.9018,1.9018,1.9018,1.9018,1.9018,1.9018,1.9018,1.9018,1.9018,1.9018,1.9018,1.9018,1.9018,1.9018,1.9018,1.9018,1.9018,1.9018,1.9018,1.9018,1.9018,1.9018,1.9018
1.904,1.904,1.904,1.904,1.904,1.904,1.904,1.904,1.904,1.904,1.904,1.904,1.904,1.904,1.904,1.904,1.904,1.904,1.904,1.904,1.904,1.904,1.904,1.904,1.904,1.904
1.9062,1.9062,1.9062,1.9062,1.9062,1.9062,1.9062,1.9062,1.9062,1.9062,1.9062,1.9062,1.9062,1.9062,1.7016,1.9062,1.9062,1.9062,1.9062,1.78,1.6084,1.4367,1.2649,1.0932,0.9214,0.7497
1.9084,1.9084,1.9084,1.9084,1.9084,1.9084,1.9084,1.9084,1.9084,1.9084,1.9084,1.9084,1.9084,1.9084,1.9084,1.9084,1.9084,1.9084,1.9084,1.9084,1.9084,1.9084,1.9084,1.9084,1.9084,1.9084
1.9107,1.9107,1.9107,1.9107,1.9107,1.9107,1.9107,1.9107,1.9107,1.9107,1.9107,1.9107,1.9107,1.9107,1.9107,1.8373,1.7127,1.5875,1.4594,1.3313,1.2029,1.0745,0.9461,0.8176,0.6892,0.5607
1.9129,1.9129,1.9129,1.9129,1.9129,1.9129,1.9129,1.9129,1.9129,1.9129,1.9129,1.9129,1.9129,1.9129,1.9129,1.9129,1.9129,1.9129,1.9129,1.9129,1.9129,1.9129,1.9129,1.9129,1.9129,1.9129
1.9151,1.9151,1.9151,1.9151,1.9151,1.9151,1.9151,1.9151,1.9151,1.9151,1.9151,1.3628,1.9151,1.9151,1.9151,1.9151,1.9151,1.9151,1.9151,1.9151,1.9151,1.9151,1.9151,1.9151,1.9151,1.9151
1.9174,1.9174,1.9174,1.9174,1.9174,1.9174,1.9174,1.9174,1.9174,1.9174,1.9174,1.9174,1.9174,1.2724,1.7227,1.6016,1.4929,1.3838,1.2721,1.1605,1.0486,0.9366,0.8247,0.7127,0.6007,0.4887
1.9196,1.9196,1.9196,1.9196,1.9196,1.9196,1.9196,1.9196,1.9196,1.9196,1.9196,1.9196,1.9196,1.056,1.9196,1.9196,1.9196,1.9196,1.9196,1.9196,1.9196,1.9196,1.9196,1.9196,1.9196,1.9196
1.9219,1.9219,1.9219,1.9219,1.9219,1.9219,1.9219,1.9219,1.9219,1.9219,1.9219,1.9219,1.9219,1.9219,1.9219,1.9219,1.9219,1.9219,1.9219,1.9219,1.9219,1.9219,1.9219,1.661,1.4001,1.1391
1.9241,1.9241,1.9241,1.9241,1.9241,1.9241,1.9241,1.9241,1.9241,1.9241,1.9241,1.9241,1.9241,1.9241,1.9241,1.9241,1.9241,1.9241,1.9241,1.9241,1.9241,1.9241,1.9241,1.9241,1.7627,1.4341
1.9264,1.9264,1.9264,1.9264,1.9264,1.9264,1.9264,1.9264,1.9264,1.9264,1.9264,1.9264,0.9272,1.9264,1.9264,1.9264,1.9264,1.9264,1.9264,1.9264,1.9264,1.9264,1.9264,1.9264,1.9264,1.9264
1.9287,1.9287,1.9287,1.9287,1.9287,1.9287,1.9287,1.9287,1.9287,1.9287,1.9287,1.9287,1.2664,1.7797,1.6561,1.5396,1.4352,1.3303,1.2229,1.1156,1.008,0.9004,0.7928,0.6851,0.5775,0.4698
1.9309,1.9309,1.9309,1.9309,1.9309,1.9309,1.9309,1.9309,1.9309,1.9309,1.9309,1.9309,1.9309,1.9309,1.9309,1.9309,1.9309,1.9309,1.9309,1.9309,1.9309,1.9309,1.9309,1.9309,1.9309,1.9309
1.9332,1.9332,1.9332,1.9332,1.9332,1.9332,1.9332,1.9332,1.9332,1.9332,1.9332,1.9332,1.9332,1.9332,1.9332,1.9332,1.9332,1.9332,1.9332,1.9332,1.9332,1.9332,1.9332,1.9332,1.9332,1.9332
1.9355,1.9355,1.9355,1.9355,1.9355,1.9355,1.9355,1.9355,1.9355,1.9355,1.9355,1.9355,1.9355,1.9355,1.9355,1.907,1.7776,1.6477,1.5147,1.3818,1.2485,1.1152,0.9819,0.8486,0.7153,0.5819
1.9378,1.9378,1.9378,1.9378,1.9378,1.9378,1.9378,1.9378,1.9378,1.9378,1.9378,1.9378,1.9378,1.8372,1.9378,1.9378,1.9378,1.9378,1.9378,1.9378,1.9378,1.9378,1.9378,1.9378,1.9378,1.9378
1.9401,1.9401,1.9401,1.9401,1.9401,1.9401,1.9401,1.9401,1.9401,1.9401,1.9401,1.6494,1.9401,1.9401,1.9401,1.9401,1.9401,1.8409,1.6924,1.5439,1.395,1.246,1.0971,0.9481,0.7992,0.6502
1.9424,1.9424,1.9424,1.9424,1.9424,1.9424,1.9424,1.9424,1.9424,1.9424,1.9424,1.9424,1.9424,1.9424,1.9424,1.9424,1.9424,1.9424,1.9424,1.9424,1.9424,1.9424,1.9424,1.9424,1.9424,1.9424
1.9447,1.9447,1.9447,1.9447,1.9447,1.9447,1.9447,1.9447,1.9447,1.9447,1.9447,1.5337,1.9447,1.9447,1.9447,1.9447,1.9447,1.9447,1.9447,1.9447,1.9447,1.9447,1.9447,1.9447,1.9447,1.9447
1.947,1.947,1.947,1.947,1.947,1.947,1.947,1.947,1.947,1.947,1.947,1.947,1.947,1.7054,1.5869,1.4753,1.3752,1.2747,1.1719,1.069,0.9659,0.8628,0.7597,0.6565,0.5534,0.4502
1.9493,1.9493,1.9493,1.9493,1.9493,1.9493,1.9493,1.9493,1.9493,1.9493,1.9493,1.9493,1.9493,1.9493,1.9493,1.9493,1.9493,1.9493,1.9493,1.9493,1.9493,1.9493,1.9493,1.9493,1.9493,1.9493
1.9516,1.9516,1.9516,1.9516,1.9516,1.9516,1.9516,1.9516,1.9516,1.9516,1.9516,1.9516,1.9516,1.9516,1.9516,1.9516,1.9516,1.9516,1.9516,1.9516,1.9516,1.9516,1.9516,1.9516,1.9516,1.9516
1.954,1.954,1.954,1.954,1.954,1.954,1.954,1.954,1.954,1.954,1.954,1.954,1.954,1.954,1.4675,1.954,1.954,1.954,1.954,1.954,1.8467,1.6495,1.4523,1.2551,1.0579,0.8607
1.9563,1.9563,1.9563,1.9563,1.9563,1.9563,1.9563,1.9563,1.9563,1.9563,1.9563,1.9563,1.0244,1.8743,1.9563,1.9563,1.9563,1.9563,1.9563,1.9563,1.9563,1.9563,1.9563,1.9563,1.9563,1.9563
1.9586,1.9586,1.9586,1.9586,1.9586,1.9586,1.9586,1.9586,1.9586,1.9586,1.9586,1.9586,1.9586,1.8635,1.7341,1.6121,1.5027,1.3929,1.2805,1.1681,1.0555,0.9428,0.8301,0.7174,0.6047,0.492
1.961,1.961,1.961,1.961,1.961,1.961,1.961,1.961,1.961,1.961,1.961,1.961,1.961,1.961,1.961,1.961,1.961,1.961,1.961,1.961,1.961,1.961,1.961,1.961,1.961,1.961
1.9633,1.9633,1.9633,1.9633,1.9633,1.9633,1.9633,1.9633,1.9633,1.9633,1.9633,1.9633,1.9633,1.9633,1.9633,1.9633,1.9633,1.9633,1.9633,1.9633,1.9633,1.9633,1.9633,1.9633,1.9633,1.9633
1.9657,1.9657,1.9657,1.9657,1.9657,1.9657,1.9657,1.9657,1.9657,1.9657,1.9657,1.9657,1.9657,0.8955,1.7281,1.6066,1.4976,1.3881,1.2761,1.1641,1.0518,0.9396,0.8272,0.7149,0.6026,0.4903
1.968,1.968,1.968,1.968,1.968,1.968,1.968,1.968,1.968,1.968,1.968,1.968,1.968,1.4073,1.9679,1.968,1.968,1.968,1.968,1.968,1.968,1.968,1.968,1.968,1.968,1.968
1.9704,1.9704,1.9704,1.9704,1.9704,1.9704,1.9704,1.9704,1.9704,1.9704,1.9704,1.9704,1.9704,1.9704,1.9704,1.9704,1.9704,1.9704,1.9704,1.9704,1.794,1.6025,1.411,1.2194,1.0278,0.8362
1.9728,1.9728,1.9728,1.9728,1.9728,1.9728,1.9728,1.9728,1.9728,1.9728,1.9728,1.9728,1.9728,1.9728,1.9728,1.9728,1.9728,1.9728,1.9728,1.9728,1.9728,1.9728,1.9728,1.9728,1.9728,1.9728
1.9752,1.9752,1.9752,1.9752,1.9752,1.9752,1.9752,1.9752,1.9752,1.9752,1.9752,1.8833,1.9752,1.9752,1.9752,1.9752,1.9752,1.9752,1.9752,1.9752,1.9752,1.9752,1.9752,1.9752,1.9752,1.9752
1.9775,1.9775,1.9775,1.9775,1.9775,1.9775,1.9775,1.9775,1.9775,1.9775,1.9775,1.9775,1.9775,1.6521,1.5374,1.4293,1.3323,1.2349,1.1353,1.0357,0.9358,0.8359,0.736,0.636,0.5361,0.4362
1.9799,1.9799,1.9799,1.9799,1.9799,1.9799,1.9799,1.9799,1.9799,1.9799,1.9799,1.9799,1.9799,1.9799,1.6362,1.9799,1.9799,1.9799,1.9799,1.9799,1.9799,1.9799,1.9799,1.9799,1.9799,1.9799
1.9823,1.9823,1.9823,1.9823,1.9823,1.9823,1.9823,1.9823,1.9823,1.9823,1.9823,1.9823,1.9823,1.9823,1.9823,1.9823,1.9823,1.9823,1.9823,1.9823,1.9823,1.9823,1.9823,1.9823,1.9823,1.9823
1.9847,1.9847,1.9847,1.9847,1.9847,1.9847,1.9847,1.9847,1.9847,1.9847,1.9847,1.9847,1.9847,1.9847,1.6801,1.9847,1.9132,1.7734,1.6303,1.4872,1.3438,1.2003,1.0568,0.9133,0.7698,0.6263
1.9871,1.9871,1.9871,1.9871,1.9871,1.9871,1.9871,1.9871,1.9871,1.9871,1.9871,1.9871,1.9871,1.7485,1.8619,1.9687,1.9871,1.9871,1.9871,1.9871,1.9871,1.9871,1.9871,1.9871,1.9871,1.9871
1.9896,1.9896,1.9896,1.9896,1.9896,1.9896,1.9896,1.9896,1.9896,1.9896,1.9896,1.7776,1.9896,1.9896,1.9304,1.7947,1.6729,1.5506,1.4255,1.3004,1.175,1.0496,0.9241,0.7986,0.6731,0.5477
1.992,1.992,1.992,1.992,1.992,1.992,1.992,1.992,1.992,1.992,1.992,1.992,1.992,1.992,1.992,1.992,1.992,1.992,1.992,1.992,1.992,1.992,1.992,1.992,1.992,1.992
1.9944,1.9944,1.9944,1.9944,1.9944,1.9944,1.9944,1.9944,1.9944,1.9944,1.9944,1.3186,1.9944,1.9944,1.9944,1.9944,1.9944,1.9944,1.9944,1.9944,1.9944,1.9944,1.9944,1.9944,1.9944,1.9944
1.9968,1.9968,1.9968,1.9968,1.9968,1.9968,1.9968,1.9968,1.9968,1.9968,1.9968,1.9968,1.9968,1.5538,1.5484,1.4395,1.3418,1.2438,1.1434,1.0431,0.9425,0.8419,0.7412,0.6406,0.5399,0.4393
1.9993,1.9993,1.9993,1.9993,1.9993,1.9993,1.9993,1.9993,1.9993,1.9993,1.9993,1.9993,1.9993,1.0132,1.9993,1.9993,1.9993,1.9993,1.9993,1.9993,1.9993,1.9993,1.9993,1.9993,1.9993,1.9993
2.0017,2.0017,2.0017,2.0017,2.0017,2.0017,2.0017,2.0017,2.0017,2.0017,2.0017,2.0017,2.0017,2.0017,2.0017,2.0017,2.0017,2.0017,2.0017,2.0017,2.0017,2.0017,2.0017,1.8914,1.5943,1.2971
2.0042,2.0042,2.0042,2.0042,2.0042,2.0042,2.0042,2.0042,2.0042,2.0042,2.0042,2.0042,2.0042,2.0042,2.0042,2.0042,2.0042,2.0042,2.0042,2.0042,2.0042,2.0042,1.7985,1.5543,1.3101,1.0659
2.0066,2.0066,2.0066,2.0066,2.0066,2.0066,2.0066,2.0066,2.0066,2.0066,2.0066,2.0066,0.8211,1.8777,1.9994,2.0066,2.0066,2.0066,2.0066,2.0066,2.0066,2.0066,2.0066,2.0066,2.0066,2.0066
2.0091,2.0091,2.0091,2.0091,2.0091,2.0091,2.0091,2.0091,2.0091,2.0091,2.0091,2.0091,0.9542,1.6826,1.5657,1.4556,1.3568,1.2577,1.1562,1.0547,0.953,0.8513,0.7495,0.6477,0.546,0.4442
2.0115,2.0115,2.0115,2.0115,2.0115,2.0115,2.0115,2.0115,2.0115,2.0115,2.0115,2.0115,2.0115,2.0115,2.0115,2.0115,2.0115,2.0115,2.0115,2.0115,2.0115,2.0115,2.0115,2.0115,2.0115,2.0115
2.014,2.014,2.014,2.014,2.014,2.014,2.014,2.014,2.014,2.014,1.9435,2.014,2.014,2.014,2.014,2.014,2.014,2.014,2.014,2.014,2.014,2.014,2.014,2.014,2.014,2.014
2.0165,2.0165,2.0165,2.0165,2.0165,2.0165,2.0165,2.0165,2.0165,2.0165,2.0165,2.0165,2.0165,0.9244,1.7838,1.6583,1.5458,1.4329,1.3172,1.2016,1.0858,0.9698,0.8539,0.738,0.622,0.5061
2.019,2.019,2.019,2.019,2.019,2.019,2.019,2.019,2.019,2.019,2.019,2.019,2.019,1.7141,1.8253,1.93,2.019,2.019,2.019,2.019,2.019,2.019,2.019,2.019,2.019,2.019
2.0215,2.0215,2.0215,2.0215,2.0215,2.0215,2.0215,2.0215,2.0215,2.0215,2.0215,2.0215,2.0215,2.0215,2.0215,2.0215,2.018,1.8705,1.7196,1.5687,1.4174,1.2661,1.1147,0.9634,0.812,0.6606
2.024,2.024,2.024,2.024,2.024,2.024,2.024,2.024,2.024,2.024,2.024,2.024,2.024,2.024,2.024,2.024,2.024,2.024,2.024,2.024,2.024,2.024,2.024,2.024,2.024,2.024
2.0265,2.0265,2.0265,2.0265,2.0265,2.0265,2.0265,2.0265,2.0265,2.0265,2.0265,1.5364,2.0265,2.0265,2.0265,2.0265,2.0265,2.0265,2.0265,2.0265,2.0265,2.0265,2.0265,2.0265,2.0265,2.0265
2.029,2.029,2.029,2.029,2.029,2.029,2.029,2.029,2.029,2.029,2.029,2.029,2.029,1.571,1.4619,1.3591,1.2669,1.1743,1.0795,0.9848,0.8898,0.7948,0.6998,0.6048,0.5098,0.4147
2.0315,2.0315,2.0315,2.0315,2.0315,2.0315,2.0315,2.0315,2.0315,2.0315,2.0315,2.0315,2.0315,2.0315,1.7916,2.0315,2.0315,2.0315,2.0315,2.0315,2.0315,2.0315,2.0315,2.0315,2.0315,2.0315
2.034,2.034,2.034,2.034,2.034,2.034,2.034,2.034,2.034,2.034,2.034,2.034,2.034,2.034,2.034,2.034,2.034,2.034,2.034,2.034,2.034,2.034,2.034,2.034,2.034,2.034
2.0365,2.0365,2.0365,2.0365,2.0365,2.0365,2.0365,2.0365,2.0365,2.0365,2.0365,2.0365,2.0365,2.0365,1.438,2.0365,2.0365,1.9945,1.8336,1.6727,1.5113,1.35,1.1886,1.0272,0.8658,0.7044
2.0391,2.0391,2.0391,2.0391,2.0391,2.0391,2.0391,2.0391,2.0391,2.0391,2.0391,2.0391,1.3264,1.704,1.8145,1.9186,2.0119,2.0391,2.0391,2.0391,2.0391,2.0391,2.0391,2.0391,2.0391,2.0391
2.0416,2.0416,2.0416,2.0416,2.0416,2.0416,2.0416,2.0416,2.0416,2.0416,2.0416,2.0416,1.9633,1.8096,1.6839,1.5655,1.4593,1.3526,1.2435,1.1344,1.025,0.9155,0.8061,0.6966,0.5872,0.4777
2.0442,2.0442,2.0442,2.0442,2.0442,2.0442,2.0442,2.0442,2.0442,2.0442,2.0442,2.0442,2.0442,2.0442,2.0442,2.0442,2.0442,2.0442,2.0442,2.0442,2.0442,2.0442,2.0442,2.0442,2.0442,2.0442
2.0467,2.0467,2.0467,2.0467,2.0467,2.0467,2.0467,2.0467,2.0467,2.0467,2.0449,1.3032,2.0467,2.0467,2.0467,2.0467,2.0467,2.0467,2.0467,2.0467,2.0467,2.0467,2.0467,2.0467,2.0467,2.0467
2.0493,2.0493,2.0493,2.0493,2.0493,2.0493,2.0493,2.0493,2.0493,2.0493,2.0493,2.0493,2.0493,0.977,1.5483,1.4394,1.3417,1.2437,1.1433,1.043,0.9424,0.8418,0.7412,0.6405,0.5399,0.4392
2.0518,2.0518,2.0518,2.0518,2.0518,2.0518,2.0518,2.0518,2.0518,2.0518,2.0518,2.0518,2.0518,1.0192,1.8814,1.9893,2.0518,2.0518,2.0518,2.0518,2.0518,2.0518,2.0518,2.0518,2.0518,2.0518
2.0544,2.0544,2.0544,2.0544,2.0544,2.0544,2.0544,2.0544,2.0544,2.0544,2.0544,2.0544,2.0544,2.0544,2.0544,2.0544,2.0544,2.0544,2.0544,2.0544,1.937,1.7302,1.5234,1.3165,1.1097,0.9028
2.057,2.057,2.057,2.057,2.057,2.057,2.057,2.057,2.057,2.057,2.057,2.057,2.057,2.057,2.057,2.0128,2.057,2.057,2.057,2.057,2.057,2.057,2.057,2.057,1.8382,1.4956
2.0596,2.0596,2.0596,2.0596,2.0596,2.0596,2.0596,2.0596,2.0596,2.0596,2.0596,1.9816,1.779,1.9321,2.0574,2.0596,2.0596,2.0596,2.0596,2.0596,2.0596,2.0596,2.0596,2.0596,2.0596,2.0596
2.0622,2.0622,2.0622,2.0622,2.0622,2.0622,2.0622,2.0622,2.0622,2.0622,2.0622,2.0622,1.4216,1.5579,1.4496,1.3477,1.2563,1.1644,1.0705,0.9765,0.8824,0.7882,0.694,0.5997,0.5055,0.4113
2.0648,2.0648,2.0648,2.0648,2.0648,2.0648,2.0648,2.0648,2.0648,2.0648,2.0648,2.0648,2.0648,2.0648,1.5889,2.0648,2.0648,2.0648,2.0648,2.0648,2.0648,2.0648,2.0648,2.0648,2.0648,2.0648
2.0674,2.0674,2.0674,2.0674,2.0674,2.0674,2.0674,2.0674,2.0674,2.0674,2.0674,2.0674,2.0674,2.0674,2.0674,2.0674,2.0674,2.0674,2.0674,2.0674,2.0674,2.0674,2.0674,2.0674,2.0674,2.0674
2.07,2.07,2.07,2.07,2.07,2.07,2.07,2.07,2.07,2.07,2.07,2.07,2.07,2.07,1.7062,1.7663,1.6464,1.5261,1.403,1.2798,1.1564,1.033,0.9095,0.786,0.6625,0.539
2.0726,2.0726,2.0726,2.0726,2.0726,2.0726,2.0726,2.0726,2.0726,2.0726,2.0726,2.0726,2.0726,1.6273,1.7328,1.8323,1.9214,2.011,2.0726,2.0726,2.0726,2.0726,2.0726,2.0726,2.0726,2.0726
2.0752,2.0752,2.0752,2.0752,2.0752,2.0752,2.0752,2.0752,2.0752,2.0752,2.0752,1.5074,2.0752,2.0752,1.9351,1.799,1.677,1.5544,1.429,1.3036,1.1778,1.0521,0.9263,0.8006,0.6748,0.549
2.0779,2.0779,2.0779,2.0779,2.0779,2.0779,2.0779,2.0779,2.0779,2.0779,2.0779,2.0779,2.0779,2.0779,2.0779,2.0779,2.0779,2.0779,2.0779,2.0779,2.0779,2.0779,2.0779,2.0779,2.0779,2.0779
2.0805,2.0805,2.0805,2.0805,2.0805,2.0805,2.0805,2.0805,2.0805,2.0805,2.0805,1.3073,2.0805,2.0805,2.0805,2.0805,2.0805,2.0805,2.0805,2.0805,2.0805,2.0805,2.0805,2.0805,2.0805,2.0805
2.0832,2.0832,2.0832,2.0832,2.0832,2.0832,2.0832,2.0832,2.0832,2.0832,2.0832,2.0832,2.0832,1.5282,1.4221,1.3221,1.2324,1.1423,1.0501,0.958,0.8656,0.7732,0.6808,0.5883,0.4959,0.4035
2.0858,2.0858,2.0858,2.0858,2.0858,2.0858,2.0858,2.0858,2.0858,2.0858,2.0858,2.0858,2.0858,2.0858,2.0506,2.0858,2.0858,2.0858,2.0858,2.0858,2.0858,2.0858,2.0858,2.0858,2.0858,2.0858
2.0885,2.0885,2.0885,2.0885,2.0885,2.0885,2.0885,2.0885,2.0885,2.0885,2.0885,2.0885,2.0885,2.0885,2.0885,2.0885,2.0885,2.0885,2.0885,2.0885,2.0885,2.0885,2.0885,2.0885,1.9664,1.5998
2.0911,2.0911,2.0911,2.0911,2.0911,2.0911,2.0911,2.0911,2.0911,2.0911,2.0911,2.0911,2.0911,2.0911,1.3127,2.0911,2.0911,2.0911,2.0911,1.9936,1.8014,1.6091,1.4167,1.2244,1.032,0.8396
2.0938,2.0938,2.0938,2.0938,2.0938,2.0938,2.0938,2.0938,2.0938,2.0938,2.0938,2.0938,0.7799,1.6998,1.81,1.9139,2.007,2.0938,2.0938,2.0938,2.0938,2.0938,2.0938,2.0938,2.0938,2.0938
2.0965,2.0965,2.0965,2.0965,2.0965,2.0965,2.0965,2.0965,2.0965,2.0965,2.0965,2.0965,0.9216,1.6249,1.5121,1.4057,1.3104,1.2146,1.1166,1.0186,0.9204,0.8221,0.7238,0.6256,0.5273,0.429
2.0992,2.0992,2.0992,2.0992,2.0992,2.0992,2.0992,2.0992,2.0992,2.0992,2.0992,2.0992,2.0992,2.0992,2.0992,2.0992,2.0992,2.0992,2.0992,2.0992,2.0992,2.0992,2.0992,2.0992,2.0992,2.0992
2.1019,2.1019,2.1019,2.1019,2.1019,2.1019,2.1019,2.1019,2.1019,2.1019,1.8632,2.1019,2.1019,2.1019,2.1019,2.1019,2.1019,2.1019,2.1019,2.1019,2.1019,2.1019,2.1019,2.1019,2.1019,2.1019
2.1046,2.1046,2.1046,2.1046,2.1046,2.1046,2.1046,2.1046,2.1046,2.1046,2.1046,2.1046,2.1046,0.8228,1.5878,1.4761,1.3759,1.2754,1.1725,1.0696,0.9664,0.8633,0.7601,0.6569,0.5537,0.4505
2.1073,2.1073,2.1073,2.1073,2.1073,2.1073,2.1073,2.1073,2.1073,2.1073,2.1073,2.1073,2.1073,1.534,1.7376,1.8373,1.9267,2.0165,2.1073,2.1073,2.1073,2.1073,2.1073,2.1073,2.1073,2.1073
2.11,2.11,2.11,2.11,2.11,2.11,2.11,2.11,2.11,2.11,2.11,2.11,2.11,2.11,2.11,2.11,2.11,1.9589,1.8009,1.6428,1.4844,1.3259,1.1674,1.0089,0.8504,0.6919
2.1127,2.1127,2.1127,2.1127,2.1127,2.1127,2.1127,2.1127,2.1127,2.1127,2.1127,2.1127,2.1127,2.1127,2.1127,2.1127,2.1127,2.1127,2.1127,2.1127,2.1127,2.1127,2.1127,2.1127,2.1127,2.1127
2.1154,2.1154,2.1154,2.1154,2.1154,2.1154,2.1154,2.1154,2.1154,2.1154,2.1154,1.5811,1.8849,2.0471,2.1154,2.1154,2.1154,2.1154,2.1154,2.1154,2.1154,2.1154,2.1154,2.1154,2.1154,2.1154
2.1182,2.1182,2.1182,2.1182,2.1182,2.1182,2.1182,2.1182,2.1182,2.1182,2.1182,2.1182,2.1182,1.4757,1.3732,1.2767,1.19,1.1031,1.0141,0.9251,0.8359,0.7466,0.6574,0.5681,0.4789,0.3896
2.1209,2.1209,2.1209,2.1209,2.1209,2.1209,2.1209,2.1209,2.1209,2.1209,2.1209,2.1209,2.1209,2.1209,1.5398,2.1209,2.1209,2.1209,2.1209,2.1209,2.1209,2.1209,2.1209,2.1209,2.1209,2.1209
2.1237,2.1237,2.1237,2.1237,2.1237,2.1237,2.1237,2.1237,2.1237,2.1237,2.1237,2.1237,2.1237,2.1237,2.1237,2.1237,2.1237,2.1237,2.1237,2.1237,2.1237,2.1237,2.1237,2.1237,2.1237,2.1237
2.1264,2.1264,2.1264,2.1264,2.1264,2.1264,2.1264,2.1264,2.1264,2.1264,2.1264,2.1264,2.1264,2.1264,1.4415,1.9515,1.8191,1.6862,1.5501,1.4141,1.2777,1.1413,1.0049,0.8684,0.732,0.5955
2.1292,2.1292,2.1292,2.1292,2.1292,2.1292,2.1292,2.1292,2.1292,2.1292,2.1292,2.1292,2.0835,1.5794,1.6818,1.7783,1.8649,1.9518,2.0407,2.1292,2.1292,2.1292,2.1292,2.1292,2.1292,2.1292
2.1319,2.1319,2.1319,2.1319,2.1319,2.1319,2.1319,2.1319,2.1319,2.1319,2.1319,1.711,1.9477,1.7952,1.6706,1.5531,1.4477,1.3419,1.2336,1.1254,1.0168,0.9083,0.7997,0.6911,0.5825,0.4739
2.1347,2.1347,2.1347,2.1347,2.1347,2.1347,2.1347,2.1347,2.1347,2.1347,2.1347,2.1347,2.1347,2.1347,2.1347,2.1347,2.1347,2.1347,2.1347,2.1347,2.1347,2.1347,2.1347,2.1347,2.1347,2.1347
2.1375,2.1375,2.1375,2.1375,2.1375,2.1375,2.1375,2.1375,2.1375,2.1375,2.0101,1.1499,2.1375,2.1375,2.1375,2.1375,2.1375,2.1375,2.1375,2.1375,2.1375,2.1375,2.1375,2.1375,2.1375,2.1375
2.1403,2.1403,2.1403,2.1403,2.1403,2.1403,2.1403,2.1403,2.1403,2.1403,2.1403,2.1403,2.1403,1.1641,1.4147,1.3152,1.226,1.1364,1.0447,0.953,0.8611,0.7692,0.6772,0.5853,0.4933,0.4014
2.1431,2.1431,2.1431,2.1431,2.1431,2.1431,2.1431,2.1431,2.1431,2.1431,2.1431,2.1431,2.1431,0.8898,1.834,1.9393,2.0336,2.1284,2.1431,2.1431,2.1431,2.1431,2.1431,2.1431,2.1431,2.1431
2.1459,2.1459,2.1459,2.1459,2.1459,2.1459,2.1459,2.1459,2.1459,2.1459,2.1459,2.1459,2.1459,2.1459,2.1459,2.1459,2.1459,2.1459,2.1459,2.1459,2.1459,1.9555,1.7218,1.488,1.2542,1.0204
2.1487,2.1487,2.1487,2.1487,2.1487,2.1487,2.1487,2.1487,2.1487,2.1487,2.1487,2.1487,2.1487,2.1487,2.1487,1.9471,2.1487,2.1487,2.1487,2.1487,2.1487,2.0926,1.8425,1.5923,1.3421,1.092
2.1515,2.1515,2.1515,2.1515,2.1515,2.1515,2.1515,2.1515,2.1515,2.1515,2.1515,2.1515,0.7596,1.7369,1.8495,1.9556,2.0508,2.1464,2.1515,2.1515,2.1515,2.1515,2.1515,2.1515,2.1515,2.1515
2.1544,2.1544,2.1544,2.1544,2.1544,2.1544,2.1544,2.1544,2.1544,2.1544,2.1544,2.1544,0.9349,1.4962,1.3922,1.2943,1.2065,1.1183,1.0281,0.9379,0.8474,0.757,0.6665,0.576,0.4855,0.395
2.1572,2.1572,2.1572,2.1572,2.1572,2.1572,2.1572,2.1572,2.1572,2.1572,2.1572,2.1572,2.1572,2.1572,2.1572,2.1417,2.1572,2.1572,2.1572,2.1572,2.1572,2.1572,2.1572,2.1572,2.1572,2.1572
2.1601,2.1601,2.1601,2.1601,2.1601,2.1601,2.1601,2.1601,2.1601,2.1601,2.1601,2.1601,2.1601,2.1601,2.1601,2.1601,2.1601,2.1601,2.1601,2.1601,2.1601,2.1601,2.1601,2.1601,2.1601,2.1601
2.1629,2.1629,2.1629,2.1629,2.1629,2.1629,2.1629,2.1629,2.1629,2.1629,2.1629,2.1629,2.1629,2.1629,1.6736,1.5559,1.4503,1.3443,1.2359,1.1274,1.0187,0.9099,0.8011,0.6924,0.5836,0.4748
2.1658,2.1658,2.1658,2.1658,2.1658,2.1658,2.1658,2.1658,2.1658,2.1658,2.1658,2.1658,2.1658,1.5416,1.6416,1.7358,1.8203,1.9051,1.9919,2.0787,2.1657,2.1658,2.1658,2.1658,2.1658,2.1658
2.1686,2.1686,2.1686,2.1686,2.1686,2.1686,2.1686,2.1686,2.1686,2.1686,2.1686,1.4295,2.1686,2.1346,1.9863,1.8466,1.7214,1.5955,1.4668,1.3381,1.209,1.08,0.9509,0.8218,0.6926,0.5635
2.1715,2.1715,2.1715,2.1715,2.1715,2.1715,2.1715,2.1715,2.1715,2.1715,2.1715,2.1715,2.1715,2.1715,2.1715,2.1715,2.1715,2.1715,2.1715,2.1715,2.1715,2.1715,2.1715,2.1715,2.1715,2.1715
2.1744,2.1744,2.1744,2.1744,2.1744,2.1744,2.1744,2.1744,2.1744,2.1744,2.1744,1.3245,2.0659,2.1744,2.1744,2.1744,2.1744,2.1744,2.1744,2.1744,2.1744,2.1744,2.1744,2.1744,2.1744,2.1744
2.1773,2.1773,2.1773,2.1773,2.1773,2.1773,2.1773,2.1773,2.1773,2.1773,2.1773,2.1773,2.1773,1.4284,1.3292,1.2357,1.1519,1.0677,0.9816,0.8954,0.8091,0.7227,0.6363,0.5499,0.4635,0.3771
2.1802,2.1802,2.1802,2.1802,2.1802,2.1802,2.1802,2.1802,2.1802,2.1802,2.1802,2.1802,2.1802,2.1802,1.7298,2.1724,2.1802,2.1802,2.1802,2.1802,2.1802,2.1802,2.1802,2.1802,2.1802,2.1802
2.1831,2.1831,2.1831,2.1831,2.1831,2.1831,2.1831,2.1831,2.1831,2.1831,2.1831,2.1831,2.1831,2.1831,2.1831,2.1831,2.1831,2.1831,2.1831,2.1831,2.1831,2.1831,2.1831,2.1831,2.1831,2.1831
2.186,2.186,2.186,2.186,2.186,2.186,2.186,2.186,2.186,2.186,2.186,2.186,2.186,2.186,1.2609,2.1276,2.1056,1.9517,1.7942,1.6368,1.4789,1.321,1.1631,1.0052,0.8473,0.6893
2.1889,2.1889,2.1889,2.1889,2.1889,2.1889,2.1889,2.1889,2.1889,2.1889,2.1889,2.1889,0.9677,1.5665,1.6681,1.7638,1.8496,1.9358,2.024,2.1122,2.1889,2.1889,2.1889,2.1889,2.1889,2.1889
2.1918,2.1918,2.1918,2.1918,2.1918,2.1918,2.1918,2.1918,2.1918,2.1918,2.1918,2.0571,1.7338,1.5981,1.4871,1.3825,1.2887,1.1945,1.0981,1.0018,0.9052,0.8085,0.7119,0.6152,0.5186,0.4219
2.1948,2.1948,2.1948,2.1948,2.1948,2.1948,2.1948,2.1948,2.1948,2.1948,2.1948,2.1948,2.1948,2.1948,2.1948,2.1948,2.1948,2.1948,2.1948,2.1948,2.1948,2.1948,2.1948,2.1948,2.1948,2.1948
2.1977,2.1977,2.1977,2.1977,2.1977,2.1977,2.1977,2.1977,2.1977,2.1977,1.8177,2.1977,2.1977,2.1977,2.1977,2.1977,2.1977,2.1977,2.1977,2.1977,2.1977,2.1977,2.1977,2.1977,2.1977,2.1977
2.2007,2.2007,2.2007,2.2007,2.2007,2.2007,2.2007,2.2007,2.2007,2.2007,2.2007,2.2007,2.2007,0.7891,1.4402,1.3389,1.2481,1.1569,1.0635,0.9702,0.8766,0.783,0.6894,0.5958,0.5022,0.4086
2.2036,2.2036,2.2036,2.2036,2.2036,2.2036,2.2036,2.2036,2.2036,2.2036,2.2036,2.2036,2.2036,1.0741,1.6826,1.7791,1.8657,1.9526,2.0416,2.1306,2.2036,2.2036,2.2036,2.2036,2.2036,2.2036
2.2066,2.2066,2.2066,2.2066,2.2066,2.2066,2.2066,2.2066,2.2066,2.2066,2.2066,2.2066,2.2066,2.2066,2.2066,2.2066,2.2066,2.1167,1.9459,1.7751,1.6039,1.4327,1.2614,1.0902,0.9189,0.7476
2.2096,2.2096,2.2096,2.2096,2.2096,2.2096,2.2096,2.2096,2.2096,2.2096,2.2096,2.2096,2.2096,2.2096,2.2096,2.2096,2.2096,2.2096,2.2096,2.2096,2.2096,2.2096,2.2096,2.2096,2.0491,1.6671
2.2126,2.2126,2.2126,2.2126,2.2126,2.2126,2.2126,2.2126,2.2126,2.2126,2.2126,1.6709,1.677,1.8214,1.9395,2.0508,2.1506,2.2126,2.2126,2.2126,2.2126,2.2126,2.2126,2.2126,2.2126,2.2126
2.2156,2.2156,2.2156,2.2156,2.2156,2.2156,2.2156,2.2156,2.2156,2.2156,2.2156,2.2156,1.7786,1.4091,1.3112,1.219,1.1363,1.0532,0.9682,0.8833,0.7981,0.7129,0.6277,0.5424,0.4572,0.372
2.2186,2.2186,2.2186,2.2186,2.2186,2.2186,2.2186,2.2186,2.2186,2.2186,2.2186,2.2186,2.2186,2.2186,1.3588,2.2186,2.2186,2.2186,2.2186,2.2186,2.2186,2.2186,2.2186,2.2186,2.2186,2.2186
2.2216,2.2216,2.2216,2.2216,2.2216,2.2216,2.2216,2.2216,2.2216,2.2216,2.2216,2.2216,2.2216,2.2216,2.2216,2.2216,2.2216,2.2216,2.2216,2.2216,2.2216,2.2216,2.2216,2.2216,2.2216,2.2216
2.2246,2.2246,2.2246,2.2246,2.2246,2.2246,2.2246,2.2246,2.2246,2.2246,2.2246,2.2246,2.2246,2.2246,1.4758,1.6925,1.5776,1.4623,1.3444,1.2264,1.1081,0.9898,0.8715,0.7532,0.6348,0.5165
2.1146,2.2242,2.2276,2.2276,2.2276,2.2276,2.2276,2.2276,2.2276,2.2276,2.2276,2.2276,2.2276,1.4877,1.5842,1.6751,1.7566,1.8385,1.9223,2.006,2.09,2.174,2.2276,2.2276,2.2276,2.2276
2.2306,2.2306,2.2306,2.2306,2.2306,2.2306,2.2306,2.2306,2.2306,2.2306,2.2306,1.459,1.9702,1.816,1.6899,1.571,1.4644,1.3574,1.2479,1.1384,1.0286,0.9188,0.8089,0.6991,0.5893,0.4794
2.2337,2.2337,2.2337,2.2337,2.2337,2.2337,2.2337,2.2337,2.2337,2.2337,2.2337,2.2337,2.2337,2.2337,2.2337,2.2337,2.2337,2.2337,2.2337,2.2337,2.2337,2.2337,2.2337,2.2337,2.2337,2.2337
2.2367,2.2367,2.2367,2.2367,2.2367,2.2367,2.2367,2.2367,2.2367,2.2367,2.0122,1.1511,2.2367,2.2367,2.2367,2.2367,2.2367,2.2367,2.2367,2.2367,2.2367,2.2367,2.2367,2.2367,2.2367,2.2367
2.2398,2.2398,2.2398,2.2398,2.2398,2.2398,2.2398,2.2398,2.2398,2.2398,2.2398,2.2398,2.2398,1.4122,1.3141,1.2217,1.1388,1.0556,0.9704,0.8852,0.7999,0.7145,0.6291,0.5437,0.4582,0.3728
2.2428,2.2428,2.2428,2.2428,2.2428,2.2428,2.2428,2.2428,2.2428,2.2428,2.2428,2.2428,2.2428,0.8825,1.819,1.9233,2.0169,2.1109,2.2071,2.2428,2.2428,2.2428,2.2428,2.2428,2.2428,2.2428
2.2459,2.2459,2.2459,2.2459,2.2459,2.2459,2.2459,2.2459,2.2459,2.2459,2.2459,2.2459,2.2459,2.2459,2.2459,2.2459,2.2459,2.2459,2.2459,2.2459,2.2459,2.2459,2.0633,1.7831,1.503,1.2228
2.249,2.249,2.249,2.249,2.249,2.249,2.249,2.249,2.249,2.249,2.249,2.249,2.249,2.249,2.249,1.9149,2.249,2.249,2.2169,2.0223,1.8273,1.6322,1.4371,1.242,1.0468,0.8517
2.2521,2.2521,2.2521,2.2521,2.2521,2.2521,2.2521,2.2521,2.2521,2.2521,2.2521,2.2521,0.6947,1.5885,1.6916,1.7886,1.8757,1.9631,2.0525,2.1419,2.2316,2.2521,2.2521,2.2521,2.2521,2.2521
2.2552,2.2552,2.2552,2.2552,2.2552,2.2552,2.2552,2.2552,2.2552,2.2552,2.2552,2.2552,0.828,1.46,1.3586,1.263,1.1774,1.0913,1.0033,0.9152,0.8269,0.7387,0.6504,0.5621,0.4738,0.3854
2.2583,2.2583,2.2583,2.2583,2.2583,2.2583,2.2583,2.2583,2.2583,2.2583,2.2583,2.2583,2.2583,2.2583,2.2583,2.0524,2.2583,2.2583,2.2583,2.2583,2.2583,2.2583,2.2583,2.2583,2.2583,2.2583
2.2614,2.2614,2.2614,2.2614,2.2614,2.2614,2.2614,2.2614,2.2614,2.2614,1.6838,2.2614,2.2614,2.2614,2.2614,2.2614,2.2614,2.2614,2.2614,2.2614,2.2614,2.2614,2.2614,2.2614,2.2614,2.2614
2.2645,2.2645,2.2645,2.2645,2.2645,2.2645,2.2645,2.2645,2.2645,2.2645,2.2645,2.2645,2.2645,0.7787,1.5027,1.397,1.3023,1.2071,1.1097,1.0123,0.9147,0.817,0.7194,0.6217,0.524,0.4263
2.1077,2.2169,2.2677,2.2677,2.2677,2.2677,2.2677,2.2677,2.2677,2.2677,2.2677,2.2677,2.2677,1.4829,1.579,1.6696,1.7509,1.8325,1.916,1.9995,2.0832,2.1669,2.2506,2.2677,2.2677,2.2677
2.2708,2.2708,2.2708,2.2708,2.2708,2.2708,2.2708,2.2708,2.2708,2.2708,2.0357,2.2708,2.2708,2.2433,2.0875,1.9407,1.809,1.6768,1.5415,1.4062,1.2706,1.135,0.9993,0.8636,0.7279,0.5922
2.274,2.274,2.274,2.274,2.274,2.274,2.274,2.274,2.274,2.274,2.274,2.274,2.274,2.274,2.274,2.274,2.274,2.274,2.274,2.274,2.274,2.274,2.274,2.274,2.274,2.274
2.2771,2.2771,2.2771,2.2771,2.2771,2.2771,2.2771,2.2771,2.2771,2.2771,2.2771,1.3703,1.8113,1.9672,2.0948,2.215,2.2771,2.2771,2.2771,2.2771,2.2771,2.2771,2.2771,2.2771,2.2771,2.2771
2.2803,2.2803,2.2803,2.2803,2.2803,2.2803,2.2803,2.2803,2.2803,2.2803,2.2803,2.2803,2.2803,1.3553,1.2612,1.1725,1.0929,1.013,0.9313,0.8496,0.7676,0.6857,0.6037,0.5218,0.4398,0.3578
2.2835,2.2835,2.2835,2.2835,2.2835,2.2835,2.2835,2.2835,2.2835,2.2835,2.2835,2.2835,2.2835,2.2835,1.4935,2.2184,2.2835,2.2835,2.2835,2.2835,2.2835,2.2835,2.2835,2.2835,2.2835,2.2835
2.2867,2.2867,2.2867,2.2867,2.2867,2.2867,2.2867,2.2867,2.2867,2.2867,2.2867,2.2867,2.2867,2.2867,2.2867,2.2867,2.2867,2.2867,2.2867,2.2867,2.2867,2.2867,2.2867,2.2867,2.2867,2.2867
2.2899,2.2899,2.2899,2.2899,2.2899,2.2899,2.2899,2.2899,2.2899,2.2899,2.2899,2.2899,2.2899,2.2899,1.2732,1.9135,1.7837,1.6533,1.5199,1.3865,1.2528,1.1191,0.9853,0.8515,0.7177,0.5839
2.0833,2.1913,2.2931,2.2931,2.2931,2.2931,2.2931,2.2931,2.2931,2.2931,2.2931,2.2931,1.355,1.4657,1.5608,1.6503,1.7307,1.8113,1.8938,1.9764,2.0591,2.1418,2.2246,2.2931,2.2931,2.2931
2.2963,2.2963,2.2963,2.2963,2.2963,2.2963,2.2963,2.2963,2.2963,2.2963,2.2963,1.7003,1.7336,1.5979,1.4869,1.3824,1.2886,1.1944,1.098,1.0017,0.9051,0.8084,0.7118,0.6152,0.5185,0.4219
2.2995,2.2995,2.2995,2.2995,2.2995,2.2995,2.2995,2.2995,2.2995,2.2995,2.2995,2.2995,2.2995,2.2995,2.2995,2.2995,2.2995,2.2995,2.2995,2.2995,2.2995,2.2995,2.2995,2.2995,2.2995,2.2995
2.3027,2.3027,2.3027,2.3027,2.3027,2.3027,2.3027,2.3027,2.3027,2.3027,1.8015,1.0612,2.3027,2.3027,2.3027,2.3027,2.3027,2.3027,2.3027,2.3027,2.3027,2.3027,2.3027,2.3027,2.3027,2.3027
2.306,2.306,2.306,2.306,2.306,2.306,2.306,2.306,2.306,2.306,2.306,2.306,2.306,0.9211,1.3273,1.234,1.1503,1.0662,0.9802,0.8941,0.8079,0.7217,0.6354,0.5491,0.4628,0.3766
2.2078,2.3092,2.3092,2.3092,2.3092,2.3092,2.3092,2.3092,2.3092,2.3092,2.3092,2.3092,2.3092,0.8172,1.6541,1.749,1.8341,1.9196,2.007,2.0945,2.1822,2.2699,2.3092,2.3092,2.3092,2.3092
2.3125,2.3125,2.3125,2.3125,2.3125,2.3125,2.3125,2.3125,2.3125,2.3125,2.3125,2.3125,2.3125,2.3125,2.3125,2.3125,2.3125,2.3125,2.1791,1.9879,1.7962,1.6044,1.4126,1.2208,1.029,0.8372
2.3158,2.3158,2.3158,2.3158,2.3158,2.3158,2.3158,2.3158,2.3158,2.3158,2.3158,2.3158,2.3158,2.3158,2.3158,1.7664,2.3158,2.3158,2.3158,2.3158,2.3158,2.2416,1.9737,1.7057,1.4377,1.1697
2.319,2.319,2.319,2.319,2.319,2.319,2.319,2.319,2.319,2.319,2.319,1.8173,0.7213,1.6493,1.7563,1.857,1.9474,2.0382,2.131,2.2239,2.317,2.319,2.319,2.319,2.319,2.319
2.3223,2.3223,2.3223,2.3223,2.3223,2.3223,2.3223,2.3223,2.3223,2.3223,2.3223,2.3223,1.0611,1.3648,1.27,1.1807,1.1006,1.0202,0.9379,0.8556,0.773,0.6905,0.608,0.5254,0.4429,0.3603
2.3256,2.3256,2.3256,2.3256,2.3256,2.3256,2.3256,2.3256,2.3256,2.3256,2.3256,2.3256,2.3256,2.3256,2.3256,2.0475,2.3256,2.3256,2.3256,2.3256,2.3256,2.3256,2.3256,2.3256,2.3256,2.3256
2.3289,2.3289,2.3289,2.3289,2.3289,2.3289,2.3289,2.3289,2.3289,2.2792,2.3289,2.3289,2.3289,2.3289,2.3289,2.3289,2.3289,2.3289,2.3289,2.3289,2.3289,2.3289,2.3289,2.3289,2.3289,2.3289
2.3322,2.3322,2.3322,2.3322,2.3322,2.3322,2.3322,2.3322,2.3322,2.3322,2.3322,2.3322,2.3322,2.3322,1.5432,1.4987,1.397,1.2949,1.1904,1.086,0.9812,0.8765,0.7717,0.6669,0.5621,0.4574
2.02,2.1247,2.2307,2.3356,2.3356,2.3356,2.3356,2.3356,2.3356,2.3356,2.3356,2.3356,2.3356,1.4212,1.5134,1.6002,1.6781,1.7563,1.8363,1.9163,1.9965,2.0767,2.157,2.2372,2.3175,2.3356
2.3389,2.3389,2.3389,2.3389,2.3389,2.3389,2.3389,2.3389,2.3389,2.3389,2.2269,1.2739,2.031,1.872,1.742,1.6195,1.5096,1.3993,1.2864,1.1735,1.0603,0.9471,0.8339,0.7207,0.6074,0.4942
2.3422,2.3422,2.3422,2.3422,2.3422,2.3422,2.3422,2.3422,2.3422,2.3422,2.3422,2.3422,2.3422,2.3422,2.3422,2.3422,2.3422,2.3422,2.3422,2.3422,2.3422,2.3422,2.3422,2.3422,2.3422,2.3422
2.3456,2.3456,2.3456,2.3456,2.3456,2.3456,2.3456,2.3456,2.3456,2.3456,2.0495,1.1724,2.0271,2.2017,2.3444,2.3456,2.3456,2.3456,2.3456,2.3456,2.3456,2.3456,2.3456,2.3456,2.3456,2.3456
2.349,2.349,2.349,2.349,2.349,2.349,2.349,2.349,2.349,2.349,2.349,2.349,2.349,1.3304,1.238,1.151,1.0729,0.9945,0.9142,0.834,0.7536,0.6731,0.5926,0.5122,0.4317,0.3512
2.3523,2.3523,2.3523,2.3523,2.3523,2.3523,2.3523,2.3523,2.3523,2.3523,2.3523,2.3523,2.3523,2.3523,1.7178,1.9385,2.0329,2.1276,2.2246,2.3215,2.3523,2.3523,2.3523,2.3523,2.3523,2.3523
2.3557,2.3557,2.3557,2.3557,2.3557,2.3557,2.3557,2.3557,2.3557,2.3557,2.3557,2.3557,2.3557,2.3557,2.3557,2.3557,2.3557,2.3557,2.3557,2.3557,2.3557,2.3557,2.3557,2.3316,1.9653,1.5989
2.3591,2.3591,2.3591,2.3591,2.3591,2.3591,2.3591,2.3591,2.3591,2.3591,2.3591,2.3591,2.3591,2.3591,1.1332,1.9121,2.1229,1.9677,1.8089,1.6502,1.491,1.3319,1.1727,1.0134,0.8542,0.695
2.0958,2.2045,2.3144,2.3625,2.3625,2.3625,2.3625,2.3625,2.3625,2.3625,2.3625,2.3625,0.7516,1.4745,1.5702,1.6602,1.741,1.8222,1.9052,1.9882,2.0715,2.1547,2.238,2.3212,2.3625,2.3625
2.3659,2.3659,2.3659,2.3659,2.3659,2.3659,2.3659,2.3659,2.3659,2.3659,2.3659,2.1157,0.8198,1.4456,1.3452,1.2506,1.1657,1.0805,0.9933,0.9062,0.8188,0.7314,0.6439,0.5565,0.4691,0.3816
2.3693,2.3693,2.3693,2.3693,2.3693,2.3693,2.3693,2.3693,2.3693,2.3693,2.3693,2.3693,2.3693,2.3693,2.3693,2.3693,2.3693,2.3693,2.3693,2.3693,2.3693,2.3693,2.3693,2.3693,2.3693,2.3693
2.3728,2.3728,2.3728,2.3728,2.3728,2.3728,2.3728,2.3728,2.3728,2.3649,1.6541,2.3728,2.3728,2.3728,2.3728,2.3728,2.3728,2.3728,2.3728,2.3728,2.3728,2.3728,2.3728,2.3728,2.3728,2.3728
2.3762,2.3762,2.3762,2.3762,2.3762,2.3762,2.3762,2.3762,2.3762,2.3762,2.3762,2.3762,2.3762,0.7107,1.3714,1.2749,1.1884,1.1016,1.0127,0.9238,0.8347,0.7456,0.6565,0.5674,0.4782,0.3891
2.0552,2.1617,2.2695,2.3789,2.3797,2.3797,2.3797,2.3797,2.3797,2.3797,2.3797,2.3797,2.3797,1.188,1.5397,1.6281,1.7073,1.7868,1.8683,1.9497,2.0313,2.1129,2.1946,2.2762,2.3579,2.3797
2.3831,2.3831,2.3831,2.3831,2.3831,2.3831,2.3831,2.3831,2.3831,2.3831,1.8484,2.3831,2.3831,2.3831,2.25,2.0917,1.9498,1.8073,1.6615,1.5157,1.3695,1.2233,1.0771,0.9308,0.7846,0.6383
2.3866,2.3866,2.3866,2.3866,2.3866,2.3866,2.3866,2.3866,2.3866,2.3866,2.3866,2.3866,2.3866,2.3866,2.3866,2.3866,2.3452,2.3866,2.3866,2.3866,2.3866,2.3866,2.3866,2.3866,2.3866,2.0017
2.3901,2.3901,2.3901,2.3901,2.3901,2.3901,2.3901,2.3901,2.3901,2.3901,2.3901,1.4486,1.6186,1.7579,1.8719,1.9793,2.0757,2.1724,2.2714,2.3704,2.3901,2.3901,2.3901,2.3901,2.3901,2.3901
2.3936,2.3936,2.3936,2.3936,2.3936,2.3936,2.3936,2.3936,2.3936,2.3936,2.3936,2.3936,2.3936,1.3031,1.2126,1.1273,1.0508,0.974,0.8954,0.8168,0.7381,0.6593,0.5805,0.5016,0.4228,0.344
2.3971,2.3971,2.3971,2.3971,2.3971,2.3971,2.3971,2.3971,2.3971,2.3971,2.3971,2.3971,2.3971,2.3971,1.3173,2.2227,2.3971,2.3971,2.3971,2.3971,2.3971,2.3971,2.3971,2.3971,2.3971,2.3971
2.4006,2.4006,2.4006,2.4006,2.4006,2.4006,2.4006,2.4006,2.4006,2.4006,2.4006,2.4006,2.4006,2.4006,2.4006,2.4006,2.4006,2.4006,2.4006,2.4006,2.4006,2.4006,2.4006,2.4006,2.4006,2.4006
2.4041,2.4041,2.4041,2.4041,2.4041,2.4041,2.4041,2.4041,2.4041,2.4041,2.4041,2.4041,2.4041,2.4041,1.308,1.6617,1.5489,1.4357,1.3199,1.204,1.0879,0.9718,0.8556,0.7394,0.6233,0.5071
1.9754,2.0779,2.1815,2.2866,2.3924,2.4076,2.4076,2.4076,2.4076,2.4076,2.4076,2.4076,2.4076,1.3898,1.48,1.5649,1.641,1.7175,1.7958,1.874,1.9525,2.0309,2.1094,2.1879,2.2664,2.3449
2.4112,2.4112,2.4112,2.4112,2.4112,2.4112,2.4112,2.4112,2.4112,2.4112,2.4112,1.4482,1.7612,1.6233,1.5106,1.4043,1.3091,1.2134,1.1155,1.0176,0.9194,0.8213,0.7231,0.6249,0.5267,0.4286
2.4147,2.4147,2.4147,2.4147,2.4147,2.4147,2.4147,2.4147,2.4147,2.4147,2.4147,2.4147,2.4147,2.4147,2.4147,2.4147,2.4147,2.4147,2.4147,2.4147,2.4147,2.4147,2.4147,2.4147,2.4147,2.4147
2.4183,2.4183,2.4183,2.4183,2.4183,2.4183,2.4183,2.4183,2.4183,2.4183,1.8122,1.0367,2.3759,2.4183,2.4183,2.4183,2.4183,2.4183,2.4183,2.4183,2.4183,2.4183,2.4183,2.4183,2.4183,2.4183
2.4219,2.4219,2.4219,2.4219,2.4219,2.4219,2.4219,2.4219,2.4219,2.4219,2.4219,2.4219,2.4219,1.1492,1.2404,1.1531,1.0749,0.9963,0.916,0.8356,0.755,0.6744,0.5938,0.5131,0.4325,0.3519
2.2013,2.3154,2.4255,2.4255,2.4255,2.4255,2.4255,2.4255,2.4255,2.4255,2.4255,2.4255,2.4255,0.8001,1.6492,1.7438,1.8287,1.9139,2.0011,2.0883,2.1757,2.2631,2.3506,2.4255,2.4255,2.4255
2.4291,2.4291,2.4291,2.4291,2.4291,2.4291,2.4291,2.4291,2.4291,2.4291,2.4291,2.4291,2.4291,2.4291,2.4291,2.4291,2.4291,2.4291,2.4291,2.3289,2.1043,1.8796,1.6549,1.4302,1.2055,0.9808
2.4327,2.4327,2.4327,2.4327,2.4327,2.4327,2.4327,2.4327,2.4327,2.4327,2.4327,2.4327,2.4327,2.4327,2.4327,1.7468,2.4327,2.4327,2.3232,2.1194,1.915,1.7105,1.5061,1.3016,1.0971,0.8926
2.155,2.2667,2.3797,2.4363,2.4363,2.4363,2.4363,2.4363,2.4363,2.4363,2.4363,2.0441,0.6631,1.5162,1.6145,1.7071,1.7902,1.8736,1.959,2.0444,2.1299,2.2155,2.3011,2.3867,2.4363,2.4363
2.4399,2.4399,2.4399,2.4399,2.4399,2.4399,2.4399,2.4399,2.4399,2.4399,2.4399,2.4399,0.7596,1.3394,1.2464,1.1588,1.0801,1.0012,0.9204,0.8396,0.7587,0.6777,0.5967,0.5156,0.4346,0.3536
2.4435,2.4435,2.4435,2.4435,2.4435,2.4435,2.4435,2.4435,2.4435,2.4435,2.4435,2.4435,2.4435,2.4435,2.4435,1.8646,2.4435,2.4435,2.4435,2.4435,2.4435,2.4435,2.4435,2.4435,2.4435,2.4435
2.4472,2.4472,2.4472,2.4472,2.4472,2.4472,2.4472,2.4472,2.4472,2.2205,1.6303,2.4472,2.4472,2.4472,2.4472,2.4472,2.4472,2.4472,2.4472,2.4472,2.4472,2.4472,2.4472,2.4472,2.4472,2.4472
2.4509,2.4509,2.4509,2.4509,2.4509,2.4509,2.4509,2.4509,2.4509,2.4509,2.4509,2.4509,2.4509,2.4509,1.4527,1.3505,1.2589,1.1669,1.0728,0.9786,0.8842,0.7898,0.6954,0.601,0.5066,0.4121
1.9542,2.0555,2.158,2.262,2.3667,2.4545,2.4545,2.4545,2.4545,2.4545,2.4545,2.4545,2.4545,1.3749,1.464,1.5481,1.6234,1.699,1.7765,1.8539,1.9315,2.0091,2.0867,2.1643,2.242,2.3196
2.4582,2.4582,2.4582,2.4582,2.4582,2.4582,2.4582,2.4582,2.4582,2.4582,1.9826,2.3366,2.1348,1.9677,1.8311,1.7023,1.5868,1.4708,1.3522,1.2335,1.1145,0.9955,0.8765,0.7575,0.6385,0.5195
2.4619,2.4619,2.4619,2.4619,2.4619,2.4619,2.4619,2.4619,2.4619,2.4619,2.4619,2.4619,2.4619,2.4619,2.4619,2.4619,2.4619,2.4619,2.4619,2.4619,2.4619,2.4619,2.4619,2.4619,2.4619,2.4619
2.4656,2.4656,2.4656,2.4656,2.4656,2.4656,2.4656,2.4656,2.4656,2.4656,2.124,1.215,1.7791,1.9323,2.0576,2.1756,2.2815,2.3878,2.4656,2.4656,2.4656,2.4656,2.4656,2.4656,2.4656,2.4656
2.4693,2.4693,2.4693,2.4693,2.4693,2.4693,2.4693,2.4693,2.4693,2.4693,2.4693,2.4693,2.4693,1.2693,1.1811,1.0981,1.0236,0.9488,0.8722,0.7957,0.7189,0.6422,0.5654,0.4886,0.4119,0.3351
2.4731,2.4731,2.4731,2.4731,2.4731,2.4731,2.4731,2.4731,2.4731,2.4731,2.4731,2.4731,2.4731,2.4731,1.4816,1.985,2.0816,2.1786,2.2779,2.3771,2.4731,2.4731,2.4731,2.4731,2.4731,2.4731
2.4768,2.4768,2.4768,2.4768,2.4768,2.4768,2.4768,2.4768,2.4768,2.4768,2.4768,2.4768,2.4768,2.4768,2.4768,2.4768,2.4768,2.4768,2.4768,2.4768,2.4768,2.4768,2.4768,2.4768,2.4768,2.4575
2.4805,2.4805,2.4805,2.4805,2.4805,2.4805,2.4805,2.4805,2.4805,2.4805,2.4805,2.4805,2.4805,2.4805,1.1483,1.9212,1.7909,1.66,1.5261,1.3921,1.2579,1.1236,0.9893,0.855,0.7206,0.5863
1.971,2.0731,2.1765,2.2814,2.387,2.4843,2.4843,2.4843,2.4843,2.4843,2.4843,2.4843,0.9826,1.3867,1.4766,1.5613,1.6373,1.7136,1.7917,1.8698,1.948,2.0263,2.1046,2.1829,2.2612,2.3395
2.4881,2.4881,2.4881,2.4881,2.4881,2.4881,2.4881,2.4881,2.4881,2.4881,2.4881,1.7332,1.5744,1.4512,1.3504,1.2554,1.1702,1.0847,0.9972,0.9097,0.8219,0.7342,0.6464,0.5587,0.4709,0.3831
2.4919,2.4919,2.4919,2.4919,2.4919,2.4919,2.4919,2.4919,2.4919,2.4919,2.4919,2.4919,2.4919,2.4919,2.4919,2.4919,2.4919,2.4919,2.4919,2.4919,2.4919,2.4919,2.4919,2.4919,2.4919,2.4919
2.4957,2.4957,2.4957,2.4957,2.4957,2.4957,2.4957,2.4957,2.4957,2.354,1.6465,2.4957,2.4957,2.4957,2.4957,2.4957,2.4957,2.4957,2.4957,2.4957,2.4957,2.4957,2.4957,2.4957,2.4957,2.4957
2.4995,2.4995,2.4995,2.4995,2.4995,2.4995,2.4995,2.4995,2.4995,2.4995,2.4995,2.4995,2.4995,0.7577,1.2693,1.18,1.1,1.0196,0.9373,0.8551,0.7726,0.6901,0.6076,0.5251,0.4426,0.3601
2.0296,2.1348,2.2413,2.3493,2.458,2.5033,2.5033,2.5033,2.5033,2.5033,2.5033,2.5033,2.5033,0.8749,1.5205,1.6078,1.686,1.7646,1.845,1.9254,2.006,2.0866,2.1672,2.2479,2.3285,2.4091
2.5071,2.5071,2.5071,2.5071,2.5071,2.5071,2.5071,2.5071,2.5071,2.4126,2.5071,2.5071,2.5071,2.5071,2.4966,2.321,2.1635,2.0054,1.8436,1.6818,1.5196,1.3574,1.1951,1.0329,0.8706,0.7083
2.511,2.511,2.511,2.511,2.511,2.511,2.511,2.511,2.511,2.511,2.511,2.511,2.511,2.511,2.511,1.7242,2.2988,2.511,2.511,2.511,2.511,2.511,2.2114,1.9111,1.6108,1.3106
2.2693,2.3869,2.5059,2.5148,2.5148,2.5148,2.5148,2.5148,2.5148,2.5148,2.5148,1.5682,1.47,1.5966,1.7001,1.7976,1.8851,1.973,2.0629,2.1528,2.2429,2.333,2.4231,2.5133,2.5148,2.5148
2.5187,2.5187,2.5187,2.5187,2.5187,2.5187,2.5187,2.5187,2.5187,2.5187,2.5187,2.5187,1.295,1.2681,1.1801,1.0971,1.0226,0.9479,0.8714,0.7949,0.7183,0.6416,0.5649,0.4882,0.4115,0.3348
2.5226,2.5226,2.5226,2.5226,2.5226,2.5226,2.5226,2.5226,2.5226,2.5226,2.5226,2.5226,2.5226,2.5226,1.2663,1.9959,2.5226,2.5226,2.5226,2.5226,2.5226,2.5226,2.5226,2.5226,2.5226,2.5226
2.5264,2.5264,2.5264,2.5264,2.5264,2.5264,2.5264,2.5264,2.5264,2.5264,2.5264,2.5264,2.5264,2.5264,2.5264,2.5264,2.5264,2.5264,2.5264,2.5264,2.5264,2.5264,2.5264,2.5264,2.5264,2.5264
2.5303,2.5303,2.5303,2.5303,2.5303,2.5303,2.5303,2.5303,2.5303,2.5303,2.5303,2.5303,2.5303,2.5303,1.3678,1.4725,1.3726,1.2723,1.1696,1.067,0.9641,0.8612,0.7582,0.6553,0.5523,0.4494
1.8958,1.9941,2.0935,2.1944,2.296,2.3992,2.5025,2.5343,2.5343,2.5343,2.5343,2.5343,2.5343,1.3338,1.4203,1.5018,1.5749,1.6483,1.7234,1.7985,1.8737,1.949,2.0244,2.0997,2.175,2.2503
2.5382,2.5382,2.5382,2.5382,2.5382,2.5382,2.5382,2.5382,2.5382,2.5382,2.2081,1.2631,1.8179,1.6756,1.5592,1.4496,1.3512,1.2525,1.1514,1.0504,0.9491,0.8477,0.7464,0.6451,0.5437,0.4424
2.5421,2.5421,2.5421,2.5421,2.5421,2.5421,2.5421,2.5421,2.5421,2.5421,2.5421,2.5421,2.5421,2.5421,2.5421,2.5421,2.5421,2.5421,2.5421,2.5421,2.5421,2.5421,2.5421,2.5421,2.5421,2.5421
2.5461,2.5461,2.5461,2.5461,2.5461,2.5461,2.5461,2.5461,2.5461,2.5461,1.8498,1.0582,2.032,2.2069,2.35,2.4849,2.5461,2.5461,2.5461,2.5461,2.5461,2.5461,2.5461,2.5461,2.5461,2.5461
2.55,2.55,2.55,2.55,2.55,2.55,2.55,2.55,2.55,2.55,2.55,2.55,2.55,1.2611,1.1735,1.091,1.017,0.9426,0.8666,0.7905,0.7143,0.638,0.5618,0.4855,0.4092,0.3329
2.2249,2.3403,2.4569,2.554,2.554,2.554,2.554,2.554,2.554,2.554,2.554,2.554,2.554,2.554,1.6669,1.7625,1.8483,1.9344,2.0226,2.1107,2.199,2.2874,2.3758,2.4642,2.5526,2.554
2.558,2.558,2.558,2.558,2.558,2.558,2.558,2.558,2.558,2.558,2.558,2.558,2.558,2.558,2.558,2.558,2.558,2.558,2.558,2.558,2.558,2.347,2.0665,1.7859,1.5053,1.2247
2.562,2.562,2.562,2.562,2.562,2.562,2.562,2.562,2.562,2.562,2.562,2.562,2.562,2.562,1.1234,1.7499,2.1948,2.0344,1.8703,1.7061,1.5416,1.377,1.2124,1.0478,0.8832,0.7185
2.0075,2.1115,2.2168,2.3237,2.4312,2.5406,2.566,2.566,2.566,2.566,2.566,2.4007,0.6177,1.4124,1.504,1.5903,1.6676,1.7454,1.8249,1.9044,1.9841,2.0639,2.1436,2.2234,2.3031,2.3829
2.57,2.57,2.57,2.57,2.57,2.57,2.57,2.57,2.57,2.57,2.57,2.2407,0.7548,1.3309,1.2385,1.1514,1.0732,0.9948,0.9145,0.8343,0.7538,0.6733,0.5929,0.5124,0.4319,0.3514
2.5741,2.5741,2.5741,2.5741,2.5741,2.5741,2.5741,2.5741,2.5741,2.5741,2.5741,2.5741,2.5741,2.5741,2.5741,2.5741,2.4247,2.5741,2.5741,2.5741,2.5741,2.5741,2.5741,2.5741,2.5741,2.5741
2.5781,2.5781,2.5781,2.5781,2.5781,2.5781,2.5781,2.5781,2.5781,2.1895,1.5314,2.5781,2.5781,2.5781,2.5781,2.5781,2.5781,2.5781,2.5781,2.5781,2.5781,2.5781,2.5781,2.5781,2.5781,2.5781
2.5822,2.5822,2.5822,2.5822,2.5822,2.5822,2.5822,2.5822,2.5822,2.5822,2.5822,2.5822,2.5822,0.6887,1.329,1.2355,1.1517,1.0675,0.9814,0.8953,0.8089,0.7226,0.6362,0.5498,0.4634,0.377
1.9128,2.012,2.1123,2.2141,2.3166,2.4208,2.525,2.5863,2.5863,2.5863,2.5863,2.5863,2.5863,1.3458,1.4331,1.5153,1.589,1.6631,1.7388,1.8146,1.8906,1.9665,2.0425,2.1185,2.1945,2.2705
2.5904,2.5904,2.5904,2.5904,2.5904,2.5904,2.5904,2.5904,2.5904,2.5657,1.7945,2.5087,2.2921,2.1127,1.9659,1.8277,1.7037,1.5792,1.4517,1.3243,1.1966,1.0689,0.9411,0.8133,0.6855,0.5577
2.5945,2.5945,2.5945,2.5945,2.5945,2.5945,2.5945,2.5945,2.5945,2.5945,2.5945,2.5945,2.5945,2.5945,2.5945,2.5945,2.5945,2.5945,2.5945,2.5945,2.5945,2.5945,2.5945,2.5945,2.5945,2.5945
2.4555,2.5828,2.5986,2.5986,2.5986,2.5986,2.5986,2.5986,2.5986,2.5986,2.2418,1.2824,1.5906,1.7276,1.8396,1.9452,2.0398,2.1349,2.2322,2.3294,2.427,2.5245,2.5986,2.5986,2.5986,2.5986
2.6027,2.6027,2.6027,2.6027,2.6027,2.6027,2.6027,2.6027,2.6027,2.6027,2.6027,2.6027,2.6027,1.225,1.1399,1.0598,0.9879,0.9157,0.8418,0.7679,0.6939,0.6198,0.5457,0.4716,0.3975,0.3234
2.6068,2.6068,2.6068,2.6068,2.6068,2.6068,2.6068,2.6068,2.6068,2.6068,2.6068,2.6068,2.6068,2.6068,1.3056,2.0658,2.1664,2.2673,2.3706,2.4739,2.5775,2.6068,2.6068,2.6068,2.6068,2.6068
2.611,2.611,2.611,2.611,2.611,2.611,2.611,2.611,2.611,2.611,2.611,2.611,2.611,2.611,2.611,2.611,2.611,2.611,2.611,2.611,2.611,2.611,2.611,2.611,2.611,2.611
2.6152,2.6152,2.6152,2.6152,2.6152,2.6152,2.6152,2.6152,2.6152,2.6152,2.6152,2.6152,2.6152,2.6152,1.1808,1.6633,1.5504,1.4371,1.3212,1.2052,1.089,0.9727,0.8564,0.7402,0.6239,0.5076
1.8755,1.9727,2.0711,2.1709,2.2714,2.3735,2.4757,2.5781,2.6193,2.6193,2.6193,2.6193,1.4975,1.3195,1.4051,1.4857,1.558,1.6306,1.7049,1.7792,1.8537,1.9282,2.0027,2.0772,2.1517,2.2262
2.6235,2.6235,2.6235,2.6235,2.6235,2.6235,2.6235,2.6235,2.6235,2.6235,2.5648,1.4672,1.6022,1.4768,1.3742,1.2776,1.1909,1.1039,1.0148,0.9257,0.8365,0.7472,0.6578,0.5685,0.4792,0.3899
2.6277,2.6277,2.6277,2.6277,2.6277,2.6277,2.6277,2.6277,2.6277,2.6277,2.6277,2.6277,2.6277,2.6277,2.6277,2.6277,2.6277,2.6277,2.6277,2.6277,2.6277,2.6277,2.6277,2.6277,2.6277,2.6277
2.632,2.632,2.632,2.632,2.632,2.632,2.632,2.632,2.632,2.3733,1.6599,0.9496,2.4443,2.632,2.632,2.632,2.632,2.632,2.632,2.632,2.632,2.632,2.632,2.632,2.632,2.632
2.6362,2.6362,2.6362,2.6362,2.6362,2.6362,2.6362,2.6362,2.6362,2.6362,2.6362,2.6362,2.6362,0.9147,1.1897,1.106,1.031,0.9556,0.8785,0.8014,0.7241,0.6468,0.5695,0.4922,0.4148,0.3375
2.0289,2.1341,2.2405,2.3485,2.4571,2.5677,2.6405,2.6405,2.6405,2.6405,2.6405,2.6405,2.6405,0.7374,1.52,1.6072,1.6854,1.764,1.8443,1.9247,2.0053,2.0859,2.1665,2.2471,2.3277,2.4083
2.6447,2.6447,2.6447,2.6447,2.6447,2.6447,2.6447,2.6447,2.6447,2.6447,2.6447,2.6447,2.6447,2.6447,2.6447,2.6447,2.489,2.3071,2.1209,1.9348,1.7482,1.5616,1.3749,1.1882,1.0015,0.8148
2.649,2.649,2.649,2.649,2.649,2.649,2.649,2.649,2.649,2.649,2.649,2.649,2.649,2.649,2.649,1.6192,2.2799,2.649,2.5121,2.2917,2.0707,1.8496,1.6285,1.4074,1.1863,0.9651
2.0902,2.1986,2.3082,2.4195,2.5314,2.6453,2.6533,2.6533,2.6533,2.6533,2.6533,1.7455,0.6431,1.4706,1.566,1.6558,1.7364,1.8173,1.9001,1.9829,2.0659,2.1489,2.232,2.315,2.398,2.4811
2.6576,2.6576,2.6576,2.6576,2.6576,2.6576,2.6576,2.6576,2.6576,2.6576,2.6576,2.6576,0.8438,1.2483,1.1616,1.0799,1.0066,0.9331,0.8578,0.7825,0.707,0.6316,0.5561,0.4806,0.4051,0.3296
2.6619,2.6619,2.6619,2.6619,2.6619,2.6619,2.6619,2.6619,2.6619,2.6619,2.6619,2.6619,2.6619,2.6619,2.6619,1.82,2.5626,2.6619,2.6619,2.6619,2.6619,2.6619,2.6619,2.6619,2.6619,2.6619
2.6662,2.6662,2.6662,2.6662,2.6662,2.6662,2.6662,2.6662,2.6662,2.0801,2.6662,2.6662,2.6662,2.6662,2.6662,2.6662,2.6662,2.6662,2.6662,2.6662,2.6662,2.6662,2.6662,2.6662,2.6662,2.6662
2.6706,2.6706,2.6706,2.6706,2.6706,2.6706,2.6706,2.6706,2.6706,2.6706,2.6706,2.6706,2.6706,2.6706,1.4278,1.3274,1.2373,1.1469,1.0544,0.9618,0.8691,0.7763,0.6835,0.5907,0.4979,0.4051
1.8397,1.9351,2.0316,2.1295,2.228,2.3283,2.4285,2.5289,2.6294,2.6749,2.6749,2.6749,2.6749,1.2943,1.3783,1.4574,1.5283,1.5995,1.6724,1.7453,1.8183,1.8914,1.9645,2.0375,2.1106,2.1837
2.6793,2.6793,2.6793,2.6793,2.6793,2.6793,2.6793,2.6793,2.6793,2.6793,1.964,1.1778,1.908,1.7587,1.6366,1.5215,1.4182,1.3146,1.2085,1.1025,0.9961,0.8898,0.7834,0.6771,0.5707,0.4643
2.6837,2.6837,2.6837,2.6837,2.6837,2.6837,2.6837,2.6837,2.6837,2.6837,2.6837,2.6837,2.6837,2.6837,2.6837,2.6837,2.6837,2.6837,2.6837,2.6837,2.6837,2.6837,2.6837,2.6837,2.6837,2.6837
2.6881,2.6881,2.6881,2.6881,2.6881,2.6881,2.6881,2.6881,2.6881,2.6881,1.9167,1.0964,1.7786,1.9317,2.057,2.175,2.2808,2.3871,2.4959,2.6047,2.6881,2.6881,2.6881,2.6881,2.6881,2.6881
2.6925,2.6925,2.6925,2.6925,2.6925,2.6925,2.6925,2.6925,2.6925,2.6925,2.6925,2.6925,2.6925,1.2067,1.1228,1.0439,0.9731,0.9019,0.8292,0.7564,0.6834,0.6105,0.5375,0.4645,0.3915,0.3186
2.2798,2.398,2.5176,2.639,2.697,2.697,2.697,2.697,2.697,2.697,2.697,2.697,2.697,2.697,1.4974,1.806,1.8939,1.9822,2.0725,2.1628,2.2533,2.3439,2.4344,2.525,2.6156,2.697
2.7014,2.7014,2.7014,2.7014,2.7014,2.7014,2.7014,2.7014,2.7014,2.7014,2.7014,2.7014,2.7014,2.7014,2.7014,2.7014,2.7014,2.7014,2.7014,2.7014,2.7014,2.7014,2.7014,2.4764,2.0873,1.6983
2.7059,2.7059,2.7059,2.7059,2.7059,2.7059,2.7059,2.7059,2.7059,2.7059,2.7059,2.7059,2.7059,2.7059,1.0523,1.7755,1.8348,1.7007,1.5635,1.4263,1.2887,1.1511,1.0135,0.8759,0.7383,0.6007
1.8925,1.9906,2.0898,2.1906,2.2919,2.395,2.4981,2.6015,2.7048,2.7103,2.7103,2.7103,0.7614,1.3315,1.4178,1.4991,1.5721,1.6454,1.7203,1.7953,1.8705,1.9456,2.0208,2.096,2.1712,2.2464
2.7148,2.7148,2.7148,2.7148,2.7148,2.7148,2.7148,2.7148,2.7148,2.7148,2.7148,1.8074,1.4521,1.3384,1.2455,1.1579,1.0793,1.0004,0.9197,0.839,0.7581,0.6772,0.5962,0.5153,0.4343,0.3533
2.7193,2.7193,2.7193,2.7193,2.7193,2.7193,2.7193,2.7193,2.7193,2.7193,2.7193,2.7193,2.7193,2.7193,2.7193,2.7193,2.7193,2.7193,2.7193,2.7193,2.7193,2.7193,2.7193,2.7193,2.7193,2.7193
2.7239,2.7239,2.7239,2.7239,2.7239,2.7239,2.7239,2.7239,2.7239,2.1839,1.5275,2.7239,2.7239,2.7239,2.7239,2.7239,2.7239,2.7239,2.7239,2.7239,2.7239,2.7239,2.7239,2.7239,2.7239,2.7239
2.7284,2.7284,2.7284,2.7284,2.7284,2.7284,2.7284,2.7284,2.7284,2.7284,2.7284,2.7284,2.7284,0.6417,1.232,1.1454,1.0677,0.9896,0.9098,0.8299,0.7499,0.6699,0.5898,0.5097,0.4296,0.3495
1.8933,1.9915,2.0908,2.1916,2.293,2.3961,2.4993,2.6027,2.706,2.7329,2.7329,2.7329,2.7329,0.9701,1.4185,1.4998,1.5728,1.6461,1.7211,1.7961,1.8713,1.9465,2.0217,2.097,2.1722,2.2474
2.7375,2.7375,2.7375,2.7375,2.7375,2.7375,2.7375,2.7375,2.7375,2.3558,1.7768,2.7375,2.5216,2.3242,2.1628,2.0107,1.8743,1.7373,1.5971,1.457,1.3164,1.1759,1.0353,0.8948,0.7542,0.6136
2.7421,2.7421,2.7421,2.7421,2.7421,2.7421,2.7421,2.7421,2.7421,2.7421,2.7421,2.7421,2.7421,2.7421,2.7421,2.7421,2.1557,2.7421,2.7421,2.7421,2.7421,2.7421,2.6136,2.2588,1.9039,1.549
2.2305,2.3461,2.4631,2.5818,2.7013,2.7467,2.7467,2.7467,2.7467,2.7467,2.4145,1.3812,1.4449,1.5693,1.671,1.7669,1.8529,1.9392,2.0276,2.116,2.2045,2.2931,2.3817,2.4703,2.559,2.6476
2.7513,2.7513,2.7513,2.7513,2.7513,2.7513,2.7513,2.7513,2.7513,2.7513,2.7513,2.7513,1.7641,1.1951,1.1121,1.0339,0.9638,0.8933,0.8212,0.7492,0.6769,0.6047,0.5324,0.4601,0.3878,0.3155
2.7559,2.7559,2.7559,2.7559,2.7559,2.7559,2.7559,2.7559,2.7559,2.7559,2.7559,2.7559,2.7559,2.7559,1.1713,1.9763,2.2941,2.401,2.5104,2.6198,2.7295,2.7559,2.7559,2.7559,2.7559,2.7559
2.7606,2.7606,2.7606,2.7606,2.7606,2.7606,2.7606,2.7606,2.7606,2.7606,2.7606,2.7606,2.7606,2.7606,2.7606,2.7606,2.7606,2.7606,2.7606,2.7606,2.7606,2.7606,2.7606,2.7606,2.7606,2.7606
2.7652,2.7652,2.7652,2.7652,2.7652,2.7652,2.7652,2.7652,2.7652,2.7652,2.7652,2.7652,2.7652,2.7652,1.2331,1.4704,1.3707,1.2705,1.168,1.0655,0.9627,0.8599,0.7571,0.6543,0.5515,0.4487
1.8041,1.8976,1.9922,2.0883,2.1849,2.2832,2.3815,2.48,2.5785,2.677,2.7699,2.7699,2.7699,1.2693,1.3516,1.4291,1.4987,1.5685,1.64,1.7115,1.7831,1.8548,1.9264,1.9981,2.0698,2.1415
2.7746,2.7746,2.7746,2.7746,2.7746,2.7746,2.7746,2.7746,2.7746,2.7746,2.227,1.274,1.6533,1.5239,1.4181,1.3183,1.2289,1.1391,1.0472,0.9553,0.8631,0.771,0.6788,0.5867,0.4945,0.4023
2.7793,2.7793,2.7793,2.7793,2.7793,2.7793,2.7793,2.7793,2.7793,2.7793,2.7793,2.7793,2.7793,2.7793,2.7793,2.7793,2.7793,2.7793,2.7793,2.7793,2.7793,2.7793,2.7793,2.7793,2.7793,2.7793
2.784,2.784,2.784,2.784,2.784,2.784,2.784,2.784,2.784,2.4236,1.6952,0.9697,2.0745,2.2531,2.3992,2.5369,2.6603,2.784,2.784,2.784,2.784,2.784,2.784,2.784,2.784,2.784
2.7888,2.7888,2.7888,2.7888,2.7888,2.7888,2.7888,2.7888,2.7888,2.7888,2.7888,2.7888,2.7888,1.1925,1.1278,1.0484,0.9773,0.9059,0.8328,0.7597,0.6864,0.6132,0.5399,0.4666,0.3933,0.32
2.0527,2.1591,2.2668,2.376,2.486,2.5978,2.7096,2.7935,2.7935,2.7935,2.7935,2.7935,2.7935,0.7461,1.5378,1.6261,1.7052,1.7847,1.866,1.9473,2.0288,2.1103,2.1919,2.2734,2.355,2.4365
2.7983,2.7983,2.7983,2.7983,2.7983,2.7983,2.7983,2.7983,2.7983,2.7983,2.7983,2.7983,2.7983,2.7983,2.7983,2.7983,2.7983,2.7872,2.5623,2.3374,2.112,1.8866,1.661,1.4355,1.21,0.9844
2.8031,2.8031,2.8031,2.8031,2.8031,2.8031,2.8031,2.8031,2.8031,2.8031,2.8031,2.8031,2.8031,2.8031,2.8031,1.6243,2.2871,2.1536,1.9798,1.8061,1.6319,1.4577,1.2834,1.1092,0.9349,0.7606
1.9496,2.0506,2.1529,2.2567,2.3611,2.4673,2.5735,2.68,2.7864,2.8079,2.8079,2.0116,0.5998,1.3716,1.4606,1.5444,1.6195,1.695,1.7723,1.8495,1.9269,2.0043,2.0818,2.1592,2.2367,2.3141
2.8127,2.8127,2.8127,2.8127,2.8127,2.8127,2.8127,2.8127,2.8127,2.8127,2.8127,2.4441,0.7046,1.2424,1.1561,1.0748,1.0019,0.9286,0.8537,0.7788,0.7037,0.6286,0.5534,0.4783,0.4031,0.328
2.8175,2.8175,2.8175,2.8175,2.8175,2.8175,2.8175,2.8175,2.8175,2.8175,2.8175,2.8175,2.8175,2.8175,2.8175,1.6959,2.3684,2.8175,2.8175,2.8175,2.8175,2.8175,2.8175,2.8175,2.8175,2.8175
2.8224,2.8224,2.8224,2.8224,2.8224,2.8224,2.8224,2.8224,2.6723,2.0547,1.4371,2.8224,2.8224,2.8224,2.8224,2.8224,2.8224,2.8224,2.8224,2.8224,2.8224,2.8224,2.8224,2.8224,2.8224,2.8224
2.8273,2.8273,2.8273,2.8273,2.8273,2.8273,2.8273,2.8273,2.8273,2.8273,2.8273,2.8273,2.8273,0.6769,1.3062,1.2144,1.132,1.0492,0.9646,0.8799,0.7951,0.7102,0.6253,0.5404,0.4555,0.3706
1.8042,1.8977,1.9923,2.0883,2.185,2.2833,2.3816,2.4801,2.5786,2.6771,2.7756,2.8322,2.8322,1.2693,1.3516,1.4292,1.4987,1.5686,1.6401,1.7115,1.7832,1.8548,1.9265,1.9982,2.0698,2.1415
2.8371,2.8371,2.8371,2.8371,2.8371,2.8371,2.8371,2.8371,2.8371,2.5393,1.7761,2.2324,2.0396,1.88,1.7494,1.6264,1.516,1.4052,1.2919,1.1785,1.0648,0.9512,0.8375,0.7237,0.61,0.4963
2.842,2.842,2.842,2.842,2.842,2.842,2.842,2.842,2.842,2.842,2.842,2.842,2.842,2.842,2.842,2.842,2.842,2.842,2.842,2.842,2.842,2.842,2.842,2.842,2.842,2.842
2.4495,2.5764,2.7049,2.8353,2.8469,2.8469,2.8469,2.8469,2.8469,2.8469,2.0178,1.1543,1.5867,1.7233,1.8351,1.9404,2.0348,2.1296,2.2267,2.3237,2.421,2.5183,2.6156,2.7129,2.8102,2.8469
2.8519,2.8519,2.8519,2.8519,2.8519,2.8519,2.8519,2.8519,2.8519,2.8519,2.8519,2.8519,2.8519,1.1667,1.0857,1.0093,0.9409,0.8721,0.8017,0.7314,0.6608,0.5903,0.5197,0.4492,0.3786,0.308
2.3696,2.4925,2.6167,2.7429,2.8568,2.8568,2.8568,2.8568,2.8568,2.8568,2.8568,2.8568,2.8568,2.8568,1.3143,1.8771,1.9685,2.0602,2.1541,2.248,2.3421,2.4362,2.5303,2.6244,2.7186,2.8127
2.8618,2.8618,2.8618,2.8618,2.8618,2.8618,2.8618,2.8618,2.8618,2.8618,2.8618,2.8618,2.8618,2.8618,2.8618,2.8618,2.8618,2.8618,2.8618,2.8618,2.8618,2.8618,2.8618,2.8618,2.8618,2.8618
2.8668,2.8668,2.8668,2.8668,2.8668,2.8668,2.8668,2.8668,2.8668,2.8668,2.8668,2.8668,2.8668,2.8668,1.0817,1.6929,1.5781,1.4627,1.3447,1.2267,1.1084,0.9901,0.8717,0.7534,0.635,0.5166
1.8036,1.8971,1.9917,2.0877,2.1843,2.2826,2.3808,2.4793,2.5778,2.6763,2.7748,2.8719,1.0515,1.2689,1.3512,1.4287,1.4983,1.5681,1.6396,1.711,1.7826,1.8543,1.9259,1.9976,2.0692,2.1409
2.8769,2.8769,2.8769,2.8769,2.8769,2.8769,2.8769,2.8769,2.8769,2.8769,2.6465,1.514,1.4781,1.3624,1.2678,1.1786,1.0986,1.0183,0.9362,0.854,0.7717,0.6893,0.6069,0.5245,0.4421,0.3597
2.882,2.882,2.882,2.882,2.882,2.882,2.882,2.882,2.882,2.882,2.882,2.882,2.882,2.882,2.882,2.882,2.882,2.882,2.882,2.882,2.882,2.882,2.882,2.882,2.882,2.882
2.887,2.887,2.887,2.887,2.887,2.887,2.887,2.887,2.8656,2.2034,1.5411,0.9526,2.5678,2.7889,2.887,2.887,2.887,2.887,2.887,2.887,2.887,2.887,2.887,2.887,2.887,2.887
2.8921,2.8921,2.8921,2.8921,2.8921,2.8921,2.8921,2.8921,2.8921,2.8921,2.8921,2.8921,2.8921,0.7557,1.1558,1.0745,1.0016,0.9284,0.8535,0.7786,0.7035,0.6284,0.5533,0.4782,0.403,0.3279
1.8946,1.9928,2.0922,2.193,2.2945,2.3977,2.501,2.6044,2.7078,2.8113,2.8973,2.8973,2.8973,0.7418,1.4194,1.5008,1.5739,1.6472,1.7223,1.7973,1.8726,1.9478,2.0231,2.0983,2.1736,2.2489
2.9024,2.9024,2.9024,2.9024,2.9024,2.9024,2.9024,2.9024,2.8492,2.2329,2.9024,2.9024,2.8579,2.6343,2.4513,2.2789,2.1243,1.969,1.8102,1.6513,1.492,1.3328,1.1734,1.0141,0.8548,0.6954
2.9075,2.9075,2.9075,2.9075,2.9075,2.9075,2.9075,2.9075,2.9075,2.9075,2.9075,2.9075,2.9075,2.9075,2.9075,1.5203,2.1405,2.7608,2.81,2.5634,2.3162,2.0689,1.8216,1.5742,1.3269,1.0796
2.0542,2.1607,2.2685,2.3778,2.4878,2.5998,2.7117,2.8238,2.9127,2.9127,2.6623,1.523,1.3307,1.4453,1.539,1.6273,1.7065,1.786,1.8674,1.9488,2.0303,2.1119,2.1935,2.2752,2.3568,2.4384
2.9179,2.9179,2.9179,2.9179,2.9179,2.9179,2.9179,2.9179,2.9179,2.9179,2.9179,2.9179,1.0084,1.178,1.0962,1.0191,0.95,0.8805,0.8095,0.7385,0.6672,0.596,0.5248,0.4535,0.3823,0.311
2.9231,2.9231,2.9231,2.9231,2.9231,2.9231,2.9231,2.9231,2.9231,2.9231,2.9231,2.9231,2.9231,2.9231,2.9231,1.8004,2.4771,2.5925,2.7106,2.8288,2.9231,2.9231,2.9231,2.9231,2.9231,2.9231
2.9283,2.9283,2.9283,2.9283,2.9283,2.9283,2.9283,2.9283,2.5657,1.9727,2.9283,2.9283,2.9283,2.9283,2.9283,2.9283,2.9283,2.9283,2.9283,2.9283,2.9283,2.9283,2.9283,2.9283,2.9283,2.9283
2.9336,2.9336,2.9336,2.9336,2.9336,2.9336,2.9336,2.9336,2.9336,2.9336,2.9336,2.9336,2.9336,2.9336,1.3093,1.3228,1.2331,1.143,1.0508,0.9585,0.8661,0.7736,0.6812,0.5887,0.4962,0.4037
1.7532,1.8441,1.936,2.0293,2.1232,2.2188,2.3143,2.41,2.5057,2.6015,2.6972,2.8064,2.9245,1.2335,1.3135,1.3888,1.4564,1.5243,1.5937,1.6632,1.7328,1.8024,1.8721,1.9417,2.0114,2.081
2.9441,2.9441,2.9441,2.9441,2.9441,2.9441,2.9441,2.9441,2.9441,2.8222,1.9739,1.1292,1.7313,1.5958,1.485,1.3805,1.2869,1.1928,1.0966,1.0003,0.9039,0.8074,0.7109,0.6143,0.5178,0.4213
2.9494,2.9494,2.9494,2.9494,2.9494,2.9494,2.9494,2.9494,2.9494,2.9494,2.9494,2.9494,2.9494,2.9494,2.9494,2.9494,2.9494,2.9494,2.9494,2.9494,2.9494,2.9494,2.9494,2.9494,2.9494,2.9494
2.7872,2.9317,2.9547,2.9547,2.9547,2.9547,2.9547,2.9547,2.9547,2.5081,1.7542,1.0035,1.8055,1.961,2.0882,2.208,2.3154,2.4233,2.5337,2.6441,2.7548,2.8655,2.9547,2.9547,2.9547,2.9547
2.9601,2.9601,2.9601,2.9601,2.9601,2.9601,2.9601,2.9601,2.9601,2.9601,2.9601,2.9601,2.9601,1.161,1.0803,1.0044,0.9362,0.8678,0.7978,0.7278,0.6576,0.5874,0.5172,0.4469,0.3767,0.3065
2.1023,2.2113,2.3216,2.4335,2.5461,2.6606,2.7752,2.8899,2.9654,2.9654,2.9654,2.9654,2.9654,2.9654,1.5389,1.6654,1.7464,1.8278,1.9111,1.9944,2.0779,2.1614,2.2449,2.3284,2.4119,2.4955
2.9708,2.9708,2.9708,2.9708,2.9708,2.9708,2.9708,2.9708,2.9708,2.9708,2.9708,2.9708,2.9708,2.9708,2.9708,2.9708,2.9708,2.9708,2.9708,2.9708,2.7478,2.4545,2.1611,1.8676,1.5742,1.2808
2.9762,2.9762,2.9762,2.9762,2.9762,2.9762,2.9762,2.9762,2.9762,2.9762,2.9762,2.9762,2.9762,2.9762,0.9804,1.6482,1.9153,1.7753,1.6321,1.4889,1.3453,1.2017,1.058,0.9144,0.7707,0.627
1.8391,1.9345,2.0309,2.1288,2.2273,2.3275,2.4277,2.5281,2.6286,2.729,2.8294,2.4308,0.6174,1.2939,1.3778,1.4569,1.5278,1.599,1.6719,1.7447,1.8177,1.8908,1.9638,2.0369,2.11,2.183
2.9871,2.9871,2.9871,2.9871,2.9871,2.9871,2.9871,2.9871,2.9871,2.9871,2.9871,1.9269,0.7089,1.25,1.1631,1.0813,1.008,0.9343,0.8589,0.7835,0.708,0.6324,0.5568,0.4812,0.4056,0.33
2.9925,2.9925,2.9925,2.9925,2.9925,2.9925,2.9925,2.9925,2.9925,2.9925,2.9925,2.9925,2.9925,2.9925,2.9925,2.9925,2.2154,2.8574,2.9925,2.9925,2.9925,2.9925,2.9925,2.9925,2.9925,2.9925
2.998,2.998,2.998,2.998,2.998,2.998,2.998,2.998,2.6674,2.0509,1.4345,2.998,2.998,2.998,2.998,2.998,2.998,2.998,2.998,2.998,2.998,2.998,2.998,2.998,2.998,2.998
3.0035,3.0035,3.0035,3.0035,3.0035,3.0035,3.0035,3.0035,3.0035,3.0035,3.0035,3.0035,3.0035,0.6274,1.2106,1.1255,1.0491,0.9725,0.894,0.8155,0.7369,0.6582,0.5795,0.5008,0.4222,0.3435
1.7874,1.88,1.9737,2.0689,2.1646,2.262,2.3594,2.457,2.5546,2.6522,2.7498,2.8611,2.9815,1.1207,1.3391,1.4159,1.4848,1.554,1.6248,1.6956,1.7666,1.8376,1.9086,1.9796,2.0506,2.1216
3.0145,3.0145,3.0145,3.0145,3.0145,3.0145,3.0145,3.0145,3.0145,2.3294,1.6292,2.4368,2.2264,2.0521,1.9096,1.7753,1.6548,1.5339,1.4101,1.2864,1.1623,1.0382,0.9141,0.79,0.6659,0.5418
3.0201,3.0201,3.0201,3.0201,3.0201,3.0201,3.0201,3.0201,3.0201,3.0201,3.0201,3.0201,3.0201,3.0201,3.0201,3.0201,2.1565,2.6378,3.0201,3.0201,3.0201,3.0201,3.0201,2.8763,2.4244,1.9725
2.2208,2.3359,2.4524,2.5706,2.6896,2.8105,2.9316,3.0257,3.0257,3.0257,2.1621,1.2368,1.4386,1.5625,1.6638,1.7592,1.8449,1.9308,2.0188,2.1068,2.195,2.2832,2.3714,2.4596,2.5478,2.6361
3.0313,3.0313,3.0313,3.0313,3.0313,3.0313,3.0313,3.0313,3.0313,3.0313,3.0313,3.0313,3.0038,1.1394,1.0602,0.9857,0.9188,0.8517,0.7829,0.7142,0.6453,0.5765,0.5075,0.4386,0.3697,0.3008
2.5009,2.6306,2.7618,2.8949,3.0288,3.0369,3.0369,3.0369,3.0369,3.0369,3.0369,3.0369,3.0369,3.0369,1.1754,1.9812,2.0776,2.1744,2.2735,2.3725,2.4719,2.5712,2.6705,2.7699,2.8692,2.9686
3.0425,3.0425,3.0425,3.0425,3.0425,3.0425,3.0425,3.0425,3.0425,3.0425,3.0425,3.0425,3.0425,3.0425,3.0425,3.0425,3.0425,3.0425,3.0425,3.0425,3.0425,3.0425,3.0425,3.0425,3.0425,3.0425
3.0482,3.0482,3.0482,3.0482,3.0482,3.0482,3.0482,3.0482,3.0482,3.0482,3.0482,3.0482,3.0482,3.0482,1.1272,1.4893,1.3882,1.2868,1.1829,1.0791,0.975,0.871,0.7668,0.6627,0.5586,0.4545
1.7364,1.8264,1.9175,2.0099,2.1029,2.1976,2.2922,2.387,2.4818,2.5766,2.6714,2.7795,1.7906,1.2217,1.3009,1.3755,1.4425,1.5097,1.5785,1.6473,1.7162,1.7852,1.8542,1.9232,1.9921,2.0611
3.0596,3.0596,3.0596,3.0596,3.0596,3.0596,3.0596,3.0596,3.0596,3.0596,2.2807,1.3047,1.5234,1.4041,1.3066,1.2147,1.1323,1.0496,0.9649,0.8802,0.7953,0.7104,0.6255,0.5406,0.4556,0.3707
3.0653,3.0653,3.0653,3.0653,3.0653,3.0653,3.0653,3.0653,3.0653,3.0653,3.0653,3.0653,3.0653,3.0653,3.0653,3.0653,3.0653,3.0653,3.0653,3.0653,3.0653,3.0653,3.0653,3.0653,3.0653,3.0653
3.071,3.071,3.071,3.071,3.071,3.071,3.071,3.071,2.9247,2.2488,1.5729,0.8998,2.1541,2.3395,2.4913,2.6342,2.7624,2.8911,3.0228,3.071,3.071,3.071,3.071,3.071,3.071,3.071
3.0768,3.0768,3.0768,3.0768,3.0768,3.0768,3.0768,3.0768,3.0768,3.0768,3.0768,3.0768,3.0768,0.9424,1.0961,1.0191,0.9499,0.8805,0.8095,0.7384,0.6672,0.596,0.5247,0.4535,0.3822,0.311
1.9166,2.016,2.1165,2.2185,2.3211,2.4256,2.53,2.6346,2.7393,2.8439,2.9486,3.0679,3.0826,0.6966,1.4359,1.5183,1.5922,1.6664,1.7423,1.8182,1.8943,1.9704,2.0466,2.1227,2.1989,2.275
3.0884,3.0884,3.0884,3.0884,3.0884,3.0884,3.0884,3.0884,3.0884,3.0884,3.0884,3.0884,3.0884,3.0884,2.8885,2.6854,2.5032,2.3203,2.133,1.9458,1.7582,1.5705,1.3828,1.195,1.0073,0.8195
3.0942,3.0942,3.0942,3.0942,3.0942,3.0942,3.0942,3.0942,3.0942,3.0942,3.0942,3.0942,3.0942,3.0942,3.0942,1.5254,2.1477,2.3357,2.1472,1.9588,1.7699,1.5809,1.392,1.203,1.014,0.8249
1.9153,2.0146,2.1151,2.217,2.3196,2.424,2.5283,2.6329,2.7375,2.842,2.9466,1.7285,0.5893,1.3475,1.4349,1.5173,1.5911,1.6652,1.7411,1.817,1.893,1.9691,2.0452,2.1213,2.1974,2.2735
3.106,3.106,3.106,3.106,3.106,3.106,3.106,3.106,3.106,3.106,3.106,2.7558,0.6999,1.1729,1.0915,1.0147,0.9459,0.8767,0.806,0.7353,0.6643,0.5934,0.5225,0.4515,0.3806,0.3097
3.1119,3.1119,3.1119,3.1119,3.1119,3.1119,3.1119,3.1119,3.1119,3.1119,3.1119,3.1119,3.1119,3.1119,3.1119,1.6624,2.3407,2.8637,2.9942,3.1119,3.1119,3.1119,3.1119,3.1119,3.1119,3.1119
3.1178,3.1178,3.1178,3.1178,3.1178,3.1178,3.1178,3.1178,2.5358,1.9497,3.1178,3.1178,3.1178,3.1178,3.1178,3.1178,3.1178,3.1178,3.1178,3.1178,3.1178,3.1178,3.1178,3.1178,3.1178,3.1178
3.1237,3.1237,3.1237,3.1237,3.1237,3.1237,3.1237,3.1237,3.1237,3.1237,3.1237,3.1237,3.1237,3.1237,1.2994,1.2081,1.1261,1.0438,0.9596,0.8754,0.7909,0.7065,0.622,0.5376,0.4531,0.3687
1.7204,1.8096,1.8998,1.9914,2.0835,2.1772,2.271,2.3649,2.4588,2.5528,2.6467,2.7539,2.8697,1.2104,1.2889,1.3628,1.4292,1.4958,1.5639,1.6321,1.7004,1.7687,1.837,1.9054,1.9737,2.0421
3.1357,3.1357,3.1357,3.1357,3.1357,3.1357,3.1357,3.1357,3.1357,2.5448,1.7799,1.1373,1.8424,1.6982,1.5803,1.4691,1.3695,1.2694,1.167,1.0645,0.9619,0.8592,0.7565,0.6538,0.5511,0.4483
3.1417,3.1417,3.1417,3.1417,3.1417,3.1417,3.1417,3.1417,3.1417,3.1417,3.1417,3.1417,3.1417,3.1417,3.1417,3.1417,3.1417,3.1417,3.1417,3.1417,3.1417,3.1417,3.1417,3.1417,3.1417,3.1417
2.4757,2.6041,2.7339,2.8657,2.9983,3.1332,3.1477,3.1477,3.1477,2.6326,1.8413,1.0533,1.6037,1.7418,1.8548,1.9612,2.0566,2.1525,2.2505,2.3486,2.4469,2.5452,2.6436,2.7419,2.8403,2.9387
3.1538,3.1538,3.1538,3.1538,3.1538,3.1538,3.1538,3.1538,3.1538,3.1538,3.1538,3.0785,2.9633,1.1232,1.0452,0.9717,0.9058,0.8396,0.7718,0.7041,0.6362,0.5683,0.5003,0.4324,0.3645,0.2965
2.1808,2.2939,2.4083,2.5243,2.6411,2.76,2.8788,2.9979,3.1169,3.1599,3.1599,3.1599,3.1599,3.1599,1.3419,1.7276,1.8117,1.8961,1.9825,2.0689,2.1555,2.2421,2.3287,2.4154,2.502,2.5886
3.166,3.166,3.166,3.166,3.166,3.166,3.166,3.166,3.166,3.166,3.166,3.166,3.166,3.166,3.166,3.166,3.166,3.166,3.166,3.166,3.166,3.166,3.166,2.7758,2.3397,1.9036
3.1721,3.1721,3.1721,3.1721,3.1721,3.1721,3.1721,3.1721,3.1721,3.1721,3.1721,3.1721,3.1721,3.1721,1.0029,1.6922,1.6312,1.512,1.39,1.268,1.1457,1.0234,0.9011,0.7787,0.6564,0.534
1.7531,1.844,1.936,2.0293,2.1232,2.2187,2.3142,2.4099,2.5057,2.6014,2.6971,2.8063,0.8014,1.2334,1.3134,1.3888,1.4564,1.5242,1.5937,1.6631,1.7327,1.8024,1.872,1.9417,2.0113,2.081
3.1845,3.1845,3.1845,3.1845,3.1845,3.1845,3.1845,3.1845,3.1845,3.1845,2.7794,1.5899,1.3794,1.2715,1.1832,1.0999,1.0253,0.9504,0.8737,0.797,0.7202,0.6433,0.5664,0.4895,0.4126,0.3357
3.1907,3.1907,3.1907,3.1907,3.1907,3.1907,3.1907,3.1907,3.1907,3.1907,3.1907,3.1907,3.1907,3.1907,3.1907,3.1907,3.1907,2.7684,3.1907,3.1907,3.1907,3.1907,3.1907,3.1907,3.1907,3.1907
3.1969,3.1969,3.1969,3.1969,3.1969,3.1969,3.1969,3.1969,2.6903,2.0686,1.4468,2.4686,2.7551,2.9923,3.1863,3.1969,3.1969,3.1969,3.1969,3.1969,3.1969,3.1969,3.1969,3.1969,3.1969,3.1969
3.2031,3.2031,3.2031,3.2031,3.2031,3.2031,3.2031,3.2031,3.2031,3.2031,3.2031,3.2031,3.2031,0.6423,1.1352,1.0554,0.9838,0.9119,0.8383,0.7647,0.691,0.6172,0.5434,0.4696,0.3959,0.3221
1.7885,1.8812,1.975,2.0702,2.166,2.2635,2.3609,2.4586,2.5562,2.6539,2.7516,2.8629,2.9834,0.8213,1.3399,1.4168,1.4858,1.555,1.6258,1.6967,1.7677,1.8388,1.9098,1.9809,2.0519,2.123
3.2157,3.2157,3.2157,3.2157,3.2157,3.2157,3.2157,3.2157,2.8145,2.164,2.9453,2.7275,2.492,2.2969,2.1374,1.9871,1.8523,1.7169,1.5784,1.4398,1.301,1.1621,1.0232,0.8842,0.7453,0.6064
3.222,3.222,3.222,3.222,3.222,3.222,3.222,3.222,3.222,3.222,3.222,3.222,3.222,3.222,3.222,3.222,2.0312,2.6197,3.2081,2.9871,2.699,2.4109,2.1227,1.8345,1.5462,1.258
2.0419,2.1477,2.2548,2.3635,2.4728,2.5841,2.6953,2.8068,2.9183,3.0298,2.3641,1.3524,1.3227,1.4366,1.5297,1.6175,1.6962,1.7753,1.8561,1.937,2.0181,2.0992,2.1803,2.2614,2.3426,2.4237
3.2347,3.2347,3.2347,3.2347,3.2347,3.2347,3.2347,3.2347,3.2347,3.2347,3.1855,3.079,1.301,1.1234,1.0454,0.9719,0.9059,0.8397,0.772,0.7042,0.6363,0.5684,0.5004,0.4325,0.3645,0.2966
2.685,2.8241,2.965,3.1079,3.2411,3.2411,3.2411,3.2411,3.2411,3.2411,3.2411,3.2411,3.2411,3.2411,1.0984,1.802,2.2304,2.3344,2.4407,2.5471,2.6537,2.7604,2.867,2.9737,3.0804,3.187
3.2476,3.2476,3.2476,3.2476,3.2476,3.2476,3.2476,3.0266,2.4584,3.2476,3.2476,3.2476,3.2476,3.2476,3.2476,3.2476,3.2476,3.2476,3.2476,3.2476,3.2476,3.2476,3.2476,3.2476,3.2476,3.2476
3.254,3.254,3.254,3.254,3.254,3.254,3.254,3.254,3.254,3.254,3.254,3.254,3.254,3.254,1.1921,1.3345,1.244,1.1531,1.06,0.967,0.8737,0.7805,0.6872,0.5939,0.5006,0.4073
1.6879,1.7754,1.8639,1.9538,2.0442,2.1361,2.2281,2.3202,2.4124,2.5046,2.5967,2.7018,2.8155,1.1875,1.2645,1.3371,1.4022,1.4675,1.5344,1.6012,1.6683,1.7353,1.8023,1.8694,1.9365,2.0035
3.267,3.267,3.267,3.267,3.267,3.267,3.267,3.267,3.267,2.8736,2.0099,1.1498,1.5909,1.4664,1.3645,1.2686,1.1825,1.0961,1.0076,0.9192,0.8306,0.7419,0.6532,0.5645,0.4758,0.3871
3.2735,3.2735,3.2735,3.2735,3.2735,3.2735,3.2735,3.2735,3.2735,3.2735,3.2735,3.2735,3.2735,3.2735,3.2735,3.2735,3.2735,3.2735,3.2735,3.2735,3.2735,3.2735,3.2735,3.2735,3.2735,3.2735
2.8699,3.0186,3.1692,3.2801,3.2801,3.2801,3.2801,3.2801,3.0211,2.3229,1.6247,0.9294,1.8591,2.0191,2.1501,2.2734,2.3841,2.4952,2.6088,2.7225,2.8365,2.9505,3.0645,3.1785,3.2801,3.2801
3.2867,3.2867,3.2867,3.2867,3.2867,3.2867,3.2867,3.2867,3.2867,3.2867,3.1999,3.0929,2.9772,1.1285,1.0501,0.9762,0.91,0.8435,0.7754,0.7074,0.6392,0.5709,0.5027,0.4344,0.3662,0.2979
1.9606,2.0622,2.165,2.2694,2.3744,2.4812,2.588,2.6951,2.8021,2.9092,3.0162,3.1383,3.2704,0.7126,1.4688,1.5531,1.6287,1.7046,1.7822,1.8599,1.9378,2.0156,2.0935,2.1714,2.2493,2.3272
3.2999,3.2999,3.2999,3.2999,3.2999,3.2999,3.2999,3.2999,3.2999,3.2999,3.2999,3.2999,3.2999,3.2999,3.2999,3.2999,3.1181,2.8902,2.657,2.4239,2.1901,1.9563,1.7224,1.4886,1.2547,1.0208
3.3066,3.3066,3.3066,3.3066,3.3066,3.3066,3.3066,3.3066,3.3066,3.3066,3.3066,3.3066,3.3066,3.3066,1.0427,1.5466,2.0371,1.8882,1.7359,1.5835,1.4308,1.2781,1.1253,0.9725,0.8197,0.6669
1.8058,1.8994,1.9941,2.0902,2.1869,2.2853,2.3837,2.4823,2.5809,2.6795,2.7781,2.0373,0.5556,1.2705,1.3529,1.4305,1.5001,1.57,1.6415,1.7131,1.7848,1.8565,1.9282,2.0,2.0717,2.1435
3.32,3.32,3.32,3.32,3.32,3.32,3.32,3.32,3.32,3.32,3.32,2.1032,0.669,1.1796,1.0977,1.0205,0.9512,0.8817,0.8106,0.7394,0.6681,0.5968,0.5255,0.4541,0.3828,0.3114
3.3267,3.3267,3.3267,3.3267,3.3267,3.3267,3.3267,3.3267,3.3267,3.3267,3.3267,3.3267,3.3267,3.3267,3.3267,3.3267,2.1872,2.821,3.3267,3.3267,3.3267,3.3267,3.3267,3.3267,3.3267,3.3267
3.3335,3.3335,3.3335,3.3335,3.3335,3.3335,3.3335,3.1155,2.5306,1.9458,1.3609,3.3335,3.3335,3.3335,3.3335,3.3335,3.3335,3.3335,3.3335,3.3335,3.3335,3.3335,3.3335,3.3335,3.3335,3.3335
3.3403,3.3403,3.3403,3.3403,3.3403,3.3403,3.3403,3.3403,3.3403,3.3403,3.3403,3.3403,3.3403,0.6231,1.2024,1.1178,1.042,0.9658,0.8879,0.81,0.7319,0.6537,0.5756,0.4974,0.4193,0.3411
1.7043,1.7926,1.882,1.9727,2.064,2.1568,2.2497,2.3427,2.4358,2.5289,2.6219,2.7281,2.8429,1.199,1.2768,1.3501,1.4158,1.4817,1.5493,1.6168,1.6844,1.7521,1.8198,1.8875,1.9552,2.023
3.3539,3.3539,3.3539,3.3539,3.3539,3.3539,3.3539,3.3539,3.0286,2.3287,1.6288,2.1856,1.9968,1.8405,1.7127,1.5922,1.4842,1.3757,1.2647,1.1537,1.0425,0.9312,0.8199,0.7085,0.5972,0.4859
3.3608,3.3608,3.3608,3.3608,3.3608,3.3608,3.3608,3.3608,3.3608,3.3608,3.3608,3.3608,3.3608,3.3608,3.3608,3.3608,3.3608,2.5274,3.095,3.3608,3.3608,3.3608,3.3608,3.3608,3.3608,2.8498
2.2366,2.3526,2.4699,2.5889,2.7087,2.8306,2.9525,3.0746,3.1967,2.8067,1.9631,1.123,1.4489,1.5736,1.6756,1.7718,1.858,1.9446,2.0332,2.1218,2.2106,2.2994,2.3883,2.4772,2.566,2.6549
3.3747,3.3747,3.3747,3.3747,3.3747,3.3747,3.3747,3.3747,3.2927,3.2015,3.1103,3.0063,2.8939,1.0969,1.0207,0.9489,0.8845,0.8199,0.7537,0.6876,0.6213,0.555,0.4886,0.4223,0.3559,0.2896
2.2935,2.4124,2.5327,2.6548,2.7776,2.9026,3.0276,3.1528,3.278,3.3816,3.3816,3.3816,3.3816,3.3816,1.1939,1.8169,1.9053,1.9941,2.0849,2.1758,2.2669,2.358,2.4491,2.5402,2.6313,2.7224
3.3886,3.3886,3.3886,3.3886,3.3886,3.3886,3.3886,3.3886,3.3886,3.3886,3.3886,3.3886,3.3886,3.3886,3.3886,3.3886,3.3886,3.3886,3.3886,3.3886,3.3886,3.3886,3.3886,3.3886,3.3886,3.3886
3.3956,3.3956,3.3956,3.3956,3.3956,3.3956,3.3956,3.3956,3.3956,3.3956,3.3956,3.3956,3.3956,3.3956,1.0424,1.5282,1.4245,1.3204,1.2139,1.1073,1.0005,0.8937,0.7869,0.68,0.5732,0.4664
1.6875,1.775,1.8635,1.9534,2.0437,2.1357,2.2276,2.3198,2.4119,2.5041,2.5962,2.7013,1.1815,1.1873,1.2643,1.3368,1.4019,1.4672,1.5341,1.6009,1.6679,1.7349,1.802,1.869,1.9361,2.0031
3.4098,3.4098,3.4098,3.4098,3.4098,3.4098,3.4098,3.4098,3.4098,3.3881,2.3697,1.3556,1.4192,1.3081,1.2173,1.1316,1.0549,0.9778,0.8989,0.82,0.7409,0.6618,0.5827,0.5036,0.4245,0.3453
3.4169,3.4169,3.4169,3.4169,3.4169,3.4169,3.4169,3.4169,3.4169,3.4169,3.4169,3.4169,3.4169,3.4169,3.4169,3.4169,3.4169,3.4169,3.4169,3.4169,3.4169,3.4169,3.4169,3.4169,3.4169,3.4169
3.424,3.424,3.424,3.424,3.424,3.424,3.424,3.3762,2.7424,2.1086,1.4749,0.8438,2.2744,2.4702,2.6304,2.7814,2.9167,3.0526,3.1917,3.3308,3.424,3.424,3.424,3.424,3.424,3.424
3.4312,3.4312,3.4312,3.4312,3.4312,3.4312,3.4312,3.4312,3.4312,3.3746,3.2785,3.1689,3.0503,0.7757,1.0759,1.0002,0.9324,0.8642,0.7945,0.7248,0.6549,0.585,0.515,0.4451,0.3752,0.3052
1.8078,1.9015,1.9963,2.0925,2.1894,2.2878,2.3863,2.485,2.5837,2.6825,2.7812,2.8937,3.0155,0.657,1.3544,1.4321,1.5018,1.5717,1.6434,1.715,1.7867,1.8585,1.9304,2.0022,2.074,2.1458
3.4456,3.4456,3.4456,3.4456,3.4456,3.4456,3.4456,3.2558,2.6446,3.4456,3.4034,3.1518,2.8796,2.6542,2.4699,2.2962,2.1404,1.984,1.8239,1.6638,1.5034,1.3429,1.1823,1.0218,0.8613,0.7007
3.4529,3.4529,3.4529,3.4529,3.4529,3.4529,3.4529,3.4529,3.4529,3.4529,3.4529,3.4529,3.4529,3.4529,3.4529,1.4466,2.0369,2.6027,2.3927,2.1827,1.9722,1.7617,1.5511,1.3405,1.1299,0.9192
1.9007,1.9993,2.099,2.2001,2.3019,2.4055,2.5091,2.6128,2.7166,2.8204,2.6491,1.5154,0.5848,1.3373,1.424,1.5057,1.579,1.6526,1.7279,1.8032,1.8786,1.9541,2.0296,2.1051,2.1807,2.2562
3.4675,3.4675,3.4675,3.4675,3.4675,3.4675,3.4675,3.4494,3.3564,3.2635,3.1705,3.0645,0.8223,1.1181,1.0404,0.9673,0.9017,0.8357,0.7683,0.7009,0.6333,0.5657,0.4981,0.4304,0.3628,0.2952
2.94,3.0924,3.2466,3.4031,3.4749,3.4749,3.4749,3.4749,3.4749,3.4749,3.4749,3.4749,3.4749,3.4749,3.4749,1.66,2.3374,2.5561,2.6726,2.7891,2.9058,3.0226,3.1394,3.2562,3.373,3.4749
3.4823,3.4823,3.4823,3.4823,3.4823,3.4823,3.4823,2.9905,2.4291,1.8677,3.4823,3.4823,3.4823,3.4823,3.4823,3.4823,3.4823,3.4823,3.4823,3.4823,3.4823,3.4823,3.4823,3.4823,3.4823,3.4823
3.4897,3.4897,3.4897,3.4897,3.4897,3.4897,3.4897,3.4897,3.4897,3.4897,3.4897,3.4897,3.4897,3.4897,1.2819,1.2148,1.1324,1.0496,0.9649,0.8802,0.7953,0.7104,0.6255,0.5406,0.4556,0.3707
1.6559,1.7417,1.8286,1.9167,2.0054,2.0956,2.1859,2.2763,2.3667,2.4571,2.5475,2.6507,2.7622,1.165,1.2406,1.3118,1.3756,1.4397,1.5053,1.5709,1.6366,1.7024,1.7682,1.834,1.8998,1.9656
3.5046,3.5046,3.5046,3.5046,3.5046,3.5046,3.5046,3.5046,3.3546,2.5793,1.8041,1.0404,1.6855,1.5536,1.4457,1.344,1.2528,1.1613,1.0676,0.9739,0.88,0.786,0.6921,0.5981,0.5041,0.4101
3.5121,3.5121,3.5121,3.5121,3.5121,3.5121,3.5121,3.5121,3.5121,3.5121,3.5121,3.5121,3.5121,3.5121,3.5121,3.5121,3.5121,3.5121,3.5121,3.5121,3.5121,3.5121,3.5121,3.5121,3.5121,3.5121
2.5328,2.6641,2.7969,2.9318,3.0674,3.2054,3.3434,3.4817,3.1608,2.4303,1.6998,0.9724,1.6407,1.782,1.8975,2.0064,2.104,2.2021,2.3024,2.4028,2.5033,2.6039,2.7046,2.8052,2.9058,3.0064
3.5272,3.5272,3.5272,3.5272,3.5272,3.5272,3.4574,3.3667,3.276,3.1853,3.0946,2.9911,2.8792,1.0913,1.0155,0.9441,0.8801,0.8157,0.7499,0.6841,0.6181,0.5521,0.4861,0.4201,0.3541,0.2881
2.029,2.1342,2.2406,2.3486,2.4573,2.5678,2.6784,2.7892,2.8999,3.0107,3.1215,3.2479,3.3846,3.4977,1.3884,1.6073,1.6855,1.7641,1.8445,1.9248,2.0054,2.086,2.1666,2.2472,2.3278,2.4084
3.5425,3.5425,3.5425,3.5425,3.5425,3.5425,3.5425,3.5425,3.5425,3.5425,3.5425,3.5425,3.5425,3.5425,3.5425,3.5425,3.5425,3.5425,3.5425,3.3024,2.984,2.6654,2.3468,2.0281,1.7095,1.3908
3.5502,3.5502,3.5502,3.5502,3.5502,3.5502,3.5502,3.5502,3.5502,3.5502,3.5502,3.5502,3.5502,3.5502,0.9395,1.5852,1.7118,1.5867,1.4587,1.3307,1.2023,1.074,0.9456,0.8172,0.6888,0.5604
1.72,1.8092,1.8994,1.9909,2.0831,2.1768,2.2705,2.3644,2.4583,2.5522,2.6462,2.5344,0.6437,1.2101,1.2886,1.3625,1.4288,1.4954,1.5636,1.6317,1.7,1.7683,1.8366,1.905,1.9733,2.0416
3.5656,3.5656,3.5656,3.5656,3.5656,3.5656,3.5656,3.5656,3.5656,3.4978,2.9718,1.7,0.6797,1.1984,1.1152,1.0367,0.9664,0.8958,0.8235,0.7512,0.6788,0.6063,0.5338,0.4613,0.3889,0.3164
3.5734,3.5734,3.5734,3.5734,3.5734,3.5734,3.5734,3.5734,3.5734,3.5734,3.5734,3.5734,3.5734,3.5734,3.5734,3.5734,2.1639,2.6649,3.2634,3.5734,3.5734,3.5734,3.5734,3.5734,3.5734,3.5734
3.5812,3.5812,3.5812,3.5812,3.5812,3.5812,3.5812,3.1394,2.5501,1.9607,1.3714,2.7102,3.0247,3.2851,3.4982,3.5812,3.5812,3.5812,3.5812,3.5812,3.5812,3.5812,3.5812,3.5812,3.5812,3.5812
3.589,3.589,3.589,3.589,3.589,3.589,3.589,3.589,3.589,3.5308,3.4303,3.3156,3.1915,0.5833,1.1257,1.0465,0.9755,0.9042,0.8313,0.7583,0.6852,0.612,0.5389,0.4657,0.3925,0.3194
1.7042,1.7925,1.8819,1.9726,2.0639,2.1568,2.2496,2.3427,2.4357,2.5288,2.6218,2.7279,2.8427,0.9393,1.2767,1.35,1.4157,1.4817,1.5492,1.6167,1.6844,1.7521,1.8198,1.8875,1.9552,2.0229
3.6048,3.6048,3.6048,3.6048,3.6048,3.6048,3.6048,3.4563,2.8075,2.1587,1.5582,2.4204,2.2113,2.0383,1.8967,1.7633,1.6437,1.5235,1.4006,1.2777,1.1545,1.0312,0.9079,0.7847,0.6614,0.5381
3.6128,3.6128,3.6128,3.6128,3.6128,3.6128,3.6128,3.6128,3.6128,3.6128,3.6128,3.6128,3.6128,3.6128,3.6128,3.6128,1.9451,2.5087,3.0722,3.6128,3.3242,2.9693,2.6144,2.2594,1.9044,1.5494
2.0503,2.1565,2.2641,2.3732,2.483,2.5947,2.7064,2.8184,2.9303,3.0423,2.1305,1.2188,1.3281,1.4425,1.536,1.6241,1.7032,1.7826,1.8638,1.945,2.0264,2.1078,2.1893,2.2707,2.3522,2.4336
3.6288,3.6288,3.6288,3.6288,3.604,3.5143,3.4247,3.3348,3.245,3.1551,3.0652,2.9627,1.9191,1.081,1.0059,0.9352,0.8717,0.808,0.7428,0.6776,0.6123,0.5469,0.4815,0.4161,0.3508,0.2854
2.449,2.576,2.7044,2.8348,2.966,3.0994,3.2328,3.3665,3.5002,3.634,3.6368,3.6368,3.6368,3.6368,1.0804,1.8229,2.0344,2.1293,2.2263,2.3233,2.4205,2.5178,2.6151,2.7124,2.8097,2.907
3.6449,3.6449,3.6449,3.6449,3.6449,3.6449,3.4753,2.9261,3.6449,3.6449,3.6449,3.6449,3.6449,3.6449,3.6449,3.6449,3.6449,3.6449,3.6449,3.6449,3.6449,3.6449,3.6449,3.6449,3.6449,3.6449
3.6531,3.6531,3.6531,3.6531,3.6531,3.6531,3.6531,3.6531,3.6531,3.6531,3.6531,3.6531,3.6531,3.6531,1.0981,1.3617,1.2693,1.1765,1.0816,0.9867,0.8915,0.7963,0.7011,0.6059,0.5107,0.4155
1.6395,1.7245,1.8105,1.8977,1.9855,2.0749,2.1642,2.2537,2.3432,2.4327,2.5223,2.6244,2.3792,1.1535,1.2283,1.2987,1.3619,1.4254,1.4904,1.5553,1.6204,1.6855,1.7507,1.8158,1.8809,1.9461
3.6694,3.6694,3.6694,3.6694,3.6694,3.6694,3.6694,3.6694,3.6694,2.9622,2.0718,1.1852,1.4777,1.3621,1.2675,1.1783,1.0984,1.0181,0.936,0.8538,0.7715,0.6891,0.6067,0.5244,0.442,0.3596
3.6777,3.6777,3.6777,3.6777,3.6777,3.6777,3.6777,3.6777,3.6777,3.6777,3.6777,3.6777,3.6777,3.6777,3.6777,3.6777,3.6777,3.6777,3.6777,3.6777,3.6777,3.6777,3.6777,3.6777,3.6777,3.6777
2.996,3.1513,3.3084,3.4679,3.6283,3.6859,3.6859,3.4798,2.8265,2.1733,1.5201,0.8696,1.9407,2.1078,2.2445,2.3733,2.4888,2.6048,2.7235,2.8421,2.9611,3.0801,3.1991,3.3181,3.4372,3.5562
3.6943,3.6943,3.6943,3.6943,3.6895,3.5977,3.5059,3.4139,3.322,3.2299,3.1379,3.033,2.9196,1.0016,1.0298,0.9573,0.8924,0.8272,0.7604,0.6937,0.6268,0.5599,0.493,0.426,0.3591,0.2921
1.8461,1.9419,2.0387,2.1369,2.2358,2.3364,2.437,2.5378,2.6386,2.7394,2.8402,2.9552,3.0795,0.671,1.3831,1.4625,1.5336,1.6051,1.6782,1.7514,1.8247,1.898,1.9713,2.0447,2.118,2.1914
3.711,3.711,3.711,3.711,3.711,3.711,3.6716,3.711,3.711,3.711,3.711,3.711,3.4752,3.2032,2.9808,2.7711,2.5831,2.3943,2.2011,2.008,1.8143,1.6206,1.4269,1.2332,1.0394,0.8457
3.7194,3.7194,3.7194,3.7194,3.7194,3.7194,3.7194,3.7194,3.7194,3.7194,3.7194,3.7194,3.7194,3.7194,3.7194,1.4649,2.0626,2.0486,1.8833,1.718,1.5523,1.3866,1.2208,1.0551,0.8893,0.7235
1.7892,1.882,1.9758,2.0711,2.1669,2.2644,2.3619,2.4596,2.5573,2.655,2.7527,1.7517,0.5505,1.2588,1.3405,1.4174,1.4864,1.5556,1.6265,1.6974,1.7684,1.8395,1.9106,1.9817,2.0527,2.1238
3.7364,3.7364,3.7364,3.7364,3.7364,3.652,3.5588,3.4655,3.3721,3.2787,3.1853,2.3579,0.6371,1.1233,1.0453,0.9718,0.9059,0.8396,0.7719,0.7042,0.6362,0.5683,0.5004,0.4324,0.3645,0.2966
3.297,3.468,3.6409,3.7449,3.7449,3.7449,3.7449,3.7449,3.7449,3.7449,3.7449,3.7449,3.7449,3.7449,3.7449,1.548,2.1796,2.8112,2.9972,3.1278,3.2587,3.3896,3.5206,3.6516,3.7449,3.7449
3.7535,3.7535,3.7535,3.7535,3.7535,3.7535,3.5418,2.982,2.4222,1.8624,1.3026,3.7535,3.7535,3.7535,3.7535,3.7535,3.7535,3.7535,3.7535,3.7535,3.7535,3.7535,3.7535,3.7535,3.7535,3.7535
3.7621,3.7621,3.7621,3.7621,3.7621,3.7621,3.7621,3.7621,3.7621,3.7621,3.674,3.5512,3.4183,0.6248,1.2057,1.1209,1.0448,0.9685,0.8903,0.8122,0.7339,0.6555,0.5772,0.4988,0.4204,0.3421
1.6392,1.7242,1.8102,1.8974,1.9852,2.0745,2.1638,2.2533,2.3428,2.4323,2.5219,2.6239,2.7344,1.1533,1.2281,1.2985,1.3617,1.4252,1.4901,1.5551,1.6201,1.6853,1.7504,1.8155,1.8806,1.9457
3.7795,3.7795,3.7795,3.7795,3.7795,3.7795,3.7795,3.765,3.0582,2.3515,1.6447,1.9865,1.8149,1.6729,1.5567,1.4472,1.349,1.2504,1.1495,1.0486,0.9475,0.8464,0.7452,0.644,0.5428,0.4416
3.7882,3.7882,3.7882,3.7882,3.7882,3.7882,3.7882,3.7882,3.7882,3.7882,3.7882,3.7882,3.7882,3.7882,3.7882,3.7882,3.7882,3.7882,3.7882,3.5396,3.7882,3.7882,3.7882,3.7882,3.7882,3.7882
2.2766,2.3946,2.514,2.6352,2.7571,2.8812,3.0052,3.1295,3.2538,2.5787,1.8036,1.0318,1.4747,1.6017,1.7056,1.8035,1.8912,1.9794,2.0695,2.1597,2.2501,2.3405,2.431,2.5214,2.6119,2.7023
3.8058,3.8058,3.7239,3.6376,3.5507,3.4624,3.3741,3.2855,3.197,3.1085,3.0199,2.919,2.8097,1.065,0.991,0.9213,0.8588,0.7961,0.7318,0.6676,0.6032,0.5388,0.4744,0.41,0.3456,0.2812
2.1262,2.2365,2.348,2.4611,2.575,2.6909,2.8067,2.9228,3.0389,3.155,3.2711,3.4035,3.5467,3.6653,1.2267,1.6843,1.7663,1.8486,1.9328,2.0171,2.1015,2.1859,2.2704,2.3549,2.4394,2.5238
3.8236,3.8236,3.8236,3.8236,3.8236,3.8236,3.8236,3.8236,3.8236,3.8236,3.8236,3.8236,3.8236,3.8236,3.8236,3.8236,3.8236,3.8236,3.8236,3.8236,3.8236,3.8236,3.8213,3.3025,2.7836,2.2647
3.8325,3.8325,3.8325,3.8325,3.8325,3.8325,3.8325,3.8325,3.8325,3.8325,3.8325,3.8325,3.8325,3.8325,0.9739,1.5881,1.4804,1.3722,1.2615,1.1507,1.0398,0.9288,0.8177,0.7067,0.5957,0.4846
1.654,1.7398,1.8265,1.9146,2.0032,2.0933,2.1834,2.2737,2.364,2.4544,2.5447,2.6477,0.8731,1.1637,1.2392,1.3103,1.374,1.4381,1.5036,1.5691,1.6348,1.7005,1.7662,1.8319,1.8976,1.9634
3.8505,3.8505,3.8505,3.8505,3.8505,3.8505,3.8505,3.7956,3.6934,3.5718,2.4982,1.4291,1.3348,1.2303,1.1449,1.0644,0.9922,0.9196,0.8454,0.7712,0.6969,0.6225,0.5481,0.4736,0.3992,0.3248
3.8596,3.8596,3.8596,3.8596,3.8596,3.8596,3.8596,3.8596,3.8596,3.8596,3.8596,3.8596,3.8596,3.8596,3.8596,3.8596,3.8596,3.8596,3.1169,3.6849,3.8596,3.8596,3.8596,3.8596,3.8596,3.8596
3.7726,3.8687,3.8687,3.8687,3.8687,3.8687,3.7947,3.1949,2.5952,1.9954,1.3956,0.9066,2.4438,2.6542,2.8263,2.9885,3.1339,3.28,3.4294,3.5789,3.7287,3.8687,3.8687,3.8687,3.8687,3.8687
3.8779,3.8779,3.8779,3.8779,3.8165,3.7215,3.6266,3.5314,3.4363,3.3411,3.2459,3.1374,3.02,0.6579,1.0652,0.9903,0.9231,0.8556,0.7866,0.7176,0.6484,0.5791,0.5099,0.4407,0.3714,0.3022
1.7203,1.8094,1.8997,1.9912,2.0834,2.1771,2.2708,2.3647,2.4587,2.5526,2.6466,2.7537,2.8696,0.7142,1.2888,1.3627,1.4291,1.4957,1.5638,1.6319,1.7003,1.7686,1.8369,1.9053,1.9736,2.042
3.8963,3.8963,3.8963,3.8963,3.8963,3.8963,3.8497,3.2412,2.6328,2.0243,2.9728,2.753,2.5153,2.3184,2.1574,2.0057,1.8696,1.7329,1.5931,1.4533,1.3131,1.173,1.0327,0.8925,0.7523,0.6121
3.9056,3.9056,3.9056,3.9056,3.9056,3.9056,3.9056,3.9056,3.9056,3.9056,3.9056,3.9056,3.9056,3.9056,3.9056,1.3924,1.9484,2.513,2.7548,2.513,2.2707,2.0283,1.7858,1.5433,1.3009,1.0584
1.9035,2.0022,2.1021,2.2034,2.3053,2.409,2.5128,2.6167,2.7206,2.8246,2.3615,1.3509,1.2331,1.3393,1.4261,1.5079,1.5813,1.655,1.7304,1.8058,1.8814,1.957,2.0326,2.1083,2.1839,2.2595
3.9243,3.8442,3.7584,3.6712,3.5836,3.4944,3.4053,3.3159,3.2266,3.1372,3.0479,2.946,1.0225,1.0749,1.0002,0.9299,0.8668,0.8034,0.7386,0.6738,0.6088,0.5438,0.4788,0.4138,0.3488,0.2838
2.6609,2.7989,2.9384,3.0801,3.2226,3.3676,3.5126,3.6579,3.8031,3.9337,3.9337,3.9337,3.9337,3.9337,1.0885,1.6735,2.2105,2.3135,2.4189,2.5243,2.63,2.7357,2.8414,2.9471,3.0528,3.1585
3.9432,3.9432,3.9432,3.9432,3.9432,3.9432,3.4309,2.8886,2.3464,3.9432,3.9432,3.9432,3.9432,3.9432,3.9432,3.9432,3.9432,3.9432,3.9432,3.9432,3.9432,3.9432,3.9432,3.9432,3.9432,3.9432
3.9527,3.9527,3.9527,3.9527,3.9527,3.9527,3.9527,3.9527,3.9527,3.9527,3.9527,3.9089,3.7626,3.6415,1.1741,1.2338,1.1501,1.066,0.98,0.894,0.8078,0.7216,0.6353,0.549,0.4628,0.3765
1.607,1.6903,1.7746,1.8601,1.9462,2.0338,2.1213,2.2091,2.2968,2.3846,2.4723,2.5724,2.6806,1.1306,1.2039,1.273,1.335,1.3972,1.4608,1.5245,1.5883,1.6521,1.716,1.7798,1.8437,1.9075
3.9719,3.9719,3.9719,3.9719,3.9719,3.9719,3.9719,3.9719,3.4367,2.6425,1.8482,1.0573,1.5589,1.4369,1.3371,1.2431,1.1587,1.074,0.9874,0.9007,0.8139,0.727,0.6401,0.5532,0.4663,0.3793
3.9815,3.9815,3.9815,3.9815,3.9815,3.9815,3.9815,3.9815,3.9815,3.9815,3.9815,3.9815,3.9815,3.9815,3.9815,3.9815,3.9815,3.9815,3.9815,3.9815,3.9815,3.9815,3.9815,3.9815,3.9815,3.9815
2.6217,2.7577,2.8951,3.0347,3.1751,3.318,3.4608,3.604,2.9476,2.2664,1.5852,0.9068,1.6983,1.8445,1.9642,2.0769,2.1779,2.2794,2.3833,2.4871,2.5912,2.6954,2.7995,2.9037,3.0078,3.112
3.9078,3.8235,3.7381,3.6515,3.5643,3.4756,3.3869,3.2981,3.2092,3.1203,3.0315,2.9301,2.8205,1.0691,0.9948,0.9249,0.8621,0.7991,0.7346,0.6702,0.6055,0.5409,0.4762,0.4116,0.3469,0.2822
1.9057,2.0045,2.1045,2.2059,2.308,2.4118,2.5157,2.6197,2.7238,2.8278,2.9319,3.0506,3.1789,3.2852,1.4277,1.5097,1.5831,1.6569,1.7324,1.8079,1.8836,1.9593,2.035,2.1107,2.1864,2.2621
4.0206,4.0206,4.0206,4.0206,4.0206,4.0206,4.0206,4.0206,4.0206,4.0206,4.0206,4.0206,4.0206,4.0206,3.8388,3.5689,3.3267,3.0836,2.8348,2.586,2.3366,2.0872,1.8377,1.5881,1.3386,1.0891
4.0305,4.0305,4.0305,4.0305,4.0305,4.0305,4.0305,4.0305,4.0305,4.0305,4.0305,4.0305,4.0305,4.0305,0.9339,1.4984,1.8246,1.6913,1.5548,1.4184,1.2816,1.1448,1.0079,0.8711,0.7342,0.5973
1.7016,1.7898,1.8791,1.9696,2.0608,2.1535,2.2462,2.3391,2.432,2.5249,2.6179,2.1123,0.5365,1.1972,1.2748,1.348,1.4136,1.4794,1.5468,1.6142,1.6818,1.7494,1.817,1.8846,1.9522,2.0198
4.0504,4.0504,3.9839,3.8916,3.7987,3.7041,3.6096,3.5149,3.4202,3.3255,3.2308,1.8535,0.6462,1.1394,1.0602,0.9857,0.9188,0.8516,0.7829,0.7142,0.6453,0.5764,0.5075,0.4386,0.3697,0.3008
3.8115,4.0091,4.0605,4.0605,4.0605,4.0605,4.0605,4.0605,4.0605,4.0605,4.0605,4.0605,4.0605,4.0605,4.0605,4.0605,2.055,2.6504,3.2457,3.6158,3.7672,3.9185,4.0605,4.0605,4.0605,4.0605
4.0706,4.0706,4.0706,4.0706,4.0706,4.0706,3.5641,3.0008,2.4375,1.8742,1.3108,3.0559,3.4106,3.7042,3.9444,4.0706,4.0706,4.0706,4.0706,4.0706,4.0706,4.0706,4.0706,4.0706,4.0706,4.0706
4.0807,4.0807,4.0807,4.0807,4.0343,3.9339,3.8335,3.7329,3.6324,3.5318,3.4312,3.3165,3.1924,0.5835,1.126,1.0468,0.9758,0.9045,0.8315,0.7585,0.6854,0.6122,0.539,0.4658,0.3926,0.3194
1.6372,1.7221,1.808,1.8951,1.9828,2.072,2.1612,2.2506,2.34,2.4294,2.5188,2.6207,2.731,1.1207,1.2266,1.2969,1.3601,1.4235,1.4883,1.5532,1.6182,1.6832,1.7482,1.8133,1.8783,1.9434
4.1011,4.1011,4.1011,4.1011,4.1011,4.1011,4.1011,3.479,2.8259,2.1728,1.5197,2.1797,1.9915,1.8356,1.7081,1.588,1.4802,1.372,1.2613,1.1506,1.0397,0.9287,0.8177,0.7066,0.5956,0.4846
4.1114,4.1114,4.1114,4.1114,4.1114,4.1114,4.1114,4.1114,4.1114,4.1114,4.1114,4.1114,4.1114,4.1114,4.1114,4.1114,4.1114,2.4218,2.9658,3.5097,4.0536,3.9854,3.509,3.0326,2.5561,2.0796
2.0782,2.1859,2.2949,2.4055,2.5169,2.6301,2.7433,2.8568,2.9702,2.7798,1.9443,1.1122,1.3462,1.4621,1.5569,1.6463,1.7264,1.8069,1.8892,1.9715,2.054,2.1366,2.2191,2.3017,2.3843,2.4668
3.8325,3.7498,3.6661,3.5811,3.4956,3.4087,3.3217,3.2345,3.1474,3.0602,2.973,2.8737,2.7661,1.0485,0.9756,0.907,0.8455,0.7837,0.7205,0.6572,0.5939,0.5305,0.467,0.4036,0.3402,0.2768
2.2589,2.376,2.4945,2.6147,2.7357,2.8588,2.9819,3.1052,3.2285,3.3519,3.4752,3.6159,3.7681,3.8941,1.1039,1.7894,1.8765,1.964,2.0535,2.1429,2.2326,2.3224,2.4121,2.5018,2.5916,2.6813
4.1531,4.1531,4.1531,4.1531,4.1531,4.1531,4.1531,4.1531,4.1531,4.1531,4.1531,4.1531,4.1531,4.1531,4.1531,4.1531,4.1531,4.1531,4.1531,4.1531,4.1531,4.1531,4.1531,4.1531,4.1531,4.1531
4.1637,4.1637,4.1637,4.1637,4.1637,4.1637,4.1637,4.1637,4.1637,4.1637,4.1637,4.1637,4.1637,4.1456,1.0219,1.4046,1.3093,1.2136,1.1157,1.0177,0.9196,0.8214,0.7232,0.625,0.5268,0.4286
1.6051,1.6883,1.7725,1.8579,1.9439,2.0313,2.1188,2.2064,2.2941,2.3817,2.4694,2.5693,1.4029,1.1293,1.2025,1.2715,1.3334,1.3955,1.4591,1.5227,1.5864,1.6502,1.7139,1.7777,1.8415,1.9052
4.1849,4.1849,4.1849,4.1849,4.1849,4.1524,4.0464,3.9403,3.8341,3.0908,2.1618,1.2367,1.3857,1.2772,1.1885,1.1049,1.03,0.9547,0.8777,0.8006,0.7234,0.6462,0.569,0.4917,0.4144,0.3372
4.1956,4.1956,4.1956,4.1956,4.1956,4.1956,4.1956,4.1956,4.1956,4.1956,4.1956,4.1956,4.1956,4.1956,4.1956,4.1956,4.1956,4.1956,4.1956,4.1956,4.1956,4.1956,4.1956,4.1956,4.1956,4.1956
3.1718,3.3363,3.5026,3.6714,3.8413,4.0141,3.9016,3.285,2.6683,2.0516,1.435,0.8209,2.0547,2.2316,2.3763,2.5126,2.6349,2.7577,2.8833,3.009,3.1349,3.2609,3.3869,3.5129,3.6389,3.765
3.9987,3.9124,3.825,3.7364,3.6472,3.5564,3.4657,3.3748,3.2838,3.1929,3.1019,2.9982,2.886,0.8158,1.0179,0.9464,0.8822,0.8177,0.7517,0.6857,0.6196,0.5535,0.4873,0.4211,0.355,0.2888
1.7533,1.8442,1.9362,2.0295,2.1234,2.219,2.3145,2.4102,2.5059,2.6017,2.6974,2.8066,2.9247,0.6373,1.3136,1.3889,1.4565,1.5244,1.5939,1.6633,1.7329,1.8026,1.8722,1.9419,2.0115,2.0812
4.2391,4.2391,4.2391,4.2391,4.2391,4.2249,3.6483,3.0716,2.5421,3.7292,3.5021,3.2432,2.9631,2.7312,2.5415,2.3628,2.2025,2.0415,1.8768,1.7121,1.547,1.3818,1.2166,1.0514,0.8862,0.721
4.2501,4.2501,4.2501,4.2501,4.2501,4.2501,4.2501,4.2501,4.2501,4.2501,4.2501,4.2501,4.2501,4.2501,4.2501,1.399,1.9698,2.2729,2.0895,1.9062,1.7223,1.5385,1.3546,1.1706,0.9867,0.8028
1.7876,1.8803,1.9741,2.0692,2.165,2.2624,2.3598,2.4574,2.555,2.6526,2.687,1.5371,0.55,1.2577,1.3393,1.4161,1.485,1.5542,1.6251,1.6959,1.7669,1.8379,1.9089,1.9799,2.0509,2.1219
3.9418,3.8567,3.7706,3.6832,3.5952,3.5058,3.4164,3.3267,3.2371,3.1474,3.0578,2.732,0.6939,1.0784,1.0035,0.9329,0.8696,0.806,0.741,0.676,0.6108,0.5456,0.4804,0.4151,0.3499,0.2847
2.9516,3.1046,3.2594,3.4165,3.5746,3.7354,3.8962,4.0574,4.2185,4.2834,4.2834,4.2834,4.2834,4.2834,4.2834,1.5559,2.1907,2.5662,2.6831,2.8,2.9172,3.0345,3.1517,3.269,3.3862,3.5035
4.2946,4.2946,4.2946,4.2946,4.2946,3.9568,3.4168,2.8767,2.3367,1.7967,4.2946,4.2946,4.2946,4.2946,4.2946,4.2946,4.2946,4.2946,4.2946,4.2946,4.2946,4.2946,4.2946,4.2946,4.2946,4.2946
4.3059,4.3059,4.3059,4.3059,4.3059,4.2619,4.1532,4.0442,3.9352,3.8263,3.7173,3.593,3.4586,3.3472,1.2199,1.1341,1.0571,0.9799,0.9008,0.8218,0.7425,0.6632,0.584,0.5047,0.4254,0.3461
1.5889,1.6713,1.7546,1.8392,1.9243,2.0109,2.0974,2.1842,2.2709,2.3577,2.4445,2.5434,2.6504,1.1179,1.1904,1.2587,1.3199,1.3815,1.4444,1.5073,1.5704,1.6335,1.6967,1.7598,1.8229,1.886
4.3287,4.3287,4.3287,4.3287,4.3287,4.3287,4.3287,3.838,3.1175,2.3971,1.6766,1.03,1.6687,1.5381,1.4312,1.3306,1.2403,1.1497,1.0569,0.9641,0.8712,0.7782,0.6851,0.5921,0.4991,0.4061
4.3401,4.3401,4.3401,4.3401,4.3401,4.3401,4.3401,4.3401,4.3401,4.3401,4.3401,4.3401,4.3401,4.3401,4.3401,4.3401,4.3401,4.3401,4.3401,4.3401,4.3401,4.3401,4.3401,4.3401,4.3401,4.3401
2.341,2.4624,2.5852,2.7098,2.8352,2.9627,3.0903,3.2181,3.1134,2.3939,1.6743,0.9578,1.5165,1.6471,1.7539,1.8545,1.9447,2.0354,2.1281,2.2209,2.3138,2.4068,2.4998,2.5928,2.6858,2.7788
3.8088,3.7266,3.6434,3.559,3.474,3.3876,3.3011,3.2145,3.1279,3.0413,2.9546,2.8559,2.749,1.042,0.9696,0.9014,0.8403,0.7789,0.716,0.6532,0.5902,0.5272,0.4642,0.4011,0.3381,0.2751
1.99,2.0931,2.1975,2.3034,2.41,2.5184,2.6269,2.7355,2.8442,2.9528,3.0615,3.1854,3.3195,3.4304,1.2747,1.5764,1.6531,1.7302,1.809,1.8878,1.9668,2.0459,2.1249,2.204,2.283,2.3621
4.3866,4.3866,4.3866,4.3866,4.3866,4.3866,4.3866,4.3866,4.3866,4.3866,4.3866,4.3866,4.3866,4.3866,4.3866,4.3866,4.3866,4.3866,4.0852,3.7267,3.3673,3.0078,2.6483,2.2887,1.9291,1.5695
4.3984,4.3984,4.3984,4.3984,4.3984,4.3984,4.3984,4.3984,4.3984,4.3984,4.3984,4.3984,4.3984,4.3984,0.9179,1.5489,1.5582,1.4444,1.3278,1.2113,1.0945,0.9776,0.8608,0.7439,0.627,0.5101
1.6338,1.7185,1.8041,1.8911,1.9786,2.0676,2.1566,2.2458,2.335,2.4243,2.5135,2.6152,0.689,1.1494,1.224,1.2942,1.3572,1.4204,1.4852,1.5499,1.6148,1.6796,1.7445,1.8095,1.8744,1.9393
4.266,4.1739,4.0807,3.9861,3.891,3.7942,3.6974,3.6003,3.5033,3.4063,2.6741,1.5297,1.2661,1.167,1.086,1.0096,0.9411,0.8723,0.802,0.7316,0.661,0.5904,0.5199,0.4493,0.3787,0.3081
4.4341,4.4341,4.4341,4.4341,4.4341,4.4341,4.4341,4.4341,4.4341,4.4341,4.4341,4.4341,4.4341,4.4341,4.4341,4.4341,4.4341,2.5242,3.0911,3.658,4.2249,4.4341,4.4341,4.4341,4.4341,4.4341
4.1324,4.3466,4.4461,4.4461,4.4461,4.1924,3.6202,3.048,2.4758,1.9036,1.3315,2.3985,2.6769,2.9074,3.0959,3.2736,3.4329,3.5929,3.7566,3.9203,4.0844,4.2485,4.4126,4.4461,4.4461,4.4461
4.1759,4.0858,3.9945,3.902,3.8088,3.7141,3.6193,3.5243,3.4294,3.3344,3.2394,3.1311,3.014,0.5712,1.0631,0.9883,0.9212,0.8539,0.785,0.7161,0.6471,0.578,0.5089,0.4398,0.3707,0.3016
1.6499,1.7355,1.822,1.9098,1.9982,2.0881,2.178,2.2681,2.3582,2.4483,2.5384,2.6411,2.7522,0.8098,1.2361,1.307,1.3706,1.4345,1.4999,1.5652,1.6307,1.6963,1.7618,1.8274,1.8929,1.9585
4.4826,4.4826,4.4826,4.4826,4.4826,4.4748,3.864,3.2533,2.6426,2.0319,2.6424,2.4471,2.2357,2.0607,1.9176,1.7828,1.6618,1.5403,1.4161,1.2918,1.1672,1.0426,0.918,0.7933,0.6687,0.544
4.4949,4.4949,4.4949,4.4949,4.4949,4.4949,4.4949,4.4949,4.4949,4.4949,4.4949,4.4949,4.4949,4.4949,4.4949,4.4949,1.8782,2.4224,2.9665,3.0205,2.7292,2.4378,2.1464,1.855,1.5635,1.2721
1.9227,2.0223,2.1232,2.2255,2.3285,2.4333,2.538,2.643,2.748,2.853,2.1351,1.2214,1.2455,1.3527,1.4404,1.5231,1.5972,1.6716,1.7478,1.824,1.9003,1.9767,2.053,2.1294,2.2058,2.2822
3.8057,3.7235,3.6404,3.556,3.4711,3.3848,3.2984,3.2119,3.1253,3.0388,2.9522,2.8535,1.3912,1.0411,0.9688,0.9007,0.8396,0.7782,0.7154,0.6526,0.5897,0.5267,0.4638,0.4008,0.3378,0.2749
2.4375,2.5638,2.6917,2.8214,2.952,3.0847,3.2176,3.3506,3.4837,3.6168,3.7499,3.9017,4.0659,4.2019,1.0088,1.7023,2.0248,2.1192,2.2158,2.3123,2.4091,2.5059,2.6027,2.6996,2.7964,2.8933
4.5448,4.5448,4.5448,4.5448,4.3943,3.8666,3.3389,2.8111,4.5448,4.5448,4.5448,4.5448,4.5448,4.5448,4.5448,4.5448,4.5448,4.5448,4.5448,4.5448,4.5448,4.5448,4.5448,4.5448,4.5448,4.5448
4.5574,4.5574,4.5574,4.5574,4.5574,4.5574,4.5574,4.5117,4.3901,4.2685,4.147,4.0083,3.8583,3.7342,1.0869,1.2652,1.1793,1.0931,1.0049,0.9167,0.8283,0.7399,0.6515,0.563,0.4745,0.3861
1.5712,1.6526,1.735,1.8187,1.9028,1.9884,2.074,2.1598,2.2456,2.3314,2.4172,2.515,2.6209,1.1054,1.1771,1.2446,1.3052,1.366,1.4283,1.4905,1.5529,1.6153,1.6777,1.7401,1.8026,1.865
4.5829,4.5829,4.5829,4.5829,4.4738,4.3625,4.2512,4.1397,3.5579,2.7356,1.9134,1.0946,1.4558,1.3419,1.2487,1.1609,1.0821,1.003,0.9221,0.8412,0.76,0.6789,0.5977,0.5166,0.4354,0.3543
4.5958,4.5958,4.5958,4.5958,4.5958,4.5958,4.5958,4.5958,4.5958,4.5958,4.5958,4.5958,4.5958,4.5958,4.5958,4.5958,4.5958,4.5958,4.5958,4.5958,4.5958,4.5958,4.5958,4.5958,4.5958,4.5958
2.7459,2.8882,3.0322,3.1784,3.3255,3.4751,3.6247,3.4145,2.7735,2.1325,1.4915,0.8532,1.7787,1.9319,2.0572,2.1752,2.2811,2.3874,2.4961,2.6049,2.714,2.823,2.9321,3.0412,3.1503,3.2594
3.8568,3.7735,3.6893,3.6038,3.5177,3.4302,3.3427,3.255,3.1673,3.0796,2.9918,2.8918,2.7836,1.0551,0.9818,0.9128,0.8508,0.7887,0.725,0.6614,0.5976,0.5338,0.47,0.4062,0.3424,0.2785
1.8051,1.8987,1.9934,2.0895,2.1861,2.2845,2.3828,2.4814,2.5799,2.6785,2.7771,2.8895,3.0111,0.6561,1.3524,1.43,1.4995,1.5694,1.6409,1.7124,1.7841,1.8558,1.9275,1.9992,2.071,2.1427
4.6479,4.6479,4.6479,4.6479,4.5948,4.043,4.6479,4.6479,4.6479,4.6166,4.3355,4.015,3.6682,3.3811,3.1463,2.925,2.7266,2.5273,2.3234,2.1195,1.9151,1.7106,1.5061,1.3016,1.0971,0.8926
4.6612,4.6612,4.6612,4.6612,4.6612,4.6612,4.6612,4.6612,4.6612,4.6612,4.6612,4.6612,4.6612,4.6612,4.6612,1.4278,1.9779,1.8334,1.6854,1.5375,1.3892,1.2409,1.0926,0.9442,0.7959,0.6475
1.6964,1.7843,1.8733,1.9636,2.0544,2.1468,2.2393,2.3319,2.4245,2.5171,2.6098,1.8099,0.5219,1.1935,1.2709,1.3438,1.4092,1.4749,1.5421,1.6093,1.6766,1.744,1.8114,1.8788,1.9462,2.0136
3.9905,3.9043,3.8172,3.7287,3.6397,3.5491,3.4586,3.3678,3.2771,3.1863,3.0956,2.0666,0.6191,1.0917,1.0159,0.9444,0.8803,0.816,0.7502,0.6843,0.6183,0.5523,0.4863,0.4203,0.3542,0.2882
3.3589,3.533,3.7092,3.888,4.0679,4.2509,4.4339,4.6173,4.7013,4.7013,4.7013,4.7013,4.7013,4.7013,4.7013,1.5185,2.0599,2.6568,3.0534,3.1865,3.3199,3.4533,3.5867,3.7201,3.8536,3.987
4.7148,4.7148,4.7148,4.7148,4.5177,3.9752,3.4326,2.8901,2.3475,1.805,1.2625,3.5626,3.9761,4.3184,4.5985,4.7148,4.7148,4.7148,4.7148,4.7148,4.7148,4.7148,4.7148,4.7148,4.7148,4.7148
4.4604,4.3641,4.2667,4.1678,4.0683,3.9671,3.8659,3.7644,3.663,3.5616,3.4601,3.3444,3.2193,0.5884,1.1355,1.0556,0.984,0.9121,0.8385,0.7649,0.6911,0.6174,0.5436,0.4698,0.396,0.3221
1.5845,1.6667,1.7498,1.8341,1.919,2.0053,2.0917,2.1782,2.2647,2.3512,2.4378,2.5364,2.6432,1.1148,1.1871,1.2552,1.3163,1.3777,1.4404,1.5032,1.5661,1.6291,1.692,1.755,1.8179,1.8809
4.7559,4.7559,4.7559,4.7559,4.7559,4.7559,4.1947,3.5317,2.8687,2.2058,1.5428,1.988,1.8163,1.6741,1.5579,1.4483,1.35,1.2514,1.1504,1.0494,0.9482,0.847,0.7457,0.6445,0.5432,0.442
4.7697,4.7697,4.7697,4.7697,4.7697,4.7697,4.7697,4.7697,4.7697,4.7697,4.7697,4.7697,4.7697,4.7697,4.7697,4.7697,4.7697,4.7697,2.884,3.4129,3.9418,4.4708,4.7697,4.7697,4.0418,3.2884
2.1257,2.2359,2.3474,2.4605,2.5744,2.6902,2.806,2.9221,3.0381,2.5649,1.794,1.0262,1.377,1.4955,1.5925,1.6839,1.7658,1.8481,1.9323,2.0165,2.101,2.1854,2.2698,2.3543,2.4387,2.5232
3.7443,3.6634,3.5816,3.4986,3.4151,3.3301,3.2452,3.16,3.0749,2.9897,2.9046,2.8075,2.7024,1.0243,0.9532,0.8861,0.826,0.7656,0.7039,0.6421,0.5802,0.5182,0.4563,0.3943,0.3324,0.2704
2.1042,2.2133,2.3236,2.4356,2.5483,2.663,2.7776,2.8925,3.0074,3.1223,3.2372,3.3682,3.51,3.6273,1.1391,1.6669,1.748,1.8294,1.9128,1.9961,2.0797,2.1633,2.2469,2.3305,2.4141,2.4977
4.8259,4.8259,4.8259,4.8259,4.8259,4.8259,4.8259,4.8259,4.8259,4.8259,4.8259,4.8259,4.8259,4.8259,4.8259,4.8259,4.8259,4.8259,4.8259,4.8259,4.8259,4.8259,4.8259,4.2574,3.5885,2.9196
4.8402,4.8402,4.8402,4.8402,4.8402,4.8402,4.8402,4.8402,4.8402,4.8402,4.8008,4.6403,4.4667,4.3229,0.9596,1.4647,1.3653,1.2655,1.1634,1.0613,0.9589,0.8566,0.7542,0.6518,0.5494,0.447
1.5828,1.6648,1.7479,1.8321,1.9169,2.0031,2.0894,2.1758,2.2622,2.3486,2.4351,2.5336,0.986,1.1136,1.1858,1.2538,1.3149,1.3761,1.4388,1.5015,1.5644,1.6272,1.6901,1.753,1.8159,1.8788
4.4151,4.3198,4.2233,4.1254,4.027,3.9268,3.8266,3.7262,3.6258,3.2655,2.284,1.3066,1.3104,1.2078,1.1239,1.0449,0.974,0.9028,0.83,0.7571,0.6841,0.6111,0.538,0.465,0.3919,0.3189
4.8835,4.8835,4.8835,4.8835,4.8835,4.8835,4.8835,4.8835,4.8835,4.8835,4.8835,4.8835,4.8835,4.8835,4.8835,4.8835,4.8835,4.8835,4.8835,3.5791,4.0618,4.6068,4.8835,4.8835,4.8835,4.8835
3.4087,3.5854,3.7641,3.9456,4.1282,4.2997,3.7128,3.126,2.5392,1.9524,1.3655,0.8192,2.2081,2.3982,2.5537,2.7002,2.8316,2.9636,3.0986,3.2337,3.369,3.5044,3.6398,3.7752,3.9107,4.0461
3.9821,3.8961,3.8092,3.7209,3.632,3.5417,3.4513,3.3608,3.2702,3.1796,3.0891,2.9858,2.8741,0.6874,1.0137,0.9424,0.8785,0.8143,0.7486,0.6829,0.617,0.5512,0.4853,0.4194,0.3535,0.2876
1.678,1.765,1.853,1.9424,2.0322,2.1237,2.2151,2.3067,2.3983,2.49,2.5816,2.6861,2.7991,0.6344,1.2572,1.3293,1.394,1.459,1.5254,1.5919,1.6585,1.7252,1.7918,1.8585,1.9252,1.9918
4.9424,4.9424,4.9424,4.9424,4.8072,4.2298,3.6525,3.0752,2.4979,2.0189,3.0541,2.8283,2.5841,2.3818,2.2164,2.0605,1.9207,1.7803,1.6367,1.4931,1.3491,1.205,1.061,0.9169,0.7729,0.6288
4.9573,4.9573,4.9573,4.9573,4.9573,4.9573,4.9573,4.9573,4.9573,4.9573,4.9573,4.9573,4.9573,4.9573,4.9573,1.346,1.8952,2.4444,2.3817,2.1727,1.9631,1.7536,1.5439,1.3343,1.1247,0.915
1.8,1.8933,1.9877,2.0836,2.18,2.278,2.3761,2.4744,2.5727,2.671,2.3978,1.3716,0.5538,1.2664,1.3485,1.4259,1.4953,1.565,1.6363,1.7076,1.7791,1.8506,1.9221,1.9936,2.0651,2.1366
3.8116,3.7293,3.646,3.5615,3.4765,3.39,3.3035,3.2168,3.1302,3.0435,2.9568,2.8579,0.8402,1.0427,0.9703,0.9021,0.8409,0.7794,0.7165,0.6536,0.5906,0.5276,0.4645,0.4014,0.3384,0.2753
2.6783,2.8172,2.9576,3.1002,3.2437,3.3896,3.5355,3.6817,3.828,3.9742,4.1205,4.2873,4.4677,4.6171,4.7393,1.5766,2.2198,2.3286,2.4347,2.5408,2.6472,2.7535,2.8599,2.9663,3.0728,3.1792
5.0181,5.0181,5.0181,4.8942,4.3693,3.8445,3.3198,2.7951,2.2704,1.7457,5.0181,5.0181,5.0181,5.0181,5.0181,5.0181,5.0181,5.0181,5.0181,5.0181,5.0181,5.0181,5.0181,5.0181,5.0181,5.0181
4.8901,4.7845,4.6777,4.5693,4.4602,4.3493,4.2383,4.1271,4.0159,3.9047,3.7934,3.6666,3.5294,3.4158,1.1738,1.1573,1.0788,1.0,0.9193,0.8386,0.7577,0.6768,0.5959,0.515,0.4341,0.3532
1.5511,1.6315,1.7128,1.7954,1.8784,1.9629,2.0475,2.1321,2.2168,2.3015,2.3862,2.4828,2.5873,1.0913,1.162,1.2287,1.2885,1.3485,1.41,1.4714,1.533,1.5946,1.6562,1.7179,1.7795,1.8411
5.0646,5.0646,4.9951,4.8794,4.7629,4.6444,4.5259,3.9487,3.2074,2.4662,1.7249,0.9867,1.5499,1.4286,1.3293,1.2359,1.152,1.0678,0.9817,0.8955,0.8091,0.7228,0.6364,0.55,0.4636,0.3771
5.0803,5.0803,5.0803,5.0803,5.0803,5.0803,5.0803,5.0803,5.0803,5.0803,5.0803,5.0803,5.0803,5.0803,5.0803,5.0803,5.0803,5.0803,5.0803,5.0803,5.0803,5.0803,5.0803,5.0803,5.0803,5.0803
2.4318,2.5579,2.6854,2.8149,2.9451,3.0776,3.2101,3.3429,2.9169,2.2428,1.5687,0.8974,1.5753,1.7109,1.8219,1.9264,2.0202,2.1143,2.2106,2.307,2.4035,2.5001,2.5967,2.6933,2.7899,2.8866
3.7527,3.6717,3.5897,3.5065,3.4228,3.3377,3.2525,3.1672,3.0818,2.9965,2.9111,2.8138,2.7085,1.0266,0.9553,0.8881,0.8279,0.7674,0.7055,0.6435,0.5815,0.5194,0.4573,0.3952,0.3331,0.271
1.8784,1.9758,2.0743,2.1743,2.2749,2.3772,2.4796,2.5821,2.6847,2.7872,2.8898,3.0068,3.1333,3.2381,1.3397,1.488,1.5604,1.6331,1.7075,1.782,1.8565,1.9311,2.0058,2.0804,2.155,2.2296
5.1441,5.1441,5.1441,5.1441,5.1441,5.1441,5.1441,5.1441,5.1441,5.1441,5.1441,5.1441,4.9101,4.5258,4.2115,3.9153,3.6497,3.3829,3.11,2.837,2.5634,2.2898,2.016,1.7423,1.4686,1.1948
5.1603,5.1603,5.1603,5.1603,5.1603,5.1603,5.1603,5.1603,5.1603,5.1603,5.1603,5.1603,5.1603,5.1603,0.8722,1.4717,1.6624,1.5409,1.4166,1.2923,1.1676,1.043,0.9183,0.7936,0.6689,0.5442
1.6253,1.7095,1.7948,1.8813,1.9684,2.0569,2.1455,2.2342,2.3229,2.4117,2.5004,2.2367,0.5681,1.1435,1.2176,1.2875,1.3502,1.4131,1.4775,1.5418,1.6064,1.6709,1.7355,1.8001,1.8646,1.9292
4.0776,3.9895,3.9005,3.8101,3.7191,3.6266,3.5341,3.4413,3.3486,3.2559,2.9106,1.665,0.6326,1.1155,1.038,0.965,0.8996,0.8338,0.7665,0.6993,0.6318,0.5644,0.4969,0.4294,0.362,0.2945
3.9529,4.1578,4.3651,4.5755,4.7872,5.0026,5.2095,5.2095,5.2095,5.2095,5.2095,5.2095,5.2095,5.2095,5.2095,5.2095,1.957,2.5241,3.091,3.6579,3.9069,4.0639,4.2209,4.378,4.535,4.6921
4.6292,4.8692,5.1119,5.1293,4.5792,4.0292,3.4793,2.9294,2.3795,1.8296,1.2796,2.6869,2.9987,3.2569,3.4681,3.6671,3.8455,4.0248,4.2081,4.3915,4.5753,4.7592,4.9431,5.127,5.2262,5.2262
4.1989,4.1082,4.0165,3.9234,3.8297,3.7345,3.6392,3.5437,3.4482,3.3527,3.2572,3.1483,3.0305,0.5539,1.0689,0.9937,0.9263,0.8586,0.7893,0.7201,0.6506,0.5812,0.5117,0.4422,0.3727,0.3033
1.5939,1.6765,1.7601,1.8449,1.9303,2.0171,2.104,2.191,2.278,2.365,2.4521,2.5513,2.6587,0.9497,1.1941,1.2626,1.3241,1.3858,1.4489,1.512,1.5753,1.6386,1.7019,1.7653,1.8286,1.8919
5.2767,5.2767,5.2767,5.2767,5.1443,4.5265,3.9087,3.2909,2.6731,2.0553,1.4376,2.2073,2.0167,1.8588,1.7297,1.6081,1.499,1.3894,1.2773,1.1652,1.0528,0.9405,0.828,0.7156,0.6032,0.4907
5.2937,5.2937,5.2937,5.2937,5.2937,5.2937,5.2937,5.2937,5.2937,5.2937,5.2937,5.2937,5.2937,5.2937,5.2937,5.2937,1.8232,2.3515,2.8797,3.4078,3.4923,3.1195,2.7466,2.3737,2.0007,1.6278
1.9579,2.0594,2.1621,2.2663,2.3712,2.4779,2.5845,2.6914,2.7983,2.7937,1.954,1.1178,1.2683,1.3775,1.4668,1.551,1.6265,1.7023,1.7798,1.8574,1.9351,2.0129,2.0907,2.1685,2.2463,2.324
3.7118,3.6317,3.5506,3.4683,3.3855,3.3013,3.217,3.1326,3.0482,2.9638,2.8794,2.7831,2.2592,1.0154,0.9449,0.8785,0.8189,0.759,0.6978,0.6365,0.5751,0.5137,0.4523,0.3909,0.3295,0.2681
2.2564,2.3734,2.4917,2.6118,2.7327,2.8556,2.9786,3.1018,3.2249,3.3482,3.4714,3.6119,3.7639,3.8897,1.0352,1.7467,1.8744,1.9618,2.0512,2.1406,2.2302,2.3198,2.4094,2.4991,2.5887,2.6783
5.363,5.363,5.3406,4.8232,4.3059,3.7887,3.2716,5.363,5.363,5.363,5.363,5.363,5.363,5.363,5.363,5.363,5.363,5.363,5.363,5.363,5.363,5.363,5.363,5.363,5.363,5.363
5.3806,5.3806,5.2937,5.171,5.0476,4.922,4.7964,4.6705,4.5447,4.4188,4.293,4.1495,3.9942,3.8656,1.0157,1.3097,1.2209,1.1316,1.0403,0.949,0.8575,0.766,0.6744,0.5828,0.4913,0.3997
1.5467,1.6268,1.708,1.7903,1.8731,1.9574,2.0417,2.1261,2.2106,2.295,2.3795,2.4758,1.7935,1.0882,1.1587,1.2252,1.2848,1.3447,1.406,1.4673,1.5287,1.5901,1.6515,1.713,1.7744,1.8359
4.6204,4.5206,4.4197,4.3173,4.2142,4.1094,4.0045,3.8994,3.7225,2.8622,2.0019,1.1452,1.3713,1.264,1.1762,1.0935,1.0193,0.9448,0.8686,0.7923,0.7159,0.6395,0.5631,0.4866,0.4102,0.3337
5.4342,5.4342,5.4342,5.4342,5.4342,5.4342,5.4342,5.4342,5.4342,5.4342,5.4342,5.4342,5.4342,5.4342,5.4342,5.4342,5.4342,5.4342,5.4342,5.4342,5.4342,5.4342,5.4342,5.4342,5.4342,5.4342
2.9113,3.0622,3.2149,3.3699,3.5258,3.6844,3.843,3.2388,2.6308,2.0228,1.4148,0.8093,1.8859,2.0483,2.1811,2.3062,2.4185,2.5312,2.6465,2.7618,2.8774,2.9931,3.1087,3.2244,3.34,3.4557
3.8328,3.7501,3.6664,3.5814,3.4959,3.4089,3.3219,3.2348,3.1476,3.0605,2.9733,2.8739,2.7663,0.878,0.9757,0.9071,0.8456,0.7838,0.7205,0.6573,0.5939,0.5305,0.4671,0.4037,0.3402,0.2768
1.7229,1.8122,1.9026,1.9943,2.0866,2.1805,2.2743,2.3684,2.4625,2.5566,2.6507,2.7579,2.874,0.6262,1.2908,1.3648,1.4313,1.498,1.5662,1.6345,1.7029,1.7713,1.8398,1.9082,1.9767,2.0451
5.5072,5.5072,5.5072,5.1407,4.5893,4.0381,3.487,2.9358,4.1478,3.9098,3.6717,3.4002,3.1066,2.8634,2.6645,2.4772,2.3091,2.1403,1.9676,1.795,1.6218,1.4487,1.2755,1.1023,0.9291,0.7559
5.5258,5.5258,5.5258,5.5258,5.5258,5.5258,5.5258,5.5258,5.5258,5.5258,5.5258,5.5258,5.5258,5.5258,5.5258,1.3705,1.9297,2.0257,1.8623,1.6988,1.535,1.3711,1.2072,1.0433,0.8794,0.7155
1.7034,1.7917,1.881,1.9717,2.0629,2.1557,2.2485,2.3415,2.4345,2.5275,2.6205,1.585,0.5241,1.1984,1.2761,1.3493,1.415,1.481,1.5484,1.6159,1.6835,1.7512,1.8189,1.8865,1.9542,2.0219
3.8507,3.7675,3.6834,3.5981,3.5122,3.4248,3.3374,3.2498,3.1623,3.0747,2.9871,2.3677,0.6014,1.0534,0.9803,0.9113,0.8495,0.7874,0.7239,0.6603,0.5967,0.533,0.4693,0.4055,0.3418,0.2781
3.0085,3.1645,3.3223,3.4824,3.6436,3.8075,3.9714,4.1357,4.2999,4.4642,4.6285,4.8158,5.0185,5.1863,5.3236,1.4775,2.0804,2.6157,2.7349,2.8541,2.9735,3.093,3.2125,3.3321,3.4516,3.5711
5.6014,5.6014,5.4341,4.9076,4.3812,3.855,3.3289,2.8027,2.2766,1.7505,3.8791,4.3452,4.8496,5.2671,5.6014,5.6014,5.6014,5.6014,5.6014,5.6014,5.6014,5.6014,5.6014,5.6014,5.6014,5.6014
4.5333,4.4354,4.3364,4.2359,4.1348,4.0319,3.929,3.826,3.7229,3.6198,3.5167,3.3991,3.2719,3.1666,1.154,1.0729,1.0001,0.927,0.8522,0.7774,0.7024,0.6274,0.5524,0.4774,0.4024,0.3274
1.544,1.6241,1.705,1.7872,1.8699,1.9541,2.0382,2.1225,2.2068,2.2911,2.3754,2.4716,2.5756,1.0863,1.1568,1.2231,1.2827,1.3424,1.4036,1.4648,1.5261,1.5874,1.6487,1.7101,1.7714,1.8328
5.6434,5.5216,5.3983,5.2732,5.1473,4.9724,4.2937,3.6151,2.9364,2.2578,1.5792,1.0339,1.675,1.5439,1.4366,1.3356,1.245,1.154,1.0609,0.9678,0.8744,0.7811,0.6877,0.5943,0.501,0.4076
5.679,5.679,5.679,5.679,5.679,5.679,5.679,5.679,5.679,5.679,5.679,5.679,5.679,5.679,5.679,5.679,5.679,5.679,5.679,5.679,3.859,4.3768,4.8946,5.4124,5.679,5.679
2.1938,2.3075,2.4225,2.5393,2.6568,2.7763,2.8959,3.0156,3.108,2.3897,1.6715,0.9562,1.4211,1.5434,1.6435,1.7378,1.8224,1.9073,1.9942,2.0811,2.1682,2.2554,2.3425,2.4297,2.5168,2.604
3.6825,3.603,3.5226,3.4409,3.3588,3.2752,3.1916,3.1079,3.0242,2.9404,2.8567,2.7612,2.6578,1.0074,0.9375,0.8715,0.8124,0.753,0.6923,0.6315,0.5706,0.5097,0.4488,0.3878,0.3269,0.266
1.9774,2.0799,2.1836,2.2889,2.3948,2.5025,2.6103,2.7182,2.8262,2.9342,3.0422,3.1653,3.2985,3.4088,1.187,1.5664,1.6427,1.7192,1.7976,1.8759,1.9544,2.0329,2.1115,2.1901,2.2686,2.3472
5.7589,5.7589,5.7589,5.7589,5.7589,5.7589,5.7589,5.7589,5.7589,5.7589,5.7589,5.7589,5.7589,5.7589,5.7589,5.7589,5.6577,5.2442,4.8211,4.398,3.9738,3.5496,3.1253,2.7009,2.2766,1.8522
5.7792,5.7792,5.7792,5.7792,5.7792,5.7792,5.6563,5.5079,5.3595,5.2111,5.0627,4.8934,4.7103,4.5587,0.9085,1.533,1.4398,1.3345,1.2269,1.1192,1.0112,0.9033,0.7953,0.6873,0.5793,0.4713
1.5714,1.6528,1.7352,1.8189,1.903,1.9886,2.0743,2.1601,2.2458,2.3317,2.4175,2.5153,0.7572,1.1055,1.1772,1.2448,1.3054,1.3662,1.4284,1.4907,1.5531,1.6155,1.6779,1.7403,1.8028,1.8652
4.2074,4.1165,4.0246,3.9313,3.8375,3.742,3.6465,3.5509,3.4552,3.3595,2.4453,1.3989,1.2487,1.151,1.0711,0.9957,0.9282,0.8603,0.7909,0.7215,0.6519,0.5823,0.5127,0.4431,0.3735,0.3039
4.8764,5.1292,5.3849,5.6445,5.841,5.841,5.841,5.841,5.841,5.841,5.841,5.841,5.841,5.841,5.841,5.841,5.841,5.841,2.9648,3.5085,4.0523,4.596,5.1397,5.4008,5.5945,5.7883
3.7246,3.9176,4.113,4.3112,4.5107,4.1216,3.5591,2.9966,2.434,1.8715,1.309,2.1618,2.4127,2.6204,2.7904,2.9505,3.0941,3.2383,3.3858,3.5333,3.6812,3.8292,3.9771,4.1251,4.2731,4.421
3.9934,3.9071,3.8199,3.7314,3.6423,3.5517,3.4611,3.3703,3.2794,3.1886,3.0978,2.9942,2.8822,0.5944,1.0166,0.9451,0.881,0.8166,0.7507,0.6848,0.6188,0.5527,0.4866,0.4206,0.3545,0.2884
1.6173,1.7012,1.786,1.8721,1.9587,2.0468,2.135,2.2233,2.3116,2.3999,2.4882,2.5889,2.6979,0.7139,1.2117,1.2812,1.3436,1.4062,1.4702,1.5343,1.5985,1.6628,1.727,1.7913,1.8555,1.9198
5.9255,5.9255,5.9255,5.4299,4.8475,4.2653,3.6831,3.101,2.5189,1.9368,2.7126,2.5121,2.2951,2.1155,1.9685,1.8301,1.7059,1.5813,1.4537,1.3261,1.1982,1.0703,0.9424,0.8144,0.6864,0.5585
5.947,5.947,5.947,5.947,5.947,5.947,5.947,5.947,5.947,5.947,5.947,5.947,5.947,5.947,5.947,5.947,1.836,2.368,2.8101,2.5634,2.3162,2.0689,1.8216,1.5743,1.3269,1.0796
1.8261,1.9208,2.0165,2.1137,2.2115,2.311,2.4105,2.5102,2.6099,2.7097,2.1703,1.2415,1.1829,1.2848,1.3681,1.4466,1.517,1.5877,1.66,1.7323,1.8049,1.8774,1.9499,2.0225,2.095,2.1676
3.7104,3.6303,3.5493,3.467,3.3842,3.3,3.2158,3.1315,3.0471,2.9627,2.8783,2.7821,1.0857,1.0151,0.9446,0.8781,0.8186,0.7587,0.6975,0.6363,0.5749,0.5136,0.4522,0.3908,0.3294,0.268
2.4591,2.5866,2.7156,2.8465,2.9782,3.1121,3.2461,3.3804,3.5147,3.6489,3.7832,3.9364,4.102,4.2392,1.006,1.6102,2.0428,2.138,2.2354,2.3329,2.4305,2.5282,2.6259,2.7236,2.8213,2.919
6.0346,5.814,5.3003,4.7868,4.2734,3.7601,3.2469,2.7337,2.2206,6.0346,6.0346,6.0346,6.0346,6.0346,6.0346,6.0346,6.0346,6.0346,6.0346,6.0346,6.0346,6.0346,6.0346,6.0346,6.0346,6.0346
5.0327,4.924,4.8141,4.7025,4.5902,4.4761,4.3618,4.2474,4.133,4.0185,3.904,3.7735,3.6323,3.5154,1.09,1.1911,1.1103,1.0291,0.9461,0.863,0.7798,0.6966,0.6133,0.53,0.4468,0.3635
1.524,1.603,1.683,1.7641,1.8457,1.9288,2.0118,2.095,2.1782,2.2614,2.3447,2.4396,2.5422,1.0723,1.1418,1.2073,1.266,1.3251,1.3854,1.4458,1.5063,1.5668,1.6274,1.6879,1.7485,1.809
4.8944,4.7887,4.6818,4.5733,4.4641,4.353,4.242,4.1002,3.3305,2.5608,1.7911,1.0246,1.4526,1.339,1.246,1.1583,1.0797,1.0008,0.9201,0.8393,0.7584,0.6774,0.5964,0.5155,0.4345,0.3535
6.1249,6.1249,6.1249,6.1249,6.1249,6.1249,6.1249,6.1249,6.1249,6.1249,6.1249,6.1249,6.1249,6.1249,6.1249,6.1249,6.1249,6.1249,6.1249,6.1249,6.1249,6.1249,6.1249,6.1249,6.1249,6.1249
2.5524,2.6847,2.8186,2.9545,3.0912,3.2302,3.3693,3.3925,2.7557,2.1188,1.482,0.8478,1.6534,1.7958,1.9122,2.0219,2.1203,2.2191,2.3203,2.4214,2.5227,2.6241,2.7255,2.8269,2.9283,3.0297
3.7218,3.6414,3.5601,3.4776,3.3946,3.3102,3.2257,3.1411,3.0564,2.9718,2.8871,2.7906,2.6862,1.0182,0.9475,0.8808,0.8211,0.7611,0.6997,0.6382,0.5767,0.5151,0.4536,0.392,0.3304,0.2688
1.7868,1.8795,1.9732,2.0683,2.164,2.2614,2.3587,2.4563,2.5538,2.6514,2.749,2.8603,2.9806,3.0803,1.3387,1.4155,1.4844,1.5535,1.6243,1.6951,1.7661,1.837,1.908,1.979,2.05,2.121
6.2178,6.0162,5.4846,4.9533,6.2178,6.1925,5.89,5.5868,5.2836,4.9804,4.6771,4.3313,3.9572,3.6475,3.3942,3.1555,2.9414,2.7264,2.5064,2.2865,2.066,1.8454,1.6248,1.4042,1.1836,0.9629
6.2415,6.2415,6.2415,6.2415,6.2415,6.2415,6.2415,6.2415,6.2415,6.2415,6.2415,6.1171,5.8882,5.6987,0.9212,1.4086,1.7998,1.6683,1.5337,1.3991,1.2641,1.1292,0.9942,0.8592,0.7242,0.5892
1.6278,1.7122,1.7976,1.8842,1.9714,2.0601,2.1488,2.2377,2.3266,2.4155,2.5044,1.9033,0.5009,1.1453,1.2195,1.2895,1.3523,1.4153,1.4798,1.5443,1.6089,1.6736,1.7382,1.8029,1.8676,1.9322
3.925,3.8402,3.7545,3.6675,3.5799,3.4908,3.4018,3.3125,3.2233,3.134,3.0447,1.8473,0.609,1.0738,0.9992,0.9289,0.8659,0.8026,0.7378,0.6731,0.6082,0.5432,0.4783,0.4134,0.3484,0.2835
3.4753,3.6555,3.8377,4.0227,4.2089,4.3982,4.5876,4.7773,4.9671,5.1569,5.3466,5.563,5.7971,5.991,6.1495,6.2989,1.9706,2.5416,3.1124,3.2969,3.4349,3.5729,3.711,3.8491,3.9871,4.1252
5.3306,5.6069,5.4957,4.9633,4.4309,3.8988,3.3666,2.8345,2.3024,1.7703,1.2382,3.094,3.4531,3.7504,3.9936,4.2227,4.4282,4.6346,4.8457,5.0569,5.2686,5.4803,5.692,5.9038,6.1156,6.3274
4.2524,4.1606,4.0677,3.9734,3.8786,3.7821,3.6856,3.5889,3.4922,3.3955,3.2988,3.1885,3.0692,0.561,1.0825,1.0064,0.9381,0.8696,0.7994,0.7292,0.6589,0.5886,0.5182,0.4479,0.3775,0.3071
1.5499,1.6303,1.7116,1.7941,1.8771,1.9615,2.046,2.1306,2.2152,2.2998,2.3845,2.481,2.5854,1.0905,1.1612,1.2278,1.2875,1.3476,1.4089,1.4703,1.5319,1.5935,1.655,1.7166,1.7782,1.8398
6.207,6.073,5.9374,5.7998,5.2431,4.6134,3.9838,3.3541,2.7245,2.0948,1.4652,2.0164,1.8422,1.6981,1.5801,1.469,1.3693,1.2692,1.1668,1.0644,0.9618,0.8591,0.7564,0.6537,0.551,0.4483
6.4377,6.4377,6.4377,6.4377,6.4377,6.4377,6.4377,6.4377,6.4377,6.4377,6.4377,6.4377,6.4377,6.4377,6.4377,6.4377,6.4377,2.2976,2.8136,3.3297,3.8457,4.3617,3.9054,3.3751,2.8448,2.3145
2.0099,2.1141,2.2195,2.3265,2.4341,2.5436,2.6531,2.7629,2.8726,2.5842,1.8075,1.034,1.302,1.4141,1.5058,1.5922,1.6697,1.7475,1.8271,1.9067,1.9865,2.0663,2.1462,2.226,2.3059,2.3857
3.6436,3.5649,3.4853,3.4046,3.3233,3.2406,3.1579,3.0751,2.9922,2.9093,2.8265,2.732,2.6298,0.9968,0.9275,0.8623,0.8038,0.7451,0.6849,0.6248,0.5646,0.5043,0.444,0.3837,0.3234,0.2632
2.1085,2.2179,2.3284,2.4407,2.5536,2.6685,2.7834,2.8985,3.0136,3.1288,3.2439,3.3752,3.5172,3.6348,1.0715,1.6703,1.7516,1.8332,1.9168,2.0003,2.084,2.1678,2.2515,2.3353,2.4191,2.5028
6.2878,5.7772,5.2667,4.7564,6.5405,6.5405,6.5405,6.5405,6.5405,6.5405,6.5405,6.5405,6.5405,6.5405,6.5405,6.5405,6.5405,6.5405,6.5405,6.5405,6.5405,6.5405,6.5405,6.2774,5.2911,4.3048
5.7844,5.6596,5.5332,5.405,5.2759,5.1447,5.0134,4.8819,4.7503,4.6188,4.4872,4.3372,4.1749,4.0405,0.9572,1.369,1.2761,1.1828,1.0874,0.992,0.8963,0.8006,0.7049,0.6092,0.5135,0.4178
1.5323,1.6118,1.6921,1.7737,1.8558,1.9393,2.0228,2.1064,2.1901,2.2738,2.3575,2.4529,1.1614,1.0781,1.148,1.2139,1.273,1.3323,1.393,1.4537,1.5145,1.5754,1.6363,1.6971,1.758,1.8189
4.3866,4.2919,4.1961,4.0988,4.001,3.9014,3.8019,3.7021,3.6024,3.0279,2.1178,1.2115,1.3019,1.2,1.1167,1.0382,0.9677,0.897,0.8246,0.7522,0.6797,0.6071,0.5346,0.462,0.3894,0.3168
6.473,6.6467,6.6467,6.6467,6.6467,6.6467,6.6467,6.6467,6.6467,6.6467,6.6467,6.6467,6.6467,6.6467,6.6467,6.6467,6.6467,6.6467,6.6467,6.6467,6.6467,4.4534,4.9743,5.5006,6.0268,6.553
3.1275,3.2896,3.4537,3.6201,3.7876,3.958,3.6759,3.0949,2.5139,1.9329,1.352,0.7734,2.0259,2.2004,2.3431,2.4775,2.5981,2.7192,2.843,2.9669,3.0911,3.2153,3.3396,3.4638,3.5881,3.7123
3.8341,3.7514,3.6676,3.5826,3.4971,3.4101,3.3231,3.2359,3.1487,3.0615,2.9743,2.8749,2.7673,0.7319,0.9761,0.9074,0.8459,0.784,0.7208,0.6575,0.5941,0.5307,0.4672,0.4038,0.3404,0.2769
1.6561,1.7419,1.8288,1.9169,2.0056,2.0959,2.1861,2.2765,2.3669,2.4574,2.5478,2.6509,2.7625,0.6019,1.2407,1.3119,1.3757,1.4399,1.5055,1.5711,1.6368,1.7026,1.7684,1.8342,1.9,1.9658
6.7563,6.2784,5.7237,5.1691,4.6147,4.0605,3.5063,2.9521,2.3979,3.3948,3.1881,2.9524,2.6974,2.4863,2.3136,2.1509,2.005,1.8584,1.7085,1.5585,1.4082,1.2579,1.1075,0.9571,0.8068,0.6564
6.7843,6.7843,6.7843,6.7843,6.7843,6.7843,6.7843,6.7843,6.7843,6.7843,6.7843,6.7843,6.7843,6.7843,6.7843,1.3245,1.8649,2.2897,2.105,1.9202,1.735,1.5498,1.3646,1.1793,0.994,0.8087
1.7223,1.8116,1.9019,1.9936,2.0858,2.1797,2.2735,2.3676,2.4616,2.5556,2.4697,1.4128,0.5299,1.2117,1.2903,1.3644,1.4308,1.4974,1.5657,1.6339,1.7023,1.7707,1.8391,1.9075,1.9759,2.0444
3.7403,3.6595,3.5778,3.4949,3.4115,3.3266,3.2417,3.1567,3.0716,2.9865,2.9015,2.8045,0.7138,1.0232,0.9522,0.8852,0.8251,0.7648,0.7031,0.6414,0.5796,0.5177,0.4558,0.3939,0.332,0.2701
2.7321,2.8738,3.017,3.1625,3.3088,3.4577,3.6065,3.7557,3.9049,4.054,4.2033,4.3734,4.5574,4.7098,4.8344,1.503,2.1163,2.3754,2.4836,2.5918,2.7003,2.8089,2.9174,3.0259,3.1345,3.243
6.3321,5.8179,5.3039,4.79,4.2762,3.7627,3.2491,2.7356,2.222,1.7085,5.0633,5.6717,6.33,6.875,6.8985,6.8985,6.8985,6.8985,6.8985,6.8985,6.8985,6.8985,6.8985,6.8985,6.8985,6.8985
4.6428,4.5426,4.4412,4.3382,4.2347,4.1293,4.024,3.9184,3.8128,3.7072,3.6016,3.4812,3.3509,3.2431,1.1819,1.0988,1.0243,0.9494,0.8728,0.7962,0.7194,0.6426,0.5658,0.489,0.4121,0.3353
1.5141,1.5926,1.672,1.7526,1.8337,1.9162,1.9987,2.0814,2.164,2.2467,2.3294,2.4237,2.5257,1.0653,1.1343,1.1994,1.2578,1.3164,1.3764,1.4364,1.4965,1.5566,1.6168,1.6769,1.7371,1.7973
5.2558,5.1423,5.0275,4.911,4.7938,4.6745,4.4314,3.731,3.0306,2.3302,1.6298,0.9629,1.5599,1.4378,1.338,1.2439,1.1595,1.0747,0.988,0.9013,0.8144,0.7274,0.6405,0.5535,0.4666,0.3796
7.0167,7.0167,7.0167,7.0167,7.0167,7.0167,7.0167,7.0167,7.0167,7.0167,7.0167,7.0167,7.0167,7.0167,7.0167,7.0167,7.0167,7.0167,7.0167,7.0167,7.0167,7.0167,7.0167,5.3321,5.8422,6.3523
2.2846,2.403,2.5228,2.6444,2.7668,2.8913,3.0157,3.1405,2.9213,2.2462,1.5711,0.8987,1.4799,1.6073,1.7116,1.8098,1.8978,1.9863,2.0768,2.1673,2.258,2.3487,2.4395,2.5302,2.621,2.7118
3.6446,3.5659,3.4863,3.4055,3.3242,3.2415,3.1588,3.0759,2.9931,2.9102,2.8273,2.7328,2.6305,0.9971,0.9278,0.8626,0.804,0.7453,0.6851,0.625,0.5647,0.5044,0.4441,0.3838,0.3235,0.2632
1.8733,1.9704,2.0686,2.1683,2.2687,2.3707,2.4728,2.5751,2.6773,2.7796,2.8819,2.9986,3.1248,3.2292,1.2497,1.4839,1.5561,1.6287,1.7029,1.7771,1.8515,1.9259,2.0003,2.0747,2.1491,2.2235
7.139,7.139,7.139,7.139,7.139,7.139,7.139,7.139,7.139,6.9873,6.5618,6.0767,5.5519,5.1174,4.7619,4.427,4.1267,3.8251,3.5164,3.2078,2.8985,2.589,2.2795,1.97,1.6605,1.351
6.9647,6.8143,6.6622,6.5078,6.3524,6.1944,6.0363,5.878,5.7196,5.5612,5.4028,5.2222,5.0268,4.865,0.8666,1.4622,1.5365,1.4242,1.3093,1.1944,1.0792,0.964,0.8487,0.7335,0.6183,0.503
1.57,1.6514,1.7337,1.8173,1.9014,1.987,2.0725,2.1582,2.2439,2.3297,2.4154,2.418,0.6141,1.1046,1.1762,1.2437,1.3042,1.365,1.4272,1.4894,1.5518,1.6141,1.6765,1.7389,1.8012,1.8636
4.0379,3.9507,3.8625,3.773,3.6829,3.5913,3.4996,3.4078,3.316,3.2242,2.6566,1.5197,1.1984,1.1046,1.0279,0.9556,0.8908,0.8257,0.7591,0.6924,0.6257,0.5589,0.4921,0.4253,0.3584,0.2916
4.1685,4.3846,4.6032,4.8251,5.0484,5.2755,5.5026,5.7302,5.9578,6.1854,6.4131,6.6726,6.9535,7.186,7.2656,7.2656,7.2656,2.4312,2.9772,3.5232,4.0693,4.2856,4.4512,4.6168,4.7824,4.948
4.1488,4.3638,4.5814,4.8023,4.5207,3.9778,3.4349,2.892,2.3491,1.8062,1.2633,2.408,2.6875,2.9189,3.1082,3.2865,3.4465,3.6071,3.7714,3.9358,4.1005,4.2653,4.4301,4.5949,4.7597,4.9246
4.0316,3.9446,3.8565,3.7671,3.6772,3.5857,3.4942,3.4025,3.3109,3.2192,3.1275,3.0229,2.9098,0.5319,1.0263,0.9541,0.8894,0.8244,0.7579,0.6914,0.6247,0.558,0.4913,0.4246,0.3579,0.2912
1.5691,1.6504,1.7327,1.8162,1.9002,1.9857,2.0712,2.1569,2.2426,2.3282,2.4139,2.5116,2.6173,0.8262,1.1755,1.243,1.3034,1.3642,1.4263,1.4885,1.5508,1.6131,1.6755,1.7378,1.8001,1.8625
6.9739,6.697,6.1053,5.5138,4.9223,4.3312,3.74,3.1489,2.5578,1.9667,1.4585,2.2655,2.0699,1.9078,1.7753,1.6505,1.5385,1.4261,1.311,1.1959,1.0806,0.9652,0.8499,0.7345,0.6191,0.5037
7.4304,7.4304,7.4304,7.4304,7.4304,7.4304,7.4304,7.4304,7.4304,7.4304,7.4304,7.4304,7.4304,7.4304,7.4304,7.4304,1.79,2.3087,2.8272,3.173,2.867,2.561,2.2548,1.9487,1.6425,1.3363
1.8662,1.9629,2.0608,2.1602,2.2601,2.3618,2.4635,2.5654,2.6672,2.7692,1.9887,1.1377,1.2089,1.313,1.3981,1.4783,1.5503,1.6225,1.6965,1.7704,1.8445,1.9186,1.9927,2.0669,2.141,2.2152
3.6347,3.5562,3.4768,3.3962,3.3151,3.2327,3.1502,3.0675,2.9849,2.9022,2.8195,2.7253,1.5689,0.9943,0.9253,0.8602,0.8018,0.7432,0.6833,0.6233,0.5632,0.5031,0.4429,0.3828,0.3226,0.2625
2.2814,2.3997,2.5193,2.6408,2.763,2.8873,3.0116,3.1361,3.2607,3.3853,3.5099,3.6519,3.8056,3.9329,0.9823,1.6574,1.8952,1.9835,2.0739,2.1643,2.2549,2.3455,2.4361,2.5268,2.6174,2.708
6.2275,5.7218,5.2163,4.7109,4.2056,3.7005,3.1954,2.6904,7.5677,7.5677,7.5677,7.5677,7.5677,7.5677,7.5677,7.5677,7.5677,7.5677,7.5677,7.5677,7.5677,7.5677,7.5677,7.5677,7.5677,7.5677
5.2237,5.1109,4.9968,4.881,4.7645,4.6459,4.5274,4.4086,4.2898,4.171,4.0522,3.9167,3.7702,3.6488,1.0214,1.2363,1.1524,1.0682,0.982,0.8958,0.8094,0.723,0.6366,0.5501,0.4637,0.3773
1.5068,1.5849,1.6639,1.7441,1.8248,1.9069,1.989,2.0713,2.1536,2.2358,2.3181,2.4119,2.5135,1.0601,1.1289,1.1936,1.2517,1.31,1.3697,1.4294,1.4893,1.5491,1.609,1.6688,1.7287,1.7886
4.6253,4.5254,4.4244,4.3219,4.2187,4.1137,4.0088,3.9036,3.4913,2.6844,1.8776,1.0741,1.3728,1.2653,1.1775,1.0947,1.0204,0.9458,0.8695,0.7932,0.7167,0.6402,0.5637,0.4871,0.4106,0.3341
7.7101,7.7101,7.7101,7.7101,7.7101,7.7101,7.7101,7.7101,7.7101,7.7101,7.7101,7.7101,7.7101,7.7101,7.7101,7.7101,7.7101,7.7101,7.7101,7.7101,7.7101,7.7101,7.7101,7.7101,7.7101,7.7101
2.7084,2.8488,2.9908,3.135,3.28,3.4276,3.5752,3.2294,2.6232,2.017,1.4107,0.807,1.7544,1.9055,2.0291,2.1455,2.2499,2.3547,2.462,2.5693,2.6769,2.7844,2.892,2.9996,3.1072,3.2148
3.7143,3.6341,3.553,3.4706,3.3878,3.3035,3.2192,3.1347,3.0503,2.9658,2.8813,2.785,2.6808,0.9677,0.9455,0.879,0.8194,0.7595,0.6982,0.637,0.5755,0.5141,0.4526,0.3912,0.3297,0.2683
1.712,1.8007,1.8905,1.9816,2.0733,2.1666,2.2599,2.3533,2.4468,2.5403,2.6338,2.7404,2.8557,0.6222,1.2826,1.3562,1.4222,1.4884,1.5562,1.6241,1.692,1.76,1.828,1.8961,1.9641,2.0321
6.5669,6.0336,5.5005,4.9676,4.4348,3.9022,3.3696,4.6812,4.4271,4.173,3.9189,3.6292,3.3158,3.0563,2.844,2.644,2.4646,2.2845,2.1001,1.9158,1.7311,1.5463,1.3614,1.1766,0.9917,0.8069
7.8959,7.8959,7.8959,7.8959,7.8959,7.8959,7.7835,7.5793,7.3751,7.1708,6.9666,6.7337,6.4817,6.2731,6.1024,1.3575,1.9114,1.8364,1.6882,1.5401,1.3915,1.243,1.0944,0.9458,0.7972,0.6486
1.641,1.7261,1.8122,1.8995,1.9874,2.0768,2.1662,2.2558,2.3454,2.4351,2.5247,1.6593,0.5049,1.1546,1.2294,1.3,1.3632,1.4268,1.4918,1.5568,1.622,1.6871,1.7523,1.8175,1.8827,1.9479
3.8028,3.7207,3.6376,3.5533,3.4685,3.3822,3.2959,3.2094,3.123,3.0365,2.95,2.0971,0.59,1.0403,0.9681,0.9,0.8389,0.7776,0.7149,0.6521,0.5892,0.5263,0.4634,0.4005,0.3376,0.2747
3.1086,3.2698,3.4328,3.5983,3.7648,3.9341,4.1035,4.2732,4.4429,4.6127,4.7825,4.976,5.1854,5.3588,5.5006,1.4188,1.9976,2.5765,2.8259,2.949,3.0724,3.1959,3.3194,3.4429,3.5664,3.6899
6.364,5.8704,5.3517,4.8332,4.3148,3.7966,3.2784,2.7602,2.2421,1.7239,1.2058,3.6938,4.1225,4.4775,4.7678,5.0414,5.2867,5.5331,5.7852,6.0373,6.29,6.5428,6.7956,7.0484,7.3013,7.5541
4.3371,4.2435,4.1488,4.0526,3.9559,3.8574,3.759,3.6604,3.5618,3.4631,3.3645,3.252,3.1303,0.5722,1.1041,1.0265,0.9568,0.8869,0.8153,0.7438,0.672,0.6003,0.5285,0.4568,0.385,0.3132
1.5166,1.5952,1.6747,1.7555,1.8367,1.9193,2.002,2.0848,2.1676,2.2504,2.3332,2.4276,2.5298,1.067,1.1362,1.2014,1.2599,1.3186,1.3786,1.4387,1.4989,1.5592,1.6194,1.6797,1.7399,1.8002
5.7333,5.6095,5.4843,5.3572,5.2293,4.7374,4.0908,3.4442,2.7977,2.1511,1.5046,1.8625,1.7017,1.5685,1.4595,1.3569,1.2648,1.1724,1.0778,0.9832,0.8884,0.7935,0.6987,0.6038,0.5089,0.4141
8.2125,8.2125,8.2125,8.2125,8.2125,8.2125,8.2125,8.2125,8.2125,8.2125,8.2125,8.2125,8.2125,8.2125,8.2125,8.2125,8.2125,8.2125,2.766,3.2733,3.7806,4.2879,4.7952,5.3025,5.0844,4.1366
2.0799,2.1878,2.2969,2.4076,2.519,2.6323,2.7456,2.8592,2.9727,2.4135,1.6881,0.9657,1.3474,1.4634,1.5583,1.6477,1.7279,1.8084,1.8908,1.9732,2.0558,2.1384,2.221,2.3036,2.3863,2.4689
3.5985,3.5208,3.4422,3.3624,3.2821,3.2005,3.1188,3.037,2.9552,2.8733,2.7915,2.6982,2.5972,0.9844,0.9161,0.8516,0.7939,0.7358,0.6765,0.6171,0.5576,0.4981,0.4385,0.379,0.3194,0.2599
1.9872,2.0903,2.1945,2.3003,2.4067,2.515,2.6232,2.7317,2.8402,2.9488,3.0573,3.181,3.3149,3.4257,1.1189,1.5742,1.6508,1.7278,1.8065,1.8852,1.9641,2.0431,2.122,2.2009,2.2799,2.3589
8.3806,8.3806,8.3806,8.3806,8.3806,8.3806,8.3806,8.3806,8.3806,8.3806,8.3806,8.3806,8.3806,8.3806,8.176,7.601,7.0853,6.5675,6.0376,5.5077,4.9765,4.4453,3.9139,3.3825,2.851,2.3196
6.1074,5.9755,5.8421,5.7067,5.5705,5.4319,5.2933,5.1544,5.0155,4.8766,4.7377,4.5793,4.408,4.2661,0.9092,1.4454,1.3473,1.2489,1.1481,1.0473,0.9463,0.8453,0.7443,0.6432,0.5422,0.4411
1.5275,1.6067,1.6868,1.7681,1.8499,1.9331,2.0164,2.0998,2.1832,2.2666,2.35,2.4451,0.8564,1.0747,1.1444,1.21,1.2689,1.3281,1.3886,1.4491,1.5097,1.5704,1.6311,1.6918,1.7524,1.8131
4.1949,4.1043,4.0127,3.9197,3.8261,3.7309,3.6357,3.5404,3.445,3.2413,2.2671,1.2969,1.2451,1.1476,1.0679,0.9928,0.9254,0.8578,0.7886,0.7194,0.65,0.5806,0.5112,0.4418,0.3724,0.303
5.2818,5.5556,5.8326,6.1138,6.3967,6.6844,6.9722,7.2606,7.549,7.8374,8.1258,8.4547,8.5556,8.5556,8.5556,8.5556,8.5556,8.5556,8.5556,3.4012,3.9283,4.4554,4.9825,5.5096,6.0367,6.2695
3.4093,3.586,3.7648,3.9463,4.1289,4.0958,3.5368,2.9778,2.4188,1.8598,1.3008,0.8193,2.2085,2.3986,2.5542,2.7007,2.8322,2.9641,3.0992,3.2342,3.3696,3.505,3.6405,3.7759,3.9114,4.0468
3.8599,3.7765,3.6922,3.6066,3.5205,3.4329,3.3454,3.2576,3.1698,3.082,2.9942,2.8941,2.7858,0.6284,0.9826,0.9135,0.8515,0.7893,0.7256,0.6619,0.5981,0.5342,0.4704,0.4065,0.3426,0.2788
1.6023,1.6854,1.7694,1.8547,1.9405,2.0278,2.1151,2.2026,2.2901,2.3776,2.4651,2.5648,2.6728,0.6414,1.2004,1.2693,1.3311,1.3931,1.4566,1.52,1.5837,1.6473,1.711,1.7746,1.8383,1.9019
6.9161,6.3545,5.793,5.2318,4.6706,4.1097,3.5488,2.9879,2.427,1.8666,2.8237,2.615,2.3891,2.2021,2.0492,1.9051,1.7758,1.646,1.5132,1.3804,1.2473,1.1141,0.981,0.8478,0.7146,0.5814
8.785,8.785,8.785,8.785,8.785,8.785,8.785,8.785,8.785,8.785,8.785,8.785,8.785,8.785,8.785,1.2882,1.8138,2.3393,2.4481,2.2333,2.0179,1.8025,1.587,1.3715,1.156,0.9405
1.7534,1.8443,1.9362,2.0295,2.1234,2.219,2.3145,2.4102,2.506,2.6017,2.2345,1.2783,1.1358,1.2336,1.3136,1.389,1.4565,1.5244,1.5939,1.6633,1.733,1.8026,1.8723,1.9419,2.0116,2.0812
3.6556,3.5766,3.4968,3.4158,3.3342,3.2513,3.1683,3.0852,3.002,2.9189,2.8358,2.741,0.8902,1.0001,0.9306,0.8652,0.8065,0.7475,0.6872,0.6269,0.5664,0.506,0.4455,0.385,0.3245,0.264
2.511,2.6411,2.7728,2.9065,3.041,3.1778,3.3146,3.4517,3.5888,3.7259,3.863,4.0193,4.1885,4.3285,1.0272,1.54,2.0859,2.1831,2.2826,2.382,2.4817,2.5815,2.6812,2.781,2.8807,2.9805
6.2181,5.7131,5.2083,4.7037,4.1992,3.6949,3.1906,2.6863,2.182,1.7731,7.4427,8.3371,8.9775,8.9775,8.9775,8.9775,8.9775,8.9775,8.9775,8.9775,8.9775,8.9775,8.9775,8.9775,8.9775,8.9775
4.7916,4.6882,4.5835,4.4773,4.3704,4.2617,4.1529,4.044,3.935,3.826,3.717,3.5928,3.4583,3.347,1.1057,1.134,1.0571,0.9798,0.9008,0.8217,0.7425,0.6632,0.5839,0.5046,0.4254,0.3461
1.4937,1.5712,1.6495,1.729,1.809,1.8904,1.9718,2.0534,2.1349,2.2165,2.2981,2.3911,2.4917,1.0509,1.1191,1.1833,1.2409,1.2987,1.3579,1.4171,1.4764,1.5357,1.595,1.6544,1.7137,1.7731
4.9385,4.8318,4.724,4.6145,4.5043,4.3923,4.2802,3.883,3.1541,2.4252,1.6962,0.9703,1.4657,1.351,1.2572,1.1688,1.0895,1.0098,0.9284,0.8469,0.7652,0.6835,0.6018,0.5201,0.4384,0.3567
9.1787,9.1787,9.1787,9.1787,9.1787,9.1787,9.1787,9.1787,9.1787,9.1787,9.1787,9.1787,9.1787,9.1787,9.1787,9.1787,9.1787,9.1787,9.1787,9.1787,9.1787,9.1787,9.1787,9.1787,9.1787,9.1787
2.4015,2.526,2.652,2.7798,2.9084,3.0393,3.1701,3.3013,2.7679,2.1282,1.4886,0.8515,1.5557,1.6896,1.7992,1.9024,1.995,2.088,2.1831,2.2782,2.3736,2.469,2.5644,2.6598,2.7552,2.8506
3.6289,3.5506,3.4713,3.3908,3.3099,3.2276,3.1452,3.0627,2.9802,2.8976,2.8151,2.721,2.6192,0.9928,0.9238,0.8588,0.8006,0.7421,0.6822,0.6223,0.5623,0.5023,0.4422,0.3822,0.3221,0.2621
1.7878,1.8804,1.9742,2.0694,2.1651,2.2625,2.3599,2.4575,2.5551,2.6528,2.7504,2.8617,2.9821,3.0818,1.3299,1.4162,1.4851,1.5543,1.6252,1.696,1.767,1.838,1.909,1.98,2.051,2.1221
6.3767,8.1431,7.8217,7.4955,7.1673,6.8335,6.4996,6.165,5.8305,5.4958,5.1612,4.7796,4.3668,4.0251,3.7455,3.4821,3.2458,3.0086,2.7659,2.5231,2.2798,2.0364,1.793,1.5495,1.3061,1.0626
7.5303,7.3677,7.2032,7.0362,6.8683,6.6974,6.5265,6.3553,6.184,6.0128,5.8415,5.6462,5.4349,5.26,0.8503,1.4044,1.6612,1.5398,1.4156,1.2914,1.1668,1.0422,0.9177,0.7931,0.6685,0.5439
1.5784,1.6602,1.743,1.827,1.9116,1.9976,2.0836,2.1698,2.2559,2.3421,2.4283,2.0361,0.5171,1.1105,1.1825,1.2504,1.3112,1.3723,1.4349,1.4974,1.5601,1.6228,1.6855,1.7482,1.8109,1.8736
3.9008,3.8166,3.7314,3.6449,3.5579,3.4694,3.3809,3.2922,3.2035,3.1148,2.9349,1.6789,0.6052,1.0672,0.993,0.9232,0.8606,0.7977,0.7333,0.669,0.6044,0.5399,0.4754,0.4108,0.3463,0.2817
3.6481,3.8372,4.0286,4.2228,4.4182,4.6169,4.8157,5.0149,5.214,5.4133,5.6125,5.8396,6.0854,6.2889,6.4553,6.6121,1.9049,2.4569,3.0087,3.4608,3.6057,3.7506,3.8955,4.0404,4.1854,4.3303
4.7303,4.9755,5.2236,4.9183,4.3908,3.8635,3.3361,2.8089,2.2816,1.7543,1.227,2.7455,3.0642,3.328,3.5438,3.7472,3.9295,4.1126,4.3,4.4874,4.6752,4.8631,5.051,5.2389,5.4269,5.6148
4.0971,4.0087,3.9192,3.8283,3.737,3.644,3.551,3.4578,3.3647,3.2715,3.1783,3.072,2.9571,0.5405,1.043,0.9697,0.9039,0.8378,0.7702,0.7026,0.6349,0.5671,0.4993,0.4315,0.3637,0.2959
1.5316,1.611,1.6914,1.7729,1.8549,1.9384,2.0218,2.1054,2.1891,2.2727,2.3564,2.4517,2.5549,0.9923,1.1475,1.2133,1.2724,1.3317,1.3923,1.453,1.5138,1.5747,1.6355,1.6963,1.7572,1.818
6.3722,6.2346,6.0954,5.6377,5.033,4.4286,3.8241,3.2197,2.6153,2.0109,1.4065,2.0701,1.8913,1.7432,1.6222,1.5081,1.4058,1.303,1.1979,1.0928,0.9874,0.882,0.7765,0.6711,0.5657,0.4602
9.8997,9.8997,9.8997,9.8997,9.8997,9.8997,9.8997,9.8997,9.8997,9.8997,9.8997,9.8997,9.8997,9.8997,9.8997,9.8997,9.8997,2.2645,2.7731,3.2816,3.7902,3.4138,3.0057,2.5976,2.1895,1.7814
1.9212,2.0208,2.1216,2.2239,2.3268,2.4314,2.5361,2.641,2.7459,2.6338,1.8421,1.0538,1.2445,1.3517,1.4393,1.5219,1.596,1.6704,1.7465,1.8226,1.8989,1.9752,2.0515,2.1278,2.2042,2.2805
3.5817,3.5044,3.4262,3.3468,3.2669,3.1856,3.1043,3.0229,2.9414,2.86,2.7785,2.6856,2.5851,0.9799,0.9118,0.8477,0.7902,0.7324,0.6733,0.6142,0.555,0.4957,0.4365,0.3772,0.318,0.2587
2.1364,2.2471,2.3592,2.4729,2.5873,2.7037,2.8201,2.9368,3.0534,3.1701,3.2868,3.4198,3.5637,3.6829,1.0192,1.6924,1.7747,1.8575,1.9421,2.0267,2.1116,2.1964,2.2813,2.3661,2.451,2.5359
6.1651,5.6645,5.164,4.6637,4.1635,3.6634,10.0,10.0,10.0,10.0,10.0,10.0,10.0,10.0,10.0,10.0,10.0,10.0,10.0,10.0,10.0,10.0,10.0,10.0,10.0,8.7403
5.4698,5.3517,5.2322,5.1109,4.9889,4.8648,4.7407,4.6163,4.4919,4.3675,4.2431,4.1012,3.9478,3.8207,0.9651,1.2945,1.2067,1.1185,1.0282,0.938,0.8475,0.7571,0.6666,0.5761,0.4856,0.395
1.4986,1.5763,1.6549,1.7346,1.8149,1.8965,1.9782,2.06,2.1418,2.2237,2.3055,2.3988,1.4461,1.0543,1.1227,1.1871,1.2449,1.3029,1.3623,1.4216,1.4811,1.5407,1.6002,1.6597,1.7193,1.7788
4.4043,4.3092,4.213,4.1154,4.0171,3.9172,3.8173,3.7171,3.617,2.8423,1.988,1.1372,1.3072,1.2049,1.1212,1.0424,0.9716,0.9006,0.828,0.7553,0.6825,0.6096,0.5367,0.4639,0.391,0.3181
7.3224,7.702,8.086,8.4758,8.868,9.2669,9.6659,10.0,10.0,10.0,10.0,10.0,10.0,10.0,10.0,10.0,10.0,10.0,10.0,10.0,10.0,10.0,10.0,10.0,5.9104,6.3915
2.908,3.0587,3.2112,3.366,3.5217,3.6802,3.6772,3.096,2.5148,1.9336,1.3524,0.7737,1.8837,2.0459,2.1786,2.3036,2.4157,2.5283,2.6435,2.7587,2.8741,2.9896,3.1051,3.2207,3.3362,3.4517
3.7293,3.6488,3.5673,3.4846,3.4014,3.3168,3.2322,3.1474,3.0626,2.9778,2.893,2.7962,2.6916,0.7942,0.9494,0.8826,0.8227,0.7626,0.7011,0.6395,0.5779,0.5162,0.4545,0.3928,0.331,0.2693
1.6512,1.7368,1.8234,1.9113,1.9997,2.0897,2.1796,2.2698,2.3599,2.4501,2.5403,2.6431,2.7543,0.6001,1.237,1.308,1.3717,1.4356,1.501,1.5664,1.632,1.6976,1.7631,1.8287,1.8943,1.9599
6.6268,6.0887,5.5507,5.013,4.4753,3.9378,3.4003,2.8629,3.8172,3.5981,3.379,3.1292,2.859,2.6352,2.4522,2.2797,2.1251,1.9697,1.8108,1.6519,1.4926,1.3332,1.1739,1.0145,0.8551,0.6957
10.0,9.8636,9.6434,9.4199,9.195,8.9663,8.7375,8.5083,8.279,8.0497,7.8204,7.559,7.2761,7.042,6.8504,1.3166,1.8538,2.0615,1.8952,1.7288,1.5621,1.3953,1.2285,1.0617,0.8949,0.7281
1.665,1.7513,1.8386,1.9272,2.0164,2.1071,2.1978,2.2887,2.3796,2.4705,2.5615,1.4748,0.5123,1.1714,1.2474,1.3189,1.3831,1.4476,1.5135,1.5795,1.6456,1.7117,1.7779,1.844,1.9102,1.9763
3.7073,3.6273,3.5463,3.4641,3.3814,3.2973,3.2131,3.1288,3.0445,2.9602,2.8759,2.4511,0.6226,1.0142,0.9438,0.8774,0.8179,0.7581,0.6969,0.6358,0.5744,0.5131,0.4518,0.3904,0.3291,0.2678
2.8212,2.9675,3.1154,3.2656,3.4167,3.5704,3.7242,3.8782,4.0322,4.1863,4.3404,4.516,4.7061,4.8634,4.9921,1.4479,2.0386,2.4529,2.5646,2.6764,2.7884,2.9005,3.0125,3.1246,3.2367,3.3488
6.2593,5.751,5.2429,4.7349,4.227,3.7194,3.2117,2.7041,2.1965,1.6889,4.1442,4.6422,5.181,5.6271,5.992,6.3358,6.6441,6.9538,7.2706,7.5874,7.905,8.2227,8.5404,8.8582,9.1759,9.4937
4.4548,4.3586,4.2613,4.1626,4.0632,3.9621,3.861,3.7597,3.6584,3.5571,3.4558,3.3402,3.2153,3.1118,1.1341,1.0543,0.9828,0.9109,0.8374,0.764,0.6903,0.6166,0.5429,0.4692,0.3955,0.3217
1.4928,1.5702,1.6485,1.7279,1.8079,1.8892,1.9705,2.052,2.1336,2.2151,2.2966,2.3895,2.4901,1.0503,1.1184,1.1825,1.2401,1.2979,1.357,1.4161,1.4754,1.5347,1.594,1.6533,1.7126,1.7719
5.3484,5.2329,5.1161,4.9975,4.8782,4.7568,4.2326,3.5636,2.8947,2.2257,1.5567,0.9799,1.5874,1.4632,1.3615,1.2658,1.1799,1.0937,1.0054,0.9172,0.8287,0.7403,0.6518,0.5633,0.4748,0.3863
10.0,10.0,10.0,10.0,10.0,10.0,10.0,10.0,10.0,10.0,10.0,10.0,10.0,10.0,10.0,10.0,10.0,10.0,10.0,10.0,10.0,4.2401,4.7418,5.2434,5.745,6.2467
2.1703,2.2828,2.3967,2.5122,2.6284,2.7467,2.8649,2.9834,2.957,2.2736,1.5903,0.9097,1.4059,1.527,1.626,1.7193,1.8029,1.887,1.9729,2.0589,2.1451,2.2313,2.3175,2.4037,2.49,2.5762
3.5748,3.4976,3.4195,3.3403,3.2605,3.1794,3.0983,3.017,2.9357,2.8544,2.7731,2.6804,2.5801,0.978,0.91,0.846,0.7886,0.731,0.672,0.613,0.5539,0.4948,0.4356,0.3765,0.3173,0.2582
1.8876,1.9855,2.0845,2.185,2.2861,2.3889,2.4918,2.5948,2.6979,2.801,2.9041,3.0216,3.1487,3.254,1.1794,1.4953,1.5681,1.6412,1.716,1.7907,1.8657,1.9407,2.0156,2.0906,2.1656,2.2406
10.0,10.0,10.0,10.0,10.0,10.0,9.6838,9.1854,8.6869,8.1883,7.6897,7.1212,6.5062,5.997,5.5804,5.188,4.836,4.4826,4.1209,3.7592,3.3967,3.0341,2.6714,2.3087,1.9459,1.5832
6.5182,6.3774,6.2351,6.0905,5.9451,5.7972,5.6493,5.5011,5.3529,5.2046,5.0564,4.8873,4.7045,4.5531,0.8698,1.4677,1.438,1.3329,1.2253,1.1178,1.01,0.9022,0.7943,0.6865,0.5786,0.4708
1.5317,1.6111,1.6914,1.773,1.855,1.9385,2.0219,2.1056,2.1892,2.2728,2.3565,2.4519,0.6785,1.0777,1.1475,1.2134,1.2724,1.3317,1.3924,1.4531,1.5139,1.5747,1.6356,1.6964,1.7573,1.8181
4.0389,3.9517,3.8635,3.7739,3.6838,3.5922,3.5005,3.4087,3.3168,3.225,2.4588,1.4066,1.1987,1.1049,1.0282,0.9559,0.891,0.8259,0.7593,0.6926,0.6258,0.559,0.4922,0.4254,0.3585,0.2917
4.4688,4.7005,4.9348,5.1727,5.4121,5.6555,5.899,6.143,6.387,6.631,6.8751,7.1533,7.4544,7.7036,7.9075,8.0996,8.2719,2.3655,2.8963,3.4275,3.9586,4.4898,4.7718,4.9494,5.1269,5.3045
3.7795,3.9755,4.1737,4.3749,4.5076,3.9662,3.4249,2.8836,2.3423,1.801,1.2596,2.1937,2.4483,2.6591,2.8316,2.994,3.1397,3.2861,3.4358,3.5855,3.7356,3.8857,4.0358,4.186,4.3362,4.4863
3.91,3.8256,3.7402,3.6535,3.5663,3.4775,3.3888,3.2999,3.211,3.1221,3.0331,2.9317,2.822,0.5521,0.9954,0.9254,0.8626,0.7995,0.735,0.6705,0.6059,0.5412,0.4765,0.4118,0.3471,0.2824
1.5599,1.6408,1.7226,1.8056,1.8892,1.9742,2.0592,2.1443,2.2295,2.3147,2.3999,2.497,2.6021,0.7344,1.1687,1.2357,1.2958,1.3562,1.418,1.4798,1.5418,1.6037,1.6657,1.7277,1.7896,1.8516
7.0453,6.4732,5.9013,5.3295,4.7579,4.1865,3.6151,3.0437,2.4723,1.901,2.5423,2.3544,2.1511,1.9827,1.845,1.7152,1.5989,1.482,1.3624,1.2429,1.123,1.0031,0.8832,0.7633,0.6434,0.5234
10.0,10.0,10.0,10.0,10.0,10.0,10.0,10.0,10.0,10.0,10.0,10.0,10.0,10.0,10.0,10.0,1.7746,2.2889,2.8029,2.6982,2.438,2.1777,1.9174,1.6571,1.3967,1.1364
1.7971,1.8903,1.9845,2.0802,2.1764,2.2744,2.3723,2.4704,2.5685,2.6666,2.0477,1.1714,1.1641,1.2644,1.3464,1.4236,1.4929,1.5625,1.6337,1.7049,1.7762,1.8476,1.919,1.9904,2.0618,2.1332
3.5939,3.5163,3.4378,3.3581,3.278,3.1964,3.1149,3.0331,2.9514,2.8697,2.7879,2.6947,1.1999,0.9832,0.9149,0.8506,0.7929,0.7349,0.6756,0.6163,0.5569,0.4974,0.438,0.3785,0.319,0.2596
2.3322,2.4531,2.5754,2.6996,2.8245,2.9516,3.0786,3.206,3.3333,3.4607,3.588,3.7332,3.8903,4.0204,0.9541,1.5893,1.9374,2.0277,2.1201,2.2125,2.3051,2.3977,2.4904,2.583,2.6757,2.7683
6.1417,5.643,5.1444,4.646,4.1476,3.6495,3.1514,2.6533,2.1552,10.0,10.0,10.0,10.0,10.0,10.0,10.0,10.0,10.0,10.0,10.0,10.0,10.0,10.0,10.0,10.0,10.0
4.9841,4.8765,4.7676,4.6571,4.546,4.4329,4.3198,4.2064,4.0931,3.9797,3.8664,3.7371,3.5973,3.4815,1.0381,1.1796,1.0995,1.0192,0.9369,0.8547,0.7723,0.6898,0.6074,0.5249,0.4424,0.36
1.4822,1.559,1.6368,1.7157,1.795,1.8758,1.9566,2.0375,2.1184,2.1994,2.2803,2.3726,2.4724,1.0428,1.1104,1.1741,1.2313,1.2887,1.3474,1.4061,1.465,1.5238,1.5827,1.6416,1.7005,1.7594
4.6782,4.5772,4.475,4.3713,4.2669,4.1607,4.0546,3.9482,3.3113,2.546,1.7808,1.0187,1.3885,1.2798,1.1909,1.1072,1.032,0.9566,0.8794,0.8023,0.7249,0.6475,0.5701,0.4927,0.4153,0.3379
10.0,10.0,10.0,10.0,10.0,10.0,10.0,10.0,10.0,10.0,10.0,10.0,10.0,10.0,10.0,10.0,10.0,10.0,10.0,10.0,10.0,10.0,10.0,10.0,10.0,10.0
2.5497,2.6819,2.8156,2.9513,3.0879,3.2268,3.3657,3.2528,2.6421,2.0315,1.4209,0.8128,1.6517,1.7939,1.9102,2.0198,2.1181,2.2168,2.3178,2.4188,2.52,2.6213,2.7226,2.8239,2.9252,3.0265
3.6344,3.556,3.4766,3.396,3.3149,3.2325,3.15,3.0673,2.9847,2.902,2.8194,2.7251,2.6231,0.9943,0.9252,0.8601,0.8018,0.7432,0.6832,0.6233,0.5632,0.503,0.4429,0.3828,0.3226,0.2625
1.718,1.807,1.8971,1.9886,2.0806,2.1742,2.2678,2.3616,2.4554,2.5492,2.6431,2.75,2.8658,0.6244,1.2871,1.3609,1.4272,1.4937,1.5617,1.6298,1.698,1.7662,1.8345,1.9027,1.971,2.0392
6.4078,5.8875,5.3673,4.8472,4.3273,5.6399,5.3644,5.0882,4.8121,4.5359,4.2597,3.9448,3.6041,3.322,3.0913,2.8739,2.6789,2.4831,2.2828,2.0824,1.8816,1.6807,1.4798,1.2789,1.078,0.877
8.2627,8.0843,7.9038,7.7206,7.5363,7.3488,7.1613,6.9734,6.7855,6.5976,6.4097,6.1954,5.9636,5.7716,5.6146,1.3578,1.8228,1.6896,1.5533,1.417,1.2803,1.1436,1.0069,0.8702,0.7335,0.5968
1.5965,1.6793,1.763,1.848,1.9335,2.0205,2.1075,2.1947,2.2818,2.369,2.4562,1.7628,0.4912,1.1233,1.1961,1.2647,1.3263,1.3881,1.4513,1.5146,1.578,1.6414,1.7048,1.7682,1.8317,1.8951
3.7921,3.7102,3.6274,3.5433,3.4587,3.3727,3.2866,3.2004,3.1142,3.0279,2.9417,1.8919,0.5883,1.0374,0.9653,0.8975,0.8366,0.7754,0.7129,0.6503,0.5876,0.5249,0.4621,0.3994,0.3366,0.2739
3.2535,3.4222,3.5928,3.766,3.9403,4.1175,4.2948,4.4724,4.6501,4.8278,5.0054,5.208,5.4272,5.6087,5.7571,1.4708,1.9372,2.4986,2.9576,3.0865,3.2157,3.3449,3.4742,3.6034,3.7327,3.8619
5.5561,5.8372,5.3214,4.8059,4.2904,3.7751,3.2599,2.7446,2.2294,1.7142,1.1989,3.2249,3.5992,3.909,4.1625,4.4014,4.6156,4.8307,5.0508,5.2708,5.4915,5.7121,5.9329,6.1536,6.3743,6.5951
4.1911,4.1006,4.0091,3.9162,3.8227,3.7276,3.6325,3.5372,3.4419,3.3465,3.2512,3.1425,3.0249,0.5529,1.0669,0.9919,0.9246,0.857,0.7879,0.7187,0.6494,0.5801,0.5107,0.4414,0.372,0.3027
1.5039,1.5819,1.6608,1.7408,1.8214,1.9033,1.9853,2.0674,2.1495,2.2316,2.3137,2.4074,2.5087,1.0581,1.1267,1.1914,1.2493,1.3076,1.3671,1.4267,1.4864,1.5462,1.6059,1.6657,1.7254,1.7852
5.8894,5.7623,5.6336,5.503,5.182,4.5597,3.9373,3.315,2.6927,2.0704,1.4481,1.9132,1.748,1.6112,1.4993,1.3938,1.2993,1.2043,1.1071,1.01,0.9126,0.8151,0.7177,0.6203,0.5228,0.4253
10.0,10.0,10.0,10.0,10.0,10.0,10.0,10.0,10.0,10.0,10.0,10.0,10.0,10.0,10.0,10.0,10.0,10.0,2.7358,3.2375,3.7392,4.241,4.5881,3.9651,3.3421,2.7191
1.9927,2.096,2.2005,2.3066,2.4133,2.5219,2.6305,2.7393,2.8481,2.4634,1.723,0.9856,1.2908,1.402,1.4929,1.5786,1.6554,1.7325,1.8115,1.8904,1.9695,2.0487,2.1278,2.207,2.2862,2.3653
3.5499,3.4733,3.3957,3.317,3.2378,3.1573,3.0767,2.996,2.9153,2.8345,2.7538,2.6617,2.5621,0.9712,0.9037,0.8401,0.7831,0.7259,0.6673,0.6088,0.5501,0.4913,0.4326,0.3739,0.3151,0.2564
2.0177,2.1223,2.2281,2.3355,2.4436,2.5535,2.6634,2.7736,2.8837,2.9939,3.1041,3.2297,3.3657,3.4782,1.0661,1.5983,1.6761,1.7542,1.8342,1.9141,1.9942,2.0743,2.1545,2.2347,2.3148,2.395
6.1385,5.64,10.0,10.0,10.0,10.0,10.0,10.0,10.0,10.0,10.0,10.0,10.0,10.0,10.0,10.0,9.7214,9.0109,8.2838,7.5568,6.828,6.0991,5.37,4.6409,3.9117,3.1826
5.7806,5.6558,5.5295,5.4013,5.2724,5.1412,5.01,4.8786,4.7471,4.6157,4.4842,4.3343,4.1721,4.0378,0.919,1.3681,1.2752,1.182,1.0867,0.9913,0.8957,0.8001,0.7044,0.6088,0.5131,0.4175
1.499,1.5767,1.6553,1.7351,1.8154,1.8971,1.9788,2.0606,2.1424,2.2243,2.3062,2.3995,1.0022,1.0546,1.123,1.1875,1.2453,1.3033,1.3627,1.4221,1.4816,1.5411,1.6007,1.6602,1.7198,1.7793
4.2237,4.1325,4.0402,3.9466,3.8524,3.7566,3.6607,3.5647,3.4686,3.0419,2.1276,1.2171,1.2536,1.1555,1.0752,0.9996,0.9318,0.8637,0.794,0.7243,0.6545,0.5846,0.5147,0.4448,0.3749,0.305
5.8419,6.1448,6.4511,6.7621,7.075,7.3933,7.7116,8.0306,8.3495,8.6685,8.9876,9.3513,9.7448,10.0,10.0,10.0,10.0,10.0,10.0,10.0,3.8445,4.3604,4.8762,5.3921,5.908,6.4238
3.1635,3.3275,3.4934,3.6618,3.8312,4.0035,3.5487,2.9878,2.4269,1.8661,1.3052,0.7602,2.0492,2.2257,2.37,2.506,2.6279,2.7504,2.8757,3.001,3.1267,3.2523,3.378,3.5037,3.6293,3.755
3.7667,3.6854,3.6031,3.5196,3.4356,3.3501,3.2646,3.179,3.0933,3.0076,2.922,2.8243,2.7186,0.6751,0.9589,0.8914,0.831,0.7702,0.7081,0.6459,0.5836,0.5213,0.459,0.3967,0.3344,0.272
1.6026,1.6857,1.7698,1.8551,1.9409,2.0282,2.1156,2.2031,2.2906,2.3781,2.4656,2.5654,2.6734,0.5856,1.2007,1.2696,1.3313,1.3934,1.4569,1.5204,1.584,1.6477,1.7113,1.775,1.8387,1.9023
6.7284,6.182,5.6358,5.0898,4.5438,3.9981,3.4524,2.9068,2.3611,3.1723,2.9791,2.7589,2.5206,2.3233,2.1619,2.0099,1.8735,1.7366,1.5965,1.4564,1.3159,1.1754,1.0349,0.8944,0.7539,0.6134
10.0,10.0,10.0,10.0,10.0,10.0,10.0,9.7841,9.5205,9.2568,8.9932,8.6925,8.3673,8.0979,7.8777,1.2847,1.8088,2.333,2.1793,1.9881,1.7963,1.6046,1.4128,1.2209,1.0291,0.8373
1.7,1.7881,1.8773,1.9678,2.0588,2.1515,2.2441,2.3369,2.4297,2.5226,2.3284,1.332,0.5231,1.1961,1.2736,1.3467,1.4122,1.478,1.5454,1.6127,1.6802,1.7478,1.8153,1.8828,1.9504,2.0179
3.6356,3.5571,3.4777,3.3971,3.316,3.2335,3.151,3.0683,2.9856,2.9029,2.8203,2.726,0.7567,0.9946,0.9255,0.8604,0.802,0.7434,0.6834,0.6235,0.5633,0.5032,0.443,0.3829,0.3227,0.2626
2.5927,2.7271,2.8631,3.0011,3.14,3.2812,3.4225,3.564,3.7056,3.8472,3.9888,4.1502,4.3249,4.4695,4.5878,1.4875,2.0944,2.2542,2.3569,2.4596,2.5625,2.6655,2.7685,2.8715,2.9745,3.0775
6.1676,5.6668,5.1661,4.6656,4.1651,3.6649,3.1647,2.6645,2.1643,1.6641,5.6513,6.3304,7.0651,7.6734,8.171,8.6398,9.0603,9.4826,9.9146,10.0,10.0,10.0,10.0,10.0,10.0,10.0
4.6085,4.509,4.4084,4.3062,4.2034,4.0988,3.9942,3.8894,3.7846,3.6798,3.575,3.4555,3.3262,3.2191,1.1336,1.0907,1.0167,0.9424,0.8663,0.7903,0.7141,0.6379,0.5616,0.4854,0.4091,0.3328
1.4778,1.5544,1.6319,1.7105,1.7897,1.8702,1.9507,2.0314,2.1121,2.1928,2.2735,2.3655,2.4651,1.0397,1.1071,1.1706,1.2276,1.2848,1.3434,1.4019,1.4606,1.5193,1.578,1.6367,1.6954,1.7541
5.0341,4.9254,4.8155,4.7039,4.5916,4.4773,4.3631,3.7159,3.0184,2.3208,1.6232,0.9286,1.4941,1.3772,1.2815,1.1914,1.1106,1.0294,0.9464,0.8633,0.78,0.6968,0.6135,0.5302,0.4469,0.3636
10.0,10.0,10.0,10.0,10.0,10.0,10.0,10.0,10.0,10.0,10.0,10.0,10.0,10.0,10.0,10.0,10.0,10.0,10.0,10.0,10.0,10.0,10.0,10.0,10.0,6.2123
2.2843,2.4027,2.5225,2.6441,2.7665,2.8909,3.0154,3.1401,2.808,2.1591,1.5101,0.8639,1.4797,1.6072,1.7114,1.8096,1.8976,1.9861,2.0766,2.167,2.2578,2.3485,2.4392,2.53,2.6207,2.7115
3.5715,3.4944,3.4164,3.3372,3.2575,3.1765,3.0954,3.0142,2.933,2.8518,2.7705,2.6779,2.5777,0.9771,0.9092,0.8453,0.7879,0.7303,0.6714,0.6125,0.5534,0.4943,0.4352,0.3761,0.317,0.2579
1.8061,1.8998,1.9945,2.0906,2.1874,2.2858,2.3842,2.4828,2.5814,2.68,2.7787,2.8911,3.0128,3.1135,1.2555,1.4308,1.5004,1.5703,1.6419,1.7134,1.7851,1.8569,1.9286,2.0004,2.0721,2.1439
9.5751,9.2156,8.8519,8.4828,8.1113,7.7335,7.3556,6.977,6.5984,6.2197,5.841,5.4091,4.942,4.5552,4.2388,3.9407,3.6733,3.4049,3.1301,2.8554,2.58,2.3046,2.0291,1.7536,1.4781,1.2026
7.0393,6.8873,6.7336,6.5775,6.4205,6.2608,6.101,5.9409,5.7809,5.6208,5.4607,5.2781,5.0806,4.9171,0.8378,1.4137,1.5529,1.4394,1.3233,1.2072,1.0907,0.9743,0.8578,0.7414,0.6249,0.5084
1.5449,1.625,1.7061,1.7883,1.871,1.9552,2.0394,2.1237,2.2081,2.2925,2.3768,2.2168,0.563,1.087,1.1574,1.2238,1.2834,1.3432,1.4044,1.4656,1.527,1.5883,1.6497,1.7111,1.7725,1.8338
3.9137,3.8292,3.7437,3.6569,3.5696,3.4808,3.392,3.303,3.214,3.125,2.7066,1.5483,0.6072,1.0707,0.9963,0.9262,0.8634,0.8003,0.7357,0.6711,0.6064,0.5417,0.4769,0.4122,0.3474,0.2827
3.8844,4.0858,4.2895,4.4963,4.7043,4.916,5.1276,5.3397,5.5518,5.7639,5.976,6.2179,6.4796,6.6962,6.8734,7.0404,1.9058,2.3976,2.9361,3.4746,3.8392,3.9935,4.1478,4.3021,4.4565,4.6108
4.2752,4.4968,4.721,4.9196,4.3919,3.8644,3.337,2.8096,2.2821,1.7547,1.2273,2.4814,2.7694,3.0079,3.2029,3.3867,3.5515,3.717,3.8864,4.0557,4.2255,4.3953,4.5651,4.735,4.9048,5.0747
3.9854,3.8993,3.8123,3.7239,3.635,3.5446,3.4541,3.3635,3.2729,3.1822,3.0916,2.9882,2.8764,0.5258,1.0146,0.9432,0.8792,0.815,0.7492,0.6834,0.6175,0.5516,0.4857,0.4197,0.3538,0.2878
1.5277,1.6069,1.687,1.7683,1.8501,1.9334,2.0166,2.1,2.1834,2.2668,2.3503,2.4454,2.5483,0.867,1.1445,1.2102,1.2691,1.3282,1.3887,1.4492,1.5099,1.5706,1.6313,1.692,1.7527,1.8133
6.6167,6.4738,6.0506,5.4644,4.8783,4.2924,3.7065,3.1207,2.5349,1.9491,1.3838,2.1495,1.9638,1.8101,1.6844,1.5659,1.4597,1.353,1.2438,1.1347,1.0253,0.9158,0.8063,0.6968,0.5874,0.4779
10.0,10.0,10.0,10.0,10.0,10.0,10.0,10.0,10.0,10.0,10.0,10.0,10.0,10.0,10.0,10.0,1.7464,2.2525,2.7584,3.2643,3.1132,2.7808,2.4484,2.116,1.7835,1.4511
1.8547,1.9508,2.0481,2.1468,2.2462,2.3472,2.4483,2.5495,2.6508,2.7132,1.8977,1.0856,1.2014,1.3049,1.3895,1.4692,1.5407,1.6125,1.686,1.7595,1.8331,1.9068,1.9804,2.0541,2.1278,2.2015
3.5535,3.4768,3.3991,3.3204,3.2411,3.1605,3.0798,2.999,2.9182,2.8374,2.7566,2.6644,1.8704,0.9721,0.9046,0.841,0.7839,0.7266,0.668,0.6094,0.5506,0.4918,0.433,0.3742,0.3154,0.2566
2.1869,2.3003,2.415,2.5314,2.6485,2.7676,2.8868,3.0062,3.1256,3.245,3.3645,3.5006,3.6479,3.7699,0.9793,1.6524,1.8167,1.9014,1.988,2.0746,2.1615,2.2483,2.3352,2.4221,2.509,2.5958
6.1007,5.6052,5.11,4.6149,4.1199,3.6251,3.1303,10.0,10.0,10.0,10.0,10.0,10.0,10.0,10.0,10.0,10.0,10.0,10.0,10.0,10.0,10.0,10.0,10.0,10.0,10.0
5.2268,5.114,4.9998,4.8839,4.7673,4.6487,4.5301,4.4113,4.2924,4.1735,4.0546,3.9191,3.7724,3.651,0.9828,1.237,1.1531,1.0688,0.9826,0.8963,0.8099,0.7234,0.637,0.5505,0.464,0.3775
1.479,1.5557,1.6333,1.712,1.7912,1.8718,1.9524,2.0332,2.1139,2.1947,2.2755,2.3676,1.9585,1.0406,1.1081,1.1717,1.2287,1.2859,1.3445,1.4031,1.4618,1.5206,1.5793,1.6381,1.6969,1.7556
4.4651,4.3687,4.2712,4.1722,4.0726,3.9713,3.87,3.7684,3.5085,2.6977,1.8868,1.0794,1.3253,1.2215,1.1367,1.0567,0.9851,0.9131,0.8394,0.7657,0.6919,0.618,0.5441,0.4703,0.3964,0.3225
8.5575,9.0012,9.45,9.9055,10.0,10.0,10.0,10.0,10.0,10.0,10.0,10.0,10.0,10.0,10.0,10.0,10.0,10.0,10.0,10.0,10.0,10.0,10.0,10.0,10.0,10.0
2.7363,2.8782,3.0217,3.1673,3.3139,3.463,3.6121,3.1266,2.5397,1.9527,1.3658,0.7813,1.7726,1.9252,2.05,2.1676,2.2731,2.3791,2.4875,2.5958,2.7045,2.8132,2.9219,3.0306,3.1393,3.248
3.6609,3.5819,3.5019,3.4207,3.3391,3.256,3.1729,3.0897,3.0064,2.9232,2.8399,2.745,2.6423,0.8794,0.932,0.8664,0.8076,0.7486,0.6882,0.6278,0.5673,0.5067,0.4461,0.3856,0.325,0.2644
1.6618,1.7479,1.8351,1.9235,2.0125,2.1031,2.1936,2.2843,2.3751,2.4658,2.5565,2.66,2.772,0.604,1.245,1.3164,1.3805,1.4448,1.5106,1.5764,1.6424,1.7084,1.7744,1.8405,1.9065,1.9725
6.4865,5.9598,5.4332,4.9068,4.3805,3.8544,3.3283,2.8758,4.1087,3.8729,3.637,3.3682,3.0773,2.8364,2.6394,2.4538,2.2873,2.1201,1.9491,1.778,1.6065,1.435,1.2635,1.0919,0.9204,0.7488
9.2237,9.0245,8.823,8.6186,8.4128,8.2035,7.9942,7.7844,7.5747,7.3649,7.1551,6.9159,6.6572,6.4429,6.2676,1.3208,1.8598,1.8861,1.7339,1.5818,1.4292,1.2766,1.124,0.9714,0.8188,0.6662
1.6246,1.7089,1.7941,1.8806,1.9676,2.0561,2.1446,2.2333,2.322,2.4107,2.4995,1.5597,0.4999,1.143,1.2172,1.287,1.3496,1.4125,1.4769,1.5412,1.6058,1.6703,1.7348,1.7994,1.8639,1.9285
3.7085,3.6284,3.5474,3.4652,3.3825,3.2983,3.2142,3.1298,3.0455,2.9612,2.8768,2.1849,0.5754,1.0145,0.9441,0.8777,0.8181,0.7583,0.6971,0.636,0.5746,0.5133,0.4519,0.3906,0.3292,0.2678
2.9475,3.1003,3.2549,3.4118,3.5697,3.7302,3.8908,4.0518,4.2127,4.3737,4.5346,4.7182,4.9167,5.0811,5.2156,1.408,1.9825,2.557,2.6794,2.7962,2.9132,3.0303,3.1474,3.2645,3.3816,3.4987
6.244,5.737,5.2301,4.7233,4.2167,3.7103,3.2039,2.6975,2.1911,1.6847,1.21,3.9443,4.4021,4.7811,5.0912,5.3833,5.6453,5.9084,6.1776,6.4468,6.7166,6.9865,7.2565,7.5264,7.7964,8.0664
4.3158,4.2226,4.1283,4.0327,3.9364,3.8385,3.7405,3.6424,3.5442,3.4461,3.3479,3.236,3.1149,0.5693,1.0987,1.0214,0.9521,0.8825,0.8113,0.7401,0.6687,0.5973,0.5259,0.4545,0.3831,0.3117
1.4852,1.5622,1.6401,1.7191,1.7987,1.8796,1.9605,2.0416,2.1227,2.2038,2.2849,2.3774,2.4774,1.0449,1.1127,1.1765,1.2338,1.2913,1.3501,1.4089,1.4679,1.5269,1.5859,1.6449,1.7039,1.7629
5.499,5.3802,5.2601,5.1382,5.0155,4.7281,4.0828,3.4375,2.7922,2.1469,1.5016,1.7864,1.6321,1.5044,1.3999,1.3014,1.2131,1.1245,1.0337,0.943,0.8521,0.7611,0.6701,0.5791,0.4881,0.3971
10.0,10.0,10.0,10.0,10.0,10.0,10.0,10.0,10.0,10.0,10.0,10.0,10.0,10.0,10.0,10.0,10.0,10.0,10.0,3.212,3.7098,4.2076,4.7053,5.2031,5.7009,5.8899
2.0829,2.1909,2.3001,2.411,2.5226,2.636,2.7495,2.8632,2.977,2.3244,1.6257,0.93,1.3493,1.4654,1.5605,1.65,1.7303,1.8109,1.8935,1.976,2.0587,2.1414,2.2241,2.3069,2.3897,2.4724
3.5381,3.4617,3.3845,3.306,3.2271,3.1468,3.0665,2.9861,2.9056,2.8251,2.7447,2.6529,2.5536,0.9679,0.9007,0.8374,0.7805,0.7235,0.6651,0.6067,0.5482,0.4897,0.4312,0.3726,0.3141,0.2555
1.9206,2.0201,2.1209,2.2231,2.326,2.4306,2.5352,2.6401,2.745,2.8498,2.9547,3.0743,3.2037,3.3108,1.125,1.5214,1.5955,1.6698,1.7459,1.822,1.8982,1.9745,2.0508,2.1271,2.2034,2.2797
10.0,10.0,10.0,10.0,10.0,10.0,10.0,10.0,10.0,10.0,9.4401,8.7422,7.9872,7.3621,6.8507,6.3689,5.9368,5.5029,5.0589,4.6149,4.1699,3.7247,3.2795,2.8342,2.3889,1.9436
6.17,6.0368,5.902,5.7652,5.6276,5.4876,5.3475,5.2072,5.0669,4.9266,4.7863,4.6263,4.4532,4.3098,0.8814,1.4602,1.3612,1.2617,1.1599,1.0581,0.956,0.854,0.7519,0.6498,0.5477,0.4456
1.508,1.5861,1.6652,1.7455,1.8263,1.9084,1.9906,2.0729,2.1553,2.2376,2.3199,2.4138,0.7681,1.0609,1.1297,1.1946,1.2527,1.3111,1.3708,1.4305,1.4904,1.5503,1.6102,1.6701,1.73,1.79
4.0776,3.9896,3.9005,3.8101,3.7192,3.6266,3.5341,3.4414,3.3487,3.2559,2.3043,1.3182,1.2102,1.1155,1.038,0.965,0.8996,0.8338,0.7665,0.6993,0.6318,0.5644,0.4969,0.4294,0.362,0.2945
4.8733,5.1259,5.3815,5.6409,5.9019,6.1674,6.433,6.6991,6.9651,7.2312,7.4974,7.8008,8.1291,8.4009,8.6232,8.8327,9.0206,9.2093,2.8433,3.3648,3.8863,4.4078,4.9292,5.3974,5.591,5.7846
3.4934,3.6745,3.8578,4.0437,4.2308,3.9912,3.4464,2.9017,2.357,1.8123,1.2676,2.0277,2.263,2.4578,2.6172,2.7674,2.9021,3.0373,3.1757,3.3141,3.4528,3.5916,3.7303,3.8691,4.0079,4.1467
3.827,3.7444,3.6608,3.576,3.4906,3.4038,3.3169,3.2299,3.1429,3.0558,2.9688,2.8695,2.7622,0.5891,0.9742,0.9057,0.8443,0.7826,0.7194,0.6563,0.593,0.5297,0.4664,0.4031,0.3397,0.2764
1.565,1.6461,1.7282,1.8115,1.8953,1.9806,2.0658,2.1513,2.2367,2.3222,2.4077,2.5051,2.6105,0.6649,1.1725,1.2397,1.3001,1.3606,1.4226,1.4846,1.5468,1.6089,1.6711,1.7333,1.7954,1.8576
6.8735,6.3153,5.7573,5.1995,4.6418,4.0844,3.5269,2.9695,2.412,1.8546,2.6743,2.4766,2.2627,2.0856,1.9407,1.8043,1.6819,1.5589,1.4331,1.3074,1.1813,1.0552,0.929,0.8029,0.6768,0.5506
10.0,10.0,10.0,10.0,10.0,10.0,10.0,10.0,10.0,10.0,10.0,10.0,9.9273,9.6078,9.3464,1.3069,1.7754,2.2898,2.5857,2.3587,2.1313,1.9037,1.6762,1.4486,1.221,0.9934
1.747,1.8376,1.9292,2.0222,2.1157,2.2109,2.3061,2.4015,2.4969,2.5923,2.1319,1.2196,1.1317,1.2291,1.3088,1.3839,1.4513,1.5189,1.5881,1.6573,1.7267,1.7961,1.8655,1.9349,2.0043,2.0737
3.5857,3.5082,3.4299,3.3504,3.2704,3.1891,3.1077,3.0262,2.9446,2.8631,2.7815,2.6885,0.9744,0.9809,0.9128,0.8486,0.791,0.7332,0.6741,0.6149,0.5556,0.4963,0.437,0.3776,0.3183,0.259
2.4091,2.534,2.6604,2.7886,2.9176,3.0489,3.1802,3.3117,3.4432,3.5748,3.7063,3.8563,4.0186,4.153,0.9855,1.5387,2.0013,2.0946,2.19,2.2854,2.3811,2.4768,2.5725,2.6682,2.7639,2.8596
6.1115,5.6153,5.1191,4.6231,4.1273,3.6316,3.1359,2.6403,2.1446,8.062,9.0118,10.0,10.0,10.0,10.0,10.0,10.0,10.0,10.0,10.0,10.0,10.0,10.0,10.0,10.0,10.0
4.8028,4.6992,4.5942,4.4878,4.3806,4.2716,4.1627,4.0534,3.9442,3.835,3.7257,3.6012,3.4664,3.3549,1.0656,1.1367,1.0596,0.9821,0.9029,0.8236,0.7442,0.6648,0.5853,0.5058,0.4263,0.3469
1.4711,1.5474,1.6245,1.7028,1.7816,1.8617,1.9419,2.0222,2.1025,2.1829,2.2632,2.3548,2.4539,1.035,1.1021,1.1653,1.2221,1.279,1.3373,1.3956,1.454,1.5124,1.5708,1.6293,1.6877,1.7462
4.7775,4.6744,4.57,4.4641,4.3575,4.2491,4.1407,3.9064,3.1731,2.4398,1.7065,0.9762,1.418,1.307,1.2162,1.1307,1.054,0.9769,0.8981,0.8193,0.7403,0.6612,0.5822,0.5032,0.4241,0.345
10.0,10.0,10.0,10.0,10.0,10.0,10.0,10.0,10.0,10.0,10.0,10.0,10.0,10.0,10.0,10.0,10.0,10.0,10.0,10.0,10.0,10.0,10.0,10.0,10.0,10.0
2.4266,2.5524,2.6796,2.8088,2.9388,3.071,3.2032,3.3073,2.6864,2.0656,1.4447,0.8265,1.5719,1.7072,1.8179,1.9223,2.0158,2.1097,2.2059,2.302,2.3984,2.4947,2.5911,2.6875,2.7839,2.8803
3.5883,3.5108,3.4324,3.3529,3.2728,3.1914,3.11,3.0284,2.9468,2.8652,2.7836,2.6905,2.5898,0.9816,0.9135,0.8492,0.7916,0.7338,0.6745,0.6153,0.556,0.4966,0.4373,0.3779,0.3185,0.2592
1.7401,1.8303,1.9215,2.0142,2.1074,2.2022,2.297,2.392,2.487,2.582,2.677,2.7854,2.9026,2.9996,1.3036,1.3784,1.4455,1.5129,1.5818,1.6507,1.7198,1.7889,1.8581,1.9272,1.9963,2.0655
6.309,5.7967,5.2845,6.8575,6.5572,6.2518,5.9463,5.6402,5.3341,5.028,4.7218,4.3728,3.9951,3.6824,3.4266,3.1857,2.9695,2.7525,2.5304,2.3083,2.0857,1.8631,1.6403,1.4176,1.1949,0.9722
7.7039,7.5376,7.3693,7.1985,7.0267,6.8519,6.677,6.5018,6.3267,6.1514,5.9762,5.7764,5.5603,5.3813,0.8699,1.3705,1.6996,1.5753,1.4482,1.3211,1.1937,1.0663,0.9388,0.8114,0.6839,0.5564
1.5674,1.6486,1.7308,1.8142,1.8982,1.9836,2.069,2.1546,2.2401,2.3257,2.4113,1.901,0.4828,1.1027,1.1742,1.2416,1.302,1.3627,1.4248,1.4869,1.5491,1.6114,1.6736,1.7359,1.7982,1.8605
3.8157,3.7333,3.6499,3.5653,3.4802,3.3936,3.3071,3.2203,3.1335,3.0467,2.96,1.7344,0.592,1.0439,0.9714,0.903,0.8418,0.7802,0.7173,0.6543,0.5912,0.5281,0.465,0.4019,0.3387,0.2756
3.4488,3.6276,3.8084,3.992,4.1767,4.3646,4.5526,4.7408,4.9291,5.1175,5.3058,5.5206,5.7529,5.9452,6.1026,6.2508,1.8959,2.4453,2.9945,3.2717,3.4087,3.5456,3.6827,3.8197,3.9567,4.0937
4.9588,5.2158,5.3389,4.8217,4.3045,3.7875,3.2706,2.7537,2.2367,1.7198,1.2029,2.8782,3.2122,3.4888,3.715,3.9282,4.1193,4.3113,4.5078,4.7042,4.9011,5.098,5.295,5.492,5.689,5.8861
4.0877,3.9994,3.9101,3.8195,3.7283,3.6356,3.5428,3.4499,3.3569,3.2639,3.171,3.065,2.9503,0.5393,1.0406,0.9674,0.9018,0.8359,0.7684,0.701,0.6334,0.5658,0.4981,0.4305,0.3629,0.2952
1.5047,1.5827,1.6616,1.7417,1.8223,1.9043,1.9863,2.0685,2.1506,2.2328,2.3149,2.4086,2.51,1.0587,1.1273,1.192,1.25,1.3083,1.3679,1.4275,1.4872,1.547,1.6068,1.6665,1.7263,1.7861
6.1142,5.9822,5.8487,5.6398,5.0348,4.4302,3.8255,3.2209,2.6162,2.0116,1.407,1.9863,1.8147,1.6727,1.5565,1.447,1.3489,1.2503,1.1494,1.0485,0.9474,0.8463,0.7451,0.6439,0.5428,0.4416
10.0,10.0,10.0,10.0,10.0,10.0,10.0,10.0,10.0,10.0,10.0,10.0,10.0,10.0,10.0,10.0,10.0,2.2292,2.7299,3.2306,3.7312,3.888,3.4232,2.9584,2.4936,2.0288
1.9277,2.0276,2.1287,2.2313,2.3345,2.4396,2.5446,2.6498,2.7551,2.5398,1.7764,1.0162,1.2487,1.3562,1.4442,1.527,1.6013,1.676,1.7523,1.8287,1.9052,1.9818,2.0584,2.135,2.2115,2.2881
3.5331,3.4568,3.3797,3.3013,3.2225,3.1423,3.0622,2.9818,2.9015,2.8211,2.7408,2.6491,2.55,0.9666,0.8994,0.8362,0.7794,0.7225,0.6642,0.6059,0.5475,0.489,0.4306,0.3721,0.3136,0.2552
2.0685,2.1758,2.2843,2.3944,2.5052,2.6179,2.7306,2.8435,2.9564,3.0694,3.1824,3.3112,3.4505,3.5659,1.0261,1.6386,1.7184,1.7985,1.8804,1.9623,2.0445,2.1266,2.2088,2.291,2.3732,2.4554
6.0935,5.5987,5.104,4.6095,4.1151,10.0,10.0,10.0,10.0,10.0,10.0,10.0,10.0,10.0,10.0,10.0,10.0,10.0,10.0,10.0,10.0,9.9649,8.7737,7.5825,6.3911,5.1998
5.5289,5.4095,5.2887,5.1662,5.0428,4.9174,4.7919,4.6662,4.5405,4.4147,4.289,4.1456,3.9905,3.862,0.9377,1.3085,1.2197,1.1306,1.0394,0.9481,0.8567,0.7652,0.6738,0.5823,0.4908,0.3993
1.4841,1.5611,1.6389,1.7179,1.7974,1.8783,1.9591,2.0402,2.1212,2.2022,2.2833,2.3757,1.2255,1.0442,1.1119,1.1757,1.2329,1.2904,1.3492,1.4079,1.4669,1.5258,1.5848,1.6437,1.7027,1.7617
4.2921,4.1995,4.1057,4.0106,3.9148,3.8174,3.72,3.6224,3.5248,2.887,2.0192,1.1551,1.2739,1.1742,1.0926,1.0158,0.9469,0.8777,0.8069,0.7361,0.6651,0.5941,0.5231,0.452,0.381,0.31
6.6152,6.9581,7.305,7.6572,8.0115,8.3719,8.7323,9.0935,9.4547,9.8159,10.0,10.0,10.0,10.0,10.0,10.0,10.0,10.0,10.0,10.0,10.0,10.0,4.8148,5.3242,5.8336,6.3429
2.972,3.126,3.2819,3.4401,3.5993,3.7612,3.5932,3.0253,2.4574,1.8895,1.3215,0.756,1.9252,2.091,2.2265,2.3543,2.4689,2.5839,2.7017,2.8194,2.9374,3.0554,3.1735,3.2916,3.4096,3.5277
3.7087,3.6287,3.5477,3.4654,3.3827,3.2986,3.2144,3.1301,3.0457,2.9614,2.877,2.7808,2.6768,0.7374,0.9441,0.8777,0.8182,0.7584,0.6972,0.636,0.5747,0.5133,0.452,0.3906,0.3292,0.2679
1.6174,1.7013,1.7861,1.8722,1.9588,2.047,2.1351,2.2234,2.3117,2.4,2.4884,2.5891,2.698,0.5879,1.2118,1.2813,1.3436,1.4063,1.4703,1.5344,1.5986,1.6629,1.7271,1.7914,1.8556,1.9199
6.6049,6.0686,5.5324,4.9964,4.4605,3.9248,3.3891,2.8534,2.3178,3.3924,3.1858,2.9503,2.6955,2.4845,2.312,2.1494,2.0036,1.8571,1.7073,1.5574,1.4072,1.257,1.1067,0.9565,0.8062,0.6559
10.0,10.0,10.0,9.8233,9.5888,9.3502,9.1117,8.8726,8.6335,8.3944,8.1553,7.8827,7.5877,7.3435,7.1438,1.2926,1.82,2.1498,1.9763,1.8029,1.629,1.4551,1.2811,1.1072,0.9332,0.7593
1.6634,1.7496,1.8368,1.9254,2.0145,2.1051,2.1957,2.2865,2.3774,2.4682,2.4553,1.4045,0.5118,1.1703,1.2462,1.3177,1.3818,1.4462,1.5121,1.578,1.644,1.7101,1.7762,1.8422,1.9083,1.9744
3.6478,3.569,3.4893,3.4085,3.3271,3.2443,3.1615,3.0786,2.9956,2.9127,2.8297,2.6056,0.6618,0.9979,0.9286,0.8633,0.8047,0.7459,0.6857,0.6256,0.5652,0.5049,0.4445,0.3842,0.3238,0.2635
2.7063,2.8466,2.9886,3.1326,3.2776,3.425,3.5725,3.7203,3.868,4.0158,4.1636,4.3321,4.5144,4.6654,4.7888,1.4502,2.0419,2.353,2.4602,2.5674,2.6749,2.7824,2.8899,2.9974,3.1049,3.2124
6.1716,5.6704,5.1694,4.6686,4.1678,3.6673,3.1667,2.6662,2.1657,1.6652,4.5733,5.1229,5.7174,6.2097,6.6124,6.9918,7.332,7.6737,8.0233,8.373,8.7235,9.074,9.4246,9.7753,10.0,10.0
4.4746,4.3779,4.2802,4.181,4.0812,3.9797,3.8781,3.7764,3.6746,3.5728,3.4711,3.355,3.2295,3.1256,1.1391,1.059,0.9871,0.915,0.8412,0.7673,0.6933,0.6193,0.5453,0.4712,0.3972,0.3232
1.4748,1.5513,1.6287,1.7072,1.7862,1.8665,1.9469,2.0274,2.1079,2.1885,2.269,2.3608,2.4602,1.0376,1.1049,1.1683,1.2252,1.2823,1.3407,1.3991,1.4577,1.5163,1.5749,1.6335,1.692,1.7506
5.1821,5.0702,4.957,4.8421,4.7265,4.6089,4.2649,3.5908,2.9168,2.2427,1.5686,0.9494,1.538,1.4177,1.3192,1.2264,1.1432,1.0597,0.9742,0.8887,0.803,0.7172,0.6315,0.5458,0.46,0.3743
10.0,10.0,10.0,10.0,10.0,10.0,10.0,10.0,10.0,10.0,10.0,10.0,10.0,10.0,10.0,10.0,10.0,10.0,10.0,10.0,10.0,10.0,4.6941,5.1907,5.6873,6.1839
2.195,2.3088,2.4239,2.5407,2.6583,2.7779,2.8975,3.0173,2.8758,2.2112,1.5466,0.8847,1.4219,1.5443,1.6445,1.7388,1.8234,1.9084,1.9954,2.0823,2.1695,2.2566,2.3438,2.431,2.5182,2.6055
3.5459,3.4694,3.3919,3.3133,3.2342,3.1537,3.0733,2.9926,2.912,2.8314,2.7507,2.6588,2.5593,0.9701,0.9027,0.8392,0.7823,0.7251,0.6666,0.6081,0.5494,0.4908,0.4321,0.3734,0.3148,0.2561
1.8417,1.9371,2.0337,2.1317,2.2304,2.3307,2.4311,2.5316,2.6322,2.7327,2.8333,2.948,3.072,3.1748,1.1981,1.4589,1.5299,1.6012,1.6742,1.7471,1.8202,1.8934,1.9665,2.0397,2.1129,2.186
10.0,10.0,10.0,9.8925,9.4593,9.0187,8.578,8.1365,7.6949,7.2533,6.8116,6.3081,5.7633,5.3122,4.9432,4.5956,4.2838,3.9707,3.6503,3.33,3.0088,2.6876,2.3663,2.045,1.7237,1.4024
6.6577,6.514,6.3686,6.221,6.0724,5.9214,5.7703,5.6189,5.4675,5.3161,5.1646,4.992,4.8052,4.6505,0.8511,1.436,1.4688,1.3614,1.2516,1.1417,1.0316,0.9215,0.8113,0.7012,0.591,0.4808
1.5256,1.6047,1.6847,1.7659,1.8476,1.9307,2.0138,2.0971,2.1804,2.2637,2.347,2.442,0.6248,1.0733,1.1429,1.2085,1.2673,1.3264,1.3868,1.4473,1.5078,1.5684,1.629,1.6896,1.7502,1.8109
3.9618,3.8763,3.7898,3.7019,3.6135,3.5236,3.4337,3.3436,3.2536,3.1634,2.5294,1.4469,1.1759,1.0838,1.0086,0.9376,0.874,0.8101,0.7448,0.6794,0.6139,0.5484,0.4828,0.4172,0.3517,0.2861
4.1971,4.4147,4.6348,4.8582,5.083,5.3117,5.5404,5.7695,5.9987,6.2279,6.4571,6.7184,7.0012,7.2353,7.4268,7.6072,7.769,2.3607,2.8909,3.4211,3.9513,4.315,4.4817,4.6485,4.8152,4.982
3.9268,4.1303,4.3363,4.5453,4.4321,3.8998,3.3675,2.8353,2.303,1.7708,1.2385,2.2792,2.5437,2.7627,2.9419,3.1107,3.262,3.4141,3.5696,3.7252,3.8811,4.0371,4.193,4.3491,4.5051,4.6611
3.9117,3.8272,3.7418,3.655,3.5678,3.479,3.3902,3.3013,3.2123,3.1234,3.0344,2.933,2.8232,0.5248,0.9958,0.9258,0.8629,0.7999,0.7353,0.6708,0.6061,0.5414,0.4767,0.412,0.3472,0.2825
1.5372,1.6169,1.6975,1.7793,1.8616,1.9454,2.0291,2.1131,2.197,2.2809,2.3649,2.4606,2.5641,0.7746,1.1516,1.2177,1.277,1.3365,1.3974,1.4583,1.5193,1.5803,1.6414,1.7025,1.7636,1.8246
6.9479,6.4919,5.9183,5.3449,4.7716,4.1985,3.6255,3.0525,2.4794,1.9064,2.4373,2.2571,2.0621,1.9007,1.7687,1.6443,1.5328,1.4207,1.3061,1.1915,1.0766,0.9616,0.8467,0.7317,0.6168,0.5018
10.0,10.0,10.0,10.0,10.0,10.0,10.0,10.0,10.0,10.0,10.0,10.0,10.0,10.0,10.0,10.0,1.7525,2.2603,2.7679,2.9221,2.6403,2.3585,2.0765,1.7946,1.5126,1.2307
1.8071,1.9008,1.9956,2.0918,2.1886,2.287,2.3855,2.4842,2.5828,2.6815,1.9753,1.13,1.1706,1.2714,1.3539,1.4316,1.5012,1.5712,1.6428,1.7144,1.7861,1.8579,1.9297,2.0015,2.0733,2.1451
3.5563,3.4795,3.4018,3.323,3.2436,3.1629,3.0822,3.0014,2.9205,2.8396,2.7587,2.6665,1.3809,0.9729,0.9053,0.8416,0.7845,0.7272,0.6685,0.6099,0.551,0.4922,0.4334,0.3745,0.3157,0.2568
2.2609,2.3781,2.4966,2.617,2.7381,2.8613,2.9844,3.1079,3.2313,3.3548,3.4782,3.619,3.7713,3.8974,0.95,1.603,1.8781,1.9657,2.0552,2.1448,2.2346,2.3244,2.4142,2.504,2.5938,2.6836
6.0896,5.5951,5.1007,4.6065,4.1124,3.6185,3.1246,2.6308,10.0,10.0,10.0,10.0,10.0,10.0,10.0,10.0,10.0,10.0,10.0,10.0,10.0,10.0,10.0,10.0,10.0,10.0
5.0442,4.9353,4.8251,4.7133,4.6008,4.4863,4.3719,4.2571,4.1424,4.0277,3.913,3.7822,3.6407,3.5235,1.0104,1.1938,1.1128,1.0315,0.9482,0.865,0.7816,0.6982,0.6147,0.5312,0.4478,0.3643
1.4725,1.5489,1.6261,1.7045,1.7833,1.8636,1.9438,2.0242,2.1046,2.185,2.2654,2.3571,2.4563,1.036,1.1032,1.1665,1.2233,1.2803,1.3386,1.3969,1.4554,1.5139,1.5724,1.6309,1.6894,1.7479
4.569,4.4703,4.3705,4.2692,4.1673,4.0636,3.9599,3.8561,3.3648,2.5872,1.8095,1.0352,1.3561,1.2499,1.1631,1.0813,1.008,0.9343,0.8589,0.7835,0.708,0.6324,0.5568,0.4812,0.4056,0.33
10.0,10.0,10.0,10.0,10.0,10.0,10.0,10.0,10.0,10.0,10.0,10.0,10.0,10.0,10.0,10.0,10.0,10.0,10.0,10.0,10.0,10.0,10.0,10.0,10.0,10.0
2.6037,2.7386,2.8752,3.0138,3.1532,3.2951,3.4369,3.1864,2.5882,1.9901,1.3919,0.7962,1.6866,1.8318,1.9506,2.0625,2.1629,2.2637,2.3668,2.47,2.5734,2.6768,2.7802,2.8836,2.9871,3.0905
3.6254,3.5471,3.4679,3.3875,3.3066,3.2244,3.1421,3.0597,2.9772,2.8948,2.8123,2.7183,2.6166,0.9918,0.9229,0.858,0.7998,0.7413,0.6815,0.6217,0.5617,0.5018,0.4418,0.3818,0.3218,0.2618
1.6874,1.7749,1.8634,1.9532,2.0436,2.1355,2.2275,2.3196,2.4118,2.5039,2.5961,2.7011,2.8148,0.6133,1.2642,1.3367,1.4018,1.4671,1.534,1.6008,1.6678,1.7348,1.8019,1.8689,1.9359,2.003
6.4053,5.8852,5.3652,4.8454,4.3256,3.8062,5.0108,4.7529,4.4949,4.2369,3.979,3.6848,3.3666,3.1031,2.8875,2.6845,2.5023,2.3194,2.1323,1.9452,1.7576,1.5699,1.3823,1.1946,1.0069,0.8192
8.562,8.3771,8.1901,8.0003,7.8093,7.615,7.4207,7.226,7.0313,6.8366,6.6419,6.4198,6.1796,5.9807,5.818,1.3369,1.8824,1.7508,1.6095,1.4683,1.3267,1.1851,1.0434,0.9017,0.76,0.6184
1.5995,1.6824,1.7663,1.8514,1.9371,2.0242,2.1114,2.1987,2.286,2.3734,2.4607,1.6715,0.4921,1.1253,1.1983,1.267,1.3287,1.3906,1.454,1.5173,1.5809,1.6444,1.7079,1.7715,1.835,1.8986
3.7423,3.6615,3.5798,3.4968,3.4133,3.3284,3.2435,3.1584,3.0733,2.9882,2.903,1.9844,0.5806,1.0238,0.9527,0.8857,0.8256,0.7652,0.7035,0.6418,0.5799,0.518,0.456,0.3941,0.3322,0.2703
3.1156,3.2771,3.4405,3.6063,3.7732,3.9429,4.1127,4.2828,4.4529,4.623,4.7932,4.9872,5.197,5.3708,5.513,1.4084,1.9454,2.5091,2.8322,2.9556,3.0793,3.2031,3.3268,3.4506,3.5744,3.6982
5.9446,5.773,5.2629,4.753,4.2432,3.7336,3.224,2.7144,2.2049,1.6953,1.1858,3.4503,3.8508,4.1823,4.4536,4.7091,4.9383,5.1684,5.4039,5.6394,5.8754,6.1115,6.3477,6.5838,6.82,7.0562
4.2195,4.1284,4.0363,3.9427,3.8486,3.7528,3.6571,3.5611,3.4652,3.3692,3.2732,3.1638,3.0454,0.5566,1.0742,0.9986,0.9309,0.8628,0.7932,0.7236,0.6538,0.584,0.5142,0.4444,0.3746,0.3047
1.4905,1.5677,1.6459,1.7252,1.8051,1.8863,1.9675,2.0489,2.1302,2.2116,2.293,2.3858,2.4862,1.0486,1.1166,1.1807,1.2382,1.2959,1.3549,1.414,1.4731,1.5323,1.5915,1.6508,1.71,1.7692
5.711,5.5877,5.4629,5.3363,5.2089,4.6036,3.9753,3.347,2.7187,2.0904,1.4621,1.8553,1.695,1.5624,1.4538,1.3516,1.2599,1.1678,1.0736,0.9794,0.8849,0.7904,0.696,0.6015,0.507,0.4125
10.0,10.0,10.0,10.0,10.0,10.0,10.0,10.0,10.0,10.0,10.0,10.0,10.0,10.0,10.0,10.0,10.0,10.0,2.7167,3.215,3.7132,4.2115,4.7097,4.9684,4.1878,3.4071
2.0184,2.123,2.2289,2.3363,2.4444,2.5544,2.6643,2.7745,2.8847,2.3993,1.6781,0.96,1.3075,1.42,1.5121,1.5989,1.6767,1.7548,1.8348,1.9147,1.9949,2.0751,2.1552,2.2354,2.3156,2.3958
3.5323,3.456,3.3788,3.3005,3.2217,3.1416,3.0614,2.9811,2.9008,2.8204,2.7401,2.6485,2.5494,0.9663,0.8992,0.836,0.7793,0.7223,0.664,0.6057,0.5473,0.4889,0.4305,0.372,0.3136,0.2551
1.9724,2.0747,2.1781,2.2831,2.3888,2.4962,2.6037,2.7114,2.8191,2.9268,3.0345,3.1573,3.2902,3.4002,1.0839,1.5625,1.6385,1.7149,1.793,1.8712,1.9495,2.0278,2.1062,2.1845,2.2629,2.3413
10.0,10.0,10.0,10.0,10.0,10.0,10.0,10.0,10.0,10.0,10.0,10.0,10.0,9.6657,8.9943,8.3618,7.7945,7.2248,6.6419,6.059,5.4746,4.8902,4.3056,3.721,3.1364,2.5517
5.9031,5.7756,5.6467,5.5158,5.3842,5.2502,5.1162,4.982,4.8478,4.7135,4.5793,4.4262,4.2605,4.1234,0.9013,1.3971,1.3023,1.2071,1.1097,1.0123,0.9147,0.817,0.7194,0.6217,0.524,0.4263
1.4975,1.5752,1.6537,1.7334,1.8136,1.8952,1.9768,2.0586,2.1403,2.2221,2.3039,2.3972,0.895,1.0536,1.1219,1.1863,1.244,1.302,1.3613,1.4207,1.4801,1.5396,1.5991,1.6586,1.7181,1.7776
4.1538,4.0641,3.9734,3.8813,3.7886,3.6944,3.6001,3.5057,3.4112,3.1237,2.1848,1.2498,1.2329,1.1364,1.0574,0.9831,0.9164,0.8494,0.7809,0.7123,0.6436,0.5749,0.5062,0.4375,0.3687,0.3
5.4143,5.695,5.9789,6.2671,6.5571,6.8521,7.1471,7.4427,7.7383,8.034,8.3297,8.6668,9.0315,9.3335,9.5805,9.8132,10.0,10.0,10.0,3.3323,3.8487,4.3652,4.8816,5.398,5.9144,6.4267
3.2721,3.4417,3.6133,3.7875,3.9628,4.0519,3.4989,2.9459,2.3929,1.8399,1.2869,0.7863,2.1196,2.3021,2.4514,2.5921,2.7182,2.8449,2.9745,3.1041,3.234,3.364,3.494,3.624,3.754,3.884
3.779,3.6974,3.6148,3.531,3.4468,3.361,3.2752,3.1893,3.1034,3.0174,2.9315,2.8335,2.7275,0.6377,0.962,0.8944,0.8337,0.7727,0.7104,0.648,0.5856,0.523,0.4605,0.398,0.3355,0.2729
1.5839,1.666,1.749,1.8333,1.9182,2.0045,2.0908,2.1772,2.2637,2.3502,2.4367,2.5353,2.642,0.6119,1.1866,1.2547,1.3157,1.3771,1.4398,1.5025,1.5654,1.6283,1.6913,1.7542,1.8171,1.88
6.7658,6.2163,5.6671,5.118,4.5691,4.0203,3.4716,2.9229,2.3742,1.8825,2.8478,2.6373,2.4095,2.2209,2.0667,1.9213,1.791,1.6601,1.5262,1.3922,1.2579,1.1237,0.9893,0.855,0.7207,0.5863
10.0,10.0,10.0,10.0,10.0,10.0,10.0,10.0,10.0,9.8227,9.5429,9.2239,8.8788,8.593,8.3593,1.2724,1.7916,2.3107,2.3126,2.1096,1.9062,1.7027,1.4991,1.2956,1.092,0.8885
1.7137,1.8025,1.8924,1.9836,2.0754,2.1687,2.2621,2.3557,2.4492,2.5428,2.2442,1.2838,1.1101,1.2057,1.2838,1.3575,1.4236,1.4899,1.5578,1.6257,1.6937,1.7618,1.8299,1.8979,1.966,2.0341
3.6085,3.5306,3.4518,3.3718,3.2913,3.2094,3.1275,3.0454,2.9634,2.8813,2.7992,2.7057,0.8254,0.9872,0.9186,0.854,0.7961,0.7379,0.6784,0.6188,0.5591,0.4994,0.4397,0.38,0.3203,0.2606
2.5143,2.6447,2.7765,2.9104,3.045,3.182,3.319,3.4563,3.5936,3.7309,3.8682,4.0247,4.1941,4.3344,4.4491,1.5035,2.0887,2.186,2.2856,2.3852,2.4851,2.5849,2.6848,2.7847,2.8846,2.9845
6.1342,5.636,5.138,4.6402,4.1425,3.645,3.1475,2.65,2.1526,1.6551,6.5748,7.3649,8.2197,8.9274,9.5063,10.0,10.0,10.0,10.0,10.0,10.0,10.0,10.0,10.0,10.0,10.0
4.6721,4.5713,4.4692,4.3656,4.2614,4.1554,4.0494,3.9431,3.8369,3.7306,3.6244,3.5032,3.3721,3.2636,1.1047,1.1057,1.0307,0.9554,0.8783,0.8012,0.7239,0.6467,0.5694,0.4921,0.4147,0.3374
1.4727,1.549,1.6263,1.7047,1.7835,1.8638,1.944,2.0244,2.1048,2.1853,2.2657,2.3574,2.4566,1.0361,1.1033,1.1666,1.2234,1.2804,1.3387,1.3971,1.4556,1.5141,1.5726,1.6311,1.6896,1.7481
4.9253,4.8189,4.7113,4.6021,4.4923,4.3805,4.2687,3.7803,3.0706,2.361,1.6514,0.9447,1.4618,1.3474,1.2538,1.1656,1.0866,1.0071,0.9259,0.8446,0.7632,0.6817,0.6002,0.5187,0.4372,0.3557
10.0,10.0,10.0,10.0,10.0,10.0,10.0,10.0,10.0,10.0,10.0,10.0,10.0,10.0,10.0,10.0,10.0,10.0,10.0,10.0,10.0,10.0,10.0,10.0,10.0,10.0
2.3334,2.4543,2.5767,2.7009,2.8259,2.953,3.0802,3.2075,2.7566,2.1196,1.4825,0.8481,1.5115,1.6417,1.7481,1.8484,1.9384,2.0287,2.1211,2.2136,2.3062,2.3989,2.4916,2.5843,2.677,2.7697
3.5734,3.4963,3.4182,3.339,3.2593,3.1782,3.0971,3.0159,2.9346,2.8533,2.772,2.6794,2.5791,0.9776,0.9097,0.8457,0.7883,0.7307,0.6718,0.6128,0.5537,0.4946,0.4355,0.3763,0.3172,0.2581
1.7784,1.8706,1.9638,2.0585,2.1537,2.2506,2.3475,2.4446,2.5417,2.6388,2.7359,2.8467,2.9665,3.0657,1.2889,1.4088,1.4773,1.5462,1.6166,1.6871,1.7577,1.8283,1.899,1.9696,2.0403,2.1109
8.7728,8.4434,8.1101,7.7719,7.4316,7.0855,6.7393,6.3924,6.0454,5.6985,5.3515,4.9559,4.5279,4.1735,3.8836,3.6105,3.3655,3.1195,2.8678,2.6162,2.3638,2.1115,1.8591,1.6067,1.3542,1.1018
7.2723,7.1153,6.9564,6.7952,6.633,6.4679,6.3029,6.1375,5.9722,5.8068,5.6414,5.4528,5.2487,5.0798,0.8271,1.3957,1.6043,1.4871,1.3671,1.2471,1.1268,1.0065,0.8862,0.7659,0.6456,0.5252
1.5522,1.6327,1.7141,1.7967,1.8799,1.9644,2.049,2.1337,2.2185,2.3033,2.388,2.0832,0.5291,1.0921,1.1629,1.2296,1.2895,1.3495,1.411,1.4725,1.5342,1.5958,1.6575,1.7191,1.7808,1.8425
3.8732,3.7896,3.705,3.6191,3.5327,3.4448,3.3569,3.2688,3.1808,3.0927,2.8202,1.6133,0.6009,1.0596,0.986,0.9167,0.8545,0.792,0.7281,0.6642,0.6001,0.5361,0.472,0.4079,0.3438,0.2797
3.7039,3.8959,4.0902,4.2874,4.4857,4.6875,4.8894,5.0916,5.2938,5.4961,5.6984,5.929,6.1785,6.3851,6.5541,6.7133,1.8719,2.4143,2.9565,3.4988,3.6609,3.808,3.9551,4.1023,4.2494,4.3966
4.5105,4.7443,4.9809,4.8797,4.3563,3.8331,3.31,2.7868,2.2637,1.7405,1.2174,2.618,2.9218,3.1734,3.3792,3.5731,3.747,3.9216,4.1003,4.279,4.4581,4.6372,4.8164,4.9956,5.1748,5.354
4.0226,3.9357,3.8479,3.7587,3.6689,3.5777,3.4864,3.3949,3.3034,3.212,3.1205,3.0161,2.9033,0.5307,1.024,0.952,0.8874,0.8226,0.7562,0.6898,0.6233,0.5568,0.4902,0.4236,0.3571,0.2905
1.5186,1.5973,1.6769,1.7578,1.8391,1.9218,2.0046,2.0875,2.1704,2.2533,2.3362,2.4308,2.5331,0.9336,1.1377,1.203,1.2615,1.3203,1.3804,1.4406,1.5009,1.5612,1.6215,1.6819,1.7422,1.8025
6.4152,6.2767,6.1228,5.5296,4.9365,4.3436,3.7508,3.158,2.5651,1.9723,1.3795,2.084,1.904,1.755,1.6331,1.5183,1.4153,1.3118,1.206,1.1001,0.994,0.8879,0.7818,0.6756,0.5695,0.4633
10.0,10.0,10.0,10.0,10.0,10.0,10.0,10.0,10.0,10.0,10.0,10.0,10.0,10.0,10.0,10.0,1.7798,2.2437,2.7476,3.2515,3.4927,3.1198,2.7469,2.3739,2.0009,1.6279
1.8822,1.9797,2.0785,2.1786,2.2795,2.382,2.4846,2.5873,2.6901,2.6448,1.8498,1.0582,1.2192,1.3242,1.4101,1.491,1.5636,1.6364,1.711,1.7855,1.8603,1.935,2.0098,2.0846,2.1594,2.2341
3.5467,3.4701,3.3927,3.314,3.2349,3.1544,3.0739,2.9933,2.9126,2.832,2.7513,2.6593,2.3893,0.9703,0.9029,0.8394,0.7824,0.7253,0.6667,0.6082,0.5496,0.4909,0.4322,0.3735,0.3148,0.2562
2.1411,2.2521,2.3643,2.4783,2.593,2.7096,2.8263,2.9432,3.0601,3.177,3.2939,3.4273,3.5715,3.6909,0.997,1.6823,1.7786,1.8615,1.9463,2.0311,2.1162,2.2012,2.2863,2.3713,2.4564,2.5414
6.1012,5.6057,5.1104,4.6153,4.1202,3.6254,3.1306,10.0,10.0,10.0,10.0,10.0,10.0,10.0,10.0,10.0,10.0,10.0,10.0,10.0,10.0,10.0,10.0,10.0,10.0,10.0
5.3415,5.2262,5.1095,4.9911,4.8719,4.7507,4.6295,4.508,4.3866,4.2651,4.1436,4.0051,3.8552,3.7311,0.9657,1.2642,1.1784,1.0923,1.0041,0.916,0.8277,0.7393,0.6509,0.5625,0.4742,0.3858
1.4821,1.5589,1.6367,1.7156,1.795,1.8757,1.9565,2.0374,2.1183,2.1992,2.2802,2.3725,1.5959,1.0428,1.1104,1.1741,1.2312,1.2886,1.3473,1.406,1.4649,1.5237,1.5826,1.6415,1.7004,1.7593
4.4014,4.3064,4.2102,4.1126,4.0145,3.9146,3.8147,3.7146,3.6017,2.7693,1.937,1.108,1.3063,1.2041,1.1205,1.0417,0.971,0.9,0.8274,0.7548,0.682,0.6092,0.5364,0.4635,0.3907,0.3179
7.7032,8.1026,8.5066,8.9166,9.3292,9.7489,10.0,10.0,10.0,10.0,10.0,10.0,10.0,10.0,10.0,10.0,10.0,10.0,10.0,10.0,10.0,10.0,10.0,10.0,5.8101,6.3174
2.8248,2.9713,3.1194,3.2698,3.4211,3.575,3.6708,3.0906,2.5104,1.9303,1.3501,0.7723,1.8299,1.9874,2.1163,2.2377,2.3466,2.456,2.5679,2.6798,2.792,2.9042,3.0164,3.1286,3.2408,3.3531
3.6836,3.604,3.5236,3.4419,3.3597,3.2761,3.1926,3.1088,3.025,2.9413,2.8575,2.7619,2.6586,0.8202,0.9377,0.8718,0.8126,0.7532,0.6925,0.6317,0.5708,0.5098,0.4489,0.3879,0.327,0.266
1.6468,1.7322,1.8185,1.9062,1.9944,2.0841,2.1738,2.2638,2.3537,2.4436,2.5335,2.6361,2.747,0.5985,1.2337,1.3045,1.368,1.4318,1.497,1.5622,1.6276,1.693,1.7585,1.8239,1.8893,1.9547
6.5408,6.0097,5.4787,4.9479,4.4171,3.8867,3.3562,2.8257,3.9038,3.6797,3.4557,3.2002,2.9238,2.695,2.5078,2.3314,2.1732,2.0144,1.8519,1.6893,1.5264,1.3635,1.2005,1.0375,0.8745,0.7115
9.6918,9.4826,9.2709,9.056,8.8398,8.6199,8.4,8.1796,7.9592,7.7387,7.5183,7.267,6.9951,6.7699,6.5858,1.312,1.8473,1.9818,1.8219,1.662,1.5017,1.3414,1.1811,1.0207,0.8603,0.7
1.642,1.7271,1.8132,1.9006,1.9886,2.0781,2.1675,2.2572,2.3468,2.4365,2.5262,1.4991,0.5052,1.1552,1.2302,1.3007,1.364,1.4276,1.4927,1.5577,1.6229,1.6881,1.7534,1.8186,1.8838,1.9491
3.6918,3.6121,3.5315,3.4496,3.3673,3.2835,3.1997,3.1158,3.0318,2.9478,2.8639,2.3326,0.5925,1.01,0.9398,0.8737,0.8144,0.7549,0.694,0.6331,0.572,0.511,0.4499,0.3888,0.3277,0.2666
2.8561,3.0042,3.154,3.306,3.459,3.6146,3.7702,3.9261,4.0821,4.2381,4.394,4.5719,4.7643,4.9236,5.0539,1.4266,2.0087,2.4832,2.5963,2.7095,2.8229,2.9363,3.0498,3.1633,3.2767,3.3902
6.229,5.7232,5.2175,4.712,4.2066,3.7014,3.1962,2.691,2.1859,1.6807,3.868,4.3328,4.8357,5.2521,5.5926,5.9135,6.2013,6.4903,6.786,7.0817,7.3782,7.6746,7.9712,8.2678,8.5643,8.8609
4.3846,4.2899,4.1941,4.0969,3.9991,3.8996,3.8001,3.7004,3.6007,3.501,3.4013,3.2876,3.1645,3.0627,1.1162,1.0377,0.9673,0.8966,0.8242,0.7519,0.6794,0.6069,0.5343,0.4618,0.3892,0.3167
1.4846,1.5616,1.6394,1.7185,1.798,1.8789,1.9598,2.0408,2.1219,2.203,2.284,2.3765,2.4765,1.0445,1.1123,1.1761,1.2333,1.2908,1.3496,1.4084,1.4674,1.5263,1.5853,1.6443,1.7033,1.7622
5.3865,5.2702,5.1526,5.0332,4.913,4.7908,4.1605,3.5029,2.8453,2.1877,1.5302,0.9869,1.5987,1.4736,1.3712,1.2748,1.1883,1.1015,1.0126,0.9237,0.8346,0.7455,0.6564,0.5673,0.4782,0.389
10.0,10.0,10.0,10.0,10.0,10.0,10.0,10.0,10.0,10.0,10.0,10.0,10.0,10.0,10.0,10.0,10.0,10.0,10.0,10.0,3.7158,4.2144,4.713,5.2116,5.7101,6.2087
2.1299,2.2404,2.3521,2.4654,2.5795,2.6956,2.8116,2.9279,2.9729,2.2859,1.5988,0.9146,1.3797,1.4985,1.5957,1.6873,1.7694,1.8518,1.9362,2.0206,2.1052,2.1898,2.2744,2.359,2.4436,2.5282
3.5509,3.4743,3.3967,3.318,3.2388,3.1582,3.0776,2.9968,2.9161,2.8353,2.7546,2.6625,2.5629,0.9714,0.904,0.8404,0.7834,0.7261,0.6675,0.6089,0.5502,0.4915,0.4327,0.374,0.3152,0.2565
1.8951,1.9934,2.0928,2.1936,2.2951,2.3984,2.5017,2.6051,2.7086,2.8121,2.9156,3.0336,3.1612,3.2669,1.1551,1.5013,1.5743,1.6477,1.7228,1.7978,1.8731,1.9484,2.0236,2.0989,2.1742,2.2495
6.1809,5.6789,5.1772,4.6756,10.0,10.0,10.0,9.8581,9.3232,8.7881,8.253,7.6428,6.9827,6.4362,5.9892,5.568,5.1902,4.8109,4.4227,4.0346,3.6455,3.2563,2.867,2.4778,2.0885,1.6992
6.3673,6.2298,6.0908,5.9496,5.8076,5.6631,5.5186,5.3738,5.229,5.0842,4.9394,4.7742,4.5956,4.4477,0.8723,1.4718,1.4047,1.302,1.197,1.0919,0.9866,0.8813,0.7759,0.6706,0.5652,0.4599
1.5196,1.5983,1.678,1.7589,1.8403,1.9231,2.0059,2.0888,2.1718,2.2548,2.3378,2.4324,0.7086,1.0691,1.1384,1.2037,1.2623,1.3212,1.3813,1.4415,1.5019,1.5622,1.6226,1.683,1.7433,1.8037
4.0462,3.9588,3.8705,3.7808,3.6905,3.5987,3.5069,3.4149,3.3228,3.2308,2.3933,1.3691,1.2009,1.1069,1.03,0.9576,0.8926,0.8274,0.7606,0.6939,0.627,0.56,0.4931,0.4261,0.3592,0.2922
4.6069,4.8458,5.0874,5.3326,5.5794,5.8304,6.0814,6.3329,6.5844,6.836,7.0876,7.3744,7.6848,7.9417,8.1519,8.35,8.5276,2.4386,2.8713,3.3979,3.9245,4.4511,4.9193,5.1024,5.2854,5.4684
3.6602,3.85,4.0419,4.2368,4.4328,3.97,3.4282,2.8863,2.3445,1.8027,1.2608,2.1245,2.371,2.5752,2.7422,2.8995,3.0406,3.1823,3.3273,3.4723,3.6176,3.763,3.9084,4.0538,4.1993,4.3447
3.8733,3.7896,3.705,3.6192,3.5328,3.4449,3.357,3.2689,3.1808,3.0927,3.0046,2.9042,2.7955,0.5649,0.986,0.9167,0.8545,0.792,0.7281,0.6642,0.6002,0.5361,0.472,0.4079,0.3438,0.2797
1.5602,1.6411,1.7229,1.806,1.8895,1.9745,2.0595,2.1447,2.2299,2.3151,2.4003,2.4975,2.6026,0.7056,1.1689,1.2359,1.2961,1.3565,1.4183,1.4801,1.5421,1.604,1.666,1.728,1.79,1.852
6.9731,6.4068,5.8408,5.2749,4.7091,4.1435,3.578,3.0125,2.447,1.8815,2.5888,2.3974,2.1903,2.0189,1.8787,1.7465,1.6281,1.5091,1.3873,1.2656,1.1435,1.0214,0.8993,0.7772,0.6551,0.533
10.0,10.0,10.0,10.0,10.0,10.0,10.0,10.0,10.0,10.0,10.0,10.0,10.0,10.0,10.0,9.8633,1.7738,2.2877,2.8015,2.5566,2.31,2.0634,1.8167,1.5701,1.3234,1.0767
1.7769,1.869,1.9622,2.0568,2.152,2.2488,2.3456,2.4426,2.5396,2.6366,2.0779,1.1887,1.151,1.2502,1.3312,1.4076,1.4761,1.5449,1.6153,1.6857,1.7562,1.8268,1.8974,1.968,2.0386,2.1092
3.5898,3.5123,3.4339,3.3543,3.2742,3.1928,3.1113,3.0297,2.948,2.8664,2.7847,2.6916,1.1025,0.9821,0.9139,0.8496,0.7919,0.7341,0.6748,0.6156,0.5562,0.4969,0.4375,0.3781,0.3187,0.2593
2.3607,2.4831,2.6069,2.7325,2.859,2.9876,3.1162,3.2451,3.374,3.5029,3.6318,3.7788,3.9378,4.0695,0.9657,1.5696,1.9611,2.0525,2.146,2.2395,2.3332,2.427,2.5208,2.6146,2.7083,2.8021
6.1309,5.633,5.1353,4.6378,4.1403,3.6431,3.1459,2.6486,2.1514,10.0,10.0,10.0,10.0,10.0,10.0,10.0,10.0,10.0,10.0,10.0,10.0,10.0,10.0,10.0,10.0,10.0
4.9151,4.809,4.7016,4.5926,4.483,4.3715,4.2599,4.1482,4.0364,3.9246,3.8128,3.6854,3.5475,3.4333,1.0487,1.1632,1.0843,1.0051,0.924,0.8429,0.7616,0.6803,0.599,0.5176,0.4363,0.355
1.4787,1.5553,1.6329,1.7116,1.7908,1.8714,1.9519,2.0327,2.1134,2.1941,2.2749,2.367,2.4666,1.0403,1.1078,1.1714,1.2284,1.2856,1.3442,1.4028,1.4615,1.5202,1.579,1.6377,1.6965,1.7552
4.7187,4.6168,4.5138,4.4092,4.3039,4.1968,4.0897,3.9824,3.2596,2.5063,1.753,1.0028,1.4005,1.2909,1.2012,1.1168,1.041,0.9649,0.8871,0.8092,0.7312,0.6531,0.575,0.497,0.4189,0.3408
10.0,10.0,10.0,10.0,10.0,10.0,10.0,10.0,10.0,10.0,10.0,10.0,10.0,10.0,10.0,10.0,10.0,10.0,10.0,10.0,3.7448,4.2473,4.7497,5.2522,5.7547,6.2571
2.5041,2.6339,2.7652,2.8985,3.0327,3.1691,3.3055,3.2768,2.6617,2.0465,1.4314,0.8188,1.6221,1.7618,1.876,1.9837,2.0802,2.1772,2.2764,2.3755,2.475,2.5744,2.6739,2.7734,2.8729,2.9724
3.6213,3.5431,3.464,3.3837,3.303,3.2208,3.1386,3.0563,2.9739,2.8916,2.8092,2.7153,2.6137,0.9907,0.9219,0.857,0.7989,0.7405,0.6808,0.621,0.5611,0.5012,0.4413,0.3814,0.3215,0.2615
1.7288,1.8185,1.9091,2.0012,2.0938,2.188,2.2821,2.3765,2.4709,2.5653,2.6598,2.7674,2.8839,0.6284,1.2952,1.3695,1.4362,1.5031,1.5716,1.6401,1.7087,1.7774,1.8461,1.9148,1.9834,2.0521
6.3804,5.8623,5.3443,4.8265,4.3088,3.7913,5.581,5.2938,5.0065,4.7191,4.4318,4.1042,3.7497,3.4562,3.2162,2.99,2.7871,2.5834,2.375,2.1665,1.9576,1.7486,1.5396,1.3305,1.1215,0.9124
8.0556,7.8817,7.7057,7.5271,7.3474,7.1647,6.9818,6.7987,6.6155,6.4323,6.249,6.0401,5.8141,5.627,0.9096,1.3651,1.7771,1.6473,1.5144,1.3814,1.2482,1.115,0.9817,0.8484,0.7151,0.5818
1.5885,1.6709,1.7542,1.8388,1.9238,2.0104,2.0969,2.1837,2.2704,2.3571,2.4439,1.8166,0.4888,1.1176,1.1901,1.2584,1.3196,1.3811,1.4441,1.507,1.5701,1.6332,1.6963,1.7594,1.8225,1.8856
3.8095,3.7273,3.644,3.5596,3.4746,3.3882,3.3017,3.2151,3.1285,3.0418,2.9552,1.8328,0.591,1.0422,0.9698,0.9016,0.8404,0.779,0.7161,0.6533,0.5903,0.5273,0.4642,0.4012,0.3382,0.2751
3.3332,3.506,3.6808,3.8583,4.0368,4.2184,4.4,4.582,4.764,4.946,5.128,5.3356,5.5601,5.746,5.8981,6.0414,1.926,2.484,3.0301,3.1621,3.2945,3.4268,3.5593,3.6917,3.8241,3.9565
5.3265,5.6026,5.342,4.8245,4.307,3.7897,3.2725,2.7552,2.238,1.7208,1.2036,3.0916,3.4504,3.7475,3.9905,4.2194,4.4248,4.631,4.842,5.053,5.2645,5.4761,5.6876,5.8993,6.1109,6.3225
4.1628,4.0729,3.982,3.8897,3.7968,3.7024,3.6079,3.5133,3.4186,3.3239,3.2292,3.1213,3.0045,0.5492,1.0597,0.9852,0.9184,0.8512,0.7826,0.7139,0.645,0.5762,0.5073,0.4384,0.3695,0.3006
1.5088,1.587,1.6661,1.7464,1.8272,1.9094,1.9916,2.074,2.1564,2.2388,2.3212,2.4151,2.5167,1.0615,1.1303,1.1952,1.2533,1.3118,1.3715,1.4313,1.4912,1.5511,1.6111,1.671,1.7309,1.7909
5.9921,5.8627,5.7318,5.599,5.1414,4.5239,3.9064,3.289,2.6716,2.0542,1.4368,1.9466,1.7785,1.6393,1.5254,1.4181,1.3219,1.2253,1.1264,1.0276,0.9285,0.8294,0.7302,0.6311,0.5319,0.4328
10.0,10.0,10.0,10.0,10.0,10.0,10.0,10.0,10.0,10.0,10.0,10.0,10.0,10.0,10.0,10.0,10.0,2.2398,2.7428,3.2458,3.7489,4.2519,4.0757,3.5223,2.9689,2.4155
1.9745,2.0768,2.1804,2.2855,2.3912,2.4988,2.6064,2.7142,2.822,2.5008,1.7492,1.0006,1.279,1.3892,1.4792,1.5641,1.6402,1.7167,1.7949,1.8731,1.9515,2.0299,2.1084,2.1868,2.2653,2.3437
3.5569,3.4801,3.4024,3.3235,3.2442,3.1635,3.0828,3.0019,2.921,2.8401,2.7592,2.667,2.5672,0.9731,0.9055,0.8418,0.7847,0.7273,0.6686,0.61,0.5511,0.4923,0.4335,0.3746,0.3157,0.2569
2.0448,2.1508,2.2581,2.3669,2.4764,2.5878,2.6993,2.8109,2.9225,3.0342,3.1459,3.2732,3.4109,3.525,1.0547,1.6198,1.6987,1.7778,1.8588,1.9398,2.021,2.1023,2.1835,2.2647,2.346,2.4272
6.1467,5.6476,5.1486,4.6498,4.151,3.6525,3.2379,10.0,10.0,10.0,10.0,10.0,10.0,10.0,10.0,10.0,10.0,10.0,9.7598,8.9033,8.0446,7.1858,6.3268,5.4678,4.6087,3.7496
5.7068,5.5836,5.459,5.3324,5.2051,5.0756,4.9461,4.8164,4.6866,4.5568,4.427,4.279,4.1189,3.9863,0.9301,1.3506,1.259,1.167,1.0728,0.9787,0.8843,0.7899,0.6955,0.601,0.5066,0.4122
1.5001,1.5779,1.6565,1.7364,1.8167,1.8985,1.9802,2.0621,2.144,2.2259,2.3078,2.4013,1.0818,1.0554,1.1239,1.1883,1.2462,1.3042,1.3637,1.4231,1.4827,1.5422,1.6018,1.6614,1.721,1.7806
4.2696,4.1775,4.0842,3.9895,3.8943,3.7974,3.7005,3.6034,3.5063,2.9951,2.0949,1.1984,1.2672,1.1681,1.0869,1.0105,0.9419,0.8731,0.8026,0.7322,0.6616,0.591,0.5203,0.4497,0.379,0.3084
6.1442,6.4628,6.785,7.1121,7.4411,7.7759,8.1107,8.4461,8.7816,9.1171,9.4527,9.8352,10.0,10.0,10.0,10.0,10.0,10.0,10.0,3.3289,3.8448,4.3607,4.8766,5.3925,5.9084,6.4243
3.1035,3.2644,3.4272,3.5924,3.7586,3.9277,3.5838,3.0174,2.4509,1.8845,1.3181,0.754,2.0104,2.1835,2.3251,2.4585,2.5782,2.6983,2.8213,2.9442,3.0674,3.1907,3.314,3.4373,3.5606,3.6839
3.7643,3.6831,3.6008,3.5174,3.4334,3.348,3.2626,3.177,3.0914,3.0058,2.9201,2.8225,2.7169,0.7012,0.9583,0.8909,0.8304,0.7698,0.7076,0.6455,0.5833,0.521,0.4587,0.3964,0.3342,0.2719
1.6171,1.701,1.7858,1.8718,1.9585,2.0466,2.1347,2.223,2.3113,2.3996,2.4879,2.5886,2.6975,0.5878,1.2115,1.281,1.3434,1.406,1.47,1.5341,1.5983,1.6625,1.7268,1.791,1.8553,1.9195
6.719,6.1733,5.6279,5.0826,4.5375,3.9925,3.4476,2.9027,2.3578,3.2712,3.072,2.8449,2.5992,2.3958,2.2294,2.0726,1.932,1.7908,1.6463,1.5018,1.357,1.2121,1.0672,0.9223,0.7774,0.6325
10.0,10.0,10.0,10.0,10.0,9.9811,9.7264,9.4712,9.2161,8.9608,8.7056,8.4145,8.0997,7.839,7.6257,1.2953,1.8238,2.2948,2.1097,1.9245,1.7389,1.5533,1.3676,1.1819,0.9962,0.8105
1.6961,1.7841,1.873,1.9633,2.0542,2.1466,2.239,2.3316,2.4242,2.5168,2.3897,1.367,0.5219,1.1933,1.2707,1.3436,1.409,1.4747,1.5419,1.6091,1.6764,1.7438,1.8112,1.8785,1.9459,2.0133
3.6631,3.584,3.504,3.4228,3.3411,3.258,3.1748,3.0915,3.0082,2.9249,2.8416,2.7466,0.722,1.0021,0.9325,0.8669,0.8081,0.7491,0.6886,0.6282,0.5676,0.507,0.4464,0.3858,0.3252,0.2646
2.6519,2.7894,2.9285,3.0697,3.2117,3.3562,3.5007,3.6455,3.7903,3.9351,4.0799,4.245,4.4237,4.5716,4.6926,1.4826,2.0876,2.3057,2.4107,2.5158,2.6211,2.7264,2.8318,2.9371,3.0425,3.1478
6.2103,5.706,5.2019,4.6979,4.194,3.6903,3.1866,2.683,2.1793,1.6757,5.2202,5.8475,6.5262,7.0881,7.5478,7.9808,8.3692,8.7592,9.1583,9.5574,9.9575,10.0,10.0,10.0,10.0,10.0
4.5879,4.4888,4.3886,4.2869,4.1845,4.0804,3.9763,3.872,3.7677,3.6633,3.559,3.44,3.3113,3.2047,1.1566,1.0858,1.0121,0.9382,0.8625,0.7868,0.7109,0.635,0.5591,0.4832,0.4073,0.3313
1.4871,1.5642,1.6422,1.7213,1.801,1.882,1.963,2.0442,2.1254,2.2066,2.2878,2.3804,2.4806,1.0463,1.1141,1.178,1.2354,1.2929,1.3518,1.4107,1.4698,1.5289,1.5879,1.647,1.7061,1.7652
5.1265,5.0158,4.9038,4.7901,4.6758,4.5595,4.3873,3.6939,3.0005,2.307,1.6136,0.9392,1.5215,1.4024,1.305,1.2133,1.1309,1.0483,0.9637,0.8791,0.7943,0.7095,0.6247,0.5399,0.4551,0.3702
10.0,9.9902,9.9902,9.9902,9.9902,9.9902,9.9902,9.9902,9.9902,9.9902,9.9902,9.9902,9.9902,9.9902,9.9902,9.9902,9.9902,9.9902,9.9902,3.2374,3.7391,4.2408,4.7425,5.2443,5.746,6.2477
2.2666,2.3841,2.503,2.6237,2.7451,2.8686,2.9921,3.1158,2.8551,2.1953,1.5355,0.8784,1.4683,1.5947,1.6981,1.7956,1.8829,1.9707,2.0605,2.1503,2.2403,2.3303,2.4203,2.5104,2.6004,2.6905
3.5897,3.5121,3.4337,3.3542,3.2741,3.1926,3.1112,3.0295,2.9479,2.8663,2.7846,2.6915,2.5908,0.982,0.9138,0.8495,0.7919,0.734,0.6748,0.6156,0.5562,0.4968,0.4374,0.3781,0.3187,0.2593
1.8341,1.9292,2.0254,2.123,2.2213,2.3212,2.4211,2.5213,2.6214,2.7216,2.8218,2.936,3.0595,3.1618,1.2429,1.4529,1.5237,1.5947,1.6673,1.74,1.8128,1.8857,1.9585,2.0314,2.1043,2.1771
6.2775,5.7677,5.2581,4.7487,4.2393,3.7302,3.2211,2.7769,7.0348,6.6311,6.2273,5.7669,5.2688,4.8565,4.5192,4.2013,3.9163,3.6301,3.3372,3.0443,2.7507,2.457,2.1633,1.8696,1.5759,1.2821
6.9469,6.7969,6.6452,6.4911,6.3362,6.1785,6.0209,5.8629,5.705,5.547,5.389,5.2088,5.0139,4.8525,0.8499,1.4341,1.5325,1.4205,1.3059,1.1913,1.0764,0.9615,0.8466,0.7316,0.6167,0.5017
1.5508,1.6312,1.7125,1.795,1.8781,1.9626,2.0471,2.1317,2.2164,2.3011,2.3858,2.3235,0.5901,1.0911,1.1618,1.2285,1.2882,1.3483,1.4097,1.4711,1.5327,1.5943,1.6559,1.7175,1.7791,1.8407
3.9666,3.8809,3.7943,3.7063,3.6179,3.5279,3.4378,3.3476,3.2574,3.1672,2.6594,1.5213,0.6154,1.0851,1.0098,0.9388,0.8751,0.8111,0.7457,0.6802,0.6146,0.549,0.4834,0.4177,0.3521,0.2865
4.034,4.2431,4.4547,4.6694,4.8855,5.1053,5.3251,5.5453,5.7656,5.9859,6.2062,6.4573,6.7291,6.9541,7.1381,7.3115,7.467,2.4049,2.945,3.4852,3.9871,4.1473,4.3076,4.4678,4.6281,4.7884
4.1734,4.3897,4.6086,4.8308,4.4477,3.9135,3.3794,2.8453,2.3111,1.777,1.2429,2.4223,2.7035,2.9362,3.1266,3.306,3.4669,3.6285,3.7938,3.9591,4.1248,4.2906,4.4564,4.6222,4.788,4.9538
3.9942,3.9079,3.8207,3.7321,3.643,3.5524,3.4617,3.3709,3.2801,3.1893,3.0984,2.9948,2.8828,0.5269,1.0168,0.9453,0.8811,0.8167,0.7508,0.685,0.6189,0.5528,0.4867,0.4207,0.3546,0.2885
1.546,1.6261,1.7072,1.7895,1.8723,1.9565,2.0408,2.1252,2.2096,2.294,2.3784,2.4747,2.5788,0.8372,1.1582,1.2247,1.2843,1.3441,1.4054,1.4666,1.528,1.5894,1.6508,1.7122,1.7737,1.8351
6.8052,6.6454,6.0582,5.4713,4.8844,4.2978,3.7112,3.1246,2.5381,1.9515,1.4232,2.2107,2.0198,1.8617,1.7324,1.6106,1.5013,1.3916,1.2793,1.167,1.0545,0.9419,0.8293,0.7167,0.6041,0.4915
9.1604,9.1604,9.1604,9.1604,9.1604,9.1604,9.1604,9.1604,9.1604,9.1604,9.1604,9.1604,9.1604,9.1604,9.1604,9.1604,1.7662,2.278,2.7896,3.2574,2.9433,2.6291,2.3148,2.0005,1.6862,1.3719
1.855,1.9511,2.0484,2.1471,2.2465,2.3476,2.4486,2.5499,2.6512,2.7525,1.9462,1.1133,1.2016,1.3051,1.3897,1.4694,1.5409,1.6128,1.6862,1.7597,1.8334,1.9071,1.9807,2.0544,2.1281,2.2018
3.5914,3.5139,3.4355,3.3558,3.2757,3.1942,3.1127,3.0311,2.9494,2.8677,2.786,2.6929,1.6648,0.9825,0.9143,0.85,0.7923,0.7344,0.6751,0.6159,0.5565,0.4971,0.4377,0.3782,0.3188,0.2594
2.238,2.354,2.4713,2.5905,2.7103,2.8323,2.9542,3.0764,3.1986,3.3208,3.443,3.5823,3.7331,3.8579,0.9781,1.6505,1.8591,1.9458,2.0344,2.1231,2.2119,2.3008,2.3897,2.4786,2.5675,2.6564
6.1621,5.6617,5.1615,4.6614,4.1614,3.6616,3.1619,2.6621,8.9321,8.9321,8.9321,8.9321,8.9321,8.9321,8.9321,8.9321,8.9321,8.9321,8.9321,8.9321,8.9321,8.9321,8.9321,8.9321,8.9321,8.9321
5.2122,5.0997,4.9858,4.8702,4.754,4.6357,4.5174,4.3989,4.2804,4.1618,4.0433,3.9081,3.7619,3.6408,1.004,1.2335,1.1499,1.0658,0.9798,0.8938,0.8076,0.7214,0.6352,0.5489,0.4627,0.3764
1.493,1.5704,1.6487,1.7282,1.8082,1.8895,1.9709,2.0524,2.1339,2.2154,2.297,2.39,2.3031,1.0504,1.1186,1.1827,1.2403,1.2981,1.3572,1.4164,1.4757,1.535,1.5943,1.6536,1.7129,1.7722
4.5554,4.457,4.3575,4.2565,4.1549,4.0515,3.9482,3.8446,3.4915,2.6846,1.8777,1.0741,1.352,1.2462,1.1597,1.0781,1.005,0.9315,0.8563,0.7812,0.7059,0.6305,0.5551,0.4798,0.4044,0.329
8.7149,8.7149,8.7149,8.7149,8.7149,8.7149,8.7149,8.7149,8.7149,8.7149,8.7149,8.7149,8.7149,8.7149,8.7149,8.7149,8.7149,8.7149,2.7792,3.289,3.7987,4.3084,4.8181,5.3278,5.8375,6.3472
2.7157,2.8565,2.9989,3.1435,3.2889,3.4369,3.5848,3.1862,2.588,1.9899,1.3918,0.7962,1.7592,1.9107,2.0346,2.1513,2.256,2.3611,2.4687,2.5763,2.6841,2.792,2.8999,3.0077,3.1156,3.2235
3.6909,3.6112,3.5305,3.4487,3.3664,3.2826,3.1989,3.1149,3.031,2.9471,2.8631,2.7674,2.6639,0.9316,0.9396,0.8735,0.8142,0.7547,0.6938,0.6329,0.5719,0.5108,0.4498,0.3887,0.3276,0.2666
1.6918,1.7795,1.8682,1.9582,2.0489,2.141,2.2332,2.3256,2.4179,2.5103,2.6027,2.7081,2.822,0.6149,1.2674,1.3402,1.4054,1.4709,1.5379,1.6049,1.6721,1.7393,1.8065,1.8737,1.9409,2.0081
6.535,6.0043,5.4738,4.9435,4.4132,3.8832,3.3532,2.8232,4.3004,4.0536,3.8068,3.5253,3.2209,2.9688,2.7626,2.5683,2.394,2.2191,2.04,1.861,1.6815,1.502,1.3225,1.1429,0.9633,0.7838
8.4578,8.4578,8.4578,8.4578,8.2743,8.0685,7.8626,7.6563,7.45,7.2437,7.0373,6.8021,6.5476,6.3368,6.1644,1.3436,1.8918,1.8551,1.7054,1.5557,1.4057,1.2556,1.1055,0.9554,0.8053,0.6552
1.6355,1.7203,1.8061,1.8931,1.9807,2.0698,2.159,2.2482,2.3375,2.4269,2.5162,1.6209,0.5032,1.1507,1.2253,1.2956,1.3587,1.422,1.4868,1.5515,1.6165,1.6814,1.7464,1.8114,1.8764,1.9414
3.7695,3.6881,3.6057,3.5222,3.4381,3.3525,3.267,3.1813,3.0956,3.0098,2.9241,2.131,0.5848,1.0312,0.9596,0.8921,0.8316,0.7708,0.7086,0.6464,0.5841,0.5217,0.4594,0.397,0.3346,0.2722
3.049,3.207,3.367,3.5293,3.6926,3.8587,4.0248,4.1913,4.3577,4.5242,4.6907,4.8806,5.086,5.256,5.3951,1.4162,1.994,2.5718,2.7717,2.8925,3.0135,3.1346,3.2557,3.3769,3.498,3.6191
6.3423,5.8273,5.3124,4.7977,4.2831,3.7687,3.2543,2.74,2.2256,1.7113,1.1969,3.7898,4.2297,4.5938,4.8917,5.1724,5.4241,5.6769,5.9356,6.1942,6.4535,6.7128,6.9722,7.2316,7.491,7.7504
4.3364,4.2428,4.1481,4.0519,3.9552,3.8568,3.7584,3.6598,3.5612,3.4625,3.3639,3.2515,3.1298,0.5721,1.1039,1.0263,0.9567,0.8867,0.8152,0.7436,0.6719,0.6002,0.5284,0.4567,0.3849,0.3132
1.5076,1.5858,1.6648,1.7451,1.8258,1.908,1.9901,2.0724,2.1547,2.2371,2.3194,2.4133,2.5148,1.0607,1.1295,1.1943,1.2524,1.3108,1.3705,1.4302,1.4901,1.5499,1.6098,1.6697,1.7296,1.7895
5.6557,5.5336,5.41,5.2846,5.1585,4.745,4.0973,3.4497,2.8021,2.1545,1.507,1.8373,1.6786,1.5472,1.4398,1.3385,1.2477,1.1565,1.0632,0.9699,0.8763,0.7828,0.6892,0.5956,0.5021,0.4085
8.0766,8.0766,8.0766,8.0766,8.0766,8.0766,8.0766,8.0766,8.0766,8.0766,8.0766,8.0766,8.0766,8.0766,8.0766,8.0766,8.0766,2.3076,2.7535,3.2585,3.7635,4.2685,4.7735,5.2785,5.7438,4.6731
2.0873,2.1955,2.3049,2.416,2.5278,2.6415,2.7553,2.8692,2.9832,2.3861,1.6689,0.9547,1.3521,1.4685,1.5637,1.6535,1.7339,1.8147,1.8974,1.9801,2.063,2.1459,2.2288,2.3117,2.3946,2.4776
3.5872,3.5098,3.4314,3.3519,3.2719,3.1905,3.1091,3.0275,2.9459,2.8643,2.7827,2.6897,2.5891,0.9814,0.9132,0.849,0.7914,0.7335,0.6744,0.6152,0.5558,0.4965,0.4371,0.3778,0.3184,0.2591
1.9686,2.0707,2.1739,2.2787,2.3841,2.4914,2.5986,2.7061,2.8136,2.9211,3.0286,3.1512,3.2838,3.3936,1.1252,1.5595,1.6354,1.7116,1.7895,1.8675,1.9457,2.0239,2.1021,2.1803,2.2585,2.3367
6.2278,5.722,5.2165,4.7111,4.2057,3.7006,3.1956,2.6905,2.2567,7.8986,7.8986,7.8986,7.8986,7.8986,7.649,7.111,6.6286,6.1441,5.6484,5.1527,4.6557,4.1587,3.6616,3.1644,2.6672,2.1701
6.1569,6.024,5.8895,5.753,5.6157,5.476,5.3362,5.1962,5.0562,4.9162,4.7762,4.6165,4.4437,4.3007,0.9023,1.4571,1.3583,1.259,1.1574,1.0558,0.954,0.8522,0.7503,0.6484,0.5466,0.4447
1.527,1.6062,1.6862,1.7675,1.8493,1.9325,2.0157,2.0991,2.1824,2.2658,2.3492,2.4443,0.8245,1.0743,1.144,1.2096,1.2685,1.3276,1.3881,1.4486,1.5092,1.5699,1.6305,1.6912,1.7519,1.8125
4.1701,4.08,3.989,3.8965,3.8035,3.7089,3.6142,3.5194,3.4246,3.2772,2.2921,1.3112,1.2377,1.1408,1.0616,0.9869,0.92,0.8527,0.7839,0.7151,0.6462,0.5772,0.5082,0.4392,0.3702,0.3012
5.1462,5.413,5.6829,5.9568,6.2325,6.5129,6.7933,7.0742,7.3552,7.6362,7.7283,7.7283,7.7283,7.7283,7.7283,7.7283,7.7283,2.3496,2.8773,3.405,3.9327,4.4604,4.988,5.5157,5.9041,6.1086
3.4596,3.639,3.8204,4.0046,4.1899,4.078,3.5214,2.9648,2.4083,1.8517,1.2951,0.8314,2.2411,2.4341,2.5919,2.7406,2.874,3.0079,3.145,3.282,3.4194,3.5568,3.6942,3.8317,3.9691,4.1066
3.8699,3.7863,3.7018,3.616,3.5297,3.4419,3.354,3.266,3.178,3.09,3.002,2.9016,2.7931,0.6165,0.9852,0.9159,0.8537,0.7913,0.7275,0.6636,0.5996,0.5356,0.4716,0.4076,0.3435,0.2795
1.5978,1.6806,1.7644,1.8494,1.935,2.0221,2.1091,2.1964,2.2836,2.3709,2.4581,2.5576,2.6652,0.6541,1.197,1.2657,1.3273,1.3892,1.4525,1.5157,1.5792,1.6426,1.7061,1.7696,1.8331,1.8966
6.9447,6.3808,5.817,5.2534,4.6899,4.1267,3.5634,3.0002,2.437,1.8738,2.7832,2.5775,2.3549,2.1706,2.0198,1.8777,1.7504,1.6224,1.4915,1.3606,1.2294,1.0982,0.9669,0.8356,0.7043,0.573
7.5255,7.5255,7.5255,7.5255,7.5255,7.5255,7.5255,7.5255,7.5255,7.5255,7.5255,7.5255,7.5255,7.5255,7.5255,1.2864,1.8113,2.3361,2.5154,2.2946,2.0733,1.852,1.6306,1.4092,1.1878,0.9664
1.7634,1.8548,1.9473,2.0412,2.1356,2.2317,2.3278,2.4241,2.5204,2.6166,2.2102,1.2643,1.1423,1.2407,1.3211,1.3969,1.4649,1.5332,1.603,1.6729,1.7429,1.8129,1.883,1.9531,2.0231,2.0932
3.6558,3.5769,3.497,3.416,3.3344,3.2515,3.1685,3.0854,3.0023,2.9191,2.836,2.7412,0.9271,1.0001,0.9307,0.8652,0.8065,0.7476,0.6872,0.6269,0.5665,0.506,0.4455,0.385,0.3245,0.264
2.4906,2.6197,2.7504,2.8829,3.0163,3.152,3.2877,3.4237,3.5597,3.6957,3.8317,3.9868,4.1546,4.2935,1.0189,1.5515,2.069,2.1654,2.2641,2.3628,2.4617,2.5606,2.6595,2.7585,2.8574,2.9564
6.2273,5.7216,5.2161,4.7107,4.2054,3.7004,3.1953,2.6903,2.1853,7.1855,7.3707,7.3707,7.3707,7.3707,7.3707,7.3707,7.3707,7.3707,7.3707,7.3707,7.3707,7.3707,7.3707,7.3707,7.3707,7.3707
4.8362,4.7318,4.6261,4.5189,4.411,4.3013,4.1915,4.0816,3.9716,3.8616,3.7516,3.6262,3.4905,3.3782,1.0993,1.1446,1.0669,0.9889,0.9091,0.8294,0.7494,0.6694,0.5894,0.5093,0.4293,0.3493
1.4981,1.5757,1.6543,1.734,1.8143,1.8959,1.9775,2.0593,2.1411,2.2229,2.3047,2.398,2.4989,1.054,1.1223,1.1867,1.2445,1.3025,1.3618,1.4211,1.4806,1.5401,1.5996,1.6592,1.7187,1.7782
4.9204,4.8142,4.7067,4.5976,4.4879,4.3762,4.2646,3.9271,3.1899,2.4527,1.7155,0.9813,1.4604,1.3461,1.2526,1.1645,1.0855,1.0062,0.925,0.8438,0.7624,0.681,0.5996,0.5182,0.4368,0.3554
7.2222,7.2222,7.2222,7.2222,7.2222,7.2222,7.2222,7.2222,7.2222,7.2222,7.2222,7.2222,7.2222,7.2222,7.2222,7.2222,7.2222,2.2608,2.7685,3.2763,3.784,4.2917,4.7995,5.3072,5.8149,6.3227
2.4343,2.5605,2.6882,2.8178,2.9481,3.0808,3.2134,3.3463,2.763,2.1245,1.4859,0.85,1.5769,1.7127,1.8237,1.9284,2.0222,2.1165,2.2129,2.3093,2.406,2.5027,2.5994,2.6961,2.7928,2.8895
3.6496,3.5708,3.4911,3.4102,3.3288,3.246,3.1631,3.0801,2.9972,2.9141,2.8311,2.7365,2.6341,0.9984,0.9291,0.8637,0.8051,0.7463,0.6861,0.6259,0.5655,0.5051,0.4448,0.3844,0.324,0.2636
1.7877,1.8804,1.9741,2.0693,2.165,2.2624,2.3598,2.4574,2.555,2.6527,2.7503,2.8616,2.982,3.0817,1.3393,1.4161,1.4851,1.5543,1.6251,1.6959,1.7669,1.8379,1.9089,1.9799,2.051,2.122
6.4127,5.892,5.3714,4.851,4.3306,3.8105,3.2905,2.7704,2.2503,5.3654,5.0387,4.6662,4.2632,3.9295,3.6566,3.3994,3.1688,2.9372,2.7002,2.4632,2.2257,1.9881,1.7504,1.5128,1.2751,1.0374
7.0447,7.0447,7.0447,7.0447,7.0034,6.8292,6.655,6.4804,6.3058,6.1311,5.9565,5.7573,5.5419,5.3635,0.8671,1.4067,1.6939,1.5701,1.4435,1.3168,1.1898,1.0628,0.9357,0.8087,0.6816,0.5546
1.592,1.6745,1.758,1.8428,1.928,2.0148,2.1015,2.1884,2.2754,2.3623,2.4492,2.0051,0.5093,1.1201,1.1927,1.2611,1.3225,1.3841,1.4472,1.5103,1.5735,1.6367,1.7,1.7632,1.8265,1.8897
3.9131,3.8286,3.7431,3.6564,3.5691,3.4803,3.3915,3.3025,3.2135,3.1245,3.0054,1.7192,0.6071,1.0705,0.9962,0.9261,0.8633,0.8002,0.7356,0.6711,0.6063,0.5416,0.4769,0.4121,0.3474,0.2826
3.6126,3.7999,3.9894,4.1817,4.3752,4.572,4.7688,4.9661,5.1633,5.3606,5.5579,5.7828,6.0262,6.2277,6.3925,6.5478,1.9242,2.4818,3.0392,3.4271,3.5706,3.7141,3.8576,4.0011,4.1446,4.2882
4.8734,5.126,5.3816,4.9411,4.4111,3.8814,3.3516,2.8219,2.2922,1.7624,1.2327,2.8286,3.1569,3.4287,3.651,3.8605,4.0484,4.2371,4.4301,4.6232,4.8167,5.0102,5.2038,5.3974,5.5911,5.7847
4.1451,4.0556,3.9651,3.8732,3.7807,3.6866,3.5926,3.4983,3.4041,3.3098,3.2155,3.108,2.9917,0.5468,1.0552,0.981,0.9144,0.8476,0.7792,0.7108,0.6423,0.5737,0.5051,0.4365,0.368,0.2994
1.541,1.6209,1.7017,1.7837,1.8662,1.9502,2.0342,2.1183,2.2024,2.2866,2.3707,2.4667,2.5705,1.0325,1.1545,1.2207,1.2801,1.3398,1.4008,1.4619,1.523,1.5843,1.6455,1.7067,1.7679,1.8291
6.355,6.2178,6.079,5.7131,5.1003,4.4878,3.8753,3.2628,2.6503,2.0378,1.4253,2.0645,1.8862,1.7385,1.6178,1.504,1.402,1.2995,1.1947,1.0898,0.9847,0.8796,0.7744,0.6693,0.5641,0.459
6.7783,6.7783,6.7783,6.7783,6.7783,6.7783,6.7783,6.7783,6.7783,6.7783,6.7783,6.7783,6.7783,6.7783,6.7783,6.7783,6.7783,2.2815,2.7939,3.3063,3.8187,3.6277,3.1941,2.7604,2.3267,1.893
1.9504,2.0515,2.1538,2.2576,2.362,2.4683,2.5746,2.6811,2.7875,2.6334,1.8419,1.0537,1.2634,1.3722,1.4612,1.545,1.6202,1.6957,1.773,1.8502,1.9277,2.0051,2.0826,2.1601,2.2376,2.3151
3.6138,3.5358,3.4568,3.3767,3.2961,3.2141,3.1321,3.0499,2.9677,2.8855,2.8033,2.7096,2.6082,0.9886,0.92,0.8553,0.7972,0.739,0.6793,0.6197,0.56,0.5002,0.4404,0.3806,0.3208,0.261
2.1408,2.2518,2.3641,2.478,2.5927,2.7093,2.826,2.9429,3.0598,3.1767,3.2936,3.4269,3.5711,3.6905,1.0366,1.6959,1.7784,1.8613,1.9461,2.0309,2.1159,2.201,2.286,2.3711,2.4561,2.5412
6.229,5.7232,5.2175,4.712,4.2066,3.7014,3.1962,2.691,2.1859,6.6524,6.6524,6.6524,6.6524,6.6524,6.6524,6.6524,6.6524,6.6524,6.6524,6.6524,6.6524,6.6524,6.6524,6.6524,6.6524,6.6524
5.5754,5.455,5.3332,5.2096,5.0853,4.9587,4.8322,4.7054,4.5787,4.4519,4.325,4.1805,4.024,3.8945,0.969,1.3195,1.23,1.1401,1.0481,0.9561,0.8639,0.7717,0.6794,0.5872,0.4949,0.4027
1.5162,1.5948,1.6743,1.755,1.8363,1.9189,2.0015,2.0843,2.167,2.2498,2.3326,2.427,1.3747,1.0667,1.1359,1.2011,1.2596,1.3183,1.3783,1.4384,1.4986,1.5588,1.619,1.6793,1.7395,1.7998
4.4302,4.3345,4.2377,4.1395,4.0407,3.9402,3.8396,3.7389,3.6382,2.9043,2.0314,1.162,1.3149,1.212,1.1278,1.0485,0.9773,0.9059,0.8328,0.7597,0.6865,0.6132,0.5399,0.4666,0.3933,0.32
6.5312,6.5312,6.5312,6.5312,6.5312,6.5312,6.5312,6.5312,6.5312,6.5312,6.5312,6.5312,6.5312,6.5312,6.5312,6.5312,1.8661,2.3156,2.8356,3.3557,3.8757,4.3958,4.9158,5.4359,5.9559,6.476
2.9802,3.1347,3.291,3.4496,3.6093,3.7716,3.7049,3.1194,2.5338,1.9482,1.3626,0.7795,1.9305,2.0968,2.2327,2.3608,2.4757,2.5911,2.7092,2.8272,2.9456,3.0639,3.1823,3.3007,3.4191,3.5375
3.784,3.7023,3.6197,3.5358,3.4514,3.3655,3.2796,3.1936,3.1075,3.0215,2.9354,2.8373,2.7311,0.7846,0.9633,0.8955,0.8348,0.7738,0.7113,0.6489,0.5863,0.5237,0.4611,0.3985,0.3359,0.2733
1.6663,1.7527,1.8401,1.9287,2.018,2.1088,2.1996,2.2905,2.3815,2.4725,2.5635,2.6673,2.7795,0.6056,1.2483,1.32,1.3842,1.4487,1.5147,1.5807,1.6469,1.7131,1.7793,1.8455,1.9117,1.9779
6.4143,6.1872,5.6405,5.094,4.5477,4.0015,3.4553,2.9092,2.3631,1.8327,3.3607,3.1123,2.8435,2.6209,2.4389,2.2674,2.1135,1.9591,1.801,1.6429,1.4845,1.326,1.1675,1.009,0.8505,0.6919
6.3857,6.3857,6.3857,6.3857,6.3857,6.3857,6.3857,6.3857,6.3857,6.3857,6.3857,6.3857,6.3857,6.3857,6.3857,1.3306,1.8736,2.1313,1.9594,1.7874,1.615,1.4426,1.2702,1.0977,0.9252,0.7528
1.6945,1.7823,1.8712,1.9614,2.0522,2.1445,2.2368,2.3293,2.4218,2.5144,2.5759,1.4735,0.5214,1.1922,1.2695,1.3423,1.4076,1.4732,1.5404,1.6075,1.6748,1.7421,1.8094,1.8767,1.944,2.0114
3.7524,3.6714,3.5894,3.5062,3.4225,3.3374,3.2522,3.1669,3.0816,2.9962,2.9109,2.5537,0.6486,1.0265,0.9552,0.8881,0.8278,0.7673,0.7054,0.6435,0.5814,0.5194,0.4573,0.3952,0.3331,0.271
2.8286,2.9752,3.1236,3.2742,3.4257,3.5798,3.7339,3.8883,4.0428,4.1972,4.3517,4.5278,4.7184,4.8761,5.0052,1.4759,2.0781,2.4593,2.5713,2.6834,2.7957,2.908,3.0204,3.1328,3.2452,3.3575
6.274,5.8294,5.3143,4.7994,4.2846,3.7701,3.2555,2.741,2.2264,1.7119,4.3792,4.9055,5.4748,5.9462,6.274,6.274,6.274,6.274,6.274,6.274,6.274,6.274,6.274,6.274,6.274,6.274
4.5489,4.4507,4.3513,4.2505,4.149,4.0458,3.9426,3.8391,3.7357,3.6322,3.5288,3.4108,3.2832,3.1775,1.158,1.0766,1.0035,0.9302,0.8551,0.7801,0.7049,0.6296,0.5543,0.4791,0.4038,0.3285
1.5153,1.5938,1.6733,1.7539,1.8351,1.9177,2.0002,2.0829,2.1657,2.2484,2.3312,2.4255,2.5276,1.0661,1.1352,1.2003,1.2588,1.3174,1.3774,1.4375,1.4976,1.5578,1.618,1.6782,1.7384,1.7986
5.3901,5.2737,5.1559,5.0364,4.9162,4.7939,4.33,3.6456,2.9613,2.2769,1.5925,0.9875,1.5998,1.4746,1.3721,1.2756,1.1891,1.1022,1.0133,0.9243,0.8352,0.746,0.6568,0.5677,0.4785,0.3893
6.166,6.166,6.166,6.166,6.166,6.166,6.166,6.166,6.166,6.166,6.166,6.166,6.166,6.166,6.166,6.166,1.7617,2.2704,2.7803,3.2902,3.8001,4.31,4.8199,5.3298,5.8397,6.166
2.2248,2.3401,2.4568,2.5752,2.6944,2.8156,2.9368,3.0583,2.9863,2.2961,1.606,0.9187,1.4412,1.5653,1.6668,1.7624,1.8482,1.9343,2.0224,2.1106,2.1989,2.2873,2.3757,2.4641,2.5524,2.6408
3.6388,3.5602,3.4808,3.4001,3.3189,3.2363,3.1538,3.071,2.9883,2.9055,2.8228,2.7284,2.6263,0.9955,0.9263,0.8612,0.8028,0.7441,0.684,0.624,0.5638,0.5036,0.4434,0.3832,0.323,0.2628
1.9099,2.0089,2.1091,2.2107,2.313,2.4171,2.5211,2.6254,2.7297,2.834,2.9383,3.0572,3.1859,3.2924,1.2118,1.513,1.5866,1.6605,1.7362,1.8118,1.8877,1.9635,2.0394,2.1153,2.1912,2.267
6.0617,5.8313,5.3161,4.801,4.2861,3.7713,3.2566,2.7419,2.2272,1.7319,6.0617,6.0617,6.0617,5.8412,5.4355,5.0533,4.7104,4.3661,4.0139,3.6616,3.3085,2.9553,2.602,2.2487,1.8954,1.5421
6.0362,6.0362,6.0362,6.0362,6.0362,5.9726,5.8202,5.6675,5.5148,5.362,5.2093,5.0351,4.8467,4.6907,0.8816,1.4876,1.4815,1.3732,1.2624,1.1516,1.0405,0.9294,0.8183,0.7072,0.5961,0.485
1.5636,1.6446,1.7266,1.8099,1.8936,1.9788,2.064,2.1494,2.2347,2.3201,2.4055,2.5029,0.6718,1.1001,1.1714,1.2386,1.2989,1.3594,1.4214,1.4833,1.5454,1.6075,1.6696,1.7317,1.7939,1.856
4.1003,4.0117,3.9222,3.8313,3.7398,3.6468,3.5537,3.4605,3.3672,3.274,2.5415,1.4539,1.217,1.1217,1.0438,0.9704,0.9046,0.8384,0.7708,0.7031,0.6353,0.5675,0.4997,0.4318,0.364,0.2961
4.462,4.6933,4.9273,5.1648,5.4038,5.6469,5.89,5.9609,5.9609,5.9609,5.9609,5.9609,5.9609,5.9609,5.9609,5.9609,1.8746,2.4178,2.9609,3.5039,4.0469,4.5873,4.7646,4.9418,5.1191,5.2964
3.9237,4.1271,4.3329,4.5418,4.5832,4.0328,3.4824,2.932,2.3816,1.8312,1.2808,2.2774,2.5417,2.7606,2.9396,3.1082,3.2595,3.4114,3.5668,3.7223,3.8781,4.0339,4.1898,4.3457,4.5015,4.6574
4.0032,3.9168,3.8294,3.7406,3.6513,3.5605,3.4696,3.3786,3.2876,3.1965,3.1055,3.0017,2.8893,0.5542,1.0191,0.9474,0.8832,0.8186,0.7526,0.6865,0.6203,0.5541,0.4878,0.4216,0.3554,0.2891
1.5884,1.6708,1.7541,1.8387,1.9237,2.0103,2.0968,2.1835,2.2703,2.357,2.4438,2.5427,2.6497,0.7672,1.19,1.2583,1.3196,1.381,1.444,1.5069,1.57,1.6331,1.6962,1.7593,1.8224,1.8855
5.8634,5.8634,5.8634,5.4652,4.879,4.2931,3.7071,3.1212,2.5353,1.9494,2.5623,2.3728,2.1679,1.9982,1.8594,1.7287,1.6114,1.4936,1.3731,1.2526,1.1318,1.011,0.8901,0.7693,0.6484,0.5275
5.8395,5.8395,5.8395,5.8395,5.8395,5.8395,5.8395,5.8395,5.8395,5.8395,5.8395,5.8395,5.8395,5.8395,5.8395,5.8395,1.8097,2.3341,2.8584,2.8477,2.5731,2.2984,2.0237,1.7489,1.4741,1.1993
1.846,1.9416,2.0385,2.1367,2.2356,2.3362,2.4367,2.5375,2.6383,2.7391,2.0701,1.1842,1.1958,1.2987,1.383,1.4623,1.5335,1.6049,1.6781,1.7512,1.8245,1.8978,1.9711,2.0445,2.1178,2.1911
3.6702,3.591,3.5108,3.4294,3.3476,3.2643,3.181,3.0975,3.0141,2.9306,2.8471,2.7519,1.2948,1.0041,0.9343,0.8686,0.8097,0.7505,0.69,0.6294,0.5687,0.508,0.4473,0.3865,0.3258,0.2651
2.3637,2.4863,2.6102,2.7361,2.8627,2.9914,3.1202,3.2493,3.3783,3.5074,3.6365,3.7837,3.9429,4.0747,0.9692,1.6354,1.9636,2.0551,2.1487,2.2424,2.3362,2.4301,2.524,2.6179,2.7118,2.8057
5.7459,5.7459,5.261,4.7513,4.2417,3.7323,3.2229,2.7135,2.2041,1.6947,5.7459,5.7459,5.7459,5.7459,5.7459,5.7459,5.7459,5.7459,5.7459,5.7459,5.7459,5.7459,5.7459,5.7459,5.7459,5.7459
5.1387,5.0277,4.9155,4.8015,4.6869,4.5703,4.4537,4.3368,4.22,4.1031,3.9862,3.853,3.7088,3.5894,1.0544,1.2161,1.1336,1.0508,0.966,0.8812,0.7962,0.7112,0.6262,0.5412,0.4562,0.3711
1.5179,1.5966,1.6762,1.757,1.8383,1.921,2.0037,2.0866,2.1695,2.2524,2.3353,2.4298,2.532,1.068,1.1372,1.2025,1.261,1.3197,1.3799,1.44,1.5003,1.5606,1.6209,1.6812,1.7415,1.8018
4.7612,4.6584,4.5544,4.4489,4.3426,4.2346,4.1266,4.0183,3.4214,2.6307,1.84,1.0526,1.4131,1.3025,1.2121,1.1268,1.0504,0.9736,0.895,0.8165,0.7377,0.659,0.5802,0.5014,0.4227,0.3439
5.6552,5.6552,5.6552,5.6552,5.6552,5.6552,5.6552,5.6552,5.6552,5.6552,5.6552,5.6552,5.6552,5.6552,5.6552,5.6552,1.7843,2.3013,2.8182,3.3351,3.852,4.3688,4.8857,5.4025,5.6552,5.6552
2.6411,2.778,2.9165,3.0571,3.1985,3.3424,3.4863,3.3165,2.6939,2.0713,1.4487,0.8288,1.7108,1.8581,1.9786,2.0922,2.194,2.2962,2.4008,2.5055,2.6103,2.7152,2.8201,2.9251,3.03,3.1349
3.7326,3.652,3.5705,3.4878,3.4045,3.3198,3.2351,3.1502,3.0653,2.9804,2.8955,2.7987,2.694,1.0211,0.9502,0.8834,0.8235,0.7633,0.7017,0.6401,0.5784,0.5166,0.4549,0.3931,0.3313,0.2696
1.7546,1.8455,1.9376,2.031,2.1249,2.2205,2.3161,2.4119,2.5077,2.6035,2.6994,2.8086,2.9268,0.6377,1.3145,1.3899,1.4576,1.5255,1.595,1.6645,1.7342,1.8039,1.8736,1.9433,2.013,2.0827
5.5674,5.5674,5.5203,4.9855,4.4507,3.9162,3.3817,2.8472,2.3127,1.7782,4.2673,3.9518,3.6105,3.3279,3.0968,2.879,2.6837,2.4875,2.2868,2.0861,1.8849,1.6837,1.4824,1.2812,1.0799,0.8786
5.5458,5.5458,5.5458,5.5458,5.5458,5.5458,5.5458,5.5458,5.5458,5.5458,5.5458,5.5458,5.5458,5.5458,5.5458,1.3889,1.901,1.762,1.6199,1.4777,1.3352,1.1927,1.0501,0.9075,0.7649,0.6223
1.6445,1.7298,1.816,1.9036,1.9916,2.0812,2.1708,2.2606,2.3504,2.4402,2.53,1.7775,0.506,1.157,1.232,1.3027,1.3661,1.4298,1.4949,1.5601,1.6254,1.6907,1.756,1.8214,1.8867,1.952
3.8849,3.8011,3.7162,3.6301,3.5434,3.4553,3.3671,3.2788,3.1904,3.1021,3.0137,1.9832,0.6028,1.0628,0.989,0.9194,0.8571,0.7944,0.7303,0.6662,0.602,0.5377,0.4734,0.4091,0.3449,0.2806
3.2956,3.4665,3.6393,3.8147,3.9913,4.1708,4.3504,4.5303,4.7102,4.8902,5.0702,5.2754,5.4822,5.4822,5.4822,1.4898,1.9986,2.5777,2.9959,3.1264,3.2573,3.3882,3.5191,3.65,3.781,3.9119
5.4613,5.4613,5.4598,4.9308,4.4019,3.8733,3.3446,2.816,2.2874,1.7587,1.2301,3.4075,3.8029,4.1304,4.3982,4.6506,4.8769,5.1042,5.3367,5.4613,5.4613,5.4613,5.4613,5.4613,5.4613,5.4613
4.3308,4.2373,4.1427,4.0467,3.9501,3.8518,3.7535,3.655,3.5566,3.4581,3.3596,3.2472,3.1257,0.5713,1.1025,1.025,0.9554,0.8856,0.8141,0.7427,0.6711,0.5994,0.5278,0.4561,0.3844,0.3128
1.5453,1.6254,1.7064,1.7887,1.8714,1.9556,2.0398,2.1242,2.2086,2.2929,2.3773,2.4735,2.5776,1.0872,1.1577,1.2241,1.2837,1.3435,1.4047,1.4659,1.5273,1.5887,1.6501,1.7114,1.7728,1.8342
5.3996,5.3996,5.3996,5.3996,5.364,4.7198,4.0756,3.4314,2.7873,2.1431,1.499,1.95,1.7816,1.6421,1.5281,1.4206,1.3242,1.2275,1.1284,1.0294,0.9301,0.8308,0.7315,0.6322,0.5329,0.4335
5.3794,5.3794,5.3794,5.3794,5.3794,5.3794,5.3794,5.3794,5.3794,5.3794,5.3794,5.3794,5.3794,5.3794,5.3794,5.3794,1.7822,2.2987,2.8149,3.3312,3.8475,4.3637,4.88,4.4314,3.7352,3.0389
2.0665,2.1737,2.282,2.392,2.5027,2.6153,2.7279,2.8407,2.9536,2.5167,1.7602,1.0069,1.3387,1.4539,1.5482,1.637,1.7167,1.7967,1.8786,1.9604,2.0425,2.1246,2.2067,2.2888,2.3709,2.453
3.6578,3.5789,3.499,3.4179,3.3363,3.2533,3.1703,3.0871,3.0039,2.9207,2.8375,2.7427,2.64,1.0007,0.9312,0.8657,0.807,0.748,0.6876,0.6273,0.5668,0.5063,0.4458,0.3852,0.3247,0.2642
2.0656,2.1727,2.281,2.391,2.5016,2.6141,2.7267,2.8395,2.9522,3.065,3.1778,3.3065,3.4456,3.5608,1.1079,1.6363,1.7159,1.7959,1.8777,1.9596,2.0416,2.1236,2.2057,2.2877,2.3698,2.4519
5.2998,5.2998,5.2998,4.7914,4.2775,3.7638,3.2501,2.7364,2.2227,1.709,5.2998,5.2998,5.2998,5.2998,5.2998,5.2998,5.2998,5.2998,5.2998,5.2998,5.2998,5.2998,5.0701,4.3817,3.6932,3.0048
5.2803,5.2803,5.2803,5.2803,5.2803,5.2803,5.2185,5.0816,4.9447,4.8077,4.6708,4.5146,4.3457,4.2058,0.9426,1.425,1.3283,1.2312,1.1319,1.0325,0.933,0.8334,0.7338,0.6341,0.5345,0.4349
1.549,1.6293,1.7105,1.793,1.8759,1.9603,2.0447,2.1293,2.2138,2.2984,2.383,2.4795,0.9908,1.0898,1.1605,1.227,1.2868,1.3467,1.4081,1.4694,1.531,1.5925,1.654,1.7155,1.7771,1.8386
4.3397,4.246,4.1512,4.055,3.9582,3.8597,3.7612,3.6626,3.5639,3.1772,2.2222,1.2712,1.288,1.1872,1.1048,1.0271,0.9574,0.8874,0.8158,0.7442,0.6724,0.6007,0.5289,0.457,0.3852,0.3134
5.2226,5.2226,5.2226,5.2226,5.2226,5.2226,5.2226,5.2226,5.2226,5.2226,5.2226,5.2226,5.2226,5.2226,5.2226,5.2226,1.8429,2.3769,2.9107,3.4446,3.9784,4.5122,5.046,5.2226,5.2226,5.2226
3.3153,3.4871,3.661,3.8375,4.015,4.1957,3.6521,3.0749,2.4977,1.9205,1.3432,0.7967,2.1476,2.3325,2.4837,2.6262,2.7541,2.8824,3.0137,3.1451,3.2767,3.4084,3.5401,3.6718,3.8035,3.9352
3.9036,3.8193,3.7341,3.6475,3.5604,3.4719,3.3833,3.2945,3.2058,3.117,3.0282,2.927,2.8174,0.6835,0.9937,0.9239,0.8612,0.7982,0.7338,0.6694,0.6049,0.5403,0.4757,0.4111,0.3465,0.2819
1.6519,1.7376,1.8242,1.9121,2.0006,2.0906,2.1806,2.2708,2.361,2.4512,2.5414,2.6443,2.7556,0.6164,1.2376,1.3086,1.3723,1.4362,1.5017,1.5671,1.6327,1.6983,1.764,1.8296,1.8952,1.9608
5.1476,5.1476,5.1476,5.1476,4.7162,4.1498,3.5834,3.017,2.4507,1.8843,3.0323,2.8082,2.5656,2.3648,2.2006,2.0458,1.907,1.7676,1.625,1.4824,1.3394,1.1964,1.0534,0.9104,0.7674,0.6243
5.1292,5.1292,5.1292,5.1292,5.1292,5.1292,5.1292,5.1292,5.1292,5.1292,5.1292,5.1292,5.1292,5.1292,5.1292,1.3262,1.8673,2.4083,2.3087,2.1061,1.903,1.6998,1.4966,1.2934,1.0902,0.887
1.7673,1.8589,1.9516,2.0457,2.1404,2.2366,2.3329,2.4294,2.5259,2.6224,2.3792,1.3611,0.5438,1.2434,1.324,1.4,1.4681,1.5366,1.6066,1.6766,1.7468,1.8169,1.8872,1.9574,2.0276,2.0978
3.7585,3.6774,3.5953,3.512,3.4281,3.3428,3.2575,3.1721,3.0866,3.0011,2.9156,2.8182,0.8103,1.0282,0.9568,0.8895,0.8292,0.7686,0.7066,0.6445,0.5824,0.5202,0.458,0.3958,0.3336,0.2715
2.6574,2.7951,2.9345,3.0759,3.2183,3.363,3.5078,3.6529,3.798,3.9431,4.0882,4.2537,4.4327,4.5809,4.7022,1.549,2.181,2.3104,2.4157,2.5209,2.6264,2.732,2.8376,2.9431,3.0487,3.1543
5.0568,5.0568,5.0568,4.8303,4.3122,3.7943,3.2764,2.7586,2.2407,1.7229,5.0568,5.0568,5.0568,5.0568,5.0568,5.0568,5.0568,5.0568,5.0568,5.0568,5.0568,5.0568,5.0568,5.0568,5.0568,5.0568
4.8077,4.7039,4.5989,4.4923,4.3851,4.276,4.1669,4.0575,3.9482,3.8389,3.7295,3.6048,3.4699,3.3583,1.1648,1.1378,1.0606,0.9831,0.9038,0.8245,0.745,0.6654,0.5859,0.5063,0.4268,0.3472
1.5321,1.6116,1.6919,1.7735,1.8555,1.939,2.0225,2.1061,2.1898,2.2734,2.3571,2.4525,2.5557,1.0779,1.1478,1.2137,1.2728,1.3321,1.3928,1.4535,1.5143,1.5752,1.636,1.6969,1.7578,1.8186
5.0038,5.0038,4.959,4.8441,4.7284,4.6108,4.4932,3.8842,3.155,2.4259,1.6967,0.9706,1.5387,1.4182,1.3197,1.2269,1.1437,1.0601,0.9746,0.889,0.8033,0.7175,0.6318,0.546,0.4602,0.3744
4.9864,4.9864,4.9864,4.9864,4.9864,4.9864,4.9864,4.9864,4.9864,4.9864,4.9864,4.9864,4.9864,4.9864,4.9864,4.9864,1.7881,2.3063,2.8242,3.3422,3.8602,4.3781,4.8961,4.9864,4.9864,4.9864
2.393,2.5171,2.6426,2.7699,2.8981,3.0285,3.1589,3.2895,2.8974,2.2278,1.5582,0.8914,1.5501,1.6836,1.7928,1.8957,1.9879,2.0806,2.1753,2.2701,2.3652,2.4602,2.5553,2.6503,2.7454,2.8405
3.7134,3.6332,3.5521,3.4698,3.387,3.3027,3.2184,3.134,3.0495,2.9651,2.8806,2.7843,2.6801,1.0159,0.9453,0.8788,0.8192,0.7593,0.6981,0.6368,0.5754,0.514,0.4525,0.3911,0.3296,0.2682
1.867,1.9638,2.0617,2.1611,2.2611,2.3628,2.4645,2.5665,2.6684,2.7704,2.8723,2.9886,3.1144,3.2185,1.3186,1.479,1.551,1.6232,1.6972,1.7712,1.8453,1.9195,1.9936,2.0678,2.142,2.2161
4.918,4.918,4.918,4.918,4.3946,3.8668,3.3391,2.8113,2.2836,1.7558,4.918,4.918,4.918,4.5786,4.2606,3.9609,3.6922,3.4223,3.1462,2.8701,2.5933,2.3165,2.0395,1.7626,1.4857,1.2087
4.9012,4.9012,4.9012,4.9012,4.9012,4.9012,4.9012,4.9012,4.9012,4.9012,4.9012,4.9012,4.9012,4.9012,0.8675,1.4638,1.6359,1.5163,1.394,1.2717,1.149,1.0264,0.9037,0.781,0.6583,0.5356
1.611,1.6945,1.779,1.8648,1.9511,2.0388,2.1266,2.2146,2.3025,2.3905,2.4785,2.2523,0.5721,1.1334,1.2069,1.2762,1.3383,1.4007,1.4645,1.5283,1.5923,1.6563,1.7203,1.7843,1.8483,1.9123
4.0589,3.9713,3.8826,3.7926,3.7021,3.61,3.5179,3.4256,3.3333,3.241,2.8622,1.6374,0.6297,1.1104,1.0333,0.9606,0.8954,0.83,0.763,0.6961,0.6289,0.5618,0.4946,0.4275,0.3603,0.2931
3.9721,4.178,4.3863,4.5978,4.8105,4.8514,4.8514,4.8514,4.8514,4.8514,4.8514,4.8514,4.8514,4.8514,4.8514,1.3861,1.9414,2.504,3.0663,3.6287,3.9259,4.0837,4.2415,4.3993,4.5571,4.7149
4.545,4.7806,4.8351,4.8351,4.5619,4.014,3.4661,2.9183,2.3705,1.8226,1.2748,2.638,2.9442,3.1977,3.405,3.6004,3.7756,3.9516,4.1316,4.3117,4.4922,4.6727,4.8351,4.8351,4.8351,4.8351
4.1686,4.0786,3.9876,3.8951,3.8022,3.7076,3.613,3.5182,3.4234,3.3286,3.2338,3.1257,3.0087,0.5499,1.0612,0.9866,0.9196,0.8524,0.7836,0.7149,0.6459,0.577,0.508,0.439,0.37,0.3011
1.5892,1.6715,1.7549,1.8395,1.9246,2.0112,2.0978,2.1845,2.2713,2.3581,2.4449,2.5438,2.6509,0.9292,1.1906,1.2589,1.3202,1.3817,1.4446,1.5076,1.5707,1.6338,1.6969,1.7601,1.8232,1.8863
4.7866,4.7866,4.7866,4.7866,4.7866,4.4972,3.8834,3.2696,2.6558,2.042,1.4283,2.2153,2.024,1.8656,1.736,1.6139,1.5044,1.3945,1.2819,1.1694,1.0567,0.9439,0.831,0.7182,0.6054,0.4925
4.7707,4.7707,4.7707,4.7707,4.7707,4.7707,4.7707,4.7707,4.7707,4.7707,4.7707,4.7707,4.7707,4.7707,4.7707,1.3631,1.8194,2.3466,2.8736,3.4007,3.3886,3.0269,2.6651,2.3032,1.9413,1.5795
1.9466,2.0475,2.1495,2.2532,2.3574,2.4635,2.5695,2.6758,2.7821,2.804,1.9612,1.1219,1.2609,1.3695,1.4583,1.542,1.617,1.6924,1.7695,1.8466,1.9239,2.0012,2.0785,2.1559,2.2332,2.3106
3.7072,3.6272,3.5462,3.464,3.3813,3.2972,3.2131,3.1288,3.0445,2.9602,2.8758,2.7797,2.1294,1.0142,0.9437,0.8774,0.8179,0.7581,0.6969,0.6357,0.5744,0.5131,0.4518,0.3904,0.3291,0.2677
2.2654,2.3829,2.5017,2.6223,2.7436,2.867,2.9905,3.1142,3.2378,3.3616,3.4853,3.6263,3.7789,3.9053,1.0298,1.7375,1.8819,1.9696,2.0594,2.1491,2.2391,2.3291,2.4191,2.5091,2.5991,2.6891
4.708,4.708,4.708,4.708,4.3043,3.7874,3.2705,2.7536,2.2366,1.7197,4.708,4.708,4.708,4.708,4.708,4.708,4.708,4.708,4.708,4.708,4.708,4.708,4.708,4.708,4.708,4.708
4.6926,4.6926,4.6926,4.6926,4.6926,4.6926,4.6926,4.6482,4.523,4.3977,4.2725,4.1296,3.9751,3.8472,1.0202,1.3035,1.215,1.1262,1.0354,0.9445,0.8534,0.7623,0.6712,0.58,0.4889,0.3978
1.5475,1.6277,1.7088,1.7912,1.8741,1.9584,2.0427,2.1272,2.2117,2.2962,2.3807,2.4771,1.8839,1.0887,1.1593,1.2259,1.2855,1.3454,1.4067,1.468,1.5295,1.5909,1.6524,1.7139,1.7754,1.8368
4.6439,4.5436,4.4422,4.3392,4.2356,4.1303,4.0249,3.9193,3.7058,2.8494,1.9929,1.1401,1.3783,1.2704,1.1822,1.099,1.0245,0.9496,0.873,0.7964,0.7196,0.6428,0.5659,0.4891,0.4122,0.3354
4.647,4.647,4.647,4.647,4.647,4.647,4.647,4.647,4.647,4.647,4.647,4.647,4.647,4.647,4.647,1.3277,1.8275,2.3571,2.8865,3.4159,3.9453,4.4746,4.647,4.647,4.647,4.647
2.8982,3.0485,3.2005,3.3548,3.51,3.6679,3.8258,3.2575,2.646,2.0345,1.423,0.814,1.8774,2.0391,2.1713,2.2959,2.4076,2.5198,2.6346,2.7494,2.8645,2.9796,3.0948,3.2099,3.3251,3.4402
3.8414,3.7585,3.6746,3.5894,3.5037,3.4165,3.3294,3.242,3.1547,3.0673,2.9799,2.8803,2.7725,0.8959,0.9779,0.9091,0.8475,0.7855,0.7221,0.6588,0.5952,0.5317,0.4681,0.4046,0.341,0.2774
1.7342,1.8241,1.915,2.0073,2.1002,2.1947,2.2892,2.3838,2.4785,2.5732,2.6679,2.7759,2.8927,0.6303,1.2992,1.3737,1.4406,1.5077,1.5764,1.6451,1.714,1.7829,1.8518,1.9206,1.9895,2.0584
4.5875,4.5875,4.5875,4.5875,4.5875,4.0505,3.4977,2.9449,2.392,1.8392,1.3107,3.4589,3.1602,2.9128,2.7105,2.5199,2.3489,2.1773,2.0016,1.8259,1.6498,1.4737,1.2975,1.1214,0.9452,0.769
4.5729,4.5729,4.5729,4.5729,4.5729,4.5729,4.5729,4.5729,4.5729,4.5729,4.5729,4.5729,4.5729,4.5729,4.5729,1.3806,1.9439,2.0136,1.8512,1.6887,1.5258,1.3629,1.2,1.0371,0.8741,0.7112
1.71,1.7986,1.8883,1.9793,2.0709,2.164,2.2572,2.3506,2.4439,2.5373,2.6307,1.6101,0.5261,1.2031,1.2811,1.3546,1.4205,1.4867,1.5544,1.6222,1.6901,1.758,1.8259,1.8938,1.9618,2.0297
3.882,3.7982,3.7134,3.6274,3.5408,3.4527,3.3646,3.2763,3.188,3.0997,3.0114,2.348,0.6023,1.062,0.9882,0.9187,0.8564,0.7938,0.7298,0.6657,0.6015,0.5373,0.4731,0.4088,0.3446,0.2804
3.0545,3.2128,3.373,3.5356,3.6992,3.8656,4.032,4.1988,4.3656,4.5295,4.5295,4.5295,4.5295,4.5295,4.5295,1.4844,2.09,2.6557,2.7767,2.8977,3.0189,3.1403,3.2616,3.3829,3.5043,3.6256
4.5153,4.5153,4.5153,4.5153,4.4206,3.8897,3.3588,2.8279,2.2971,1.7662,1.2901,4.2858,4.5153,4.5153,4.5153,4.5153,4.5153,4.5153,4.5153,4.5153,4.5153,4.5153,4.5153,4.5153,4.5153,4.5153
4.5011,4.4591,4.3596,4.2585,4.1569,4.0535,3.95,3.8464,3.7428,3.6391,3.5354,3.4173,3.2894,3.1835,1.1602,1.0786,1.0054,0.9319,0.8568,0.7816,0.7062,0.6308,0.5554,0.48,0.4046,0.3292
1.5593,1.6401,1.7219,1.8049,1.8884,1.9733,2.0583,2.1434,2.2286,2.3137,2.3989,2.496,2.601,1.097,1.1682,1.2352,1.2953,1.3557,1.4174,1.4792,1.5411,1.6031,1.665,1.7269,1.7889,1.8508
4.473,4.473,4.473,4.473,4.473,4.473,4.3194,3.6367,2.954,2.2713,1.5886,1.8615,1.7008,1.5676,1.4588,1.3562,1.2642,1.1718,1.0772,0.9827,0.8879,0.7931,0.6983,0.6035,0.5087,0.4139
4.4591,4.4591,4.4591,4.4591,4.4591,4.4591,4.4591,4.4591,4.4591,4.4591,4.4591,4.4591,4.4591,4.4591,4.4591,1.2832,1.8068,2.3303,2.8537,3.3771,3.9005,4.4238,4.4591,4.4591,4.4591,4.4591
2.208,2.3225,2.4383,2.5558,2.6741,2.7944,2.9147,3.0352,3.1558,2.4275,1.6979,0.9713,1.4303,1.5535,1.6542,1.7491,1.8342,1.9197,2.0072,2.0946,2.1823,2.27,2.3577,2.4455,2.5332,2.6209
3.7253,3.6449,3.5635,3.481,3.3978,3.3133,3.2288,3.1441,3.0594,2.9746,2.8899,2.7933,2.6888,1.0191,0.9484,0.8817,0.8218,0.7618,0.7003,0.6389,0.5772,0.5156,0.454,0.3923,0.3307,0.2691
2.0098,2.114,2.2194,2.3264,2.434,2.5435,2.653,2.7627,2.8725,2.9822,3.092,3.2171,3.3525,3.4646,1.1952,1.5921,1.6696,1.7474,1.827,1.9066,1.9864,2.0662,2.1461,2.2259,2.3058,2.3856
4.4043,4.4043,4.4043,4.4043,4.3767,3.8511,3.3254,2.7998,2.2742,1.7487,1.2584,4.4043,4.4043,4.4043,4.4043,4.4043,4.4043,4.4043,4.4043,4.4043,4.1586,3.7146,3.2706,2.8265,2.3824,1.9383
4.3908,4.3908,4.3908,4.3908,4.3908,4.3908,4.3908,4.3908,4.3908,4.3908,4.3908,4.3908,4.3908,4.3908,0.924,1.5554,1.4499,1.3439,1.2355,1.127,1.0183,0.9096,0.8009,0.6922,0.5834,0.4747
1.5924,1.6749,1.7585,1.8432,1.9285,2.0153,2.102,2.189,2.2759,2.3629,2.4498,2.549,0.7835,1.1203,1.193,1.2614,1.3228,1.3845,1.4476,1.5106,1.5739,1.6371,1.7004,1.7636,1.8269,1.8902
4.2821,4.1896,4.0961,4.0012,3.9056,3.8085,3.7113,3.6139,3.5166,3.4192,2.4621,1.4084,1.2709,1.1715,1.0901,1.0134,0.9447,0.8756,0.805,0.7343,0.6635,0.5927,0.5218,0.451,0.3801,0.3093
4.3508,4.3508,4.3508,4.3508,4.3508,4.3508,4.3508,4.3508,4.3508,4.3508,4.3508,4.3508,4.3508,4.3508,4.3508,1.3521,1.9038,2.4555,3.007,3.5585,4.11,4.3508,4.3508,4.3508,4.3508,4.3508
3.7474,3.9417,4.1382,4.3377,4.3377,4.1981,3.6251,3.0521,2.4792,1.9062,1.3333,2.1751,2.4275,2.6365,2.8075,2.9686,3.113,3.2581,3.4066,3.555,3.7038,3.8526,4.0015,4.1504,4.2993,4.3377
4.0536,3.966,3.8775,3.7876,3.6972,3.6052,3.5132,3.4211,3.3289,3.2367,3.1445,3.0394,2.9256,0.6111,1.0319,0.9593,0.8943,0.8289,0.762,0.6951,0.6281,0.561,0.494,0.4269,0.3598,0.2928
1.6487,1.7341,1.8206,1.9084,1.9967,2.0865,2.1763,2.2663,2.3563,2.4464,2.5364,2.6391,2.7501,0.7171,1.2352,1.306,1.3696,1.4334,1.4987,1.564,1.6295,1.695,1.7605,1.826,1.8915,1.957
4.2987,4.2987,4.2987,4.2987,4.2987,4.2987,3.7416,3.1502,2.5589,1.9675,1.3761,2.5803,2.3575,2.173,2.022,1.8798,1.7523,1.6242,1.4932,1.3621,1.2308,1.0994,0.968,0.8365,0.7051,0.5737
4.2858,4.2858,4.2858,4.2858,4.2858,4.2858,4.2858,4.2858,4.2858,4.2858,4.2858,4.2858,4.2858,4.2858,4.2858,1.3303,1.8731,2.4159,2.8123,2.5655,2.3181,2.0706,1.8231,1.5756,1.328,1.0805
1.8564,1.9527,2.05,2.1489,2.2483,2.3494,2.4506,2.5519,2.6533,2.7547,2.2287,1.2749,1.2026,1.3061,1.3908,1.4706,1.5422,1.6141,1.6876,1.7611,1.8348,1.9086,1.9823,2.0561,2.1298,2.2036
3.7887,3.7069,3.6242,3.5402,3.4557,3.3697,3.2837,3.1976,3.1114,3.0252,2.9391,2.8408,1.0771,1.0365,0.9645,0.8967,0.8358,0.7747,0.7122,0.6497,0.5871,0.5244,0.4617,0.399,0.3363,0.2736
2.5255,2.6564,2.7888,2.9233,3.0585,3.1961,3.3337,3.4716,3.6095,3.7474,3.8853,4.0426,4.2127,4.2477,1.0331,1.638,2.098,2.1957,2.2958,2.3958,2.4961,2.5964,2.6967,2.7971,2.8974,2.9977
4.2352,4.2352,4.2352,4.2352,4.2352,3.8429,3.3184,2.7939,2.2694,1.7449,1.2205,4.2352,4.2352,4.2352,4.2352,4.2352,4.2352,4.2352,4.2352,4.2352,4.2352,4.2352,4.2352,4.2352,4.2352,4.2352
4.2227,4.2227,4.2227,4.2227,4.2227,4.2227,4.2227,4.2227,4.2069,4.0904,3.9739,3.841,3.6973,3.5783,1.1197,1.2124,1.1301,1.0475,0.963,0.8785,0.7938,0.709,0.6243,0.5395,0.4547,0.37
1.5589,1.6398,1.7215,1.8045,1.888,1.9729,2.0579,2.143,2.2281,2.3132,2.3984,2.4954,2.6004,1.0968,1.1679,1.2349,1.295,1.3554,1.4171,1.4789,1.5408,1.6027,1.6646,1.7266,1.7885,1.8505
4.198,4.198,4.198,4.198,4.198,4.198,4.198,4.1754,3.3916,2.6078,1.824,1.0434,1.4931,1.3762,1.2806,1.1906,1.1098,1.0287,0.9457,0.8627,0.7795,0.6963,0.613,0.5298,0.4466,0.3633
4.1857,4.1857,4.1857,4.1857,4.1857,4.1857,4.1857,4.1857,4.1857,4.1857,4.1857,4.1857,4.1857,4.1857,4.1857,1.2982,1.8278,2.3575,2.887,3.4164,3.9459,4.1857,4.1857,4.1857,4.1857,4.1857
2.5999,2.7347,2.8711,3.0095,3.1487,3.2904,3.432,3.4891,2.8341,2.1791,1.5241,0.8719,1.6842,1.8292,1.9478,2.0596,2.1598,2.2605,2.3635,2.4665,2.5697,2.673,2.7762,2.8795,2.9828,3.0861
3.8137,3.7313,3.648,3.5635,3.4784,3.3919,3.3053,3.2186,3.1319,3.0452,2.9584,2.8595,2.7525,1.0433,0.9708,0.9026,0.8413,0.7798,0.7169,0.654,0.5909,0.5278,0.4647,0.4016,0.3385,0.2754
1.839,1.9343,2.0308,2.1286,2.2271,2.3273,2.4275,2.5279,2.6283,2.7288,2.8292,2.9437,3.0676,3.1701,1.3777,1.4568,1.5277,1.5989,1.6717,1.7446,1.8176,1.8906,1.9637,2.0367,2.1098,2.1829
4.1374,4.1374,4.1374,4.1374,4.1374,3.9904,3.4457,2.9011,2.3565,1.8119,1.2673,4.1374,4.1305,3.8073,3.5428,3.2937,3.0702,2.8458,2.6162,2.3866,2.1564,1.9262,1.696,1.4657,1.2354,1.0051
4.1255,4.1255,4.1255,4.1255,4.1255,4.1255,4.1255,4.1255,4.1255,4.1255,4.1255,4.1255,4.1255,4.1255,0.938,1.4508,1.8326,1.6986,1.5616,1.4245,1.2871,1.1497,1.0123,0.8748,0.7374,0.5999
1.6709,1.7575,1.8451,1.934,2.0235,2.1146,2.2056,2.2968,2.388,2.4793,2.5705,1.9809,0.5141,1.1755,1.2518,1.3236,1.388,1.4527,1.5189,1.5851,1.6514,1.7178,1.7842,1.8505,1.9169,1.9833
4.0457,3.9584,3.87,3.7803,3.6901,3.5983,3.5065,3.4145,3.3225,3.2304,3.1384,1.8788,0.6277,1.1068,1.0299,0.9575,0.8925,0.8273,0.7605,0.6938,0.6269,0.56,0.493,0.4261,0.3591,0.2922
3.6123,3.7995,3.989,4.0902,4.0902,4.0902,4.0902,4.0902,4.0902,4.0902,4.0902,4.0902,4.0902,4.0902,4.0902,1.4377,2.0243,2.6109,3.1972,3.4268,3.5702,3.7137,3.8572,4.0007,4.0902,4.0902
4.0785,4.0785,4.0785,4.0785,4.0785,4.0221,3.4731,2.9242,2.3753,1.8263,1.2774,3.1388,3.5031,3.8048,4.0515,4.0785,4.0785,4.0785,4.0785,4.0785,4.0785,4.0785,4.0785,4.0785,4.0785,4.0785
4.067,4.067,4.067,4.067,3.9873,3.8881,3.7889,3.6895,3.5901,3.4907,3.3913,3.2779,3.1552,0.5767,1.1129,1.0346,0.9644,0.8939,0.8218,0.7497,0.6774,0.6051,0.5327,0.4604,0.3881,0.3157
1.6003,1.6833,1.7672,1.8524,1.9381,2.0253,2.1125,2.1999,2.2872,2.3746,2.462,2.5617,2.6695,1.1259,1.1989,1.2677,1.3294,1.3914,1.4548,1.5182,1.5817,1.6453,1.7088,1.7724,1.836,1.8996
4.044,4.044,4.044,4.044,4.044,4.044,4.044,3.4506,2.8029,2.1551,1.5073,2.0946,1.9137,1.764,1.6414,1.526,1.4225,1.3185,1.2121,1.1057,0.9991,0.8924,0.7858,0.6791,0.5724,0.4657
4.0326,4.0326,4.0326,4.0326,4.0326,4.0326,4.0326,4.0326,4.0326,4.0326,4.0326,4.0326,4.0326,4.0326,4.0326,1.3075,1.8409,2.3744,2.9077,3.4409,3.9742,4.0326,3.8777,3.3512,2.8247,2.2981
2.069,2.1763,2.2848,2.3949,2.5057,2.6185,2.7312,2.8442,2.9571,2.6852,1.8781,1.0744,1.3403,1.4557,1.5501,1.639,1.7188,1.7989,1.8808,1.9628,2.045,2.1271,2.2093,2.2915,2.3737,2.4559
3.7687,3.6873,3.605,3.5214,3.4374,3.3519,3.2663,3.1806,3.0949,3.0092,2.9235,2.8258,2.72,1.031,0.9594,0.8919,0.8314,0.7706,0.7085,0.6463,0.584,0.5216,0.4593,0.3969,0.3345,0.2722
2.1918,2.3055,2.4204,2.5371,2.6545,2.7739,2.8933,3.013,3.1327,3.2523,3.372,3.5085,3.6562,3.7784,1.1036,1.7363,1.8208,1.9057,1.9925,2.0793,2.1663,2.2534,2.3405,2.4275,2.5146,2.6017
3.9878,3.9878,3.9878,3.9878,3.9878,3.868,3.3401,2.8122,2.2843,1.7563,1.2284,3.9878,3.9878,3.9878,3.9878,3.9878,3.9878,3.9878,3.9878,3.9878,3.9878,3.9878,3.9878,3.9878,3.9878,3.9878
3.9767,3.9767,3.9767,3.9767,3.9767,3.9767,3.9767,3.9767,3.9767,3.9767,3.9767,3.9767,3.9767,3.9767,0.9956,1.4105,1.3148,1.2187,1.1204,1.0221,0.9235,0.8249,0.7263,0.6277,0.5291,0.4304
1.5878,1.6701,1.7533,1.8379,1.9229,2.0094,2.0959,2.1826,2.2693,2.356,2.4427,2.5416,1.2424,1.1171,1.1895,1.2578,1.319,1.3805,1.4434,1.5062,1.5693,1.6324,1.6954,1.7585,1.8216,1.8847
3.9548,3.9548,3.9548,3.9548,3.9548,3.9548,3.9548,3.8531,3.7493,3.1203,2.1824,1.2485,1.355,1.249,1.1622,1.0805,1.0072,0.9336,0.8582,0.7829,0.7074,0.6319,0.5564,0.4808,0.4053,0.3297
3.9439,3.9439,3.9439,3.9439,3.9439,3.9439,3.9439,3.9439,3.9439,3.9439,3.9439,3.9439,3.9439,3.9439,3.9439,1.3381,1.884,2.43,2.9757,3.5215,3.9439,3.9439,3.9439,3.9439,3.9439,3.9439
3.2223,3.3894,3.5583,3.7299,3.9025,3.9331,3.8286,3.2235,2.6184,2.0133,1.4081,0.8055,2.0874,2.2671,2.4141,2.5526,2.6768,2.8016,2.9292,3.0569,3.1848,3.3128,3.4408,3.5688,3.6969,3.8249
3.9223,3.8938,3.8068,3.7186,3.6298,3.5395,3.4492,3.3587,3.2682,3.1777,3.0872,2.984,2.8723,0.7715,1.0131,0.9419,0.878,0.8138,0.7481,0.6825,0.6167,0.5508,0.485,0.4191,0.3533,0.2874
1.7262,1.8157,1.9063,1.9982,2.0906,2.1847,2.2787,2.373,2.4672,2.5615,2.6558,2.7632,2.8795,0.6274,1.2933,1.3675,1.434,1.5009,1.5692,1.6376,1.7062,1.7747,1.8433,1.9119,1.9805,2.0491
3.901,3.901,3.901,3.901,3.901,3.901,3.6424,3.0667,2.491,1.9153,1.3396,3.106,2.8377,2.6156,2.4339,2.2628,2.1093,1.9551,1.7973,1.6396,1.4815,1.3233,1.1651,1.0069,0.8487,0.6905
3.8904,3.8904,3.8904,3.8904,3.8904,3.8904,3.8904,3.8904,3.8904,3.8904,3.8904,3.8904,3.8904,3.8904,3.8904,1.3818,1.9456,2.3533,2.1634,1.9736,1.7832,1.5929,1.4025,1.212,1.0216,0.8312
1.7906,1.8834,1.9773,2.0726,2.1685,2.2661,2.3637,2.4614,2.5592,2.657,2.5961,1.4851,0.5509,1.2598,1.3415,1.4185,1.4875,1.5568,1.6277,1.6987,1.7698,1.8409,1.912,1.9832,2.0543,2.1254
3.8694,3.821,3.7357,3.6491,3.562,3.4734,3.3848,3.296,3.2071,3.1183,3.0295,2.8773,0.7308,1.0684,0.9942,0.9243,0.8616,0.7986,0.7341,0.6697,0.6051,0.5405,0.4759,0.4113,0.3467,0.2821
2.8712,3.02,3.1706,3.3234,3.4772,3.6336,3.7901,3.859,3.859,3.859,3.859,3.859,3.859,3.859,3.859,1.5638,2.2018,2.4963,2.61,2.7238,2.8378,2.9518,3.0659,3.1799,3.294,3.4081
3.8486,3.8486,3.8486,3.8486,3.8486,3.8486,3.3954,2.8588,2.3221,1.7855,1.2488,3.8486,3.8486,3.8486,3.8486,3.8486,3.8486,3.8486,3.8486,3.8486,3.8486,3.8486,3.8486,3.8486,3.8486,3.8486
3.8383,3.8383,3.8383,3.8383,3.8383,3.8383,3.8383,3.8383,3.8383,3.8383,3.7498,3.6244,3.4888,3.3765,1.2305,1.144,1.0664,0.9884,0.9087,0.8289,0.749,0.669,0.5891,0.5091,0.4291,0.3491
1.5837,1.6658,1.7489,1.8332,1.918,2.0043,2.0906,2.177,2.2635,2.35,2.4365,2.5351,2.6418,1.1142,1.1865,1.2546,1.3156,1.3769,1.4397,1.5024,1.5653,1.6282,1.6911,1.754,1.817,1.8799
3.8178,3.8178,3.8178,3.8178,3.8178,3.8178,3.8178,3.8178,3.1571,2.4275,1.6979,1.0124,1.6401,1.5117,1.4067,1.3078,1.2191,1.13,1.0388,0.9476,0.8562,0.7648,0.6734,0.582,0.4905,0.3991
3.8077,3.8077,3.8077,3.8077,3.8077,3.8077,3.8077,3.8077,3.8077,3.8077,3.8077,3.8077,3.8077,3.8077,3.8077,1.3094,1.8437,2.3779,2.9119,3.446,3.8077,3.8077,3.8077,3.8077,3.8077,3.8077
2.381,2.5045,2.6294,2.7561,2.8836,3.0134,3.1431,3.2731,3.0731,2.3629,1.6527,0.9454,1.5424,1.6752,1.7838,1.8862,1.978,2.0702,2.1645,2.2588,2.3534,2.4479,2.5425,2.6371,2.7317,2.8263
3.7876,3.7366,3.6531,3.5685,3.4833,3.3966,3.31,3.2231,3.1363,3.0494,2.9626,2.8635,2.7564,1.0448,0.9722,0.9038,0.8425,0.7809,0.7179,0.6549,0.5918,0.5286,0.4654,0.4022,0.339,0.2758
1.9718,2.074,2.1774,2.2824,2.388,2.4954,2.6029,2.7105,2.8182,2.9259,3.0336,3.1563,3.2892,3.3991,1.3028,1.562,1.638,1.7144,1.7925,1.8706,1.9489,2.0272,2.1055,2.1839,2.2622,2.3405
3.7677,3.7677,3.7677,3.7677,3.7677,3.7677,3.4251,2.8837,2.3424,1.8011,1.2597,3.7677,3.7677,3.7677,3.7677,3.7677,3.7677,3.7677,3.7677,3.4478,3.1153,2.7827,2.4501,2.1174,1.7848,1.4521
3.7578,3.7578,3.7578,3.7578,3.7578,3.7578,3.7578,3.7578,3.7578,3.7578,3.7578,3.7578,3.7578,3.7578,0.9128,1.5403,1.6018,1.4847,1.365,1.2452,1.1251,1.005,0.8848,0.7647,0.6445,0.5244
1.648,1.7335,1.8199,1.9076,1.9959,2.0857,2.1755,2.2655,2.3555,2.4455,2.5355,2.5826,0.6559,1.1595,1.2347,1.3055,1.3691,1.4329,1.4982,1.5634,1.6289,1.6943,1.7598,1.8253,1.8908,1.9562
3.7382,3.7382,3.7382,3.7382,3.7382,3.7382,3.6893,3.5925,3.4957,3.3989,2.7684,1.5837,1.2634,1.1645,1.0836,1.0074,0.9391,0.8704,0.8002,0.73,0.6596,0.5892,0.5187,0.4483,0.3779,0.3074
3.7285,3.7285,3.7285,3.7285,3.7285,3.7285,3.7285,3.7285,3.7285,3.7285,3.7285,3.7285,3.7285,3.7285,3.7285,1.4065,1.9804,2.5542,3.1279,3.7015,3.7285,3.7285,3.7285,3.7285,3.7285,3.7285
3.7188,3.7188,3.7188,3.7188,3.7188,3.7188,3.624,3.0512,2.4784,1.9057,1.3329,2.5064,2.7973,3.0382,3.2352,3.4208,3.5873,3.7188,3.7188,3.7188,3.7188,3.7188,3.7188,3.7188,3.7188,3.7188
3.7092,3.7092,3.7092,3.7092,3.7092,3.7092,3.6741,3.5777,3.4813,3.3849,3.2884,3.1785,3.0596,0.5592,1.0791,1.0033,0.9352,0.8668,0.7969,0.727,0.6569,0.5867,0.5166,0.4464,0.3763,0.3062
1.6569,1.7428,1.8296,1.9178,2.0066,2.0969,2.1871,2.2776,2.3681,2.4585,2.549,2.6522,2.7638,0.8578,1.2413,1.3125,1.3764,1.4405,1.5062,1.5718,1.6376,1.7034,1.7692,1.835,1.9009,1.9667
3.6901,3.6901,3.6901,3.6901,3.6901,3.6901,3.6901,3.3136,2.6915,2.0695,1.4475,2.4089,2.2009,2.0286,1.8877,1.755,1.6359,1.5163,1.394,1.2717,1.149,1.0264,0.9037,0.781,0.6583,0.5356
3.6806,3.6806,3.6806,3.6806,3.6806,3.6806,3.6806,3.6806,3.6806,3.6806,3.6806,3.6806,3.6806,3.6806,3.6806,1.3436,1.8918,2.44,2.988,3.2748,2.9589,2.6431,2.3271,2.0111,1.6952,1.3792
1.9652,2.0671,2.1702,2.2748,2.38,2.4871,2.5942,2.7015,2.8088,2.9161,2.1146,1.2097,1.273,1.3826,1.4723,1.5568,1.6325,1.7086,1.7865,1.8643,1.9424,2.0204,2.0985,2.1766,2.2546,2.3327
3.6618,3.6618,3.6618,3.5926,3.5069,3.4196,3.3324,3.245,3.1575,3.0701,2.9826,2.8829,1.5918,1.0518,0.9788,0.91,0.8482,0.7862,0.7228,0.6594,0.5958,0.5322,0.4686,0.4049,0.3413,0.2777
2.4265,2.5523,2.6795,2.8087,2.9387,3.0709,3.2031,3.3355,3.468,3.6005,3.6525,3.6525,3.6525,3.6525,1.0351,1.7465,2.0157,2.1097,2.2058,2.3019,2.3983,2.4946,2.591,2.6874,2.7838,2.8802
3.6432,3.6432,3.6432,3.6432,3.6432,3.6432,3.3833,2.8486,2.3138,1.7791,1.2444,3.6432,3.6432,3.6432,3.6432,3.6432,3.6432,3.6432,3.6432,3.6432,3.6432,3.6432,3.6432,3.6432,3.6432,3.6432
3.634,3.634,3.634,3.634,3.634,3.634,3.634,3.634,3.634,3.634,3.634,3.634,3.634,3.634,1.0868,1.3034,1.215,1.1262,1.0353,0.9445,0.8534,0.7623,0.6711,0.58,0.4889,0.3978
1.5968,1.6796,1.7634,1.8484,1.9339,2.0209,2.1079,2.1951,2.2823,2.3695,2.4567,2.5561,2.6637,1.1235,1.1963,1.265,1.3265,1.3883,1.4516,1.5149,1.5783,1.6417,1.7051,1.7686,1.832,1.8954
3.6156,3.6156,3.6156,3.6156,3.6156,3.6156,3.6156,3.6156,3.6156,2.8313,1.9803,1.1328,1.4616,1.3472,1.2537,1.1655,1.0864,1.007,0.9258,0.8445,0.7631,0.6816,0.6001,0.5186,0.4372,0.3557
3.6065,3.6065,3.6065,3.6065,3.6065,3.6065,3.6065,3.6065,3.6065,3.6065,3.6065,3.6065,3.6065,3.6065,3.6065,1.3359,1.881,2.4261,2.9709,3.5158,3.6065,3.6065,3.6065,3.6065,3.6065,3.6065
2.857,3.0051,3.155,3.3071,3.4601,3.5975,3.5975,3.4408,2.7949,2.149,1.5031,0.8598,1.8507,2.0101,2.1404,2.2632,2.3734,2.484,2.5972,2.7103,2.8238,2.9373,3.0508,3.1643,3.2778,3.3913
3.5885,3.5885,3.5885,3.5885,3.5885,3.5072,3.4177,3.3281,3.2384,3.1487,3.059,2.9568,2.8461,1.0482,1.0039,0.9333,0.8699,0.8064,0.7413,0.6762,0.611,0.5458,0.4806,0.4153,0.3501,0.2848
1.8254,1.92,2.0158,2.1129,2.2107,2.3101,2.4096,2.5093,2.6089,2.7086,2.8083,2.922,3.0449,0.6635,1.3676,1.446,1.5164,1.5871,1.6594,1.7317,1.8042,1.8767,1.9492,2.0217,2.0942,2.1667
3.5706,3.5706,3.5706,3.5706,3.5706,3.5706,3.5706,3.0146,2.4487,1.8828,1.3169,3.5706,3.5706,3.2973,3.0682,2.8525,2.6589,2.4646,2.2658,2.0669,1.8676,1.6682,1.4688,1.2694,1.0699,0.8705
3.5617,3.5617,3.5617,3.5617,3.5617,3.5617,3.5617,3.5617,3.5617,3.5617,3.5617,3.5617,3.5617,3.5617,3.5617,1.4486,2.0397,1.9354,1.7792,1.6231,1.4666,1.31,1.1534,0.9968,0.8402,0.6836
1.7453,1.8358,1.9273,2.0202,2.1137,2.2088,2.3039,2.3991,2.4944,2.5897,2.685,1.7869,0.537,1.2279,1.3075,1.3826,1.4498,1.5174,1.5865,1.6557,1.725,1.7943,1.8636,1.933,2.0023,2.0717
3.5441,3.5441,3.5441,3.5441,3.5441,3.5441,3.5202,3.4279,3.3355,3.2431,3.1507,2.2062,0.6302,1.1111,1.034,0.9612,0.896,0.8305,0.7635,0.6965,0.6293,0.5622,0.495,0.4278,0.3605,0.2933
3.3451,3.5186,3.5354,3.5354,3.5354,3.5354,3.5354,3.5354,3.5354,3.5354,3.5354,3.5354,3.5354,3.5354,1.0101,1.5101,2.1263,2.7424,3.0409,3.1734,3.3062,3.4391,3.5354,3.5354,3.5354,3.5354
3.5267,3.5267,3.5267,3.5267,3.5267,3.5267,3.5046,2.9507,2.3968,1.8429,1.289,3.5267,3.5267,3.5267,3.5267,3.5267,3.5267,3.5267,3.5267,3.5267,3.5267,3.5267,3.5267,3.5267,3.5267,3.5267
3.518,3.518,3.518,3.518,3.518,3.518,3.518,3.518,3.518,3.518,3.518,3.4641,3.3345,0.6095,1.1761,1.0934,1.0192,0.9447,0.8685,0.7923,0.7159,0.6394,0.563,0.4866,0.4101,0.3337
1.6227,1.7068,1.7919,1.8783,1.9652,2.0536,2.142,2.2306,2.3192,2.4078,2.4965,2.5975,2.7068,1.1417,1.2157,1.2855,1.348,1.4108,1.4751,1.5394,1.6038,1.6683,1.7327,1.7972,1.8617,1.9261
3.5009,3.5009,3.5009,3.5009,3.5009,3.5009,3.5009,3.5009,2.9822,2.293,1.6038,1.0002,1.8311,1.6878,1.5706,1.4601,1.3611,1.2616,1.1598,1.058,0.956,0.8539,0.7518,0.6498,0.5477,0.4456
3.4923,3.4923,3.4923,3.4923,3.4923,3.4923,3.4923,3.4923,3.4923,3.4923,3.4923,3.4923,3.4923,3.4923,3.4923,1.332,1.8755,2.419,2.9623,3.4923,3.4923,3.4923,3.4923,3.4923,3.4923,3.4923
2.2185,2.3335,2.4499,2.568,2.6868,2.8077,2.9286,3.0497,3.1708,2.5981,1.8172,1.0395,1.4371,1.5609,1.6621,1.7574,1.843,1.9289,2.0167,2.1046,2.1927,2.2808,2.369,2.4571,2.5452,2.6334
3.4754,3.4754,3.4754,3.4754,3.4754,3.4307,3.3432,3.2555,3.1678,3.08,2.9923,2.8923,2.7841,1.0553,0.982,0.9129,0.851,0.7888,0.7251,0.6615,0.5977,0.5339,0.4701,0.4062,0.3424,0.2786
2.1405,2.2514,2.3637,2.4776,2.5923,2.7089,2.8255,2.9424,3.0592,3.1761,3.293,3.4263,3.467,3.467,1.194,1.6956,1.7781,1.861,1.9458,2.0306,2.1156,2.2006,2.2856,2.3707,2.4557,2.5407
3.4586,3.4586,3.4586,3.4586,3.4586,3.4586,3.4346,2.8917,2.3489,1.8061,1.2632,3.4586,3.4586,3.4586,3.4586,3.4586,3.4586,3.4586,3.4586,3.4586,3.4586,3.4586,3.4586,3.4586,3.191,2.5962
3.4503,3.4503,3.4503,3.4503,3.4503,3.4503,3.4503,3.4503,3.4503,3.4503,3.4503,3.4503,3.4503,3.4503,0.98,1.5429,1.4382,1.3331,1.2256,1.118,1.0102,0.9023,0.7945,0.6866,0.5787,0.4708
1.6404,1.7255,1.8115,1.8988,1.9867,2.076,2.1654,2.255,2.3445,2.4341,2.5237,2.6258,0.942,1.1541,1.229,1.2995,1.3627,1.4262,1.4912,1.5562,1.6213,1.6865,1.7516,1.8168,1.882,1.9472
3.4338,3.4338,3.4338,3.4338,3.4338,3.4338,3.4338,3.4338,3.4338,3.4338,2.4201,1.3844,1.343,1.2378,1.1519,1.0709,0.9982,0.9253,0.8506,0.7759,0.7011,0.6263,0.5514,0.4765,0.4017,0.3268
3.4256,3.4256,3.4256,3.4256,3.4256,3.4256,3.4256,3.4256,3.4256,3.4256,3.4256,3.4256,3.4256,3.4256,3.4256,1.3892,1.956,2.5227,3.0893,3.4256,3.4256,3.4256,3.4256,3.4256,3.4256,3.4256
3.4174,3.4174,3.4174,3.4174,3.4174,3.4174,3.4174,3.2145,2.6111,2.0077,1.4042,0.8742,2.3565,2.5594,2.7254,2.8817,3.022,3.1628,3.3069,3.4174,3.4174,3.4174,3.4174,3.4174,3.4174,3.4174
3.4093,3.4093,3.4093,3.4093,3.4093,3.4093,3.4093,3.4093,3.4093,3.3158,3.2214,3.1137,2.9972,0.6854,1.0571,0.9828,0.9161,0.8492,0.7806,0.7121,0.6435,0.5748,0.5061,0.4373,0.3686,0.2999
1.7312,1.8209,1.9117,2.0039,2.0966,2.1909,2.2853,2.3798,2.4743,2.5688,2.6634,2.7712,2.8878,0.6836,1.297,1.3714,1.4381,1.5052,1.5737,1.6423,1.7111,1.7798,1.8486,1.9174,1.9861,2.0549
3.3931,3.3931,3.3931,3.3931,3.3931,3.3931,3.3931,3.2173,2.6133,2.0094,1.4054,2.8485,2.6025,2.3988,2.2322,2.0752,1.9344,1.7931,1.6484,1.5037,1.3587,1.2136,1.0686,0.9235,0.7784,0.6333
3.3851,3.3851,3.3851,3.3851,3.3851,3.3851,3.3851,3.3851,3.3851,3.3851,3.3851,3.3851,3.3851,3.3851,3.3851,1.393,1.9614,2.5297,2.6021,2.3737,2.1448,1.9158,1.6868,1.4578,1.2287,0.9997
1.8895,1.9875,2.0866,2.1871,2.2883,2.3913,2.4942,2.5974,2.7006,2.8038,2.4331,1.3919,1.224,1.3294,1.4156,1.4968,1.5697,1.6428,1.7177,1.7925,1.8675,1.9426,2.0176,2.0927,2.1678,2.2429
3.3692,3.3692,3.3692,3.3692,3.3692,3.3692,3.3692,3.3394,3.2494,3.1594,3.0694,2.9668,0.9403,1.0825,1.0073,0.9364,0.8729,0.8091,0.7438,0.6785,0.6131,0.5477,0.4822,0.4167,0.3512,0.2858
2.7342,2.876,3.0194,3.1649,3.3114,3.3613,3.3613,3.3613,3.3613,3.3613,3.3613,3.3613,3.3613,3.3613,0.9843,1.6608,2.2714,2.3772,2.4856,2.5939,2.7024,2.811,2.9197,3.0283,3.1369,3.2455
3.3535,3.3535,3.3535,3.3535,3.3535,3.3535,3.3535,2.9104,2.364,1.8177,1.2713,3.3535,3.3535,3.3535,3.3535,3.3535,3.3535,3.3535,3.3535,3.3535,3.3535,3.3535,3.3535,3.3535,3.3535,3.3535
3.3456,3.3456,3.3456,3.3456,3.3456,3.3456,3.3456,3.3456,3.3456,3.3456,3.3456,3.3456,3.3456,3.3456,1.2044,1.2238,1.1408,1.0574,0.9721,0.8868,0.8013,0.7157,0.6302,0.5446,0.459,0.3735
1.6199,1.7038,1.7888,1.875,1.9618,2.05,2.1383,2.2267,2.3152,2.4036,2.4921,2.5929,2.7021,1.1397,1.2136,1.2832,1.3456,1.4084,1.4725,1.5367,1.601,1.6653,1.7297,1.7941,1.8584,1.9228
3.3301,3.3301,3.3301,3.3301,3.3301,3.3301,3.3301,3.3301,3.3301,2.6188,1.8316,1.0478,1.5974,1.4724,1.3701,1.2738,1.1873,1.1006,1.0118,0.923,0.834,0.7449,0.6559,0.5668,0.4778,0.3887
3.3224,3.3224,3.3224,3.3224,3.3224,3.3224,3.3224,3.3224,3.3224,3.3224,3.3224,3.3224,3.3224,3.3224,3.3224,1.3455,1.8945,2.4435,2.9923,3.3224,3.3224,3.3224,3.3224,3.3224,3.3224,3.3224
2.5943,2.7288,2.8649,3.003,3.1419,3.2833,3.3147,3.3147,3.0185,2.3209,1.6233,0.9286,1.6806,1.8253,1.9436,2.0551,2.1551,2.2556,2.3584,2.4611,2.5641,2.6672,2.7702,2.8733,2.9764,3.0794
3.307,3.307,3.307,3.307,3.307,3.307,3.307,3.307,3.2379,3.1482,3.0585,2.9563,2.8457,1.0786,1.0037,0.9331,0.8698,0.8062,0.7412,0.6761,0.6109,0.5457,0.4805,0.4152,0.35,0.2848
1.951,2.0522,2.1545,2.2584,2.3629,2.4692,2.5755,2.682,2.7885,2.895,3.0016,3.1231,3.2545,3.2994,1.437,1.5455,1.6208,1.6963,1.7736,1.8509,1.9283,2.0058,2.0833,2.1609,2.2384,2.3159
3.2918,3.2918,3.2918,3.2918,3.2918,3.2918,3.2918,2.9914,2.4299,1.8683,1.3068,3.2918,3.2918,3.2918,3.2918,3.2918,3.2918,3.2918,3.0676,2.7984,2.5285,2.2586,1.9886,1.7186,1.4486,1.1786
3.2843,3.2843,3.2843,3.2843,3.2843,3.2843,3.2843,3.2843,3.2843,3.2843,3.2843,3.2843,3.2843,3.2843,0.9186,1.5339,1.7946,1.6635,1.5292,1.395,1.2605,1.1259,0.9913,0.8567,0.7221,0.5875
1.7181,1.8072,1.8973,1.9887,2.0808,2.1744,2.268,2.3618,2.4556,2.5494,2.6432,2.2497,0.5714,1.2088,1.2872,1.361,1.4273,1.4938,1.5618,1.6299,1.6981,1.7664,1.8346,1.9029,1.9711,2.0394
3.2693,3.2693,3.2693,3.2693,3.2693,3.2693,3.2693,3.2693,3.2693,3.2693,3.1681,1.8123,0.6616,1.1666,1.0855,1.0092,0.9407,0.872,0.8016,0.7313,0.6607,0.5902,0.5197,0.4491,0.3785,0.308
3.2619,3.2619,3.2619,3.2619,3.2619,3.2619,3.2619,3.2619,3.2619,3.2619,3.2619,3.2619,3.2619,3.2619,0.932,1.474,2.0754,2.6768,3.2619,3.2619,3.2619,3.2619,3.2619,3.2619,3.2619,3.2619
3.2545,3.2545,3.2545,3.2545,3.2545,3.2545,3.2545,3.0733,2.4963,1.9194,1.3425,2.9584,3.2545,3.2545,3.2545,3.2545,3.2545,3.2545,3.2545,3.2545,3.2545,3.2545,3.2545,3.2545,3.2545,3.2545
3.2471,3.2471,3.2471,3.2471,3.2471,3.2471,3.2471,3.2471,3.2471,3.2471,3.2471,3.2471,3.2244,0.5894,1.1373,1.0573,0.9856,0.9135,0.8398,0.7661,0.6922,0.6183,0.5444,0.4705,0.3966,0.3227
1.6774,1.7643,1.8523,1.9416,2.0314,2.1228,2.2142,2.3058,2.3974,2.489,2.5806,2.685,2.798,1.0649,1.2567,1.3288,1.3934,1.4584,1.5248,1.5913,1.6579,1.7245,1.7911,1.8578,1.9244,1.991
3.2325,3.2325,3.2325,3.2325,3.2325,3.2325,3.2325,3.2325,2.854,2.1945,1.5349,0.9236,2.0845,1.9214,1.7879,1.6622,1.5494,1.4362,1.3203,1.2044,1.0883,0.9721,0.8559,0.7397,0.6235,0.5072
3.2252,3.2252,3.2252,3.2252,3.2252,3.2252,3.2252,3.2252,3.2252,3.2252,3.2252,3.2252,3.2252,3.2252,0.9215,1.3669,1.9246,2.4823,3.0398,3.2252,3.2252,3.2252,3.1923,2.7588,2.3254,1.8919
2.0982,2.2069,2.317,2.4287,2.5411,2.6554,2.7697,2.8842,2.9988,2.9036,2.0308,1.1618,1.3592,1.4762,1.5719,1.6621,1.743,1.8242,1.9073,1.9905,2.0738,2.1571,2.2405,2.3238,2.4072,2.4905
3.2108,3.2108,3.2108,3.2108,3.2108,3.2108,3.2108,3.2108,3.2108,3.1381,3.0487,2.9468,2.8365,1.0751,1.0005,0.9301,0.867,0.8036,0.7388,0.674,0.609,0.544,0.4789,0.4139,0.3489,0.2838
2.3563,2.4785,2.602,2.7275,2.8537,2.982,3.1104,3.2036,3.2036,3.2036,3.2036,3.2036,3.2036,3.2036,1.1138,1.8666,1.9574,2.0487,2.142,2.2353,2.3289,2.4225,2.5161,2.6097,2.7033,2.7969
3.1964,3.1964,3.1964,3.1964,3.1964,3.1964,3.1964,2.9253,2.3761,1.827,1.2779,3.1964,3.1964,3.1964,3.1964,3.1964,3.1964,3.1964,3.1964,3.1964,3.1964,3.1964,3.1964,3.1964,3.1964,3.1964
3.1893,3.1893,3.1893,3.1893,3.1893,3.1893,3.1893,3.1893,3.1893,3.1893,3.1893,3.1893,3.1893,3.1893,1.0651,1.4154,1.3194,1.2229,1.1243,1.0256,0.9267,0.8278,0.7288,0.6299,0.5309,0.4319
1.6475,1.7329,1.8193,1.907,1.9952,2.085,2.1748,2.2647,2.3547,2.4446,2.5346,2.6372,1.6555,1.1591,1.2343,1.3051,1.3686,1.4324,1.4977,1.5629,1.6283,1.6938,1.7592,1.8247,1.8901,1.9556
3.1752,3.1752,3.1752,3.1752,3.1752,3.1752,3.1752,3.1752,3.1752,3.1087,2.1743,1.2438,1.4437,1.3307,1.2383,1.1512,1.0731,0.9946,0.9144,0.8341,0.7537,0.6732,0.5928,0.5123,0.4318,0.3513
3.1682,3.1682,3.1682,3.1682,3.1682,3.1682,3.1682,3.1682,3.1682,3.1682,3.1682,3.1682,3.1682,3.1682,0.9052,1.3849,1.9499,2.5149,3.0798,3.1682,3.1682,3.1682,3.1682,3.1682,3.1682,3.1682
3.1612,3.1612,3.1612,3.1612,3.1612,3.1612,3.1612,3.1612,2.7796,2.1372,1.4948,0.8551,2.0604,2.2378,2.3829,2.5196,2.6423,2.7654,2.8914,3.0174,3.1437,3.1612,3.1612,3.1612,3.1612,3.1612
3.1542,3.1542,3.1542,3.1542,3.1542,3.1542,3.1542,3.1542,3.1542,3.1542,3.1542,3.08,2.9648,0.8897,1.0457,0.9722,0.9062,0.84,0.7722,0.7044,0.6365,0.5685,0.5006,0.4326,0.3646,0.2967
1.8266,1.9213,2.0171,2.1143,2.2121,2.3117,2.4112,2.5109,2.6106,2.7104,2.8101,2.9239,3.0469,0.6639,1.3684,1.447,1.5174,1.5881,1.6605,1.7328,1.8053,1.8779,1.9505,2.023,2.0956,2.1682
3.1404,3.1404,3.1404,3.1404,3.1404,3.1404,3.1404,3.1404,2.5639,1.9713,1.3788,0.8973,3.1404,2.9447,2.7402,2.5475,2.3746,2.2011,2.0235,1.8459,1.6679,1.4898,1.3117,1.1336,0.9555,0.7774
3.1336,3.1336,3.1336,3.1336,3.1336,3.1336,3.1336,3.1336,3.1336,3.1336,3.1336,3.1336,3.1336,3.1336,0.8953,1.4578,2.0525,2.2512,2.0696,1.8879,1.7058,1.5237,1.3416,1.1594,0.9773,0.7951
1.8373,1.9325,2.0289,2.1267,2.2251,2.3252,2.4253,2.5256,2.6259,2.7263,2.8266,1.6463,0.5653,1.2926,1.3765,1.4554,1.5263,1.5974,1.6702,1.743,1.8159,1.8889,1.9619,2.0349,2.1079,2.1809
3.1199,3.1199,3.1199,3.1199,3.1199,3.1199,3.1199,3.1199,3.1199,3.1199,3.1199,2.6693,0.678,1.124,1.046,0.9724,0.9064,0.8402,0.7724,0.7046,0.6366,0.5687,0.5007,0.4327,0.3647,0.2967
3.1131,3.1131,3.1131,3.1131,3.1131,3.1131,3.1131,3.1131,3.1131,3.1131,3.1131,3.1131,3.1131,3.1131,0.9477,1.5991,2.2516,2.7372,2.8619,2.9866,3.1116,3.1131,3.1131,3.1131,3.1131,3.1131
3.1064,3.1064,3.1064,3.1064,3.1064,3.1064,3.1064,2.9998,2.4367,1.8736,1.3104,3.1064,3.1064,3.1064,3.1064,3.1064,3.1064,3.1064,3.1064,3.1064,3.1064,3.1064,3.1064,3.1064,3.1064,3.1064
3.0997,3.0997,3.0997,3.0997,3.0997,3.0997,3.0997,3.0997,3.0997,3.0997,3.0997,3.0997,3.0997,3.0997,1.2535,1.1654,1.0863,1.0069,0.9257,0.8444,0.763,0.6815,0.6001,0.5186,0.4371,0.3556
1.6577,1.7436,1.8305,1.9188,2.0075,2.0979,2.1882,2.2787,2.3692,2.4597,2.5502,2.6535,2.7651,1.1663,1.2419,1.3131,1.377,1.4412,1.5069,1.5726,1.6384,1.7042,1.7701,1.8359,1.9018,1.9676
3.0863,3.0863,3.0863,3.0863,3.0863,3.0863,3.0863,3.0863,3.0863,2.4619,1.722,0.9851,1.7723,1.6336,1.5201,1.4132,1.3173,1.221,1.1225,1.024,0.9252,0.8265,0.7277,0.6289,0.5301,0.4313
3.0797,3.0797,3.0797,3.0797,3.0797,3.0797,3.0797,3.0797,3.0797,3.0797,3.0797,3.0797,3.0797,3.0797,0.8799,1.3671,1.9249,2.4827,3.0403,3.0797,3.0797,3.0797,3.0797,3.0797,3.0797,3.0797
2.4022,2.5267,2.6527,2.7806,2.9092,3.0401,3.0731,3.0731,3.0731,2.5399,1.7765,1.0162,1.5561,1.6901,1.7997,1.9029,1.9955,2.0885,2.1837,2.2789,2.3743,2.4697,2.5651,2.6605,2.756,2.8514
3.0665,3.0665,3.0665,3.0665,3.0665,3.0665,3.0665,3.0665,3.0665,3.0665,3.0665,2.9824,2.8708,1.0881,1.0126,0.9413,0.8775,0.8133,0.7477,0.6821,0.6163,0.5505,0.4847,0.4189,0.3531,0.2873
2.1101,2.2195,2.3302,2.4425,2.5555,2.6705,2.7855,2.9007,3.0159,3.06,3.06,3.06,3.06,3.06,1.306,1.6716,1.7529,1.8346,1.9182,2.0018,2.0856,2.1694,2.2532,2.3371,2.4209,2.5047
3.0535,3.0535,3.0535,3.0535,3.0535,3.0535,3.0535,2.9959,2.4335,1.8711,1.3087,3.0535,3.0535,3.0535,3.0535,3.0535,3.0535,3.0535,3.0535,3.0535,3.0535,3.0535,3.0535,2.6473,2.2314,1.8154
3.047,3.047,3.047,3.047,3.047,3.047,3.047,3.047,3.047,3.047,3.047,3.047,3.047,3.047,0.9731,1.642,1.5927,1.4763,1.3572,1.238,1.1186,0.9992,0.8798,0.7603,0.6409,0.5214
1.7077,1.7962,1.8857,1.9766,2.0681,2.1611,2.2542,2.3474,2.4407,2.5339,2.6272,2.7335,0.7712,1.2014,1.2793,1.3528,1.4186,1.4847,1.5523,1.62,1.6878,1.7556,1.8235,1.8913,1.9591,2.027
3.0341,3.0341,3.0341,3.0341,3.0341,3.0341,3.0341,3.0341,3.0341,3.0341,2.7229,1.5577,1.3423,1.2372,1.1513,1.0703,0.9977,0.9248,0.8502,0.7756,0.7008,0.6259,0.5511,0.4763,0.4015,0.3266
3.0277,3.0277,3.0277,3.0277,3.0277,3.0277,3.0277,3.0277,3.0277,3.0277,3.0277,3.0277,3.0277,3.0277,0.865,1.4534,2.0464,2.6393,3.0277,3.0277,3.0277,3.0277,3.0277,3.0277,3.0277,3.0277
3.0213,3.0213,3.0213,3.0213,3.0213,3.0213,3.0213,3.0213,2.6251,2.0184,1.4118,0.8632,2.7093,2.9426,3.0213,3.0213,3.0213,3.0213,3.0213,3.0213,3.0213,3.0213,3.0213,3.0213,3.0213,3.0213
3.0149,3.0149,3.0149,3.0149,3.0149,3.0149,3.0149,3.0149,3.0149,3.0149,3.0149,3.0149,3.0149,0.6243,1.1118,1.0336,0.9635,0.8931,0.821,0.749,0.6767,0.6045,0.5322,0.46,0.3877,0.3154
1.75,1.8407,1.9324,2.0256,2.1193,2.2147,2.31,2.4056,2.5011,2.5967,2.6922,2.8012,2.9191,0.8112,1.311,1.3863,1.4537,1.5215,1.5908,1.6601,1.7296,1.7991,1.8686,1.9381,2.0077,2.0772
3.0023,3.0023,3.0023,3.0023,3.0023,3.0023,3.0023,3.0023,2.7641,2.1253,1.4865,0.8578,2.4311,2.2408,2.0851,1.9385,1.807,1.6749,1.5398,1.4046,1.2692,1.1337,0.9982,0.8626,0.7271,0.5916
2.996,2.996,2.996,2.996,2.996,2.996,2.996,2.996,2.996,2.996,2.996,2.996,2.996,2.996,0.856,1.4153,1.9928,2.5702,2.996,2.9678,2.6816,2.3953,2.109,1.8226,1.5363,1.2499
2.011,2.1152,2.2207,2.3277,2.4354,2.545,2.6546,2.7644,2.8742,2.984,2.3141,1.3238,1.3027,1.4148,1.5066,1.593,1.6705,1.7484,1.8281,1.9077,1.9876,2.0674,2.1473,2.2272,2.3071,2.387
2.9836,2.9836,2.9836,2.9836,2.9836,2.9836,2.9836,2.9836,2.9836,2.9836,2.9836,2.9836,1.3054,1.1052,1.0284,0.9561,0.8912,0.8261,0.7594,0.6928,0.626,0.5591,0.4923,0.4255,0.3586,0.2918
2.6365,2.7732,2.9114,2.9774,2.9774,2.9774,2.9774,2.9774,2.9774,2.9774,2.9774,2.9774,2.9774,2.9774,1.0548,1.7798,2.1902,2.2922,2.3967,2.5011,2.6058,2.7105,2.8153,2.92,2.9774,2.9774
2.9712,2.9712,2.9712,2.9712,2.9712,2.9712,2.9712,2.9712,2.4251,1.8646,1.3042,0.8489,2.9712,2.9712,2.9712,2.9712,2.9712,2.9712,2.9712,2.9712,2.9712,2.9712,2.9712,2.9712,2.9712,2.9712
2.965,2.965,2.965,2.965,2.965,2.965,2.965,2.965,2.965,2.965,2.965,2.965,2.965,2.965,1.1741,1.3219,1.2322,1.1422,1.05,0.9579,0.8655,0.7731,0.6807,0.5883,0.4958,0.4034
1.6695,1.756,1.8436,1.9325,2.0219,2.1128,2.2038,2.295,2.3861,2.4773,2.5685,2.6724,2.7849,1.1746,1.2508,1.3225,1.3869,1.4515,1.5177,1.5838,1.6501,1.7164,1.7827,1.849,1.9154,1.9817
2.9528,2.9528,2.9528,2.9528,2.9528,2.9528,2.9528,2.9528,2.9528,2.8549,1.9968,1.1423,1.5715,1.4485,1.3479,1.2531,1.1681,1.0827,0.9954,0.908,0.8204,0.7328,0.6452,0.5576,0.47,0.3824
2.9468,2.9468,2.9468,2.9468,2.9468,2.9468,2.9468,2.9468,2.9468,2.9468,2.9468,2.9468,2.9468,2.9468,0.8419,1.3933,1.9617,2.5302,2.9468,2.9468,2.9468,2.9468,2.9468,2.9468,2.9468,2.9468
2.8601,2.9407,2.9407,2.9407,2.9407,2.9407,2.9407,2.9407,2.9407,2.3011,1.6095,0.9207,1.8527,2.0122,2.1427,2.2657,2.3759,2.4867,2.5999,2.7132,2.8268,2.9404,2.9407,2.9407,2.9407,2.9407
2.9347,2.9347,2.9347,2.9347,2.9347,2.9347,2.9347,2.9347,2.9347,2.9347,2.9347,2.9347,2.9347,1.1222,1.0443,0.9708,0.905,0.8388,0.7711,0.7035,0.6356,0.5678,0.4999,0.432,0.3641,0.2963
1.9477,2.0486,2.1508,2.2544,2.3588,2.4649,2.571,2.6773,2.7837,2.89,2.9287,2.9287,2.9287,0.7079,1.4591,1.5429,1.618,1.6934,1.7705,1.8477,1.925,2.0024,2.0797,2.1571,2.2345,2.3119
2.9227,2.9227,2.9227,2.9227,2.9227,2.9227,2.9227,2.9227,2.5405,1.9534,1.3663,0.8351,2.9227,2.9227,2.9227,2.9227,2.9227,2.8524,2.6222,2.3921,2.1614,1.9307,1.6999,1.4691,1.2383,1.0074
2.9168,2.9168,2.9168,2.9168,2.9168,2.9168,2.9168,2.9168,2.9168,2.9168,2.9168,2.9168,2.9168,2.9168,0.9131,1.5407,2.0441,1.8947,1.7418,1.589,1.4357,1.2825,1.1292,0.9758,0.8225,0.6692
1.8056,1.8992,1.9939,2.09,2.1867,2.2851,2.3835,2.4821,2.5806,2.6792,2.7779,2.0203,0.5556,1.2704,1.3527,1.4303,1.5,1.5699,1.6414,1.7129,1.7846,1.8563,1.928,1.9998,2.0715,2.1433
2.905,2.905,2.905,2.905,2.905,2.905,2.905,2.905,2.905,2.905,2.905,2.119,0.6683,1.1783,1.0965,1.0194,0.9502,0.8808,0.8097,0.7386,0.6674,0.5962,0.5249,0.4536,0.3823,0.3111
2.8991,2.8991,2.8991,2.8991,2.8991,2.8991,2.8991,2.8991,2.8991,2.8991,2.8991,2.8991,2.8991,2.8991,0.9231,1.5575,2.193,2.8285,2.8991,2.8991,2.8991,2.8991,2.8991,2.8991,2.8991,2.8991
2.8932,2.8932,2.8932,2.8932,2.8932,2.8932,2.8932,2.8932,2.5348,1.949,1.3632,0.8266,2.8932,2.8932,2.8932,2.8932,2.8932,2.8932,2.8932,2.8932,2.8932,2.8932,2.8932,2.8932,2.8932,2.8932
2.8874,2.8874,2.8874,2.8874,2.8874,2.8874,2.8874,2.8874,2.8874,2.8874,2.8874,2.8874,2.8874,0.6265,1.2089,1.1239,1.0477,0.9711,0.8927,0.8144,0.7358,0.6573,0.5787,0.5001,0.4216,0.343
1.7117,1.8004,1.8902,1.9813,2.073,2.1663,2.2595,2.353,2.4464,2.5399,2.6334,2.74,2.8553,1.2043,1.2824,1.356,1.422,1.4882,1.556,1.6238,1.6918,1.7598,1.8278,1.8958,1.9638,2.0318
2.8758,2.8758,2.8758,2.8758,2.8758,2.8758,2.8758,2.8758,2.8758,2.348,1.6423,0.9395,2.0014,1.8448,1.7167,1.5959,1.4877,1.3789,1.2677,1.1564,1.0449,0.9333,0.8218,0.7102,0.5986,0.487
2.8701,2.8701,2.8701,2.8701,2.8701,2.8701,2.8701,2.8701,2.8701,2.8701,2.8701,2.8701,2.8701,2.8701,0.8307,1.4016,1.9735,2.5453,2.8701,2.8701,2.8701,2.8701,2.8701,2.8701,2.8701,2.8701
2.2617,2.3789,2.4975,2.6179,2.739,2.8622,2.8643,2.8643,2.8643,2.8219,1.9737,1.1291,1.4651,1.5912,1.6944,1.7916,1.8788,1.9664,2.0559,2.1455,2.2353,2.3252,2.415,2.5049,2.5947,2.6846
2.8586,2.8586,2.8586,2.8586,2.8586,2.8586,2.8586,2.8586,2.8586,2.8586,2.8586,2.8586,2.8586,1.1077,1.0307,0.9582,0.8932,0.8279,0.7611,0.6943,0.6274,0.5604,0.4934,0.4264,0.3594,0.2924
2.3128,2.4327,2.554,2.6771,2.801,2.8529,2.8529,2.8529,2.8529,2.8529,2.8529,2.8529,2.8529,2.8529,1.2109,1.8321,1.9213,2.0108,2.1024,2.194,2.2859,2.3777,2.4696,2.5615,2.6534,2.7453
2.8473,2.8473,2.8473,2.8473,2.8473,2.8473,2.8473,2.8473,2.4595,1.8911,1.3227,0.8135,2.8473,2.8473,2.8473,2.8473,2.8473,2.8473,2.8473,2.8473,2.8473,2.8473,2.8473,2.8473,2.8473,2.8473
2.8416,2.8416,2.8416,2.8416,2.8416,2.8416,2.8416,2.8416,2.8416,2.8416,2.8416,2.8416,2.8416,2.8416,1.0542,1.5545,1.4491,1.3432,1.2348,1.1264,1.0178,0.9091,0.8005,0.6918,0.5831,0.4744
1.7134,1.8022,1.892,1.9832,2.075,2.1683,2.2617,2.3553,2.4488,2.5424,2.6359,2.7426,1.1783,1.2054,1.2836,1.3573,1.4233,1.4896,1.5575,1.6254,1.6934,1.7615,1.8295,1.8976,1.9657,2.0337
2.8304,2.8304,2.8304,2.8304,2.8304,2.8304,2.8304,2.8304,2.8304,2.8304,2.4183,1.3834,1.4393,1.3267,1.2345,1.1477,1.0698,0.9916,0.9116,0.8316,0.7514,0.6712,0.591,0.5107,0.4305,0.3502
2.8248,2.8248,2.8248,2.8248,2.8248,2.8248,2.8248,2.8248,2.8248,2.8248,2.8248,2.8248,2.8248,2.8248,0.8577,1.4472,2.0377,2.6281,2.8248,2.8248,2.8248,2.8248,2.8248,2.8248,2.8248,2.8248
2.8193,2.8193,2.8193,2.8193,2.8193,2.8193,2.8193,2.8193,2.7891,2.1445,1.4999,0.858,2.329,2.5295,2.6935,2.8193,2.8193,2.8193,2.8193,2.8193,2.8193,2.8193,2.8193,2.8193,2.8193,2.8193
2.8137,2.8137,2.8137,2.8137,2.8137,2.8137,2.8137,2.8137,2.8137,2.8137,2.8137,2.8137,2.8137,0.7846,1.0983,1.0211,0.9518,0.8822,0.811,0.7399,0.6685,0.5971,0.5258,0.4544,0.383,0.3116
1.8436,1.9392,2.0359,2.134,2.2328,2.3332,2.4337,2.5343,2.635,2.7357,2.8082,2.8082,2.8082,0.6701,1.3812,1.4605,1.5315,1.6029,1.6759,1.749,1.8222,1.8954,1.9686,2.0419,2.1151,2.1884
2.8027,2.8027,2.8027,2.8027,2.8027,2.8027,2.8027,2.8027,2.7071,2.0815,1.4559,0.8328,2.8027,2.6965,2.5092,2.3327,2.1745,2.0155,1.8529,1.6903,1.5273,1.3642,1.2012,1.0381,0.875,0.7119
2.7973,2.7973,2.7973,2.7973,2.7973,2.7973,2.7973,2.7973,2.7973,2.7973,2.7973,2.7973,2.7973,2.7973,0.8767,1.4794,2.083,2.6865,2.4705,2.2537,2.0363,1.8189,1.6015,1.384,1.1666,0.9491
1.9511,2.0522,2.1545,2.2584,2.3629,2.4692,2.5755,2.682,2.7886,2.7918,2.7012,1.5452,0.6003,1.3727,1.4617,1.5456,1.6208,1.6963,1.7736,1.8509,1.9284,2.0059,2.0834,2.1609,2.2384,2.3159
2.7864,2.7864,2.7864,2.7864,2.7864,2.7864,2.7864,2.7864,2.7864,2.7864,2.7864,2.7864,0.8541,1.1465,1.0669,0.9919,0.9246,0.857,0.7878,0.7187,0.6494,0.5801,0.5107,0.4414,0.372,0.3027
2.781,2.781,2.781,2.781,2.781,2.781,2.781,2.781,2.781,2.781,2.781,2.781,2.781,2.781,1.0127,1.7088,2.406,2.6152,2.7343,2.781,2.781,2.781,2.781,2.781,2.781,2.781
2.7756,2.7756,2.7756,2.7756,2.7756,2.7756,2.7756,2.7756,2.4977,1.9204,1.3432,0.793,2.7756,2.7756,2.7756,2.7756,2.7756,2.7756,2.7756,2.7756,2.7756,2.7756,2.7756,2.7756,2.7756,2.7756
2.7702,2.7702,2.7702,2.7702,2.7702,2.7702,2.7702,2.7702,2.7702,2.7702,2.7702,2.7702,2.7702,2.7702,1.3156,1.254,1.1689,1.0835,0.9961,0.9087,0.821,0.7334,0.6457,0.558,0.4704,0.3827
1.7072,1.7957,1.8853,1.9762,2.0676,2.1606,2.2536,2.3468,2.4401,2.5333,2.6265,2.7328,2.7649,1.2011,1.279,1.3524,1.4182,1.4843,1.552,1.6196,1.6874,1.7552,1.823,1.8908,1.9587,2.0265
2.7596,2.7596,2.7596,2.7596,2.7596,2.7596,2.7596,2.7596,2.7596,2.6704,1.8678,1.0685,1.7351,1.5993,1.4882,1.3836,1.2897,1.1954,1.099,1.0025,0.9059,0.8091,0.7124,0.6157,0.519,0.4222
2.7543,2.7543,2.7543,2.7543,2.7543,2.7543,2.7543,2.7543,2.7543,2.7543,2.7543,2.7543,2.7543,2.7543,0.8384,1.4147,1.9919,2.569,2.7543,2.7543,2.7543,2.7543,2.7543,2.7543,2.7543,2.7543
2.6301,2.749,2.749,2.749,2.749,2.749,2.749,2.749,2.749,2.5092,1.755,1.004,1.7037,1.8504,1.9704,2.0835,2.1849,2.2867,2.3909,2.4951,2.5995,2.704,2.749,2.749,2.749,2.749
2.7437,2.7437,2.7437,2.7437,2.7437,2.7437,2.7437,2.7437,2.7437,2.7437,2.7437,2.7437,2.7437,1.1313,1.0527,0.9787,0.9123,0.8456,0.7774,0.7091,0.6408,0.5723,0.5039,0.4355,0.3671,0.2987
2.1009,2.2098,2.32,2.4318,2.5443,2.6588,2.7385,2.7385,2.7385,2.7385,2.7385,2.7385,2.7385,2.7385,1.4462,1.6642,1.7452,1.8266,1.9098,1.993,2.0764,2.1599,2.2433,2.3268,2.4103,2.4937
2.7333,2.7333,2.7333,2.7333,2.7333,2.7333,2.7333,2.7333,2.5421,1.9546,1.3671,0.7821,2.7333,2.7333,2.7333,2.7333,2.7333,2.7333,2.7333,2.7333,2.7333,2.7318,2.4052,2.0787,1.7521,1.4255
2.7281,2.7281,2.7281,2.7281,2.7281,2.7281,2.7281,2.7281,2.7281,2.7281,2.7281,2.7281,2.7281,2.7281,0.9755,1.646,1.7891,1.6583,1.5245,1.3907,1.2566,1.1224,0.9883,0.8541,0.7199,0.5857
1.7927,1.8857,1.9797,2.0751,2.1711,2.2688,2.3665,2.4643,2.5622,2.6601,2.7229,2.6147,0.6641,1.2613,1.3431,1.4201,1.4892,1.5586,1.6297,1.7007,1.7719,1.8431,1.9143,1.9855,2.0567,2.128
2.7177,2.7177,2.7177,2.7177,2.7177,2.7177,2.7177,2.7177,2.7177,2.7177,2.7177,1.7831,0.7077,1.2478,1.1611,1.0795,1.0062,0.9327,0.8574,0.7822,0.7068,0.6313,0.5558,0.4804,0.4049,0.3294
2.7126,2.7126,2.7126,2.7126,2.7126,2.7126,2.7126,2.7126,2.7126,2.7126,2.7126,2.7126,2.7126,2.7126,0.9089,1.5337,2.1594,2.7126,2.7126,2.7126,2.7126,2.7126,2.7126,2.7126,2.7126,2.7126
2.7075,2.7075,2.7075,2.7075,2.7075,2.7075,2.7075,2.7075,2.6626,2.0472,1.4319,0.8191,2.7075,2.7075,2.7075,2.7075,2.7075,2.7075,2.7075,2.7075,2.7075,2.7075,2.7075,2.7075,2.7075,2.7075
2.7024,2.7024,2.7024,2.7024,2.7024,2.7024,2.7024,2.7024,2.7024,2.7024,2.7024,2.7024,2.7024,0.6114,1.1798,1.0968,1.0224,0.9477,0.8712,0.7947,0.7181,0.6414,0.5648,0.4881,0.4114,0.3347
1.7843,1.8768,1.9703,2.0653,2.1609,2.2581,2.3553,2.4527,2.5501,2.6476,2.6973,2.6973,2.6973,0.9944,1.3367,1.4134,1.4822,1.5513,1.622,1.6927,1.7635,1.8344,1.9053,1.9761,2.047,2.1179
2.6922,2.6922,2.6922,2.6922,2.6922,2.6922,2.6922,2.6922,2.6922,2.2687,1.5868,0.9077,2.3094,2.1286,1.9808,1.8415,1.7165,1.5911,1.4627,1.3343,1.2057,1.0769,0.9482,0.8195,0.6907,0.562
2.6872,2.6872,2.6872,2.6872,2.6872,2.6872,2.6872,2.6872,2.6872,2.6872,2.6872,2.6872,2.6872,2.6872,0.8595,1.4503,2.0421,2.6338,2.6872,2.6872,2.6872,2.6872,2.6872,2.4101,2.0314,1.6527
2.1609,2.2729,2.3862,2.5013,2.617,2.6821,2.6821,2.6821,2.6821,2.6821,2.2322,1.277,1.3998,1.5203,1.6189,1.7118,1.7951,1.8788,1.9644,2.05,2.1358,2.2216,2.3074,2.3933,2.4791,2.565
2.6771,2.6771,2.6771,2.6771,2.6771,2.6771,2.6771,2.6771,2.6771,2.6771,2.6771,2.6771,2.0818,1.138,1.0589,0.9845,0.9177,0.8506,0.782,0.7133,0.6445,0.5757,0.5069,0.4381,0.3693,0.3004
2.5739,2.6721,2.6721,2.6721,2.6721,2.6721,2.6721,2.6721,2.6721,2.6721,2.6721,2.6721,2.6721,2.6721,1.142,1.9269,2.1382,2.2378,2.3398,2.4417,2.544,2.6462,2.6721,2.6721,2.6721,2.6721
2.6672,2.6672,2.6672,2.6672,2.6672,2.6672,2.6672,2.6672,2.5089,1.9291,1.3493,0.7718,2.6672,2.6672,2.6672,2.6672,2.6672,2.6672,2.6672,2.6672,2.6672,2.6672,2.6672,2.6672,2.6672,2.6672
2.6622,2.6622,2.6622,2.6622,2.6622,2.6622,2.6622,2.6622,2.6622,2.6622,2.6622,2.6622,2.6622,2.6622,1.1576,1.4436,1.3456,1.2473,1.1467,1.046,0.9451,0.8442,0.7433,0.6424,0.5415,0.4405
1.7354,1.8253,1.9163,2.0087,2.1016,2.1962,2.2907,2.3855,2.4802,2.575,2.6573,2.6573,2.4293,1.2209,1.3001,1.3747,1.4416,1.5088,1.5775,1.6463,1.7152,1.7841,1.853,1.922,1.9909,2.0599
2.6524,2.6524,2.6524,2.6524,2.6524,2.6524,2.6524,2.6524,2.6524,2.6524,2.2032,1.2604,1.5623,1.44,1.34,1.2457,1.1612,1.0764,0.9895,0.9027,0.8156,0.7285,0.6415,0.5544,0.4673,0.3802
2.6475,2.6475,2.6475,2.6475,2.6475,2.6475,2.6475,2.6475,2.6475,2.6475,2.6475,2.6475,2.6475,2.6475,0.8624,1.4551,2.0488,2.6425,2.6475,2.6475,2.6475,2.6475,2.6475,2.6475,2.6475,2.6475
2.6426,2.6426,2.6426,2.6426,2.6426,2.6426,2.6426,2.6426,2.6426,2.3042,1.6116,0.9219,2.0705,2.2488,2.3946,2.532,2.6426,2.6426,2.6426,2.6426,2.6426,2.6426,2.6426,2.6426,2.6426,2.6426
2.6377,2.6377,2.6377,2.6377,2.6377,2.6377,2.6377,2.6377,2.6377,2.6377,2.6377,2.6377,2.6377,1.0537,1.096,1.0189,0.9498,0.8803,0.8093,0.7383,0.6671,0.5959,0.5246,0.4534,0.3822,0.3109
1.9629,2.0646,2.1676,2.2721,2.3772,2.4841,2.5911,2.6329,2.6329,2.6329,2.6329,2.6329,2.6329,0.7134,1.4705,1.5549,1.6306,1.7066,1.7843,1.8621,1.94,2.018,2.096,2.174,2.2519,2.3299
2.628,2.628,2.628,2.628,2.628,2.628,2.628,2.628,2.628,2.0605,1.4412,0.8244,2.628,2.628,2.628,2.628,2.628,2.5324,2.3281,2.1237,1.9189,1.7141,1.5092,1.3043,1.0993,0.8944
2.6232,2.6232,2.6232,2.6232,2.6232,2.6232,2.6232,2.6232,2.6232,2.6232,2.6232,2.6232,2.6232,2.6232,0.9256,1.5619,2.1991,2.2016,2.024,1.8463,1.6683,1.4902,1.312,1.1339,0.9557,0.7776
1.9148,2.0141,2.1145,2.2165,2.319,2.4234,2.5277,2.6184,2.6184,2.6184,2.6184,1.8606,0.5892,1.3472,1.4346,1.5169,1.5907,1.6648,1.7407,1.8165,1.8926,1.9686,2.0447,2.1208,2.1968,2.2729
2.6137,2.6137,2.6137,2.6137,2.6137,2.6137,2.6137,2.6137,2.6137,2.6137,2.6137,2.5456,0.6811,1.201,1.1176,1.039,0.9685,0.8977,0.8253,0.7529,0.6803,0.6076,0.535,0.4624,0.3897,0.3171
2.6089,2.6089,2.6089,2.6089,2.6089,2.6089,2.6089,2.6089,2.6089,2.6089,2.6089,2.6089,2.6089,2.6089,0.9846,1.6613,2.3392,2.6089,2.6089,2.6089,2.6089,2.6089,2.6089,2.6089,2.6089,2.6089
2.6042,2.6042,2.6042,2.6042,2.6042,2.6042,2.6042,2.6042,2.5969,1.9967,1.3966,0.7989,2.6042,2.6042,2.6042,2.6042,2.6042,2.6042,2.6042,2.6042,2.6042,2.6042,2.6042,2.6042,2.6042,2.6042
2.5995,2.5995,2.5995,2.5995,2.5995,2.5995,2.5995,2.5995,2.5995,2.5995,2.5995,2.5995,2.5995,0.6725,1.2976,1.2064,1.1245,1.0423,0.9582,0.8741,0.7898,0.7055,0.6212,0.5368,0.4525,0.3681
1.7623,1.8536,1.9461,2.0399,2.1342,2.2303,2.3263,2.4225,2.5187,2.5948,2.5948,2.5948,2.5948,1.2399,1.3203,1.396,1.464,1.5322,1.602,1.6718,1.7418,1.8118,1.8818,1.9518,2.0218,2.0918
2.5901,2.5901,2.5901,2.5901,2.5901,2.5901,2.5901,2.5901,2.5901,2.5381,1.7752,1.0155,1.9477,1.7952,1.6705,1.553,1.4477,1.3419,1.2336,1.1253,1.0168,0.9083,0.7997,0.6911,0.5825,0.4739
2.5854,2.5854,2.5854,2.5854,2.5854,2.5854,2.5854,2.5854,2.5854,2.5854,2.5854,2.5854,2.5854,2.5854,0.8593,1.4499,2.0415,2.5854,2.5854,2.5854,2.5854,2.5854,2.5854,2.5854,2.5854,2.5854
2.4646,2.5807,2.5807,2.5807,2.5807,2.5807,2.5807,2.5807,2.5807,2.5807,1.9415,1.1106,1.5965,1.734,1.8464,1.9524,2.0474,2.1428,2.2404,2.3381,2.4359,2.5338,2.5807,2.5807,2.5807,2.5807
2.5761,2.5761,2.5761,2.5761,2.5761,2.5761,2.5761,2.5761,2.5761,2.5761,2.5761,2.5761,2.5761,1.1513,1.0713,0.996,0.9284,0.8605,0.7911,0.7217,0.6521,0.5825,0.5128,0.4432,0.3736,0.3039
2.2955,2.4145,2.5349,2.5715,2.5715,2.5715,2.5715,2.5715,2.5715,2.5715,2.5715,2.5715,2.5715,2.5715,1.3321,1.8184,1.9069,1.9958,2.0867,2.1777,2.2688,2.36,2.4512,2.5424,2.5715,2.5715
2.5669,2.5669,2.5669,2.5669,2.5669,2.5669,2.5669,2.5669,2.5669,1.9749,1.3813,0.7902,2.5669,2.5669,2.5669,2.5669,2.5669,2.5669,2.5669,2.5669,2.5669,2.5669,2.5669,2.5669,2.5669,2.3994
2.5623,2.5623,2.5623,2.5623,2.5623,2.5623,2.5623,2.5623,2.5623,2.5623,2.5623,2.5623,2.5623,2.5623,1.0545,1.73,1.6126,1.4947,1.3741,1.2535,1.1326,1.0117,0.8908,0.7698,0.6489,0.5279
1.7979,1.8911,1.9854,2.0811,2.1774,2.2754,2.3733,2.4715,2.5577,2.5577,2.5577,2.5577,0.9361,1.2649,1.347,1.4243,1.4936,1.5632,1.6344,1.7056,1.777,1.8484,1.9198,1.9913,2.0627,2.1341
2.5532,2.5532,2.5532,2.5532,2.5532,2.5532,2.5532,2.5532,2.5532,2.5532,2.5532,1.562,1.4494,1.336,1.2432,1.1558,1.0774,0.9986,0.9181,0.8375,0.7567,0.6759,0.5951,0.5143,0.4335,0.3527
2.5486,2.5486,2.5486,2.5486,2.5486,2.5486,2.5486,2.5486,2.5486,2.5486,2.5486,2.5486,2.5486,2.5486,0.9045,1.5262,2.1489,2.5486,2.5486,2.5486,2.5486,2.5486,2.5486,2.5486,2.5486,2.5486
2.5441,2.5441,2.5441,2.5441,2.5441,2.5441,2.5441,2.5441,2.5441,2.1729,1.5198,0.8694,2.5441,2.5441,2.5441,2.5441,2.5441,2.5441,2.5441,2.5441,2.5441,2.5441,2.5441,2.5441,2.5441,2.5441
2.5396,2.5396,2.5396,2.5396,2.5396,2.5396,2.5396,2.5396,2.5396,2.5396,2.5396,2.5396,2.5396,0.7133,1.1643,1.0824,1.009,0.9353,0.8598,0.7843,0.7087,0.633,0.5574,0.4817,0.406,0.3303
1.8786,1.976,2.0745,2.1745,2.2751,2.3774,2.4798,2.5351,2.5351,2.5351,2.5351,2.5351,2.5351,0.7868,1.4074,1.4881,1.5606,1.6333,1.7077,1.7821,1.8567,1.9313,2.006,2.0806,2.1552,2.2299
2.5306,2.5306,2.5306,2.5306,2.5306,2.5306,2.5306,2.5306,2.5306,2.219,1.552,0.8878,2.5306,2.5236,2.3483,2.1832,2.0351,1.8863,1.7341,1.5819,1.4294,1.2768,1.1242,0.9715,0.8189,0.6662
2.5262,2.5262,2.5262,2.5262,2.5262,2.5262,2.5262,2.5262,2.5262,2.5262,2.5262,2.5262,2.5262,2.5262,0.8981,1.5154,2.1337,2.5262,2.5262,2.5262,2.5147,2.2462,1.9777,1.7092,1.4406,1.1721
2.0926,2.201,2.3108,2.4222,2.5217,2.5217,2.5217,2.5217,2.5217,2.5217,2.5217,1.4757,1.3555,1.4722,1.5677,1.6576,1.7383,1.8193,1.9022,1.9851,2.0682,2.1513,2.2344,2.3176,2.4007,2.4839
2.5173,2.5173,2.5173,2.5173,2.5173,2.5173,2.5173,2.5173,2.5173,2.5173,2.5173,2.5173,1.1413,1.1803,1.0984,1.0211,0.9518,0.8823,0.8111,0.7399,0.6685,0.5972,0.5258,0.4544,0.383,0.3116
2.5129,2.5129,2.5129,2.5129,2.5129,2.5129,2.5129,2.5129,2.5129,2.5129,2.5129,2.5129,2.5129,2.5129,1.0934,1.845,2.4227,2.5129,2.5129,2.5129,2.5129,2.5129,2.5129,2.5129,2.5129,2.5129
2.5085,2.5085,2.5085,2.5085,2.5085,2.5085,2.5085,2.5085,2.5085,1.9867,1.3896,0.7949,2.5085,2.5085,2.5085,2.5085,2.5085,2.5085,2.5085,2.5085,2.5085,2.5085,2.5085,2.5085,2.5085,2.5085
2.5041,2.5041,2.5041,2.5041,2.5041,2.5041,2.5041,2.5041,2.5041,2.5041,2.5041,2.5041,2.5041,2.5041,1.2909,1.3643,1.2717,1.1788,1.0836,0.9885,0.8932,0.7979,0.7025,0.6071,0.5117,0.4163
1.7746,1.8666,1.9596,2.0541,2.1491,2.2458,2.3425,2.4394,2.4997,2.4997,2.4997,2.4997,2.4997,1.2485,1.3295,1.4058,1.4742,1.5429,1.6132,1.6835,1.7539,1.8244,1.8949,1.9654,2.0359,2.1064
2.4954,2.4954,2.4954,2.4954,2.4954,2.4954,2.4954,2.4954,2.4954,2.4954,2.0499,1.1726,1.7192,1.5846,1.4745,1.3708,1.2778,1.1844,1.0889,0.9933,0.8975,0.8017,0.7059,0.61,0.5142,0.4183
2.4911,2.4911,2.4911,2.4911,2.4911,2.4911,2.4911,2.4911,2.4911,2.4911,2.4911,2.4911,2.4911,2.4911,0.8756,1.4774,2.0803,2.4911,2.4911,2.4911,2.4911,2.4911,2.4911,2.4911,2.4911,2.4911
2.4867,2.4867,2.4867,2.4867,2.4867,2.4867,2.4867,2.4867,2.4867,2.4867,1.7533,1.003,1.8895,2.0522,2.1853,2.3107,2.4231,2.4867,2.4867,2.4867,2.4867,2.4867,2.4867,2.4867,2.4867,2.4867
2.4824,2.4824,2.4824,2.4824,2.4824,2.4824,2.4824,2.4824,2.4824,2.4824,2.4824,2.4824,2.4824,1.1872,1.1047,1.027,0.9573,0.8874,0.8158,0.7442,0.6724,0.6006,0.5288,0.457,0.3852,0.3134
2.114,2.2236,2.3345,2.447,2.4781,2.4781,2.4781,2.4781,2.4781,2.4781,2.4781,2.4781,2.4781,0.708,1.5838,1.6747,1.7562,1.838,1.9217,2.0055,2.0894,2.1734,2.2574,2.3414,2.4253,2.4781
2.4739,2.4739,2.4739,2.4739,2.4739,2.4739,2.4739,2.4739,2.4739,2.0612,1.4417,0.8247,2.4739,2.4739,2.4739,2.4739,2.4739,2.4739,2.4739,2.4739,2.4739,2.2977,2.023,1.7483,1.4736,1.1989
2.4696,2.4696,2.4696,2.4696,2.4696,2.4696,2.4696,2.4696,2.4696,2.4696,2.4696,2.4696,2.4696,2.4696,0.9879,1.6669,2.044,1.8946,1.7418,1.5889,1.4357,1.2824,1.1291,0.9758,0.8225,0.6692
1.9002,1.9987,2.0984,2.1996,2.3013,2.4049,2.4653,2.4653,2.4653,2.4653,2.4653,2.3379,0.5938,1.3369,1.4236,1.5053,1.5786,1.6521,1.7274,1.8027,1.8781,1.9536,2.0291,2.1046,2.1801,2.2556
2.4611,2.4611,2.4611,2.4611,2.4611,2.4611,2.4611,2.4611,2.4611,2.4611,2.4611,2.0846,0.7032,1.2712,1.1829,1.0997,1.0251,0.9502,0.8735,0.7968,0.72,0.6431,0.5662,0.4894,0.4125,0.3356
2.4569,2.4569,2.4569,2.4569,2.4569,2.4569,2.4569,2.4569,2.4569,2.4569,2.4569,2.4569,2.4569,2.4569,0.9687,1.6345,2.3014,2.4569,2.4569,2.4569,2.4569,2.4569,2.4569,2.4569,2.4569,2.4569
2.4527,2.4527,2.4527,2.4527,2.4527,2.4527,2.4527,2.4527,2.4527,2.0969,1.4666,0.839,2.4527,2.4527,2.4527,2.4527,2.4527,2.4527,2.4527,2.4527,2.4527,2.4527,2.4527,2.4527,2.4527,2.4527
2.4485,2.4485,2.4485,2.4485,2.4485,2.4485,2.4485,2.4485,2.4485,2.4485,2.4485,2.4485,2.4485,0.6554,1.2646,1.1757,1.0959,1.0158,0.9339,0.8519,0.7698,0.6876,0.6054,0.5232,0.441,0.3588
1.837,1.9322,2.0286,2.1264,2.2248,2.3248,2.4249,2.4443,2.4443,2.4443,2.4443,2.4443,2.4443,1.2744,1.3763,1.4552,1.526,1.5972,1.6699,1.7427,1.8156,1.8886,1.9616,2.0346,2.1075,2.1805
2.4402,2.4402,2.4402,2.4402,2.4402,2.4402,2.4402,2.4402,2.4402,2.4402,1.7119,0.9793,2.2296,2.0551,1.9124,1.7779,1.6573,1.5362,1.4122,1.2883,1.164,1.0398,0.9155,0.7912,0.6669,0.5426
2.436,2.436,2.436,2.436,2.436,2.436,2.436,2.436,2.436,2.436,2.436,2.436,2.436,2.436,0.8893,1.5006,2.1128,2.436,2.436,2.436,2.436,2.436,2.436,2.436,2.436,2.3916
2.3479,2.4319,2.4319,2.4319,2.4319,2.4319,2.4319,2.4319,2.4319,2.4319,2.1839,1.2493,1.5209,1.6519,1.759,1.8599,1.9504,2.0413,2.1343,2.2273,2.3206,2.4138,2.4319,2.4319,2.4319,2.4319
2.4278,2.4278,2.4278,2.4278,2.4278,2.4278,2.4278,2.4278,2.4278,2.4278,2.4278,2.4278,2.4278,1.1831,1.1009,1.0235,0.954,0.8843,0.813,0.7416,0.6701,0.5986,0.527,0.4555,0.3839,0.3123
2.4237,2.4237,2.4237,2.4237,2.4237,2.4237,2.4237,2.4237,2.4237,2.4237,2.4237,2.4237,2.4237,2.4237,1.251,2.0163,2.1144,2.2129,2.3138,2.4146,2.4237,2.4237,2.4237,2.4237,2.4237,2.4237
2.4196,2.4196,2.4196,2.4196,2.4196,2.4196,2.4196,2.4196,2.4196,2.0151,1.4095,0.8063,2.4196,2.4196,2.4196,2.4196,2.4196,2.4196,2.4196,2.4196,2.4196,2.4196,2.4196,2.4196,2.4196,2.4196
2.4155,2.4155,2.4155,2.4155,2.4155,2.4155,2.4155,2.4155,2.4155,2.4155,2.4155,2.4155,2.4155,2.4155,1.155,1.5966,1.4883,1.3795,1.2682,1.1569,1.0454,0.9338,0.8221,0.7105,0.5989,0.4872
1.8215,1.9159,2.0114,2.1084,2.2059,2.3051,2.4044,2.4114,2.4114,2.4114,2.4114,2.4114,1.5572,1.2815,1.3646,1.4429,1.5131,1.5836,1.6558,1.7279,1.8003,1.8726,1.945,2.0173,2.0897,2.1621
2.4074,2.4074,2.4074,2.4074,2.4074,2.4074,2.4074,2.4074,2.4074,2.4074,2.4074,1.4104,1.5708,1.4479,1.3473,1.2525,1.1676,1.0822,0.9949,0.9076,0.8201,0.7325,0.645,0.5574,0.4698,0.3822
2.4034,2.4034,2.4034,2.4034,2.4034,2.4034,2.4034,2.4034,2.4034,2.4034,2.4034,2.4034,2.4034,2.4034,0.9096,1.5348,2.161,2.4034,2.4034,2.4034,2.4034,2.4034,2.4034,2.4034,2.4034,2.4034
2.3993,2.3993,2.3993,2.3993,2.3993,2.3993,2.3993,2.3993,2.3993,2.3326,1.6315,0.9333,2.3514,2.3993,2.3993,2.3993,2.3993,2.3993,2.3993,2.3993,2.3993,2.3993,2.3993,2.3993,2.3993,2.3993
2.3953,2.3953,2.3953,2.3953,2.3953,2.3953,2.3953,2.3953,2.3953,2.3953,2.3953,2.3953,2.3953,0.9219,1.1618,1.0801,1.0068,0.9332,0.8579,0.7826,0.7071,0.6317,0.5561,0.4806,0.4051,0.3296
1.9992,2.1029,2.2077,2.3141,2.3913,2.3913,2.3913,2.3913,2.3913,2.3913,2.3913,2.3913,2.3913,0.6832,1.4978,1.5837,1.6608,1.7382,1.8174,1.8966,1.976,2.0554,2.1348,2.2142,2.2937,2.3731
2.3873,2.3873,2.3873,2.3873,2.3873,2.3873,2.3873,2.3873,2.3873,2.1958,1.5358,0.8786,2.3873,2.3873,2.3873,2.3873,2.3873,2.318,2.1309,1.9439,1.7564,1.5689,1.3814,1.1938,1.0063,0.8187
2.3834,2.3834,2.3834,2.3834,2.3834,2.3834,2.3834,2.3834,2.3834,2.3834,2.3834,2.3834,2.3834,2.3834,0.9481,1.5998,2.2526,2.3834,2.3834,2.1992,1.9871,1.775,1.5628,1.3506,1.1384,0.9262
2.0521,2.1585,2.2661,2.3753,2.3794,2.3794,2.3794,2.3794,2.3794,2.3794,2.3794,1.7523,0.6314,1.4438,1.5374,1.6256,1.7047,1.7842,1.8655,1.9467,2.0282,2.1097,2.1913,2.2728,2.3543,2.3794
2.3755,2.3755,2.3755,2.3755,2.3755,2.3755,2.3755,2.3755,2.3755,2.3755,2.3755,2.3755,0.805,1.2367,1.1508,1.0699,0.9973,0.9244,0.8498,0.7752,0.7005,0.6257,0.5509,0.4761,0.4013,0.3265
2.3715,2.3715,2.3715,2.3715,2.3715,2.3715,2.3715,2.3715,2.3715,2.3715,2.3715,2.3715,2.3715,2.3715,1.0616,1.7913,2.3715,2.3715,2.3715,2.3715,2.3715,2.3715,2.3715,2.3715,2.3715,2.3715
2.3676,2.3676,2.3676,2.3676,2.3676,2.3676,2.3676,2.3676,2.3676,2.0665,1.4454,0.8268,2.3676,2.3676,2.3676,2.3676,2.3676,2.3676,2.3676,2.3676,2.3676,2.3676,2.3676,2.3676,2.3676,2.3676
2.3637,2.3637,2.3637,2.3637,2.3637,2.3637,2.3637,2.3637,2.3637,2.3637,2.3637,2.3637,2.3637,2.3637,1.4087,1.3096,1.2208,1.1315,1.0402,0.9489,0.8574,0.7659,0.6743,0.5828,0.4912,0.3997
1.8328,1.9278,2.0239,2.1215,2.2196,2.3195,2.3598,2.3598,2.3598,2.3598,2.3598,2.3598,2.3598,1.2895,1.3731,1.4519,1.5225,1.5935,1.6661,1.7387,1.8115,1.8843,1.9571,2.0299,2.1027,2.1755
2.356,2.356,2.356,2.356,2.356,2.356,2.356,2.356,2.356,2.356,1.942,1.1109,1.9218,1.7714,1.6484,1.5325,1.4285,1.3241,1.2172,1.1104,1.0033,0.8962,0.7891,0.6819,0.5748,0.4677
2.3521,2.3521,2.3521,2.3521,2.3521,2.3521,2.3521,2.3521,2.3521,2.3521,2.3521,2.3521,2.3521,2.3521,0.898,1.5152,2.1334,2.3521,2.3521,2.3521,2.3521,2.3521,2.3521,2.3521,2.3521,2.3521
2.3482,2.3482,2.3482,2.3482,2.3482,2.3482,2.3482,2.3482,2.3482,2.3482,1.9344,1.1066,1.7621,1.9138,2.0379,2.1548,2.2597,2.3482,2.3482,2.3482,2.3482,2.3482,2.3482,2.3482,2.3482,2.3482
2.3444,2.3444,2.3444,2.3444,2.3444,2.3444,2.3444,2.3444,2.3444,2.3444,2.3444,2.3444,2.3444,1.2089,1.1249,1.0458,0.9748,0.9036,0.8307,0.7578,0.6847,0.6116,0.5385,0.4654,0.3923,0.3191
2.3061,2.3406,2.3406,2.3406,2.3406,2.3406,2.3406,2.3406,2.3406,2.3406,2.3406,2.3406,2.3406,0.6687,1.4859,1.8268,1.9157,2.005,2.0964,2.1877,2.2793,2.3406,2.3406,2.3406,2.3406,2.3406
2.3368,2.3368,2.3368,2.3368,2.3368,2.3368,2.3368,2.3368,2.3368,2.0837,1.4574,0.8337,2.3368,2.3368,2.3368,2.3368,2.3368,2.3368,2.3368,2.3368,2.3368,2.3368,2.3368,2.3368,2.2079,1.7964
2.333,2.333,2.333,2.333,2.333,2.333,2.333,2.333,2.333,2.333,2.333,2.333,2.333,2.333,1.067,1.8004,1.8227,1.6895,1.5532,1.4169,1.2802,1.1435,1.0068,0.8701,0.7334,0.5967
1.9065,2.0053,2.1053,2.2068,2.3089,2.3292,2.3292,2.3292,2.3292,2.3292,2.3292,2.3292,0.795,1.3413,1.4283,1.5102,1.5837,1.6575,1.7331,1.8086,1.8843,1.96,2.0357,2.1115,2.1872,2.263
2.3254,2.3254,2.3254,2.3254,2.3254,2.3254,2.3254,2.3254,2.3254,2.3254,2.3254,1.7959,0.6644,1.3606,1.2661,1.1771,1.0972,1.017,0.935,0.8529,0.7706,0.6884,0.6061,0.5238,0.4415,0.3592
2.3216,2.3216,2.3216,2.3216,2.3216,2.3216,2.3216,2.3216,2.3216,2.3216,2.3216,2.3216,2.3216,2.3216,0.9641,1.6267,2.2905,2.3216,2.3216,2.3216,2.3216,2.3216,2.3216,2.3216,2.3216,2.3216
2.3179,2.3179,2.3179,2.3179,2.3179,2.3179,2.3179,2.3179,2.3179,2.2259,1.5569,0.8906,2.3179,2.3179,2.3179,2.3179,2.3179,2.3179,2.3179,2.3179,2.3179,2.3179,2.3179,2.3179,2.3179,2.3179
2.3141,2.3141,2.3141,2.3141,2.3141,2.3141,2.3141,2.3141,2.3141,2.3141,2.3141,2.3141,2.3141,0.6655,1.2478,1.1601,1.0814,1.0023,0.9215,0.8406,0.7595,0.6784,0.5973,0.5162,0.4351,0.354
1.935,2.0353,2.1368,2.2398,2.3104,2.3104,2.3104,2.3104,2.3104,2.3104,2.3104,2.3104,2.3104,0.9592,1.4497,1.5328,1.6074,1.6823,1.759,1.8356,1.9125,1.9893,2.0662,2.1431,2.2199,2.2968
2.3067,2.3067,2.3067,2.3067,2.3067,2.3067,2.3067,2.3067,2.3067,2.3067,1.6731,0.9571,2.3067,2.3067,2.2429,2.0852,1.9437,1.8016,1.6563,1.5109,1.3652,1.2195,1.0737,0.9279,0.7821,0.6363
2.303,2.303,2.303,2.303,2.303,2.303,2.303,2.303,2.303,2.303,2.303,2.303,2.303,2.303,0.9299,1.569,2.2091,2.303,2.303,2.303,2.303,2.303,2.303,2.2119,1.8644,1.5168
2.2705,2.2993,2.2993,2.2993,2.2993,2.2993,2.2993,2.2993,2.2993,2.2993,2.2993,1.4336,1.4708,1.5974,1.701,1.7986,1.8861,1.974,2.064,2.1539,2.2441,2.2993,2.2993,2.2993,2.2993,2.2993
2.2956,2.2956,2.2956,2.2956,2.2956,2.2956,2.2956,2.2956,2.2956,2.2956,2.2956,2.2956,1.6788,1.2282,1.1429,1.0625,0.9904,0.918,0.844,0.7699,0.6956,0.6214,0.5471,0.4728,0.3985,0.3242
2.2919,2.2919,2.2919,2.2919,2.2919,2.2919,2.2919,2.2919,2.2919,2.2919,2.2919,2.2919,2.2919,2.2919,1.195,2.0164,2.2919,2.2919,2.2919,2.2919,2.2919,2.2919,2.2919,2.2919,2.2919,2.2919
2.2883,2.2883,2.2883,2.2883,2.2883,2.2883,2.2883,2.2883,2.2883,2.0773,1.4529,0.8311,2.2883,2.2883,2.2883,2.2883,2.2883,2.2883,2.2883,2.2883,2.2883,2.2883,2.2883,2.2883,2.2883,2.2883
2.2846,2.2846,2.2846,2.2846,2.2846,2.2846,2.2846,2.2846,2.2846,2.2846,2.2846,2.2846,2.2846,2.2846,1.2842,1.5034,1.4014,1.299,1.1942,1.0894,0.9843,0.8792,0.7741,0.669,0.5639,0.4588
1.8644,1.9611,2.0589,2.1581,2.258,2.281,2.281,2.281,2.281,2.281,2.281,2.281,2.281,1.3117,1.3968,1.4769,1.5488,1.621,1.6949,1.7687,1.8427,1.9168,1.9909,2.0649,2.139,2.2131
2.2774,2.2774,2.2774,2.2774,2.2774,2.2774,2.2774,2.2774,2.2774,2.2774,2.2774,1.3049,1.7256,1.5905,1.48,1.3759,1.2826,1.1889,1.0929,0.997,0.9009,0.8047,0.7085,0.6123,0.5161,0.4199
2.2738,2.2738,2.2738,2.2738,2.2738,2.2738,2.2738,2.2738,2.2738,2.2738,2.2738,2.2738,2.2738,2.2738,0.9244,1.5598,2.1962,2.2738,2.2738,2.2738,2.2738,2.2738,2.2738,2.2738,2.2738,2.2738
2.2702,2.2702,2.2702,2.2702,2.2702,2.2702,2.2702,2.2702,2.2702,2.2702,1.7734,1.0145,2.1278,2.2702,2.2702,2.2702,2.2702,2.2702,2.2702,2.2702,2.2702,2.2702,2.2702,2.2702,2.2702,2.2702
2.2666,2.2666,2.2666,2.2666,2.2666,2.2666,2.2666,2.2666,2.2666,2.2666,2.2666,2.2666,2.2666,1.2595,1.172,1.0896,1.0157,0.9414,0.8655,0.7895,0.7134,0.6372,0.561,0.4849,0.4087,0.3325
2.1528,2.263,2.263,2.263,2.263,2.263,2.263,2.263,2.263,2.263,2.263,2.263,2.263,0.6466,1.6129,1.7054,1.7884,1.8717,1.957,2.0423,2.1278,2.2133,2.263,2.263,2.263,2.263
2.2594,2.2594,2.2594,2.2594,2.2594,2.2594,2.2594,2.2594,2.2594,2.198,1.5373,0.8794,2.2594,2.2594,2.2594,2.2594,2.2594,2.2594,2.2594,2.2594,2.2594,2.0282,1.7857,1.5433,1.3008,1.0583
2.2559,2.2559,2.2559,2.2559,2.2559,2.2559,2.2559,2.2559,2.2559,2.2559,2.2559,2.2559,2.2559,2.2559,1.0123,1.708,2.2559,2.2097,2.0314,1.8531,1.6744,1.4956,1.3169,1.1381,0.9592,0.7804
2.0371,2.1427,2.2496,2.2523,2.2523,2.2523,2.2523,2.2523,2.2523,2.2523,2.2523,2.1563,0.6268,1.4333,1.5262,1.6138,1.6923,1.7712,1.8519,1.9326,2.0134,2.0944,2.1753,2.2523,2.2523,2.2523
2.2488,2.2488,2.2488,2.2488,2.2488,2.2488,2.2488,2.2488,2.2488,2.2488,2.2488,2.2488,0.6425,1.3099,1.2189,1.1332,1.0563,0.9791,0.9001,0.8211,0.7419,0.6627,0.5835,0.5043,0.425,0.3458
2.2453,2.2453,2.2453,2.2453,2.2453,2.2453,2.2453,2.2453,2.2453,2.2453,2.2453,2.2453,2.2453,2.2453,1.0444,1.7623,2.2453,2.2453,2.2453,2.2453,2.2453,2.2453,2.2453,2.2453,2.2453,2.2453
2.2418,2.2418,2.2418,2.2418,2.2418,2.2418,2.2418,2.2418,2.2418,2.1723,1.5194,0.8692,2.2418,2.2418,2.2418,2.2418,2.2418,2.2418,2.2418,2.2418,2.2418,2.2418,2.2418,2.2418,2.2418,2.2418
2.2383,2.2383,2.2383,2.2383,2.2383,2.2383,2.2383,2.2383,2.2383,2.2383,2.2383,2.2383,2.2383,0.6395,1.372,1.2755,1.189,1.1021,1.0131,0.9242,0.8351,0.7459,0.6568,0.5676,0.4784,0.3892
1.9128,2.0119,2.1122,2.2141,2.2348,2.2348,2.2348,2.2348,2.2348,2.2348,2.2348,2.2348,2.2348,1.3457,1.433,1.5152,1.589,1.663,1.7388,1.8146,1.8905,1.9665,2.0425,2.1185,2.1945,2.2348
2.2313,2.2313,2.2313,2.2313,2.2313,2.2313,2.2313,2.2313,2.2313,2.2313,1.87,1.0697,2.1886,2.0173,1.8772,1.7452,1.6268,1.5079,1.3862,1.2645,1.1426,1.0206,0.8986,0.7766,0.6546,0.5326
2.2278,2.2278,2.2278,2.2278,2.2278,2.2278,2.2278,2.2278,2.2278,2.2278,2.2278,2.2278,2.2278,2.2278,0.9306,1.5702,2.2108,2.2278,2.2278,2.2278,2.2278,2.2278,2.2278,2.2278,2.2278,2.2278
2.2244,2.2244,2.2244,2.2244,2.2244,2.2244,2.2244,2.2244,2.2244,2.2244,2.169,1.2408,1.6743,1.8185,1.9364,2.0475,2.1472,2.2244,2.2244,2.2244,2.2244,2.2244,2.2244,2.2244,2.2244,2.2244
2.2209,2.2209,2.2209,2.2209,2.2209,2.2209,2.2209,2.2209,2.2209,2.2209,2.2209,2.2209,2.2209,1.244,1.1576,1.0762,1.0032,0.9298,0.8548,0.7798,0.7046,0.6294,0.5541,0.4789,0.4037,0.3284
2.2175,2.2175,2.2175,2.2175,2.2175,2.2175,2.2175,2.2175,2.2175,2.2175,2.2175,2.2175,2.2175,2.2175,1.3896,2.0219,2.1203,2.2175,2.2175,2.2175,2.2175,2.2175,2.2175,2.2175,2.2175,2.2175
2.2141,2.2141,2.2141,2.2141,2.2141,2.2141,2.2141,2.2141,2.2141,2.1291,1.4892,0.8519,2.2141,2.2141,2.2141,2.2141,2.2141,2.2141,2.2141,2.2141,2.2141,2.2141,2.2141,2.2141,2.2141,2.2141
2.2106,2.2106,2.2106,2.2106,2.2106,2.2106,2.2106,2.2106,2.2106,2.2106,2.2106,2.2106,2.2106,2.2106,1.1678,1.7929,1.6713,1.5491,1.4241,1.2991,1.1738,1.0485,0.9232,0.7978,0.6725,0.5471
1.9339,2.0342,2.1356,2.2072,2.2072,2.2072,2.2072,2.2072,2.2072,2.2072,2.2072,2.2072,1.1856,1.3606,1.4489,1.532,1.6066,1.6814,1.758,1.8346,1.9114,1.9882,2.0651,2.1419,2.2072,2.2072
2.2038,2.2038,2.2038,2.2038,2.2038,2.2038,2.2038,2.2038,2.2038,2.2038,2.2038,1.6051,0.6297,1.4745,1.372,1.2756,1.189,1.1021,1.0132,0.9243,0.8351,0.746,0.6568,0.5676,0.4784,0.3893
2.2005,2.2005,2.2005,2.2005,2.2005,2.2005,2.2005,2.2005,2.2005,2.2005,2.2005,2.2005,2.2005,2.2005,0.9706,1.6378,2.2005,2.2005,2.2005,2.2005,2.2005,2.2005,2.2005,2.2005,2.2005,2.2005
2.1971,2.1971,2.1971,2.1971,2.1971,2.1971,2.1971,2.1971,2.1971,2.1971,1.6722,0.9566,2.1971,2.1971,2.1971,2.1971,2.1971,2.1971,2.1971,2.1971,2.1971,2.1971,2.1971,2.1971,2.1971,2.1971
2.1937,2.1937,2.1937,2.1937,2.1937,2.1937,2.1937,2.1937,2.1937,2.1937,2.1937,2.1937,2.1937,0.8378,1.2463,1.1586,1.08,1.0011,0.9203,0.8395,0.7586,0.6776,0.5966,0.5156,0.4346,0.3536
2.0613,2.1682,2.1904,2.1904,2.1904,2.1904,2.1904,2.1904,2.1904,2.1904,2.1904,2.1904,2.1904,0.7857,1.5443,1.6329,1.7124,1.7922,1.8738,1.9555,2.0373,2.1192,2.1904,2.1904,2.1904,2.1904
2.187,2.187,2.187,2.187,2.187,2.187,2.187,2.187,2.187,2.187,1.6567,0.9477,2.187,2.187,2.187,2.187,2.187,2.1795,2.0037,1.8278,1.6515,1.4752,1.2989,1.1225,0.9462,0.7698
2.1837,2.1837,2.1837,2.1837,2.1837,2.1837,2.1837,2.1837,2.1837,2.1837,2.1837,2.1837,2.1837,2.1837,0.983,1.6586,2.1837,2.1837,2.1837,2.1837,2.1837,2.1828,1.9219,1.6609,1.4,1.139
2.1804,2.1804,2.1804,2.1804,2.1804,2.1804,2.1804,2.1804,2.1804,2.1804,2.1804,1.6859,0.623,1.5667,1.6683,1.764,1.8499,1.9361,2.0243,2.1125,2.1804,2.1804,2.1804,2.1804,2.1804,2.1804
2.1771,2.1771,2.1771,2.1771,2.1771,2.1771,2.1771,2.1771,2.1771,2.1771,2.1771,2.1771,1.0531,1.2889,1.1993,1.115,1.0393,0.9634,0.8857,0.8079,0.73,0.6521,0.5741,0.4962,0.4182,0.3403
2.1738,2.1738,2.1738,2.1738,2.1738,2.1738,2.1738,2.1738,2.1738,2.1738,2.1738,2.1738,2.1738,2.1738,1.1596,1.9566,2.1738,2.1738,2.1738,2.1738,2.1738,2.1738,2.1738,2.1738,2.1738,2.1738
2.1705,2.1705,2.1705,2.1705,2.1705,2.1705,2.1705,2.1705,2.1705,2.1644,1.5139,0.866,2.1705,2.1705,2.1705,2.1705,2.1705,2.1705,2.1705,2.1705,2.1705,2.1705,2.1705,2.1705,2.1705,2.1705
2.1672,2.1672,2.1672,2.1672,2.1672,2.1672,2.1672,2.1672,2.1672,2.1672,2.1672,2.1672,2.1672,0.6192,1.4531,1.441,1.3432,1.2451,1.1446,1.0441,0.9434,0.8427,0.742,0.6412,0.5405,0.4397
1.9291,2.0291,2.1303,2.1639,2.1639,2.1639,2.1639,2.1639,2.1639,2.1639,2.1639,2.1639,2.1639,1.3572,1.4452,1.5282,1.6025,1.6772,1.7536,1.8301,1.9067,1.9833,2.0599,2.1366,2.1639,2.1639
2.1607,2.1607,2.1607,2.1607,2.1607,2.1607,2.1607,2.1607,2.1607,2.1607,2.1549,1.2327,1.9252,1.7745,1.6513,1.5351,1.431,1.3264,1.2194,1.1124,1.0051,0.8978,0.7905,0.6831,0.5758,0.4685
2.1574,2.1574,2.1574,2.1574,2.1574,2.1574,2.1574,2.1574,2.1574,2.1574,2.1574,2.1574,2.1574,2.1574,0.9498,1.6026,2.1574,2.1574,2.1574,2.1574,2.1574,2.1574,2.1574,2.1574,2.1574,2.1574
2.1542,2.1542,2.1542,2.1542,2.1542,2.1542,2.1542,2.1542,2.1542,2.1542,1.9551,1.1184,1.9747,2.1447,2.1542,2.1542,2.1542,2.1542,2.1542,2.1542,2.1542,2.1542,2.1542,2.1542,2.1542,2.1542
2.1509,2.1509,2.1509,2.1509,2.1509,2.1509,2.1509,2.1509,2.1509,2.1509,2.1509,2.1509,2.1509,1.2849,1.1956,1.1115,1.0361,0.9604,0.8829,0.8054,0.7277,0.6501,0.5723,0.4946,0.4169,0.3392
2.1477,2.1477,2.1477,2.1477,2.1477,2.1477,2.1477,2.1477,2.1477,2.1477,2.1477,2.1477,2.1477,0.6136,1.6855,1.8606,1.9511,2.0421,2.1351,2.1477,2.1477,2.1477,2.1477,2.1477,2.1477,2.1477
2.1445,2.1445,2.1445,2.1445,2.1445,2.1445,2.1445,2.1445,2.1445,2.1445,1.5568,0.8906,2.1445,2.1445,2.1445,2.1445,2.1445,2.1445,2.1445,2.1445,2.1445,2.1445,2.1445,2.1445,1.8201,1.4808
2.1413,2.1413,2.1413,2.1413,2.1413,2.1413,2.1413,2.1413,2.1413,2.1413,2.1413,2.1413,2.1413,2.1413,1.0941,1.8462,2.0993,1.9459,1.7889,1.6319,1.4745,1.3171,1.1597,1.0022,0.8447,0.6873
2.047,2.1381,2.1381,2.1381,2.1381,2.1381,2.1381,2.1381,2.1381,2.1381,2.1381,2.1381,0.7086,1.4402,1.5336,1.6216,1.7005,1.7797,1.8608,1.9419,2.0232,2.1045,2.1381,2.1381,2.1381,2.1381
2.1349,2.1349,2.1349,2.1349,2.1349,2.1349,2.1349,2.1349,2.1349,2.1349,2.1349,2.1113,0.61,1.4039,1.3063,1.2145,1.1321,1.0493,0.9647,0.88,0.7951,0.7103,0.6254,0.5404,0.4555,0.3706
2.1317,2.1317,2.1317,2.1317,2.1317,2.1317,2.1317,2.1317,2.1317,2.1317,2.1317,2.1317,2.1317,2.1317,1.0408,1.7561,2.1317,2.1317,2.1317,2.1317,2.1317,2.1317,2.1317,2.1317,2.1317,2.1317
2.1286,2.1286,2.1286,2.1286,2.1286,2.1286,2.1286,2.1286,2.1286,2.1286,1.6156,0.9242,2.1286,2.1286,2.1286,2.1286,2.1286,2.1286,2.1286,2.1286,2.1286,2.1286,2.1286,2.1286,2.1286,2.1286
2.1254,2.1254,2.1254,2.1254,2.1254,2.1254,2.1254,2.1254,2.1254,2.1254,2.1254,2.1254,2.1254,0.6362,1.3549,1.2596,1.1742,1.0884,1.0005,0.9127,0.8247,0.7367,0.6486,0.5605,0.4725,0.3844
2.0188,2.1223,2.1223,2.1223,2.1223,2.1223,2.1223,2.1223,2.1223,2.1223,2.1223,2.1223,2.1223,1.2172,1.5124,1.5992,1.677,1.7552,1.8352,1.9151,1.9953,2.0755,2.1223,2.1223,2.1223,2.1223
2.1191,2.1191,2.1191,2.1191,2.1191,2.1191,2.1191,2.1191,2.1191,2.1191,1.8282,1.0458,2.1191,2.1191,2.1191,2.0324,1.8945,1.756,1.6143,1.4727,1.3306,1.1886,1.0465,0.9044,0.7623,0.6202
2.116,2.116,2.116,2.116,2.116,2.116,2.116,2.116,2.116,2.116,2.116,2.116,2.116,2.116,0.9751,1.6453,2.116,2.116,2.116,2.116,2.116,2.116,2.116,2.116,2.116,2.1053
2.1129,2.1129,2.1129,2.1129,2.1129,2.1129,2.1129,2.1129,2.1129,2.1129,2.1129,1.4179,1.6183,1.7577,1.8716,1.979,2.0753,2.1129,2.1129,2.1129,2.1129,2.1129,2.1129,2.1129,2.1129,2.1129
2.1098,2.1098,2.1098,2.1098,2.1098,2.1098,2.1098,2.1098,2.1098,2.1098,2.1098,2.1098,2.1098,1.2944,1.2045,1.1198,1.0438,0.9675,0.8895,0.8114,0.7332,0.6549,0.5766,0.4983,0.42,0.3417
2.1067,2.1067,2.1067,2.1067,2.1067,2.1067,2.1067,2.1067,2.1067,2.1067,2.1067,2.1067,2.1067,2.1067,1.3253,2.1067,2.1067,2.1067,2.1067,2.1067,2.1067,2.1067,2.1067,2.1067,2.1067,2.1067
2.1036,2.1036,2.1036,2.1036,2.1036,2.1036,2.1036,2.1036,2.1036,2.1036,1.5388,0.8803,2.1036,2.1036,2.1036,2.1036,2.1036,2.1036,2.1036,2.1036,2.1036,2.1036,2.1036,2.1036,2.1036,2.1036
2.1005,2.1005,2.1005,2.1005,2.1005,2.1005,2.1005,2.1005,2.1005,2.1005,2.1005,2.1005,2.1005,2.1005,1.2975,1.6827,1.5685,1.4539,1.3366,1.2193,1.1017,0.9841,0.8665,0.7488,0.6312,0.5135
1.9843,2.0872,2.0974,2.0974,2.0974,2.0974,2.0974,2.0974,2.0974,2.0974,2.0974,2.0974,2.0974,1.3961,1.4866,1.5719,1.6484,1.7252,1.8039,1.8825,1.9613,2.0401,2.0974,2.0974,2.0974,2.0974
2.0944,2.0944,2.0944,2.0944,2.0944,2.0944,2.0944,2.0944,2.0944,2.0944,2.0944,1.4767,0.5984,1.6202,1.5077,1.4016,1.3065,1.211,1.1133,1.0156,0.9177,0.8197,0.7217,0.6237,0.5257,0.4277
2.0913,2.0913,2.0913,2.0913,2.0913,2.0913,2.0913,2.0913,2.0913,2.0913,2.0913,2.0913,2.0913,2.0913,0.9887,1.6683,2.0913,2.0913,2.0913,2.0913,2.0913,2.0913,2.0913,2.0913,2.0913,2.0913
2.0883,2.0883,2.0883,2.0883,2.0883,2.0883,2.0883,2.0883,2.0883,2.0883,1.8196,1.0409,2.0883,2.0883,2.0883,2.0883,2.0883,2.0883,2.0883,2.0883,2.0883,2.0883,2.0883,2.0883,2.0883,2.0883
2.0852,2.0852,2.0852,2.0852,2.0852,2.0852,2.0852,2.0852,2.0852,2.0852,2.0852,2.0852,2.0852,1.1216,1.26,1.1714,1.0919,1.0121,0.9305,0.8488,0.7669,0.6851,0.6032,0.5213,0.4394,0.3575
2.0822,2.0822,2.0822,2.0822,2.0822,2.0822,2.0822,2.0822,2.0822,2.0822,2.0822,2.0822,2.0822,0.6796,1.6657,1.7612,1.8469,1.933,2.0211,2.0822,2.0822,2.0822,2.0822,2.0822,2.0822,2.0822
2.0792,2.0792,2.0792,2.0792,2.0792,2.0792,2.0792,2.0792,2.0792,2.0792,1.6616,0.9505,2.0792,2.0792,2.0792,2.0792,2.0792,2.0792,2.0792,2.0792,2.0792,1.8609,1.6385,1.416,1.1935,0.971
2.0762,2.0762,2.0762,2.0762,2.0762,2.0762,2.0762,2.0762,2.0762,2.0762,2.0762,2.0762,2.0762,2.0762,1.0516,1.7745,2.0762,2.0762,2.0762,2.0762,2.0039,1.79,1.576,1.362,1.148,0.934
2.0732,2.0732,2.0732,2.0732,2.0732,2.0732,2.0732,2.0732,2.0732,2.0732,2.0732,2.0454,0.5923,1.5579,1.6589,1.7541,1.8394,1.9252,2.0129,2.0732,2.0732,2.0732,2.0732,2.0732,2.0732,2.0732
2.0702,2.0702,2.0702,2.0702,2.0702,2.0702,2.0702,2.0702,2.0702,2.0702,2.0702,2.0702,0.7893,1.3684,1.2734,1.1838,1.1035,1.0229,0.9403,0.8578,0.7751,0.6923,0.6096,0.5268,0.444,0.3613
2.0672,2.0672,2.0672,2.0672,2.0672,2.0672,2.0672,2.0672,2.0672,2.0672,2.0672,2.0672,2.0672,2.0672,1.1421,1.9272,2.0672,2.0672,2.0672,2.0672,2.0672,2.0672,2.0672,2.0672,2.0672,2.0672
2.0642,2.0642,2.0642,2.0642,2.0642,2.0642,2.0642,2.0642,2.0642,2.0642,1.5957,0.9128,2.0642,2.0642,2.0642,2.0642,2.0642,2.0642,2.0642,2.0642,2.0642,2.0642,2.0642,2.0642,2.0642,2.0642
2.0613,2.0613,2.0613,2.0613,2.0613,2.0613,2.0613,2.0613,2.0613,2.0613,2.0613,2.0613,2.0613,0.5889,1.5104,1.4042,1.3089,1.2132,1.1154,1.0175,0.9193,0.8212,0.723,0.6249,0.5267,0.4285
2.0191,2.0583,2.0583,2.0583,2.0583,2.0583,2.0583,2.0583,2.0583,2.0583,2.0583,2.0583,2.0583,1.4206,1.5127,1.5995,1.6773,1.7555,1.8354,1.9154,1.9956,2.0583,2.0583,2.0583,2.0583,2.0583
2.0553,2.0553,2.0553,2.0553,2.0553,2.0553,2.0553,2.0553,2.0553,2.0553,2.0553,1.1865,2.0553,2.016,1.876,1.7441,1.6257,1.5069,1.3853,1.2637,1.1419,1.02,0.898,0.7761,0.6542,0.5322
2.0524,2.0524,2.0524,2.0524,2.0524,2.0524,2.0524,2.0524,2.0524,2.0524,2.0524,2.0524,2.0524,2.0524,0.9872,1.6657,2.0524,2.0524,2.0524,2.0524,2.0524,2.0524,2.0524,2.0524,2.0524,2.0524
2.0495,2.0495,2.0495,2.0495,2.0495,2.0495,2.0495,2.0495,2.0495,2.0495,2.0495,1.2531,1.873,2.0343,2.0495,2.0495,2.0495,2.0495,2.0495,2.0495,2.0495,2.0495,2.0495,2.0495,2.0495,2.0495
2.0465,2.0465,2.0465,2.0465,2.0465,2.0465,2.0465,2.0465,2.0465,2.0465,2.0465,2.0465,2.0465,1.3262,1.2341,1.1473,1.0695,0.9913,0.9113,0.8313,0.7512,0.671,0.5908,0.5106,0.4303,0.3501
2.0436,2.0436,2.0436,2.0436,2.0436,2.0436,2.0436,2.0436,2.0436,2.0436,2.0436,2.0436,2.0436,0.5839,1.5703,2.0436,2.0436,2.0436,2.0436,2.0436,2.0436,2.0436,2.0436,2.0436,2.0436,2.0436
2.0407,2.0407,2.0407,2.0407,2.0407,2.0407,2.0407,2.0407,2.0407,2.0407,1.5955,0.9127,2.0407,2.0407,2.0407,2.0407,2.0407,2.0407,2.0407,2.0407,2.0407,2.0407,2.0407,2.0407,2.0407,2.0407
2.0378,2.0378,2.0378,2.0378,2.0378,2.0378,2.0378,2.0378,2.0378,2.0378,2.0378,2.0378,2.0378,2.0378,1.1991,2.0233,1.9119,1.7722,1.6292,1.4862,1.3429,1.1995,1.0561,0.9127,0.7693,0.6259
2.0349,2.0349,2.0349,2.0349,2.0349,2.0349,2.0349,2.0349,2.0349,2.0349,2.0349,2.0349,0.991,1.4652,1.5603,1.6498,1.7301,1.8107,1.8932,1.9757,2.0349,2.0349,2.0349,2.0349,2.0349,2.0349
2.032,2.032,2.032,2.032,2.032,2.032,2.032,2.032,2.032,2.032,2.032,1.8651,0.5806,1.5244,1.4186,1.3188,1.2293,1.1395,1.0475,0.9556,0.8634,0.7713,0.6791,0.5869,0.4947,0.4025
2.0292,2.0292,2.0292,2.0292,2.0292,2.0292,2.0292,2.0292,2.0292,2.0292,2.0292,2.0292,2.0292,2.0292,1.0507,1.773,2.0292,2.0292,2.0292,2.0292,2.0292,2.0292,2.0292,2.0292,2.0292,2.0292
2.0263,2.0263,2.0263,2.0263,2.0263,2.0263,2.0263,2.0263,2.0263,2.0263,1.7397,0.9952,2.0263,2.0263,2.0263,2.0263,2.0263,2.0263,2.0263,2.0263,2.0263,2.0263,2.0263,2.0263,2.0263,2.0263
2.0234,2.0234,2.0234,2.0234,2.0234,2.0234,2.0234,2.0234,2.0234,2.0234,2.0234,2.0234,2.0234,0.787,1.3566,1.2612,1.1756,1.0897,1.0018,0.9139,0.8257,0.7376,0.6494,0.5612,0.4731,0.3849
2.0206,2.0206,2.0206,2.0206,2.0206,2.0206,2.0206,2.0206,2.0206,2.0206,2.0206,2.0206,2.0206,0.9609,1.6159,1.7087,1.7918,1.8753,1.9608,2.0206,2.0206,2.0206,2.0206,2.0206,2.0206,2.0206
2.0177,2.0177,2.0177,2.0177,2.0177,2.0177,2.0177,2.0177,2.0177,2.0177,1.814,1.0377,2.0177,2.0177,2.0177,2.0177,2.0177,2.0177,1.9335,1.7638,1.5937,1.4235,1.2534,1.0832,0.913,0.7428
2.0149,2.0149,2.0149,2.0149,2.0149,2.0149,2.0149,2.0149,2.0149,2.0149,2.0149,2.0149,2.0149,2.0149,1.0342,1.745,2.0149,2.0149,2.0149,2.0149,2.0149,2.0149,2.0149,2.0149,1.7973,1.4623
2.0121,2.0121,2.0121,2.0121,2.0121,2.0121,2.0121,2.0121,2.0121,2.0121,2.0121,1.6582,0.5749,1.7266,1.8385,1.944,2.0121,2.0121,2.0121,2.0121,2.0121,2.0121,2.0121,2.0121,2.0121,2.0121
2.0093,2.0093,2.0093,2.0093,2.0093,2.0093,2.0093,2.0093,2.0093,2.0093,2.0093,2.0093,1.4848,1.3631,1.2684,1.1792,1.0992,1.0189,0.9367,0.8545,0.7721,0.6896,0.6072,0.5248,0.4423,0.3599
2.0064,2.0064,2.0064,2.0064,2.0064,2.0064,2.0064,2.0064,2.0064,2.0064,2.0064,2.0064,2.0064,0.5733,1.287,2.0064,2.0064,2.0064,2.0064,2.0064,2.0064,2.0064,2.0064,2.0064,2.0064,2.0064
2.0036,2.0036,2.0036,2.0036,2.0036,2.0036,2.0036,2.0036,2.0036,2.0036,1.6092,0.9206,2.0036,2.0036,2.0036,2.0036,2.0036,2.0036,2.0036,2.0036,2.0036,2.0036,2.0036,2.0036,2.0036,2.0036
2.0008,2.0008,2.0008,2.0008,2.0008,2.0008,2.0008,2.0008,2.0008,2.0008,2.0008,2.0008,2.0008,0.5717,1.467,1.6123,1.5029,1.393,1.2807,1.1683,1.0556,0.9429,0.8302,0.7175,0.6047,0.492
1.998,1.998,1.998,1.998,1.998,1.998,1.998,1.998,1.998,1.998,1.998,1.998,1.998,1.45,1.544,1.6326,1.712,1.7918,1.8734,1.9551,1.998,1.998,1.998,1.998,1.998,1.998
1.9953,1.9953,1.9953,1.9953,1.9953,1.9953,1.9953,1.9953,1.9953,1.9953,1.9953,1.3922,1.9625,1.8089,1.6832,1.5649,1.4587,1.3521,1.243,1.1339,1.0245,0.9152,0.8058,0.6964,0.587,0.4775
1.9925,1.9925,1.9925,1.9925,1.9925,1.9925,1.9925,1.9925,1.9925,1.9925,1.9925,1.9925,1.9925,1.9925,1.0197,1.7206,1.9925,1.9925,1.9925,1.9925,1.9925,1.9925,1.9925,1.9925,1.9925,1.9925
1.9897,1.9897,1.9897,1.9897,1.9897,1.9897,1.9897,1.9897,1.9897,1.9897,1.9897,1.1495,1.9897,1.9897,1.9897,1.9897,1.9897,1.9897,1.9897,1.9897,1.9897,1.9897,1.9897,1.9897,1.9897,1.9897
1.987,1.987,1.987,1.987,1.987,1.987,1.987,1.987,1.987,1.987,1.987,1.987,1.987,1.3865,1.2902,1.1995,1.1181,1.0364,0.9528,0.8691,0.7853,0.7015,0.6176,0.5338,0.4499,0.366
1.9842,1.9842,1.9842,1.9842,1.9842,1.9842,1.9842,1.9842,1.9842,1.9842,1.9842,1.9842,1.9842,0.6116,1.8218,1.9263,1.9842,1.9842,1.9842,1.9842,1.9842,1.9842,1.9842,1.9842,1.9842,1.9842
1.9815,1.9815,1.9815,1.9815,1.9815,1.9815,1.9815,1.9815,1.9815,1.9815,1.6888,0.9661,1.9815,1.9815,1.9815,1.9815,1.9815,1.9815,1.9815,1.9815,1.9815,1.9815,1.9815,1.8985,1.6002,1.3019
1.9787,1.9787,1.9787,1.9787,1.9787,1.9787,1.9787,1.9787,1.9787,1.9787,1.9787,1.9787,1.9787,1.9787,1.1402,1.9239,1.9787,1.9787,1.9787,1.9245,1.7389,1.5533,1.3676,1.1819,0.9962,0.8105
1.976,1.976,1.976,1.976,1.976,1.976,1.976,1.976,1.976,1.976,1.976,1.976,0.6574,1.5708,1.6726,1.7686,1.8547,1.9411,1.976,1.976,1.976,1.976,1.976,1.976,1.976,1.976
1.9733,1.9733,1.9733,1.9733,1.9733,1.9733,1.9733,1.9733,1.9733,1.9733,1.9733,1.9733,0.6485,1.4719,1.3696,1.2733,1.1869,1.1002,1.0114,0.9226,0.8337,0.7447,0.6556,0.5666,0.4776,0.3886
1.9706,1.9706,1.9706,1.9706,1.9706,1.9706,1.9706,1.9706,1.9706,1.9706,1.9706,1.9706,1.9706,1.9706,1.1417,1.9265,1.9706,1.9706,1.9706,1.9706,1.9706,1.9706,1.9706,1.9706,1.9706,1.9706
1.9679,1.9679,1.9679,1.9679,1.9679,1.9679,1.9679,1.9679,1.9679,1.9679,1.7034,0.9745,1.9679,1.9679,1.9679,1.9679,1.9679,1.9679,1.9679,1.9679,1.9679,1.9679,1.9679,1.9679,1.9679,1.9679
1.9652,1.9652,1.9652,1.9652,1.9652,1.9652,1.9652,1.9652,1.9652,1.9652,1.9652,1.9652,1.9652,0.6236,1.4956,1.3904,1.2961,1.2013,1.1044,1.0075,0.9103,0.8131,0.7159,0.6187,0.5215,0.4243
1.9625,1.9625,1.9625,1.9625,1.9625,1.9625,1.9625,1.9625,1.9625,1.9625,1.9625,1.9625,1.9625,1.5056,1.6032,1.6952,1.7777,1.8606,1.9453,1.9625,1.9625,1.9625,1.9625,1.9625,1.9625,1.9625
1.9598,1.9598,1.9598,1.9598,1.9598,1.9598,1.9598,1.9598,1.9598,1.9598,1.9598,1.1623,1.9598,1.9598,1.9598,1.9598,1.8875,1.7495,1.6084,1.4672,1.3257,1.1842,1.0426,0.9011,0.7595,0.6179
1.9571,1.9571,1.9571,1.9571,1.9571,1.9571,1.9571,1.9571,1.9571,1.9571,1.9571,1.9571,1.9571,1.9571,1.039,1.7532,1.9571,1.9571,1.9571,1.9571,1.9571,1.9571,1.9571,1.9571,1.9571,1.9571
1.9545,1.9545,1.9545,1.9545,1.9545,1.9545,1.9545,1.9545,1.9545,1.9545,1.9545,1.431,0.5584,1.9545,1.9545,1.9545,1.9545,1.9545,1.9545,1.9545,1.9545,1.9545,1.9545,1.9545,1.9545,1.9545
1.9518,1.9518,1.9518,1.9518,1.9518,1.9518,1.9518,1.9518,1.9518,1.9518,1.9518,1.9518,1.9518,1.3863,1.29,1.1993,1.1179,1.0362,0.9526,0.869,0.7852,0.7014,0.6175,0.5337,0.4498,0.366
1.9492,1.9492,1.9492,1.9492,1.9492,1.9492,1.9492,1.9492,1.9492,1.9492,1.9492,1.9492,1.9492,0.5569,1.4972,1.9492,1.9492,1.9492,1.9492,1.9492,1.9492,1.9492,1.9492,1.9492,1.9492,1.9492
1.9465,1.9465,1.9465,1.9465,1.9465,1.9465,1.9465,1.9465,1.9465,1.9465,1.6563,0.9475,1.9465,1.9465,1.9465,1.9465,1.9465,1.9465,1.9465,1.9465,1.9465,1.9465,1.9465,1.9465,1.9465,1.9465
1.9439,1.9439,1.9439,1.9439,1.9439,1.9439,1.9439,1.9439,1.9439,1.9439,1.9439,1.9439,1.9439,0.5554,1.3351,1.9206,1.7903,1.6594,1.5256,1.3917,1.2575,1.1232,0.9889,0.8547,0.7204,0.5861
1.9412,1.9412,1.9412,1.9412,1.9412,1.9412,1.9412,1.9412,1.9412,1.9412,1.9412,1.9412,1.596,1.5104,1.6084,1.7006,1.7834,1.8665,1.9412,1.9412,1.9412,1.9412,1.9412,1.9412,1.9412,1.9412
1.9386,1.9386,1.9386,1.9386,1.9386,1.9386,1.9386,1.9386,1.9386,1.9386,1.9386,1.7067,0.5539,1.6802,1.5635,1.4536,1.3549,1.2559,1.1546,1.0532,0.9517,0.8501,0.7485,0.6468,0.5452,0.4436
1.936,1.936,1.936,1.936,1.936,1.936,1.936,1.936,1.936,1.936,1.936,1.936,1.936,1.936,1.0753,1.8144,1.936,1.936,1.936,1.936,1.936,1.936,1.936,1.936,1.936,1.936
1.9334,1.9334,1.9334,1.9334,1.9334,1.9334,1.9334,1.9334,1.9334,1.9334,1.9001,1.087,1.9334,1.9334,1.9334,1.9334,1.9334,1.9334,1.9334,1.9334,1.9334,1.9334,1.9334,1.9334,1.9334,1.9334
1.9308,1.9308,1.9308,1.9308,1.9308,1.9308,1.9308,1.9308,1.9308,1.9308,1.9308,1.9308,1.9308,1.0234,1.3777,1.2808,1.1939,1.1066,1.0174,0.9281,0.8386,0.749,0.6595,0.57,0.4804,0.3909
1.9282,1.9282,1.9282,1.9282,1.9282,1.9282,1.9282,1.9282,1.9282,1.9282,1.9282,1.9282,1.9282,0.8154,1.7504,1.8508,1.9282,1.9282,1.9282,1.9282,1.9282,1.9282,1.9282,1.9282,1.9282,1.9282
1.9256,1.9256,1.9256,1.9256,1.9256,1.9256,1.9256,1.9256,1.9256,1.9256,1.8271,1.0452,1.9256,1.9256,1.9256,1.9256,1.9256,1.9256,1.9256,1.9256,1.9256,1.7684,1.5571,1.3456,1.1342,0.9228
1.923,1.923,1.923,1.923,1.923,1.923,1.923,1.923,1.923,1.923,1.923,1.923,1.923,1.923,1.1116,1.8757,1.923,1.923,1.923,1.923,1.923,1.923,1.923,1.6857,1.4208,1.156
1.9204,1.9204,1.9204,1.9204,1.9204,1.9204,1.9204,1.9204,1.9204,1.9204,1.9204,1.9204,0.5487,1.7234,1.8352,1.9204,1.9204,1.9204,1.9204,1.9204,1.9204,1.9204,1.9204,1.9204,1.9204,1.9204
1.9179,1.9179,1.9179,1.9179,1.9179,1.9179,1.9179,1.9179,1.9179,1.9179,1.9179,1.9179,1.0272,1.4546,1.3535,1.2584,1.173,1.0872,0.9995,0.9118,0.8239,0.7359,0.6479,0.56,0.472,0.384
1.9153,1.9153,1.9153,1.9153,1.9153,1.9153,1.9153,1.9153,1.9153,1.9153,1.9153,1.9153,1.9153,0.5472,1.2718,1.9153,1.9153,1.9153,1.9153,1.9153,1.9153,1.9153,1.9153,1.9153,1.9153,1.9153
1.9127,1.9127,1.9127,1.9127,1.9127,1.9127,1.9127,1.9127,1.9127,1.9127,1.7052,0.9755,1.9127,1.9127,1.9127,1.9127,1.9127,1.9127,1.9127,1.9127,1.9127,1.9127,1.9127,1.9127,1.9127,1.9127
1.9102,1.9102,1.9102,1.9102,1.9102,1.9102,1.9102,1.9102,1.9102,1.9102,1.9102,1.9102,1.9102,0.5458,1.6937,1.575,1.4682,1.3609,1.2511,1.1413,1.0312,0.9211,0.811,0.7009,0.5908,0.4806
1.9077,1.9077,1.9077,1.9077,1.9077,1.9077,1.9077,1.9077,1.9077,1.9077,1.9077,1.9077,1.9077,1.5259,1.6249,1.7181,1.8017,1.8857,1.9077,1.9077,1.9077,1.9077,1.9077,1.9077,1.9077,1.9077
1.9051,1.9051,1.9051,1.9051,1.9051,1.9051,1.9051,1.9051,1.9051,1.9051,1.9051,1.3418,0.5443,1.9051,1.9051,1.78,1.6592,1.538,1.4139,1.2898,1.1654,1.041,0.9165,0.7921,0.6676,0.5432
1.9026,1.9026,1.9026,1.9026,1.9026,1.9026,1.9026,1.9026,1.9026,1.9026,1.9026,1.9026,1.9026,1.9026,1.0659,1.7985,1.9026,1.9026,1.9026,1.9026,1.9026,1.9026,1.9026,1.9026,1.9026,1.9026
1.9001,1.9001,1.9001,1.9001,1.9001,1.9001,1.9001,1.9001,1.9001,1.9001,1.9001,1.2913,1.9001,1.9001,1.9001,1.9001,1.9001,1.9001,1.9001,1.9001,1.9001,1.9001,1.9001,1.9001,1.9001,1.9001
1.8976,1.8976,1.8976,1.8976,1.8976,1.8976,1.8976,1.8976,1.8976,1.8976,1.8976,1.8976,1.8976,1.4393,1.3393,1.2451,1.1606,1.0758,0.989,0.9022,0.8152,0.7282,0.6411,0.5541,0.467,0.38
1.895,1.895,1.895,1.895,1.895,1.895,1.895,1.895,1.895,1.895,1.895,1.895,1.895,0.5683,1.8137,1.895,1.895,1.895,1.895,1.895,1.895,1.895,1.895,1.895,1.895,1.895
1.8925,1.8925,1.8925,1.8925,1.8925,1.8925,1.8925,1.8925,1.8925,1.8925,1.7406,0.9957,1.8925,1.8925,1.8925,1.8925,1.8925,1.8925,1.8925,1.8925,1.8925,1.8925,1.8925,1.8925,1.8925,1.8925
1.89,1.89,1.89,1.89,1.89,1.89,1.89,1.89,1.89,1.89,1.89,1.89,1.89,0.54,1.2552,1.89,1.89,1.89,1.89,1.7412,1.5732,1.4053,1.2373,1.0693,0.9013,0.7333
1.8876,1.8876,1.8876,1.8876,1.8876,1.8876,1.8876,1.8876,1.8876,1.8876,1.8876,1.8876,0.8841,1.607,1.7112,1.8094,1.8876,1.8876,1.8876,1.8876,1.8876,1.8876,1.8876,1.8876,1.8876,1.8876
1.8851,1.8851,1.8851,1.8851,1.8851,1.8851,1.8851,1.8851,1.8851,1.8851,1.8851,1.8851,0.5654,1.6065,1.4949,1.3897,1.2955,1.2008,1.1039,1.007,0.9099,0.8128,0.7156,0.6184,0.5213,0.4241
1.8826,1.8826,1.8826,1.8826,1.8826,1.8826,1.8826,1.8826,1.8826,1.8826,1.8826,1.8826,1.8826,1.8826,1.1589,1.8826,1.8826,1.8826,1.8826,1.8826,1.8826,1.8826,1.8826,1.8826,1.8826,1.8826
1.8801,1.8801,1.8801,1.8801,1.8801,1.8801,1.8801,1.8801,1.8801,1.8801,1.8446,1.0552,1.8801,1.8801,1.8801,1.8801,1.8801,1.8801,1.8801,1.8801,1.8801,1.8801,1.8801,1.8801,1.8801,1.8801
1.8777,1.8777,1.8777,1.8777,1.8777,1.8777,1.8777,1.8777,1.8777,1.8777,1.8777,1.8777,1.8777,0.7638,1.5051,1.3993,1.3043,1.209,1.1115,1.0139,0.9161,0.8183,0.7205,0.6227,0.5248,0.427
1.8752,1.8752,1.8752,1.8752,1.8752,1.8752,1.8752,1.8752,1.8752,1.8752,1.8752,1.8752,1.8752,1.2242,1.7233,1.8221,1.8752,1.8752,1.8752,1.8752,1.8752,1.8752,1.8752,1.8752,1.8752,1.8752
1.8728,1.8728,1.8728,1.8728,1.8728,1.8728,1.8728,1.8728,1.8728,1.8728,1.8728,1.1587,1.8728,1.8728,1.8728,1.8728,1.8728,1.8728,1.8728,1.7497,1.581,1.4122,1.2434,1.0746,0.9057,0.7369
1.8703,1.8703,1.8703,1.8703,1.8703,1.8703,1.8703,1.8703,1.8703,1.8703,1.8703,1.8703,1.8703,1.8703,1.109,1.8703,1.8703,1.8703,1.8703,1.8703,1.8703,1.8703,1.8703,1.8703,1.8703,1.8703
1.8679,1.8679,1.8679,1.8679,1.8679,1.8679,1.8679,1.8679,1.8679,1.8679,1.8679,1.6721,0.5337,1.8679,1.8679,1.8679,1.8679,1.8679,1.8679,1.8679,1.8679,1.8679,1.8679,1.8679,1.8679,1.8679
1.8655,1.8655,1.8655,1.8655,1.8655,1.8655,1.8655,1.8655,1.8655,1.8655,1.8655,1.8655,1.8655,1.4695,1.3674,1.2712,1.185,1.0984,1.0098,0.9211,0.8323,0.7434,0.6546,0.5657,0.4768,0.3879
1.863,1.863,1.863,1.863,1.863,1.863,1.863,1.863,1.863,1.863,1.863,1.863,1.863,0.5323,1.4585,1.863,1.863,1.863,1.863,1.863,1.863,1.863,1.863,1.863,1.863,1.863
1.8606,1.8606,1.8606,1.8606,1.8606,1.8606,1.8606,1.8606,1.8606,1.8606,1.7439,0.9976,1.8606,1.8606,1.8606,1.8606,1.8606,1.8606,1.8606,1.8606,1.8606,1.8606,1.8606,1.8606,1.8606,1.8606
1.8582,1.8582,1.8582,1.8582,1.8582,1.8582,1.8582,1.8582,1.8582,1.8582,1.8582,1.8582,1.8582,0.5309,1.5145,1.8435,1.7185,1.5929,1.4643,1.3358,1.207,1.0781,0.9493,0.8204,0.6915,0.5626
1.8558,1.8558,1.8558,1.8558,1.8558,1.8558,1.8558,1.8558,1.8558,1.8558,1.8558,1.8558,1.8558,1.5795,1.6819,1.7784,1.8558,1.8558,1.8558,1.8558,1.8558,1.8558,1.8558,1.8558,1.8558,1.8558
1.8534,1.8534,1.8534,1.8534,1.8534,1.8534,1.8534,1.8534,1.8534,1.8534,1.8534,1.6088,0.5295,1.8534,1.7534,1.63,1.5195,1.4084,1.2948,1.1811,1.0672,0.9533,0.8393,0.7254,0.6114,0.4974
1.851,1.851,1.851,1.851,1.851,1.851,1.851,1.851,1.851,1.851,1.851,1.851,1.851,1.851,1.1167,1.851,1.851,1.851,1.851,1.851,1.851,1.851,1.851,1.851,1.851,1.851
1.8486,1.8486,1.8486,1.8486,1.8486,1.8486,1.8486,1.8486,1.8486,1.8486,1.8486,1.2068,1.8486,1.8486,1.8486,1.8486,1.8486,1.8486,1.8486,1.8486,1.8486,1.8486,1.8486,1.8486,1.8486,1.8486
1.8462,1.8462,1.8462,1.8462,1.8462,1.8462,1.8462,1.8462,1.8462,1.8462,1.8462,1.8462,1.8462,1.4361,1.4205,1.3206,1.231,1.141,1.0489,0.9569,0.8646,0.7723,0.68,0.5877,0.4953,0.403
1.8439,1.8439,1.8439,1.8439,1.8439,1.8439,1.8439,1.8439,1.8439,1.8439,1.8439,1.8439,1.8439,0.7277,1.8439,1.8439,1.8439,1.8439,1.8439,1.8439,1.8439,1.8439,1.8439,1.8439,1.8439,1.8439
1.8415,1.8415,1.8415,1.8415,1.8415,1.8415,1.8415,1.8415,1.8415,1.8415,1.8415,1.0695,1.8415,1.8415,1.8415,1.8415,1.8415,1.8415,1.8415,1.8415,1.8415,1.8415,1.8415,1.7585,1.4822,1.2059
1.8391,1.8391,1.8391,1.8391,1.8391,1.8391,1.8391,1.8391,1.8391,1.8391,1.8391,1.8391,1.8391,0.5255,1.2134,1.8391,1.8391,1.8391,1.8391,1.8391,1.8391,1.8391,1.6634,1.4376,1.2117,0.9858
1.8368,1.8368,1.8368,1.8368,1.8368,1.8368,1.8368,1.8368,1.8368,1.8368,1.8368,1.8368,0.6336,1.7491,1.8368,1.8368,1.8368,1.8368,1.8368,1.8368,1.8368,1.8368,1.8368,1.8368,1.8368,1.8368
1.8344,1.8344,1.8344,1.8344,1.8344,1.8344,1.8344,1.8344,1.8344,1.8344,1.8344,1.8344,0.8144,1.5757,1.4663,1.3632,1.2707,1.1778,1.0828,0.9877,0.8925,0.7972,0.7019,0.6066,0.5113,0.416
1.8321,1.8321,1.8321,1.8321,1.8321,1.8321,1.8321,1.8321,1.8321,1.8321,1.8321,1.8321,1.8321,0.5235,1.2793,1.8321,1.8321,1.8321,1.8321,1.8321,1.8321,1.8321,1.8321,1.8321,1.8321,1.8321
1.8297,1.8297,1.8297,1.8297,1.8297,1.8297,1.8297,1.8297,1.8297,1.8297,1.8297,1.0492,1.8297,1.8297,1.8297,1.8297,1.8297,1.8297,1.8297,1.8297,1.8297,1.8297,1.8297,1.8297,1.8297,1.8297
1.8274,1.8274,1.8274,1.8274,1.8274,1.8274,1.8274,1.8274,1.8274,1.8274,1.8274,1.8274,1.8274,0.6285,1.6872,1.5685,1.4621,1.3553,1.2459,1.1366,1.027,0.9173,0.8077,0.698,0.5883,0.4787
1.8251,1.8251,1.8251,1.8251,1.8251,1.8251,1.8251,1.8251,1.8251,1.8251,1.8251,1.8251,1.8251,1.63,1.7357,1.8251,1.8251,1.8251,1.8251,1.8251,1.8251,1.8251,1.8251,1.8251,1.8251,1.8251
1.8228,1.8228,1.8228,1.8228,1.8228,1.8228,1.8228,1.8228,1.8228,1.8228,1.8228,1.3211,0.5208,1.8228,1.8228,1.8228,1.8228,1.789,1.6447,1.5004,1.3557,1.2109,1.0662,0.9214,0.7766,0.6319
1.8204,1.8204,1.8204,1.8204,1.8204,1.8204,1.8204,1.8204,1.8204,1.8204,1.8204,1.8204,1.8204,1.8204,1.1309,1.8204,1.8204,1.8204,1.8204,1.8204,1.8204,1.8204,1.8204,1.8204,1.8204,1.8204
1.8181,1.8181,1.8181,1.8181,1.8181,1.8181,1.8181,1.8181,1.8181,1.8181,1.8181,1.4804,0.5195,1.8181,1.8181,1.8181,1.8181,1.8181,1.8181,1.8181,1.8181,1.8181,1.8181,1.8181,1.8181,1.8181
1.8158,1.8158,1.8158,1.8158,1.8158,1.8158,1.8158,1.8158,1.8158,1.8158,1.8158,1.8158,1.8158,1.5169,1.4115,1.3123,1.2233,1.1338,1.0424,0.9509,0.8592,0.7675,0.6757,0.584,0.4922,0.4005
1.8135,1.8135,1.8135,1.8135,1.8135,1.8135,1.8135,1.8135,1.8135,1.8135,1.8135,1.8135,1.8135,0.5431,1.7332,1.8135,1.8135,1.8135,1.8135,1.8135,1.8135,1.8135,1.8135,1.8135,1.8135,1.8135
1.8112,1.8112,1.8112,1.8112,1.8112,1.8112,1.8112,1.8112,1.8112,1.8112,1.8112,1.0423,1.8112,1.8112,1.8112,1.8112,1.8112,1.8112,1.8112,1.8112,1.8112,1.8112,1.8112,1.8112,1.8112,1.8112
1.809,1.809,1.809,1.809,1.809,1.809,1.809,1.809,1.809,1.809,1.809,1.809,1.809,0.5168,1.4066,1.809,1.809,1.809,1.787,1.6301,1.4729,1.3157,1.1584,1.0011,0.8438,0.6865
1.8067,1.8067,1.8067,1.8067,1.8067,1.8067,1.8067,1.8067,1.8067,1.8067,1.8067,1.8067,1.312,1.6706,1.7789,1.8067,1.8067,1.8067,1.8067,1.8067,1.8067,1.8067,1.8067,1.8067,1.8067,1.8067
1.8044,1.8044,1.8044,1.8044,1.8044,1.8044,1.8044,1.8044,1.8044,1.8044,1.8044,1.8044,0.5155,1.7836,1.6597,1.543,1.4383,1.3332,1.2256,1.118,1.0102,0.9024,0.7945,0.6866,0.5787,0.4709
1.8021,1.8021,1.8021,1.8021,1.8021,1.8021,1.8021,1.8021,1.8021,1.8021,1.8021,1.8021,1.8021,0.5149,1.1959,1.8021,1.8021,1.8021,1.8021,1.8021,1.8021,1.8021,1.8021,1.8021,1.8021,1.8021
1.7999,1.7999,1.7999,1.7999,1.7999,1.7999,1.7999,1.7999,1.7999,1.7999,1.7999,1.1617,1.7999,1.7999,1.7999,1.7999,1.7999,1.7999,1.7999,1.7999,1.7999,1.7999,1.7999,1.7999,1.7999,1.7999
1.7976,1.7976,1.7976,1.7976,1.7976,1.7976,1.7976,1.7976,1.7976,1.7976,1.7976,1.7976,1.7976,0.9775,1.5412,1.4328,1.3356,1.238,1.1381,1.0382,0.9381,0.8379,0.7378,0.6376,0.5374,0.4372
1.7954,1.7954,1.7954,1.7954,1.7954,1.7954,1.7954,1.7954,1.7954,1.7954,1.7954,1.7954,1.7954,1.0145,1.7954,1.7954,1.7954,1.7954,1.7954,1.7954,1.7954,1.7954,1.7954,1.7954,1.7954,1.7954
1.7931,1.7931,1.7931,1.7931,1.7931,1.7931,1.7931,1.7931,1.7931,1.7931,1.7931,1.1764,1.7931,1.7931,1.7931,1.7931,1.7931,1.7931,1.7931,1.7931,1.7931,1.743,1.5346,1.3263,1.1179,0.9095
1.7909,1.7909,1.7909,1.7909,1.7909,1.7909,1.7909,1.7909,1.7909,1.7909,1.7909,1.7909,1.7909,0.5117,1.2028,1.7909,1.7909,1.7909,1.7909,1.7909,1.7909,1.7909,1.7909,1.7909,1.7909,1.4979
1.7886,1.7886,1.7886,1.7886,1.7886,1.7886,1.7886,1.7886,1.7886,1.7886,1.7886,1.7886,0.511,1.7886,1.7886,1.7886,1.7886,1.7886,1.7886,1.7886,1.7886,1.7886,1.7886,1.7886,1.7886,1.7886
1.7864,1.7864,1.7864,1.7864,1.7864,1.7864,1.7864,1.7864,1.7864,1.7864,1.7864,1.7864,1.4306,1.5828,1.4729,1.3693,1.2764,1.1831,1.0876,0.9922,0.8965,0.8008,0.7051,0.6093,0.5136,0.4179
1.7842,1.7842,1.7842,1.7842,1.7842,1.7842,1.7842,1.7842,1.7842,1.7842,1.7842,1.7842,1.7842,0.5098,1.4515,1.7842,1.7842,1.7842,1.7842,1.7842,1.7842,1.7842,1.7842,1.7842,1.7842,1.7842
1.782,1.782,1.782,1.782,1.782,1.782,1.782,1.782,1.782,1.782,1.782,1.0673,1.782,1.782,1.782,1.782,1.782,1.782,1.782,1.782,1.782,1.782,1.782,1.782,1.782,1.782
1.7798,1.7798,1.7798,1.7798,1.7798,1.7798,1.7798,1.7798,1.7798,1.7798,1.7798,1.7798,1.7798,0.5505,1.7568,1.7798,1.6892,1.5657,1.4394,1.3131,1.1864,1.0598,0.9331,0.8064,0.6797,0.553
1.7776,1.7776,1.7776,1.7776,1.7776,1.7776,1.7776,1.7776,1.7776,1.7776,1.7776,1.7776,1.7776,1.6788,1.7776,1.7776,1.7776,1.7776,1.7776,1.7776,1.7776,1.7776,1.7776,1.7776,1.7776,1.7776
1.7754,1.7754,1.7754,1.7754,1.7754,1.7754,1.7754,1.7754,1.7754,1.7754,1.7754,1.5582,0.5072,1.7754,1.7754,1.7754,1.7396,1.6124,1.4823,1.3522,1.2218,1.0914,0.9609,0.8304,0.7,0.5695
1.7732,1.7732,1.7732,1.7732,1.7732,1.7732,1.7732,1.7732,1.7732,1.7732,1.7732,1.7732,1.7732,0.5066,1.179,1.7732,1.7732,1.7732,1.7732,1.7732,1.7732,1.7732,1.7732,1.7732,1.7732,1.7732
1.771,1.771,1.771,1.771,1.771,1.771,1.771,1.771,1.771,1.771,1.771,1.3663,0.506,1.771,1.771,1.771,1.771,1.771,1.771,1.771,1.771,1.771,1.771,1.771,1.771,1.771
1.7688,1.7688,1.7688,1.7688,1.7688,1.7688,1.7688,1.7688,1.7688,1.7688,1.7688,1.7688,1.7688,1.6008,1.4896,1.3849,1.2909,1.1966,1.1,1.0035,0.9067,0.8099,0.7131,0.6163,0.5194,0.4226
1.7666,1.7666,1.7666,1.7666,1.7666,1.7666,1.7666,1.7666,1.7666,1.7666,1.7666,1.7666,1.7666,0.6761,1.7666,1.7666,1.7666,1.7666,1.7666,1.7666,1.7666,1.7666,1.7666,1.7666,1.7666,1.7666
1.7644,1.7644,1.7644,1.7644,1.7644,1.7644,1.7644,1.7644,1.7644,1.7644,1.7644,1.1137,1.7644,1.7644,1.7644,1.7644,1.7644,1.7644,1.7644,1.7644,1.7644,1.7644,1.7644,1.7644,1.7644,1.7011
1.7623,1.7623,1.7623,1.7623,1.7623,1.7623,1.7623,1.7623,1.7623,1.7623,1.7623,1.7623,1.7623,0.5035,1.3486,1.7623,1.7623,1.7623,1.7623,1.7623,1.7623,1.7002,1.497,1.2937,1.0904,0.8872
1.7601,1.7601,1.7601,1.7601,1.7601,1.7601,1.7601,1.7601,1.7601,1.7601,1.7601,1.7601,0.8342,1.7601,1.7601,1.7601,1.7601,1.7601,1.7601,1.7601,1.7601,1.7601,1.7601,1.7601,1.7601,1.7601
1.7579,1.7579,1.7579,1.7579,1.7579,1.7579,1.7579,1.7579,1.7579,1.7579,1.7579,1.7579,0.6997,1.7375,1.6168,1.5031,1.4011,1.2987,1.1939,1.0891,0.9841,0.879,0.774,0.6689,0.5638,0.4587
1.7558,1.7558,1.7558,1.7558,1.7558,1.7558,1.7558,1.7558,1.7558,1.7558,1.7558,1.7558,1.7558,0.5017,1.3117,1.7558,1.7558,1.7558,1.7558,1.7558,1.7558,1.7558,1.7558,1.7558,1.7558,1.7558
1.7536,1.7536,1.7536,1.7536,1.7536,1.7536,1.7536,1.7536,1.7536,1.7536,1.7536,1.1484,1.7536,1.7536,1.7536,1.7536,1.7536,1.7536,1.7536,1.7536,1.7536,1.7536,1.7536,1.7536,1.7536,1.7536
1.7515,1.7515,1.7515,1.7515,1.7515,1.7515,1.7515,1.7515,1.7515,1.7515,1.7515,1.7515,1.7515,0.7688,1.7148,1.5942,1.486,1.3774,1.2663,1.1551,1.0437,0.9323,0.8209,0.7094,0.598,0.4865
1.7494,1.7494,1.7494,1.7494,1.7494,1.7494,1.7494,1.7494,1.7494,1.7494,1.7494,1.7494,1.7494,1.6524,1.7494,1.7494,1.7494,1.7494,1.7494,1.7494,1.7494,1.7494,1.7494,1.7494,1.7494,1.7494
1.7472,1.7472,1.7472,1.7472,1.7472,1.7472,1.7472,1.7472,1.7472,1.7472,1.7472,1.3294,0.4992,1.7472,1.7472,1.7472,1.7472,1.7472,1.7472,1.7472,1.6215,1.4484,1.2753,1.1021,0.929,0.7558
1.7451,1.7451,1.7451,1.7451,1.7451,1.7451,1.7451,1.7451,1.7451,1.7451,1.7451,1.7451,1.7451,0.4986,1.2211,1.7451,1.7451,1.7451,1.7451,1.7451,1.7451,1.7451,1.7451,1.7451,1.7451,1.7451
1.743,1.743,1.743,1.743,1.743,1.743,1.743,1.743,1.743,1.743,1.743,1.74,0.498,1.743,1.743,1.743,1.743,1.743,1.743,1.743,1.743,1.743,1.743,1.743,1.743,1.743
1.7409,1.7409,1.7409,1.7409,1.7409,1.7409,1.7409,1.7409,1.7409,1.7409,1.7409,1.7409,1.7409,1.6272,1.5142,1.4077,1.3122,1.2163,1.1181,1.02,0.9216,0.8232,0.7248,0.6264,0.528,0.4296
1.7388,1.7388,1.7388,1.7388,1.7388,1.7388,1.7388,1.7388,1.7388,1.7388,1.7388,1.7388,1.7388,0.5331,1.7015,1.7388,1.7388,1.7388,1.7388,1.7388,1.7388,1.7388,1.7388,1.7388,1.7388,1.7388
1.7366,1.7366,1.7366,1.7366,1.7366,1.7366,1.7366,1.7366,1.7366,1.7366,1.7366,1.1109,1.7366,1.7366,1.7366,1.7366,1.7366,1.7366,1.7366,1.7366,1.7366,1.7366,1.7366,1.7366,1.7366,1.7366
1.7345,1.7345,1.7345,1.7345,1.7345,1.7345,1.7345,1.7345,1.7345,1.7345,1.7345,1.7345,1.7345,0.5047,1.6106,1.7345,1.7345,1.7345,1.7259,1.5744,1.4225,1.2707,1.1188,0.9669,0.815,0.6631
1.7324,1.7324,1.7324,1.7324,1.7324,1.7324,1.7324,1.7324,1.7324,1.7324,1.7324,1.7324,1.7324,1.7324,1.7324,1.7324,1.7324,1.7324,1.7324,1.7324,1.7324,1.7324,1.7324,1.7324,1.7324,1.7324
1.7304,1.7304,1.7304,1.7304,1.7304,1.7304,1.7304,1.7304,1.7304,1.7304,1.7304,1.7304,0.4944,1.7304,1.7304,1.7304,1.63,1.5109,1.389,1.2671,1.1449,1.0227,0.9004,0.7782,0.6559,0.5336
1.7283,1.7283,1.7283,1.7283,1.7283,1.7283,1.7283,1.7283,1.7283,1.7283,1.7283,1.7283,1.7283,0.4938,1.2576,1.7283,1.7283,1.7283,1.7283,1.7283,1.7283,1.7283,1.7283,1.7283,1.7283,1.7283
1.7262,1.7262,1.7262,1.7262,1.7262,1.7262,1.7262,1.7262,1.7262,1.7262,1.7262,1.3048,0.4932,1.7262,1.7262,1.7262,1.7262,1.7262,1.7262,1.7262,1.7262,1.7262,1.7262,1.7262,1.7262,1.7262
1.7241,1.7241,1.7241,1.7241,1.7241,1.7241,1.7241,1.7241,1.7241,1.7241,1.7241,1.7241,1.7241,1.3324,1.6091,1.496,1.3945,1.2926,1.1883,1.084,0.9794,0.8749,0.7703,0.6657,0.5611,0.4565
1.722,1.722,1.722,1.722,1.722,1.722,1.722,1.722,1.722,1.722,1.722,1.722,1.722,0.899,1.722,1.722,1.722,1.722,1.722,1.722,1.722,1.722,1.722,1.722,1.722,1.722
1.72,1.72,1.72,1.72,1.72,1.72,1.72,1.72,1.72,1.72,1.72,1.219,0.4914,1.72,1.72,1.72,1.72,1.72,1.72,1.72,1.72,1.72,1.72,1.7144,1.445,1.1757
1.7179,1.7179,1.7179,1.7179,1.7179,1.7179,1.7179,1.7179,1.7179,1.7179,1.7179,1.7179,1.7179,0.4908,1.3299,1.7179,1.7179,1.7179,1.7179,1.7179,1.7179,1.7179,1.7179,1.7179,1.5385,1.2517
1.7159,1.7159,1.7159,1.7159,1.7159,1.7159,1.7159,1.7159,1.7159,1.7159,1.7159,1.7159,0.6372,1.7159,1.7159,1.7159,1.7159,1.7159,1.7159,1.7159,1.7159,1.7159,1.7159,1.7159,1.7159,1.7159
1.7138,1.7138,1.7138,1.7138,1.7138,1.7138,1.7138,1.7138,1.7138,1.7138,1.7138,1.7138,1.0785,1.7138,1.6172,1.5035,1.4015,1.299,1.1942,1.0894,0.9843,0.8793,0.7742,0.669,0.5639,0.4588
1.7118,1.7118,1.7118,1.7118,1.7118,1.7118,1.7118,1.7118,1.7118,1.7118,1.7118,1.7118,1.7118,0.4891,1.4779,1.7118,1.7118,1.7118,1.7118,1.7118,1.7118,1.7118,1.7118,1.7118,1.7118,1.7118
1.7097,1.7097,1.7097,1.7097,1.7097,1.7097,1.7097,1.7097,1.7097,1.7097,1.7097,1.1642,1.7097,1.7097,1.7097,1.7097,1.7097,1.7097,1.7097,1.7097,1.7097,1.7097,1.7097,1.7097,1.7097,1.7097
1.7077,1.7077,1.7077,1.7077,1.7077,1.7077,1.7077,1.7077,1.7077,1.7077,1.7077,1.7077,1.7077,0.6566,1.7077,1.7077,1.702,1.5776,1.4503,1.3231,1.1955,1.0678,0.9402,0.8125,0.6849,0.5572
1.7057,1.7057,1.7057,1.7057,1.7057,1.7057,1.7057,1.7057,1.7057,1.7057,1.7057,1.7057,1.7057,1.7057,1.7057,1.7057,1.7057,1.7057,1.7057,1.7057,1.7057,1.7057,1.7057,1.7057,1.7057,1.7057
1.7036,1.7036,1.7036,1.7036,1.7036,1.7036,1.7036,1.7036,1.7036,1.7036,1.7036,1.5509,0.4867,1.7036,1.7036,1.7036,1.7036,1.7036,1.7036,1.5883,1.4351,1.2819,1.1286,0.9754,0.8222,0.6689
1.7016,1.7016,1.7016,1.7016,1.7016,1.7016,1.7016,1.7016,1.7016,1.7016,1.7016,1.7016,1.7016,0.4862,1.2695,1.7016,1.7016,1.7016,1.7016,1.7016,1.7016,1.7016,1.7016,1.7016,1.7016,1.7016
1.6996,1.6996,1.6996,1.6996,1.6996,1.6996,1.6996,1.6996,1.6996,1.6996,1.6996,1.5844,0.4856,1.6996,1.6996,1.6996,1.6996,1.6996,1.6996,1.6996,1.6996,1.6996,1.6996,1.6996,1.6996,1.6996
1.6976,1.6976,1.6976,1.6976,1.6976,1.6976,1.6976,1.6976,1.6976,1.6976,1.6976,1.6976,1.6976,1.6976,1.5938,1.4817,1.3812,1.2802,1.1769,1.0736,0.9701,0.8665,0.7629,0.6594,0.5558,0.4522
1.6956,1.6956,1.6956,1.6956,1.6956,1.6956,1.6956,1.6956,1.6956,1.6956,1.6956,1.6956,1.6956,0.6511,1.6956,1.6956,1.6956,1.6956,1.6956,1.6956,1.6956,1.6956,1.6956,1.6956,1.6956,1.6956
1.6936,1.6936,1.6936,1.6936,1.6936,1.6936,1.6936,1.6936,1.6936,1.6936,1.6936,1.1838,1.6936,1.6936,1.6936,1.6936,1.6936,1.6936,1.6936,1.6936,1.6936,1.6936,1.6936,1.6936,1.6936,1.6936
1.6916,1.6916,1.6916,1.6916,1.6916,1.6916,1.6916,1.6916,1.6916,1.6916,1.6916,1.6916,1.6916,0.4833,1.5325,1.6916,1.6916,1.6916,1.6916,1.6916,1.6916,1.5994,1.4082,1.217,1.0258,0.8346
1.6896,1.6896,1.6896,1.6896,1.6896,1.6896,1.6896,1.6896,1.6896,1.6896,1.6896,1.6896,1.1877,1.6896,1.6896,1.6896,1.6896,1.6896,1.6896,1.6896,1.6896,1.6896,1.6896,1.6896,1.6896,1.6896
1.6876,1.6876,1.6876,1.6876,1.6876,1.6876,1.6876,1.6876,1.6876,1.6876,1.6876,1.6876,0.6374,1.6876,1.6876,1.6876,1.5789,1.4635,1.3454,1.2273,1.109,0.9906,0.8722,0.7537,0.6353,0.5169
1.6856,1.6856,1.6856,1.6856,1.6856,1.6856,1.6856,1.6856,1.6856,1.6856,1.6856,1.6856,1.6856,0.4816,1.3749,1.6856,1.6856,1.6856,1.6856,1.6856,1.6856,1.6856,1.6856,1.6856,1.6856,1.6856
1.6836,1.6836,1.6836,1.6836,1.6836,1.6836,1.6836,1.6836,1.6836,1.6836,1.6836,1.2843,0.481,1.6836,1.6836,1.6836,1.6836,1.6836,1.6836,1.6836,1.6836,1.6836,1.6836,1.6836,1.6836,1.6836
1.6816,1.6816,1.6816,1.6816,1.6816,1.6816,1.6816,1.6816,1.6816,1.6816,1.6816,1.6816,1.6816,0.9817,1.6816,1.658,1.5455,1.4326,1.317,1.2014,1.0855,0.9697,0.8537,0.7378,0.6219,0.506
1.6797,1.6797,1.6797,1.6797,1.6797,1.6797,1.6797,1.6797,1.6797,1.6797,1.6797,1.6797,1.6797,1.3294,1.6797,1.6797,1.6797,1.6797,1.6797,1.6797,1.6797,1.6797,1.6797,1.6797,1.6797,1.6797
1.6777,1.6777,1.6777,1.6777,1.6777,1.6777,1.6777,1.6777,1.6777,1.6777,1.6777,1.3709,0.4793,1.6777,1.6777,1.6777,1.6777,1.6777,1.6777,1.6777,1.6777,1.6777,1.5813,1.3666,1.1519,0.9372
1.6757,1.6757,1.6757,1.6757,1.6757,1.6757,1.6757,1.6757,1.6757,1.6757,1.6757,1.6757,1.6757,0.4788,1.3471,1.6757,1.6757,1.6757,1.6757,1.6757,1.6757,1.6757,1.6757,1.6757,1.6757,1.6757
1.6738,1.6738,1.6738,1.6738,1.6738,1.6738,1.6738,1.6738,1.6738,1.6738,1.6738,1.6738,0.5362,1.6738,1.6738,1.6738,1.6738,1.6738,1.6738,1.6738,1.6738,1.6738,1.6738,1.6738,1.6738,1.6738
1.6718,1.6718,1.6718,1.6718,1.6718,1.6718,1.6718,1.6718,1.6718,1.6718,1.6718,1.6718,1.6718,1.6718,1.6597,1.543,1.4383,1.3332,1.2256,1.1181,1.0102,0.9024,0.7945,0.6866,0.5788,0.4709
1.6699,1.6699,1.6699,1.6699,1.6699,1.6699,1.6699,1.6699,1.6699,1.6699,1.6699,1.6699,1.6699,0.5384,1.6699,1.6699,1.6699,1.6699,1.6699,1.6699,1.6699,1.6699,1.6699,1.6699,1.6699,1.6699
1.6679,1.6679,1.6679,1.6679,1.6679,1.6679,1.6679,1.6679,1.6679,1.6679,1.6679,1.2101,0.4766,1.6679,1.6679,1.6679,1.6679,1.6679,1.6679,1.6679,1.6679,1.6679,1.6679,1.6679,1.6679,1.6679
1.666,1.666,1.666,1.666,1.666,1.666,1.666,1.666,1.666,1.666,1.666,1.666,1.666,0.5937,1.666,1.666,1.666,1.666,1.666,1.5691,1.4178,1.2664,1.115,0.9636,0.8122,0.6608
1.6641,1.6641,1.6641,1.6641,1.6641,1.6641,1.6641,1.6641,1.6641,1.6641,1.6641,1.6641,1.6641,1.6641,1.6641,1.6641,1.6641,1.6641,1.6641,1.6641,1.6641,1.6641,1.6641,1.6641,1.6641,1.6641
1.6621,1.6621,1.6621,1.6621,1.6621,1.6621,1.6621,1.6621,1.6621,1.6621,1.6621,1.6621,0.478,1.6621,1.6621,1.6621,1.6621,1.6621,1.6155,1.4737,1.3316,1.1894,1.0472,0.905,0.7628,0.6206
1.6602,1.6602,1.6602,1.6602,1.6602,1.6602,1.6602,1.6602,1.6602,1.6602,1.6602,1.6602,1.6602,0.4743,1.353,1.6602,1.6602,1.6602,1.6602,1.6602,1.6602,1.6602,1.6602,1.6602,1.6602,1.6602
1.6583,1.6583,1.6583,1.6583,1.6583,1.6583,1.6583,1.6583,1.6583,1.6583,1.6583,1.5026,0.4738,1.6583,1.6583,1.6583,1.6583,1.6583,1.6583,1.6583,1.6583,1.6583,1.6583,1.6583,1.6583,1.6583
1.6564,1.6564,1.6564,1.6564,1.6564,1.6564,1.6564,1.6564,1.6564,1.6564,1.6564,1.6564,1.6564,1.6564,1.6564,1.5991,1.4906,1.3816,1.2702,1.1587,1.0469,0.9352,0.8234,0.7116,0.5998,0.488
1.6545,1.6545,1.6545,1.6545,1.6545,1.6545,1.6545,1.6545,1.6545,1.6545,1.6545,1.6545,1.6545,0.8403,1.6545,1.6545,1.6545,1.6545,1.6545,1.6545,1.6545,1.6545,1.6545,1.6545,1.6545,1.6545
1.6526,1.6526,1.6526,1.6526,1.6526,1.6526,1.6526,1.6526,1.6526,1.6526,1.6526,1.2942,0.4722,1.6526,1.6526,1.6526,1.6526,1.6526,1.6526,1.6526,1.6526,1.6526,1.6526,1.6526,1.6526,1.6242
1.6507,1.6507,1.6507,1.6507,1.6507,1.6507,1.6507,1.6507,1.6507,1.6507,1.6507,1.6507,1.6507,0.4721,1.5067,1.6507,1.6507,1.6507,1.6507,1.6507,1.6507,1.6507,1.6507,1.6414,1.3835,1.1256
1.6488,1.6488,1.6488,1.6488,1.6488,1.6488,1.6488,1.6488,1.6488,1.6488,1.6488,1.6488,0.8362,1.6488,1.6488,1.6488,1.6488,1.6488,1.6488,1.6488,1.6488,1.6488,1.6488,1.6488,1.6488,1.6488
1.6469,1.6469,1.6469,1.6469,1.6469,1.6469,1.6469,1.6469,1.6469,1.6469,1.6469,1.6469,0.9135,1.6469,1.6469,1.6469,1.5766,1.4613,1.3434,1.2255,1.1073,0.9891,0.8709,0.7526,0.6344,0.5161
1.645,1.645,1.645,1.645,1.645,1.645,1.645,1.645,1.645,1.645,1.645,1.645,1.645,0.4842,1.5454,1.645,1.645,1.645,1.645,1.645,1.645,1.645,1.645,1.645,1.645,1.645
1.6431,1.6431,1.6431,1.6431,1.6431,1.6431,1.6431,1.6431,1.6431,1.6431,1.6431,1.301,0.4695,1.6431,1.6431,1.6431,1.6431,1.6431,1.6431,1.6431,1.6431,1.6431,1.6431,1.6431,1.6431,1.6431
1.6412,1.6412,1.6412,1.6412,1.6412,1.6412,1.6412,1.6412,1.6412,1.6412,1.6412,1.6412,1.6412,0.8124,1.6412,1.6412,1.6412,1.635,1.5031,1.3712,1.239,1.1067,0.9744,0.8421,0.7098,0.5775
1.6393,1.6393,1.6393,1.6393,1.6393,1.6393,1.6393,1.6393,1.6393,1.6393,1.6393,1.6393,1.6393,1.6393,1.6393,1.6393,1.6393,1.6393,1.6393,1.6393,1.6393,1.6393,1.6393,1.6393,1.6393,1.6393
1.6375,1.6375,1.6375,1.6375,1.6375,1.6375,1.6375,1.6375,1.6375,1.6375,1.6375,1.5911,0.4678,1.6375,1.6375,1.6375,1.6375,1.6375,1.6375,1.6375,1.6375,1.5564,1.3704,1.1843,0.9982,0.8122
1.6356,1.6356,1.6356,1.6356,1.6356,1.6356,1.6356,1.6356,1.6356,1.6356,1.6356,1.6356,1.6356,0.4673,1.4015,1.6356,1.6356,1.6356,1.6356,1.6356,1.6356,1.6356,1.6356,1.6356,1.6356,1.6356
1.6337,1.6337,1.6337,1.6337,1.6337,1.6337,1.6337,1.6337,1.6337,1.6337,1.6337,1.6337,0.4814,1.6337,1.6337,1.6337,1.6337,1.6337,1.6337,1.6337,1.6337,1.6337,1.6337,1.6337,1.6337,1.6337
1.6319,1.6319,1.6319,1.6319,1.6319,1.6319,1.6319,1.6319,1.6319,1.6319,1.6319,1.6319,1.6319,1.6319,1.6319,1.6259,1.5156,1.4048,1.2915,1.1782,1.0645,0.9509,0.8372,0.7235,0.6099,0.4962
1.63,1.63,1.63,1.63,1.63,1.63,1.63,1.63,1.63,1.63,1.63,1.63,1.63,0.6507,1.63,1.63,1.63,1.63,1.63,1.63,1.63,1.63,1.63,1.63,1.63,1.63
1.6282,1.6282,1.6282,1.6282,1.6282,1.6282,1.6282,1.6282,1.6282,1.6282,1.6282,1.2913,0.4652,1.6282,1.6282,1.6282,1.6282,1.6282,1.6282,1.6282,1.6282,1.6282,1.6282,1.6282,1.6282,1.6282
1.6263,1.6263,1.6263,1.6263,1.6263,1.6263,1.6263,1.6263,1.6263,1.6263,1.6263,1.6263,1.6263,0.5616,1.6263,1.6263,1.6263,1.6263,1.6263,1.6263,1.6263,1.5696,1.382,1.1944,1.0067,0.819
1.6245,1.6245,1.6245,1.6245,1.6245,1.6245,1.6245,1.6245,1.6245,1.6245,1.6245,1.6245,1.6245,1.6245,1.6245,1.6245,1.6245,1.6245,1.6245,1.6245,1.6245,1.6245,1.6245,1.6245,1.6245,1.6245
1.6226,1.6226,1.6226,1.6226,1.6226,1.6226,1.6226,1.6226,1.6226,1.6226,1.6226,1.6226,0.611,1.6226,1.6226,1.6226,1.6226,1.6226,1.5596,1.4228,1.2855,1.1483,1.011,0.8738,0.7365,0.5992
1.6208,1.6208,1.6208,1.6208,1.6208,1.6208,1.6208,1.6208,1.6208,1.6208,1.6208,1.6208,1.6208,0.4641,1.4813,1.6208,1.6208,1.6208,1.6208,1.6208,1.6208,1.6208,1.6208,1.6208,1.6208,1.6208
1.619,1.619,1.619,1.619,1.619,1.619,1.619,1.619,1.619,1.619,1.619,1.4772,0.4626,1.619,1.619,1.619,1.619,1.619,1.619,1.619,1.619,1.619,1.619,1.619,1.619,1.619
1.6171,1.6171,1.6171,1.6171,1.6171,1.6171,1.6171,1.6171,1.6171,1.6171,1.6171,1.6171,1.6171,1.3317,1.6171,1.6171,1.6171,1.533,1.4093,1.2856,1.1616,1.0376,0.9136,0.7895,0.6655,0.5414
1.6153,1.6153,1.6153,1.6153,1.6153,1.6153,1.6153,1.6153,1.6153,1.6153,1.6153,1.6153,1.6153,1.1763,1.6153,1.6153,1.6153,1.6153,1.6153,1.6153,1.6153,1.6153,1.6153,1.6153,1.6153,1.6153
1.6135,1.6135,1.6135,1.6135,1.6135,1.6135,1.6135,1.6135,1.6135,1.6135,1.6135,1.4563,0.461,1.6135,1.6135,1.6135,1.6135,1.6135,1.6135,1.6135,1.6135,1.6135,1.6135,1.6135,1.5001,1.2205
1.6117,1.6117,1.6117,1.6117,1.6117,1.6117,1.6117,1.6117,1.6117,1.6117,1.6117,1.6117,1.6117,0.4789,1.5284,1.6117,1.6117,1.6117,1.6117,1.6117,1.6117,1.6117,1.6117,1.6117,1.6117,1.6117
1.6099,1.6099,1.6099,1.6099,1.6099,1.6099,1.6099,1.6099,1.6099,1.6099,1.6099,1.6099,0.6788,1.6099,1.6099,1.6099,1.6099,1.6099,1.6099,1.6099,1.6099,1.6099,1.6099,1.6099,1.6099,1.6099
1.6081,1.6081,1.6081,1.6081,1.6081,1.6081,1.6081,1.6081,1.6081,1.6081,1.6081,1.6081,1.5509,1.6081,1.6081,1.6081,1.6081,1.5035,1.3822,1.2609,1.1393,1.0177,0.896,0.7744,0.6527,0.531
1.6063,1.6063,1.6063,1.6063,1.6063,1.6063,1.6063,1.6063,1.6063,1.6063,1.6063,1.6063,1.6063,0.5622,1.6063,1.6063,1.6063,1.6063,1.6063,1.6063,1.6063,1.6063,1.6063,1.6063,1.6063,1.6063
1.6045,1.6045,1.6045,1.6045,1.6045,1.6045,1.6045,1.6045,1.6045,1.6045,1.6045,1.3568,0.4584,1.6045,1.6045,1.6045,1.6045,1.6045,1.6045,1.6045,1.6045,1.6045,1.6045,1.6045,1.6045,1.6045
1.6027,1.6027,1.6027,1.6027,1.6027,1.6027,1.6027,1.6027,1.6027,1.6027,1.6027,1.6027,1.6027,0.7243,1.6027,1.6027,1.6027,1.6027,1.6027,1.6027,1.4645,1.3082,1.1518,0.9954,0.839,0.6826
1.6009,1.6009,1.6009,1.6009,1.6009,1.6009,1.6009,1.6009,1.6009,1.6009,1.6009,1.6009,1.6009,1.6009,1.6009,1.6009,1.6009,1.6009,1.6009,1.6009,1.6009,1.6009,1.6009,1.6009,1.6009,1.6009
1.5991,1.5991,1.5991,1.5991,1.5991,1.5991,1.5991,1.5991,1.5991,1.5991,1.5991,1.5991,0.4875,1.5991,1.5991,1.5991,1.5991,1.5991,1.5991,1.5991,1.5991,1.4321,1.2609,1.0897,0.9185,0.7473
1.5973,1.5973,1.5973,1.5973,1.5973,1.5973,1.5973,1.5973,1.5973,1.5973,1.5973,1.5973,1.5973,0.47,1.5,1.5973,1.5973,1.5973,1.5973,1.5973,1.5973,1.5973,1.5973,1.5973,1.5973,1.5973
1.5955,1.5955,1.5955,1.5955,1.5955,1.5955,1.5955,1.5955,1.5955,1.5955,1.5955,1.5955,0.4559,1.5955,1.5955,1.5955,1.5955,1.5955,1.5955,1.5955,1.5955,1.5955,1.5955,1.5955,1.5955,1.5955
1.5938,1.5938,1.5938,1.5938,1.5938,1.5938,1.5938,1.5938,1.5938,1.5938,1.5938,1.5938,1.5938,1.5938,1.5938,1.5938,1.5938,1.5232,1.4003,1.2774,1.1542,1.031,0.9077,0.7845,0.6612,0.538
1.592,1.592,1.592,1.592,1.592,1.592,1.592,1.592,1.592,1.592,1.592,1.592,1.592,0.8267,1.592,1.592,1.592,1.592,1.592,1.592,1.592,1.592,1.592,1.592,1.592,1.592
1.5902,1.5902,1.5902,1.5902,1.5902,1.5902,1.5902,1.5902,1.5902,1.5902,1.5902,1.4185,0.4544,1.5902,1.5902,1.5902,1.5902,1.5902,1.5902,1.5902,1.5902,1.5902,1.5902,1.5902,1.5902,1.5902
1.5885,1.5885,1.5885,1.5885,1.5885,1.5885,1.5885,1.5885,1.5885,1.5885,1.5885,1.5885,1.5885,0.5528,1.5885,1.5885,1.5885,1.5885,1.5885,1.5885,1.5885,1.5885,1.5885,1.5715,1.3246,1.0777
1.5867,1.5867,1.5867,1.5867,1.5867,1.5867,1.5867,1.5867,1.5867,1.5867,1.5867,1.5867,1.1816,1.5867,1.5867,1.5867,1.5867,1.5867,1.5867,1.5867,1.5867,1.5867,1.5867,1.5867,1.5867,1.5867
1.585,1.585,1.585,1.585,1.585,1.585,1.585,1.585,1.585,1.585,1.585,1.585,0.8412,1.585,1.585,1.585,1.585,1.585,1.5622,1.4251,1.2876,1.1502,1.0127,0.8752,0.7377,0.6002
1.5832,1.5832,1.5832,1.5832,1.5832,1.5832,1.5832,1.5832,1.5832,1.5832,1.5832,1.5832,1.5832,0.524,1.5832,1.5832,1.5832,1.5832,1.5832,1.5832,1.5832,1.5832,1.5832,1.5832,1.5832,1.5832
1.5815,1.5815,1.5815,1.5815,1.5815,1.5815,1.5815,1.5815,1.5815,1.5815,1.5815,1.5033,0.4518,1.5815,1.5815,1.5815,1.5815,1.5815,1.5815,1.5815,1.5815,1.5815,1.5815,1.5815,1.5815,1.5815
1.5797,1.5797,1.5797,1.5797,1.5797,1.5797,1.5797,1.5797,1.5797,1.5797,1.5797,1.5797,1.5797,1.0573,1.5797,1.5797,1.5797,1.5797,1.5797,1.4731,1.331,1.1889,1.0468,0.9047,0.7625,0.6204
1.578,1.578,1.578,1.578,1.578,1.578,1.578,1.578,1.578,1.578,1.578,1.578,1.578,1.578,1.578,1.578,1.578,1.578,1.578,1.578,1.578,1.578,1.578,1.578,1.578,1.578
1.5763,1.5763,1.5763,1.5763,1.5763,1.5763,1.5763,1.5763,1.5763,1.5763,1.5763,1.5763,0.4504,1.5763,1.5763,1.5763,1.5763,1.5763,1.5763,1.5763,1.5763,1.5763,1.5763,1.5055,1.2689,1.0324
1.5745,1.5745,1.5745,1.5745,1.5745,1.5745,1.5745,1.5745,1.5745,1.5745,1.5745,1.5745,1.5745,0.5017,1.5745,1.5745,1.5745,1.5745,1.5745,1.5745,1.5745,1.5745,1.5745,1.5745,1.5745,1.5745
1.5728,1.5728,1.5728,1.5728,1.5728,1.5728,1.5728,1.5728,1.5728,1.5728,1.5728,1.5728,0.6012,1.5728,1.5728,1.5728,1.5728,1.5728,1.5728,1.5728,1.5728,1.5728,1.5728,1.5728,1.5728,1.5728
1.5711,1.5711,1.5711,1.5711,1.5711,1.5711,1.5711,1.5711,1.5711,1.5711,1.5711,1.5711,1.5711,1.5711,1.5711,1.5711,1.5711,1.5711,1.4678,1.339,1.2099,1.0807,0.9515,0.8223,0.6931,0.5639
1.5693,1.5693,1.5693,1.5693,1.5693,1.5693,1.5693,1.5693,1.5693,1.5693,1.5693,1.5693,1.5693,0.6791,1.5693,1.5693,1.5693,1.5693,1.5693,1.5693,1.5693,1.5693,1.5693,1.5693,1.5693,1.5693
1.5676,1.5676,1.5676,1.5676,1.5676,1.5676,1.5676,1.5676,1.5676,1.5676,1.5676,1.4601,0.4479,1.5676,1.5676,1.5676,1.5676,1.5676,1.5676,1.5676,1.5676,1.5676,1.5676,1.5676,1.5676,1.5676
1.5659,1.5659,1.5659,1.5659,1.5659,1.5659,1.5659,1.5659,1.5659,1.5659,1.5659,1.5659,1.5659,0.684,1.5659,1.5659,1.5659,1.5659,1.5659,1.5659,1.5659,1.5659,1.4228,1.2296,1.0364,0.8432
1.5642,1.5642,1.5642,1.5642,1.5642,1.5642,1.5642,1.5642,1.5642,1.5642,1.5642,1.5642,1.5642,1.5642,1.5642,1.5642,1.5642,1.5642,1.5642,1.5642,1.5642,1.5642,1.5642,1.5642,1.5642,1.5642
1.5625,1.5625,1.5625,1.5625,1.5625,1.5625,1.5625,1.5625,1.5625,1.5625,1.5625,1.5625,0.6182,1.5625,1.5625,1.5625,1.5625,1.5625,1.5625,1.5625,1.5511,1.3855,1.2199,1.0542,0.8886,0.723
1.5608,1.5608,1.5608,1.5608,1.5608,1.5608,1.5608,1.5608,1.5608,1.5608,1.5608,1.5608,1.5608,0.5194,1.5608,1.5608,1.5608,1.5608,1.5608,1.5608,1.5608,1.5608,1.5608,1.5608,1.5608,1.5608
1.5591,1.5591,1.5591,1.5591,1.5591,1.5591,1.5591,1.5591,1.5591,1.5591,1.5591,1.5591,0.4491,1.5591,1.5591,1.5591,1.5591,1.5591,1.5591,1.5591,1.5591,1.5591,1.5591,1.5591,1.5591,1.5591
1.5574,1.5574,1.5574,1.5574,1.5574,1.5574,1.5574,1.5574,1.5574,1.5574,1.5574,1.5574,1.5574,1.5574,1.5574,1.5574,1.5574,1.5574,1.5574,1.4311,1.2931,1.155,1.017,0.8789,0.7408,0.6027
1.5557,1.5557,1.5557,1.5557,1.5557,1.5557,1.5557,1.5557,1.5557,1.5557,1.5557,1.5557,1.5557,1.1266,1.5557,1.5557,1.5557,1.5557,1.5557,1.5557,1.5557,1.5557,1.5557,1.5557,1.5557,1.5557
1.554,1.554,1.554,1.554,1.554,1.554,1.554,1.554,1.554,1.554,1.554,1.554,0.444,1.554,1.554,1.554,1.554,1.554,1.554,1.554,1.554,1.554,1.554,1.554,1.554,1.554
1.5524,1.5524,1.5524,1.5524,1.5524,1.5524,1.5524,1.5524,1.5524,1.5524,1.5524,1.5524,1.5524,0.566,1.5524,1.5524,1.5524,1.5524,1.5524,1.5524,1.5524,1.5524,1.5524,1.5524,1.5524,1.5496
1.5507,1.5507,1.5507,1.5507,1.5507,1.5507,1.5507,1.5507,1.5507,1.5507,1.5507,1.5507,0.914,1.5507,1.5507,1.5507,1.5507,1.5507,1.5507,1.5507,1.5507,1.5507,1.5507,1.5507,1.5507,1.5507
1.549,1.549,1.549,1.549,1.549,1.549,1.549,1.549,1.549,1.549,1.549,1.549,1.3062,1.549,1.549,1.549,1.549,1.549,1.549,1.4821,1.3392,1.1962,1.0532,0.9102,0.7672,0.6242
1.5473,1.5473,1.5473,1.5473,1.5473,1.5473,1.5473,1.5473,1.5473,1.5473,1.5473,1.5473,1.5473,0.6139,1.5473,1.5473,1.5473,1.5473,1.5473,1.5473,1.5473,1.5473,1.5473,1.5473,1.5473,1.5473
1.5457,1.5457,1.5457,1.5457,1.5457,1.5457,1.5457,1.5457,1.5457,1.5457,1.5457,1.5457,0.4416,1.5457,1.5457,1.5457,1.5457,1.5457,1.5457,1.5457,1.5457,1.5457,1.5457,1.5457,1.5457,1.5457
1.544,1.544,1.544,1.544,1.544,1.544,1.544,1.544,1.544,1.544,1.544,1.544,1.544,0.9312,1.544,1.544,1.544,1.544,1.544,1.544,1.544,1.417,1.2477,1.0782,0.9088,0.7394
1.5423,1.5423,1.5423,1.5423,1.5423,1.5423,1.5423,1.5423,1.5423,1.5423,1.5423,1.5423,1.5423,1.5423,1.5423,1.5423,1.5423,1.5423,1.5423,1.5423,1.5423,1.5423,1.5423,1.5423,1.5423,1.5423
1.5407,1.5407,1.5407,1.5407,1.5407,1.5407,1.5407,1.5407,1.5407,1.5407,1.5407,1.5407,0.5231,1.5407,1.5407,1.5407,1.5407,1.5407,1.5407,1.5407,1.5407,1.5407,1.5407,1.3805,1.1636,0.9467
1.539,1.539,1.539,1.539,1.539,1.539,1.539,1.539,1.539,1.539,1.539,1.539,1.539,0.5448,1.539,1.539,1.539,1.539,1.539,1.539,1.539,1.539,1.539,1.539,1.539,1.539
1.5374,1.5374,1.5374,1.5374,1.5374,1.5374,1.5374,1.5374,1.5374,1.5374,1.5374,1.5374,0.5693,1.5374,1.5374,1.5374,1.5374,1.5374,1.5374,1.5374,1.5374,1.5374,1.5374,1.5374,1.5374,1.5374
1.5357,1.5357,1.5357,1.5357,1.5357,1.5357,1.5357,1.5357,1.5357,1.5357,1.5357,1.5357,1.5357,1.5357,1.5357,1.5357,1.5357,1.5357,1.5357,1.4743,1.3321,1.1899,1.0477,0.9054,0.7632,0.6209
1.5341,1.5341,1.5341,1.5341,1.5341,1.5341,1.5341,1.5341,1.5341,1.5341,1.5341,1.5341,1.5341,0.8639,1.5341,1.5341,1.5341,1.5341,1.5341,1.5341,1.5341,1.5341,1.5341,1.5341,1.5341,1.5341
1.5324,1.5324,1.5324,1.5324,1.5324,1.5324,1.5324,1.5324,1.5324,1.5324,1.5324,1.5324,0.4378,1.5324,1.5324,1.5324,1.5324,1.5324,1.5324,1.5324,1.5324,1.5324,1.5324,1.5324,1.5324,1.5324
1.5308,1.5308,1.5308,1.5308,1.5308,1.5308,1.5308,1.5308,1.5308,1.5308,1.5308,1.5308,1.5308,0.6806,1.5308,1.5308,1.5308,1.5308,1.5308,1.5308,1.5308,1.5308,1.5308,1.5308,1.358,1.1049
1.5292,1.5292,1.5292,1.5292,1.5292,1.5292,1.5292,1.5292,1.5292,1.5292,1.5292,1.5292,1.5292,1.5292,1.5292,1.5292,1.5292,1.5292,1.5292,1.5292,1.5292,1.5292,1.5292,1.5292,1.5292,1.5292
1.5275,1.5275,1.5275,1.5275,1.5275,1.5275,1.5275,1.5275,1.5275,1.5275,1.5275,1.5275,0.8402,1.5275,1.5275,1.5275,1.5275,1.5275,1.5275,1.5275,1.5275,1.407,1.2388,1.0706,0.9024,0.7342
1.5259,1.5259,1.5259,1.5259,1.5259,1.5259,1.5259,1.5259,1.5259,1.5259,1.5259,1.5259,1.5259,0.5968,1.5259,1.5259,1.5259,1.5259,1.5259,1.5259,1.5259,1.5259,1.5259,1.5259,1.5259,1.5259
1.5243,1.5243,1.5243,1.5243,1.5243,1.5243,1.5243,1.5243,1.5243,1.5243,1.5243,1.5243,0.4646,1.5243,1.5243,1.5243,1.5243,1.5243,1.5243,1.5243,1.5243,1.5243,1.5243,1.5243,1.5243,1.5243
1.5227,1.5227,1.5227,1.5227,1.5227,1.5227,1.5227,1.5227,1.5227,1.5227,1.5227,1.5227,1.5227,1.4864,1.5227,1.5227,1.5227,1.5227,1.5227,1.5227,1.5083,1.3473,1.1862,1.0251,0.8641,0.703
1.5211,1.5211,1.5211,1.5211,1.5211,1.5211,1.5211,1.5211,1.5211,1.5211,1.5211,1.5211,1.5211,1.5211,1.5211,1.5211,1.5211,1.5211,1.5211,1.5211,1.5211,1.5211,1.5211,1.5211,1.5211,1.5211
1.5194,1.5194,1.5194,1.5194,1.5194,1.5194,1.5194,1.5194,1.5194,1.5194,1.5194,1.5194,0.4852,1.5194,1.5194,1.5194,1.5194,1.5194,1.5194,1.5194,1.5194,1.5194,1.5194,1.5194,1.5194,1.4078
1.5178,1.5178,1.5178,1.5178,1.5178,1.5178,1.5178,1.5178,1.5178,1.5178,1.5178,1.5178,1.5178,0.6051,1.5178,1.5178,1.5178,1.5178,1.5178,1.5178,1.5178,1.5178,1.5178,1.5178,1.5178,1.5178
1.5162,1.5162,1.5162,1.5162,1.5162,1.5162,1.5162,1.5162,1.5162,1.5162,1.5162,1.5162,0.8025,1.5162,1.5162,1.5162,1.5162,1.5162,1.5162,1.5162,1.5162,1.5162,1.5162,1.5162,1.5162,1.5162
1.5146,1.5146,1.5146,1.5146,1.5146,1.5146,1.5146,1.5146,1.5146,1.5146,1.5146,1.5146,1.5146,1.5146,1.5146,1.5146,1.5146,1.5146,1.5146,1.5146,1.454,1.2988,1.1435,0.9883,0.833,0.6777
1.513,1.513,1.513,1.513,1.513,1.513,1.513,1.513,1.513,1.513,1.513,1.513,1.513,0.7545,1.513,1.513,1.513,1.513,1.513,1.513,1.513,1.513,1.513,1.513,1.513,1.513
1.5114,1.5114,1.5114,1.5114,1.5114,1.5114,1.5114,1.5114,1.5114,1.5114,1.5114,1.5114,0.4443,1.5114,1.5114,1.5114,1.5114,1.5114,1.5114,1.5114,1.5114,1.5114,1.5114,1.5114,1.5114,1.5114
1.5098,1.5098,1.5098,1.5098,1.5098,1.5098,1.5098,1.5098,1.5098,1.5098,1.5098,1.5098,1.5098,0.8884,1.5098,1.5098,1.5098,1.5098,1.5098,1.5098,1.5098,1.5098,1.5098,1.3535,1.1408,0.9282
1.5083,1.5083,1.5083,1.5083,1.5083,1.5083,1.5083,1.5083,1.5083,1.5083,1.5083,1.5083,1.5083,1.5083,1.5083,1.5083,1.5083,1.5083,1.5083,1.5083,1.5083,1.5083,1.5083,1.5083,1.5083,1.5083
1.5067,1.5067,1.5067,1.5067,1.5067,1.5067,1.5067,1.5067,1.5067,1.5067,1.5067,1.5067,0.6726,1.5067,1.5067,1.5067,1.5067,1.5067,1.5067,1.5067,1.5067,1.5067,1.5067,1.3571,1.1439,0.9306
1.5051,1.5051,1.5051,1.5051,1.5051,1.5051,1.5051,1.5051,1.5051,1.5051,1.5051,1.5051,1.5051,0.6186,1.5051,1.5051,1.5051,1.5051,1.5051,1.5051,1.5051,1.5051,1.5051,1.5051,1.5051,1.5051
1.5035,1.5035,1.5035,1.5035,1.5035,1.5035,1.5035,1.5035,1.5035,1.5035,1.5035,1.5035,0.5741,1.5035,1.5035,1.5035,1.5035,1.5035,1.5035,1.5035,1.5035,1.5035,1.5035,1.5035,1.5035,1.5035
1.5019,1.5019,1.5019,1.5019,1.5019,1.5019,1.5019,1.5019,1.5019,1.5019,1.5019,1.5019,1.5019,1.5019,1.5019,1.5019,1.5019,1.5019,1.5019,1.5019,1.5019,1.3715,1.2075,1.0436,0.8796,0.7157
1.5004,1.5004,1.5004,1.5004,1.5004,1.5004,1.5004,1.5004,1.5004,1.5004,1.5004,1.5004,1.5004,1.182,1.5004,1.5004,1.5004,1.5004,1.5004,1.5004,1.5004,1.5004,1.5004,1.5004,1.5004,1.5004
1.4988,1.4988,1.4988,1.4988,1.4988,1.4988,1.4988,1.4988,1.4988,1.4988,1.4988,1.4988,0.4847,1.4988,1.4988,1.4988,1.4988,1.4988,1.4988,1.4988,1.4988,1.4988,1.4988,1.4988,1.4988,1.4988
1.4972,1.4972,1.4972,1.4972,1.4972,1.4972,1.4972,1.4972,1.4972,1.4972,1.4972,1.4972,1.4972,0.7166,1.4972,1.4972,1.4972,1.4972,1.4972,1.4972,1.4972,1.4972,1.4972,1.4972,1.4972,1.4972
1.4957,1.4957,1.4957,1.4957,1.4957,1.4957,1.4957,1.4957,1.4957,1.4957,1.4957,1.4957,1.361,1.4957,1.4957,1.4957,1.4957,1.4957,1.4957,1.4957,1.4957,1.4957,1.4957,1.4957,1.4957,1.4957
1.4941,1.4941,1.4941,1.4941,1.4941,1.4941,1.4941,1.4941,1.4941,1.4941,1.4941,1.4941,1.2695,1.4941,1.4941,1.4941,1.4941,1.4941,1.4941,1.4941,1.4941,1.4941,1.3292,1.1487,0.9682,0.7877
1.4926,1.4926,1.4926,1.4926,1.4926,1.4926,1.4926,1.4926,1.4926,1.4926,1.4926,1.4926,1.4926,0.722,1.4926,1.4926,1.4926,1.4926,1.4926,1.4926,1.4926,1.4926,1.4926,1.4926,1.4926,1.4926
1.491,1.491,1.491,1.491,1.491,1.491,1.491,1.491,1.491,1.491,1.491,1.491,0.5074,1.491,1.491,1.491,1.491,1.491,1.491,1.491,1.491,1.491,1.491,1.491,1.491,1.491
1.4895,1.4895,1.4895,1.4895,1.4895,1.4895,1.4895,1.4895,1.4895,1.4895,1.4895,1.4895,1.4895,1.3082,1.4895,1.4895,1.4895,1.4895,1.4895,1.4895,1.4895,1.4895,1.4614,1.263,1.0645,0.8661
1.4879,1.4879,1.4879,1.4879,1.4879,1.4879,1.4879,1.4879,1.4879,1.4879,1.4879,1.4879,1.4879,1.4879,1.4879,1.4879,1.4879,1.4879,1.4879,1.4879,1.4879,1.4879,1.4879,1.4879,1.4879,1.4879
1.4864,1.4864,1.4864,1.4864,1.4864,1.4864,1.4864,1.4864,1.4864,1.4864,1.4864,1.4864,0.6097,1.4864,1.4864,1.4864,1.4864,1.4864,1.4864,1.4864,1.4864,1.4864,1.4864,1.4864,1.4864,1.309
1.4848,1.4848,1.4848,1.4848,1.4848,1.4848,1.4848,1.4848,1.4848,1.4848,1.4848,1.4848,1.4848,0.6838,1.4848,1.4848,1.4848,1.4848,1.4848,1.4848,1.4848,1.4848,1.4848,1.4848,1.4848,1.4848
1.4833,1.4833,1.4833,1.4833,1.4833,1.4833,1.4833,1.4833,1.4833,1.4833,1.4833,1.4833,0.7785,1.4833,1.4833,1.4833,1.4833,1.4833,1.4833,1.4833,1.4833,1.4833,1.4833,1.4833,1.4833,1.4833
1.4818,1.4818,1.4818,1.4818,1.4818,1.4818,1.4818,1.4818,1.4818,1.4818,1.4818,1.4818,1.4818,1.4818,1.4818,1.4818,1.4818,1.4818,1.4818,1.4818,1.4818,1.4818,1.314,1.1356,0.9572,0.7787
1.4802,1.4802,1.4802,1.4802,1.4802,1.4802,1.4802,1.4802,1.4802,1.4802,1.4802,1.4802,1.4802,0.9927,1.4802,1.4802,1.4802,1.4802,1.4802,1.4802,1.4802,1.4802,1.4802,1.4802,1.4802,1.4802
1.4787,1.4787,1.4787,1.4787,1.4787,1.4787,1.4787,1.4787,1.4787,1.4787,1.4787,1.4787,0.5191,1.4787,1.4787,1.4787,1.4787,1.4787,1.4787,1.4787,1.4787,1.4787,1.4787,1.4787,1.4787,1.4787
1.4772,1.4772,1.4772,1.4772,1.4772,1.4772,1.4772,1.4772,1.4772,1.4772,1.4772,1.4772,1.4772,0.9188,1.4772,1.4772,1.4772,1.4772,1.4772,1.4772,1.4772,1.4772,1.4772,1.4772,1.4772,1.2559
1.4757,1.4757,1.4757,1.4757,1.4757,1.4757,1.4757,1.4757,1.4757,1.4757,1.4757,1.4757,1.4757,1.4757,1.4757,1.4757,1.4757,1.4757,1.4757,1.4757,1.4757,1.4757,1.4757,1.4757,1.4757,1.4757
1.4741,1.4741,1.4741,1.4741,1.4741,1.4741,1.4741,1.4741,1.4741,1.4741,1.4741,1.4741,0.9407,1.4741,1.4741,1.4741,1.4741,1.4741,1.4741,1.4741,1.4741,1.4741,1.4741,1.4406,1.2142,0.9879
1.4726,1.4726,1.4726,1.4726,1.4726,1.4726,1.4726,1.4726,1.4726,1.4726,1.4726,1.4726,1.4726,0.7482,1.4726,1.4726,1.4726,1.4726,1.4726,1.4726,1.4726,1.4726,1.4726,1.4726,1.4726,1.4726
1.4711,1.4711,1.4711,1.4711,1.4711,1.4711,1.4711,1.4711,1.4711,1.4711,1.4711,1.4711,0.6241,1.4711,1.4711,1.4711,1.4711,1.4711,1.4711,1.4711,1.4711,1.4711,1.4711,1.4711,1.4711,1.4711
1.4696,1.4696,1.4696,1.4696,1.4696,1.4696,1.4696,1.4696,1.4696,1.4696,1.4696,1.4696,1.4696,1.4696,1.4696,1.4696,1.4696,1.4696,1.4696,1.4696,1.4696,1.4696,1.4696,1.2855,1.0835,0.8815
1.4681,1.4681,1.4681,1.4681,1.4681,1.4681,1.4681,1.4681,1.4681,1.4681,1.4681,1.4681,1.4681,1.4681,1.4681,1.4681,1.4681,1.4681,1.4681,1.4681,1.4681,1.4681,1.4681,1.4681,1.4681,1.4681
1.4666,1.4666,1.4666,1.4666,1.4666,1.4666,1.4666,1.4666,1.4666,1.4666,1.4666,1.4666,0.6086,1.4666,1.4666,1.4666,1.4666,1.4666,1.4666,1.4666,1.4666,1.4666,1.4666,1.4666,1.4666,1.4666
1.4651,1.4651,1.4651,1.4651,1.4651,1.4651,1.4651,1.4651,1.4651,1.4651,1.4651,1.4651,1.4651,0.8135,1.4651,1.4651,1.4651,1.4651,1.4651,1.4651,1.4651,1.4651,1.4651,1.4651,1.4651,1.4651
1.4636,1.4636,1.4636,1.4636,1.4636,1.4636,1.4636,1.4636,1.4636,1.4636,1.4636,1.4636,1.2169,1.4636,1.4636,1.4636,1.4636,1.4636,1.4636,1.4636,1.4636,1.4636,1.4636,1.4636,1.4636,1.4636
1.4621,1.4621,1.4621,1.4621,1.4621,1.4621,1.4621,1.4621,1.4621,1.4621,1.4621,1.4621,1.4621,1.4621,1.4621,1.4621,1.4621,1.4621,1.4621,1.4621,1.4621,1.4621,1.4621,1.3312,1.1221,0.9129
1.4606,1.4606,1.4606,1.4606,1.4606,1.4606,1.4606,1.4606,1.4606,1.4606,1.4606,1.4606,1.4606,0.9463,1.4606,1.4606,1.4606,1.4606,1.4606,1.4606,1.4606,1.4606,1.4606,1.4606,1.4606,1.4606
1.4591,1.4591,1.4591,1.4591,1.4591,1.4591,1.4591,1.4591,1.4591,1.4591,1.4591,1.4591,0.6002,1.4591,1.4591,1.4591,1.4591,1.4591,1.4591,1.4591,1.4591,1.4591,1.4591,1.4591,1.4591,1.4591
1.4577,1.4577,1.4577,1.4577,1.4577,1.4577,1.4577,1.4577,1.4577,1.4577,1.4577,1.4577,1.4577,1.3164,1.4577,1.4577,1.4577,1.4577,1.4577,1.4577,1.4577,1.4577,1.4577,1.4577,1.4296,1.1631
1.4562,1.4562,1.4562,1.4562,1.4562,1.4562,1.4562,1.4562,1.4562,1.4562,1.4562,1.4562,1.4562,1.4562,1.4562,1.4562,1.4562,1.4562,1.4562,1.4562,1.4562,1.4562,1.4562,1.4562,1.4562,1.4562
1.4547,1.4547,1.4547,1.4547,1.4547,1.4547,1.4547,1.4547,1.4547,1.4547,1.4547,1.4547,0.8413,1.4547,1.4547,1.4547,1.4547,1.4547,1.4547,1.4547,1.4547,1.4547,1.4547,1.4547,1.4547,1.3737
1.4532,1.4532,1.4532,1.4532,1.4532,1.4532,1.4532,1.4532,1.4532,1.4532,1.4532,1.4532,1.4532,0.8432,1.4532,1.4532,1.4532,1.4532,1.4532,1.4532,1.4532,1.4532,1.4532,1.4532,1.4532,1.4532
1.4517,1.4517,1.4517,1.4517,1.4517,1.4517,1.4517,1.4517,1.4517,1.4517,1.4517,1.4517,0.847,1.4517,1.4517,1.4517,1.4517,1.4517,1.4517,1.4517,1.4517,1.4517,1.4517,1.4517,1.4517,1.4517
1.4503,1.4503,1.4503,1.4503,1.4503,1.4503,1.4503,1.4503,1.4503,1.4503,1.4503,1.4503,1.4503,1.4503,1.4503,1.4503,1.4503,1.4503,1.4503,1.4503,1.4503,1.4503,1.4503,1.4311,1.2062,0.9814
1.4488,1.4488,1.4488,1.4488,1.4488,1.4488,1.4488,1.4488,1.4488,1.4488,1.4488,1.4488,1.4488,1.4488,1.4488,1.4488,1.4488,1.4488,1.4488,1.4488,1.4488,1.4488,1.4488,1.4488,1.4488,1.4488
1.4473,1.4473,1.4473,1.4473,1.4473,1.4473,1.4473,1.4473,1.4473,1.4473,1.4473,1.4473,0.6692,1.4473,1.4473,1.4473,1.4473,1.4473,1.4473,1.4473,1.4473,1.4473,1.4473,1.4473,1.4473,1.4473
1.4459,1.4459,1.4459,1.4459,1.4459,1.4459,1.4459,1.4459,1.4459,1.4459,1.4459,1.4459,1.4459,1.065,1.4459,1.4459,1.4459,1.4459,1.4459,1.4459,1.4459,1.4459,1.4459,1.4459,1.4459,1.4459
1.4444,1.4444,1.4444,1.4444,1.4444,1.4444,1.4444,1.4444,1.4444,1.4444,1.4444,1.4444,1.4444,1.4444,1.4444,1.4444,1.4444,1.4444,1.4444,1.4444,1.4444,1.4444,1.4444,1.4444,1.4444,1.4444
1.443,1.443,1.443,1.443,1.443,1.443,1.443,1.443,1.443,1.443,1.443,1.443,1.443,1.443,1.443,1.443,1.443,1.443,1.443,1.443,1.443,1.443,1.443,1.443,1.443,1.1794
1.4415,1.4415,1.4415,1.4415,1.4415,1.4415,1.4415,1.4415,1.4415,1.4415,1.4415,1.4415,1.4415,1.0141,1.4415,1.4415,1.4415,1.4415,1.4415,1.4415,1.4415,1.4415,1.4415,1.4415,1.4415,1.4415
1.4401,1.4401,1.4401,1.4401,1.4401,1.4401,1.4401,1.4401,1.4401,1.4401,1.4401,1.4401,0.7672,1.4401,1.4401,1.4401,1.4401,1.4401,1.4401,1.4401,1.4401,1.4401,1.4401,1.4401,1.4401,1.4401
1.4386,1.4386,1.4386,1.4386,1.4386,1.4386,1.4386,1.4386,1.4386,1.4386,1.4386,1.4386,1.4386,1.4386,1.4386,1.4386,1.4386,1.4386,1.4386,1.4386,1.4386,1.4386,1.4386,1.4386,1.4386,1.2289
1.4372,1.4372,1.4372,1.4372,1.4372,1.4372,1.4372,1.4372,1.4372,1.4372,1.4372,1.4372,1.4372,1.4372,1.4372,1.4372,1.4372,1.4372,1.4372,1.4372,1.4372,1.4372,1.4372,1.4372,1.4372,1.4372
1.4358,1.4358,1.4358,1.4358,1.4358,1.4358,1.4358,1.4358,1.4358,1.4358,1.4358,1.4358,0.875,1.4358,1.4358,1.4358,1.4358,1.4358,1.4358,1.4358,1.4358,1.4358,1.4358,1.4358,1.4358,1.4358
1.4343,1.4343,1.4343,1.4343,1.4343,1.4343,1.4343,1.4343,1.4343,1.4343,1.4343,1.4343,1.4343,1.0623,1.4343,1.4343,1.4343,1.4343,1.4343,1.4343,1.4343,1.4343,1.4343,1.4343,1.4343,1.4343
1.4329,1.4329,1.4329,1.4329,1.4329,1.4329,1.4329,1.4329,1.4329,1.4329,1.4329,1.4329,1.342,1.4329,1.4329,1.4329,1.4329,1.4329,1.4329,1.4329,1.4329,1.4329,1.4329,1.4329,1.4329,1.4329
1.4315,1.4315,1.4315,1.4315,1.4315,1.4315,1.4315,1.4315,1.4315,1.4315,1.4315,1.4315,1.4315,1.4315,1.4315,1.4315,1.4315,1.4315,1.4315,1.4315,1.4315,1.4315,1.4315,1.4315,1.4315,1.2315
1.43,1.43,1.43,1.43,1.43,1.43,1.43,1.43,1.43,1.43,1.43,1.43,1.43,1.43,1.43,1.43,1.43,1.43,1.43,1.43,1.43,1.43,1.43,1.43,1.43,1.43
1.4286,1.4286,1.4286,1.4286,1.4286,1.4286,1.4286,1.4286,1.4286,1.4286,1.4286,1.4286,0.8385,1.4286,1.4286,1.4286,1.4286,1.4286,1.4286,1.4286,1.4286,1.4286,1.4286,1.4286,1.4286,1.4286
1.4272,1.4272,1.4272,1.4272,1.4272,1.4272,1.4272,1.4272,1.4272,1.4272,1.4272,1.4272,1.4272,1.4272,1.4272,1.4272,1.4272,1.4272,1.4272,1.4272,1.4272,1.4272,1.4272,1.4272,1.4272,1.4272
1.4258,1.4258,1.4258,1.4258,1.4258,1.4258,1.4258,1.4258,1.4258,1.4258,1.4258,1.4258,1.4258,1.4258,1.4258,1.4258,1.4258,1.4258,1.4258,1.4258,1.4258,1.4258,1.4258,1.4258,1.4258,1.4258
1.4243,1.4243,1.4243,1.4243,1.4243,1.4243,1.4243,1.4243,1.4243,1.4243,1.4243,1.4243,1.4243,1.4243,1.4243,1.4243,1.4243,1.4243,1.4243,1.4243,1.4243,1.4243,1.4243,1.4243,1.4243,1.4243
1.4229,1.4229,1.4229,1.4229,1.4229,1.4229,1.4229,1.4229,1.4229,1.4229,1.4229,1.4229,1.4229,1.2779,1.4229,1.4229,1.4229,1.4229,1.4229,1.4229,1.4229,1.4229,1.4229,1.4229,1.4229,1.4229
1.4215,1.4215,1.4215,1.4215,1.4215,1.4215,1.4215,1.4215,1.4215,1.4215,1.4215,1.4215,1.1643,1.4215,1.4215,1.4215,1.4215,1.4215,1.4215,1.4215,1.4215,1.4215,1.4215,1.4215,1.4215,1.4215
1.4201,1.4201,1.4201,1.4201,1.4201,1.4201,1.4201,1.4201,1.4201,1.4201,1.4201,1.4201,1.4201,1.4201,1.4201,1.4201,1.4201,1.4201,1.4201,1.4201,1.4201,1.4201,1.4201,1.4201,1.4201,1.4201
1.4187,1.4187,1.4187,1.4187,1.4187,1.4187,1.4187,1.4187,1.4187,1.4187,1.4187,1.4187,1.4187,1.4187,1.4187,1.4187,1.4187,1.4187,1.4187,1.4187,1.4187,1.4187,1.4187,1.4187,1.4187,1.4187
1.4173,1.4173,1.4173,1.4173,1.4173,1.4173,1.4173,1.4173,1.4173,1.4173,1.4173,1.4173,1.1282,1.4173,1.4173,1.4173,1.4173,1.4173,1.4173,1.4173,1.4173,1.4173,1.4173,1.4173,1.4173,1.4173
1.4159,1.4159,1.4159,1.4159,1.4159,1.4159,1.4159,1.4159,1.4159,1.4159,1.4159,1.4159,1.4159,1.4159,1.4159,1.4159,1.4159,1.4159,1.4159,1.4159,1.4159,1.4159,1.4159,1.4159,1.4159,1.4159
1.4145,1.4145,1.4145,1.4145,1.4145,1.4145,1.4145,1.4145,1.4145,1.4145,1.4145,1.4145,1.4145,1.4145,1.4145,1.4145,1.4145,1.4145,1.4145,1.4145,1.4145,1.4145,1.4145,1.4145,1.4145,1.4145
1.4131,1.4131,1.4131,1.4131,1.4131,1.4131,1.4131,1.4131,1.4131,1.4131,1.4131,1.4131,1.4131,1.4131,1.4131,1.4131,1.4131,1.4131,1.4131,1.4131,1.4131,1.4131,1.4131,1.4131,1.4131,1.4131
1.4117,1.4117,1.4117,1.4117,1.4117,1.4117,1.4117,1.4117,1.4117,1.4117,1.4117,1.4117,1.4117,1.4117,1.4117,1.4117,1.4117,1.4117,1.4117,1.4117,1.4117,1.4117,1.4117,1.4117,1.4117,1.4117
1.4103,1.4103,1.4103,1.4103,1.4103,1.4103,1.4103,1.4103,1.4103,1.4103,1.4103,1.4103,1.4103,1.4103,1.4103,1.4103,1.4103,1.4103,1.4103,1.4103,1.4103,1.4103,1.4103,1.4103,1.4103,1.4103
1.4089,1.4089,1.4089,1.4089,1.4089,1.4089,1.4089,1.4089,1.4089,1.4089,1.4089,1.4089,1.4089,1.4089,1.4089,1.4089,1.4089,1.4089,1.4089,1.4089,1.4089,1.4089,1.4089,1.4089,1.4089,1.4089
1.4076,1.4076,1.4076,1.4076,1.4076,1.4076,1.4076,1.4076,1.4076,1.4076,1.4076,1.4076,1.4076,1.4076,1.4076,1.4076,1.4076,1.4076,1.4076,1.4076,1.4076,1.4076,1.4076,1.4076,1.4076,1.4076
1.4062,1.4062,1.4062,1.4062,1.4062,1.4062,1.4062,1.4062,1.4062,1.4062,1.4062,1.4062,1.4062,1.4062,1.4062,1.4062,1.4062,1.4062,1.4062,1.4062,1.4062,1.4062,1.4062,1.4062,1.4062,1.4062
1.4048,1.4048,1.4048,1.4048,1.4048,1.4048,1.4048,1.4048,1.4048,1.4048,1.4048,1.4048,1.4048,1.4048,1.4048,1.4048,1.4048,1.4048,1.4048,1.4048,1.4048,1.4048,1.4048,1.4048,1.4048,1.4048
1.4034,1.4034,1.4034,1.4034,1.4034,1.4034,1.4034,1.4034,1.4034,1.4034,1.4034,1.4034,1.4034,1.4034,1.4034,1.4034,1.4034,1.4034,1.4034,1.4034,1.4034,1.4034,1.4034,1.4034,1.4034,1.4034
1.4021,1.4021,1.4021,1.4021,1.4021,1.4021,1.4021,1.4021,1.4021,1.4021,1.4021,1.4021,1.4021,1.4021,1.4021,1.4021,1.4021,1.4021,1.4021,1.4021,1.4021,1.4021,1.4021,1.4021,1.4021,1.4021
1.4007,1.4007,1.4007,1.4007,1.4007,1.4007,1.4007,1.4007,1.4007,1.4007,1.4007,1.4007,1.4007,1.4007,1.4007,1.4007,1.4007,1.4007,1.4007,1.4007,1.4007,1.4007,1.4007,1.4007,1.4007,1.4007
