10.0,10.0,10.0,10.0,10.0,10.0,10.0,10.0,10.0,10.0,10.0,10.0,10.0,10.0,10.0,1.0887,1.537,1.9852,2.4289,2.8726,3.316,3.7592,4.2025,4.6457,5.089,5.5322,5.9754
10.0,10.0,10.0,10.0,10.0,10.0,10.0,10.0,10.0,10.0,10.0,10.0,10.0,10.0,10.0,1.0898,1.5385,1.9871,2.4313,2.8754,3.3192,3.7629,4.2066,4.6503,5.0939,5.5376,5.9812
10.0,10.0,10.0,10.0,10.0,10.0,10.0,10.0,10.0,10.0,10.0,10.0,10.0,10.0,10.0,1.0909,1.54,1.9891,2.4337,2.8782,3.3225,3.7666,4.2107,4.6548,5.0989,5.543,5.9871
10.0,10.0,10.0,10.0,10.0,10.0,10.0,10.0,10.0,10.0,10.0,10.0,10.0,10.0,10.0,10.0,1.5416,1.991,2.436,2.8811,3.3257,3.7703,4.2148,4.6594,5.1039,5.5484,5.993
10.0,10.0,10.0,10.0,10.0,10.0,10.0,10.0,10.0,10.0,10.0,10.0,10.0,9.6062,7.9121,1.093,1.5431,1.993,2.4384,2.8839,3.329,3.774,4.219,4.664,5.1089,5.5539,5.9988
10.0,10.0,10.0,10.0,10.0,10.0,10.0,10.0,10.0,10.0,10.0,10.0,10.0,10.0,10.0,10.0,1.5446,1.9949,2.4408,2.8867,3.3322,3.7777,4.2231,4.6685,5.1139,5.5593,6.0047
10.0,10.0,10.0,10.0,10.0,10.0,10.0,10.0,10.0,10.0,10.0,10.0,10.0,10.0,10.0,1.0952,1.5461,1.9969,2.4432,2.8896,3.3355,3.7814,4.2273,4.6731,5.119,5.5648,6.0106
10.0,10.0,10.0,10.0,10.0,10.0,10.0,10.0,10.0,10.0,10.0,10.0,10.0,10.0,10.0,1.0962,1.5476,1.9989,2.4456,2.8924,3.3388,3.7851,4.2314,4.6777,5.124,5.5703,6.0166
10.0,10.0,10.0,10.0,10.0,10.0,10.0,10.0,10.0,10.0,10.0,10.0,10.0,10.0,10.0,10.0,1.5491,2.0008,2.448,2.8952,3.3421,3.7889,4.2356,4.6823,5.129,5.5758,6.0225
10.0,10.0,10.0,10.0,10.0,10.0,10.0,10.0,10.0,10.0,10.0,9.6145,8.3225,7.0519,5.8083,1.0984,1.5507,2.0028,2.4504,2.8981,3.3454,3.7926,4.2398,4.6869,5.1341,5.5813,6.0284
10.0,10.0,10.0,10.0,10.0,10.0,10.0,10.0,10.0,10.0,10.0,10.0,10.0,10.0,10.0,10.0,1.5522,2.0048,2.4529,2.901,3.3487,3.7963,4.244,4.6916,5.1392,5.5868,6.0344
10.0,10.0,10.0,10.0,10.0,10.0,10.0,10.0,10.0,10.0,10.0,10.0,10.0,10.0,10.0,10.0,1.5537,2.0067,2.4553,2.9038,3.352,3.8001,4.2482,4.6962,5.1442,5.5923,6.0403
10.0,10.0,10.0,10.0,10.0,9.9778,9.9292,9.8807,9.8322,9.7674,9.6988,8.9612,7.7569,6.5727,5.4136,1.1017,1.5553,2.0087,2.4577,2.9067,3.3553,3.8038,4.2524,4.7008,5.1493,5.5978,6.0463
10.0,10.0,10.0,10.0,10.0,10.0,10.0,10.0,10.0,10.0,10.0,10.0,10.0,10.0,10.0,10.0,1.5568,2.0107,2.4601,2.9096,3.3586,3.8076,4.2566,4.7055,5.1544,5.6033,6.0523
10.0,10.0,10.0,10.0,10.0,10.0,10.0,10.0,10.0,10.0,10.0,10.0,10.0,9.1851,7.5653,1.1038,1.5584,2.0127,2.4626,2.9124,3.362,3.8114,4.2608,4.7102,5.1595,5.6089,6.0583
9.308,9.308,9.308,9.308,9.308,9.308,9.308,9.308,9.308,9.308,9.308,9.308,9.308,9.308,9.308,1.1049,1.5599,2.0147,2.465,2.9153,3.3653,3.8152,4.265,4.7148,5.1646,5.6145,6.0643
10.0,10.0,10.0,10.0,10.0,10.0,10.0,10.0,10.0,10.0,10.0,10.0,10.0,10.0,10.0,10.0,1.5614,2.0167,2.4675,2.9182,3.3686,3.8189,4.2692,4.7195,5.1698,5.62,6.0703
7.4937,7.4555,7.4184,7.3826,7.3469,7.3113,7.2758,7.2402,7.2046,7.1572,7.1069,6.5664,5.684,4.8162,0.7047,1.1071,1.563,2.0187,2.4699,2.9211,3.372,3.8227,4.2735,4.7242,5.1749,5.6256,5.5925
10.0,10.0,10.0,10.0,10.0,10.0,10.0,10.0,10.0,10.0,10.0,10.0,10.0,10.0,10.0,10.0,1.5646,2.0207,2.4724,2.924,3.3753,3.8265,4.2777,4.7289,5.1801,5.6312,6.0824
10.0,10.0,10.0,10.0,10.0,10.0,10.0,10.0,10.0,10.0,10.0,10.0,10.0,10.0,10.0,1.1093,1.5661,2.0227,2.4748,2.9269,3.3787,3.8304,4.282,4.7336,5.1852,5.6368,6.0884
10.0,10.0,10.0,10.0,10.0,10.0,10.0,10.0,10.0,10.0,10.0,9.468,8.1957,6.9444,5.7198,1.1104,1.5677,2.0247,2.4773,2.9299,3.3821,3.8342,4.2863,4.7383,5.1904,5.6424,6.0945
8.0273,8.0621,8.0959,8.1285,8.161,8.1934,8.2258,8.2581,8.2905,8.3337,8.3795,8.8716,9.675,10.0,10.0,10.0,10.0,2.0268,2.4798,2.9328,3.3854,3.838,4.2905,4.743,5.1956,5.6481,6.1006
8.0542,8.0131,7.9732,7.9348,7.8964,7.8582,7.8199,7.7817,7.7435,7.6925,7.6384,7.0575,6.1091,5.1764,0.7575,1.1127,1.5708,2.0288,2.4823,2.9357,3.3888,3.8418,4.2948,4.7478,5.2007,5.6537,6.0108
7.6992,7.6992,7.6992,7.6992,7.6992,7.6992,7.6992,7.6992,7.6992,7.6992,7.6992,7.6992,7.6992,7.6992,7.6992,7.6992,1.5724,2.0308,2.4847,2.9386,3.3922,3.8457,4.2991,4.7525,5.2059,5.6594,6.1128
10.0,10.0,10.0,10.0,10.0,10.0,10.0,10.0,10.0,10.0,10.0,10.0,10.0,10.0,10.0,10.0,1.5739,2.0329,2.4872,2.9416,3.3956,3.8495,4.3034,4.7573,5.2111,5.665,6.1189
6.5235,6.4902,6.4579,6.4268,6.3957,6.3647,6.3337,6.3028,6.2718,6.2305,6.1868,5.7162,4.9481,4.1926,0.6359,1.116,1.5755,2.0349,2.4897,2.9445,3.399,3.8534,4.3077,4.762,5.2164,5.6707,4.8684
7.9036,7.9378,7.9711,8.0031,8.0351,8.067,8.0989,8.1308,8.1627,8.2052,8.2503,8.7348,9.5258,10.0,10.0,10.0,10.0,2.0369,2.4922,2.9475,3.4024,3.8572,4.312,4.7668,5.2216,5.6764,6.1312
10.0,10.0,10.0,10.0,10.0,10.0,10.0,10.0,10.0,10.0,10.0,10.0,10.0,9.9679,8.2101,1.1182,1.5787,2.039,2.4947,2.9504,3.4058,3.8611,4.3164,4.7716,5.2268,5.6821,6.1373
7.2576,7.2576,7.2576,7.2576,7.2576,7.2576,7.2576,7.2576,7.2576,7.2576,7.2576,7.2576,7.2576,7.2576,7.2576,1.1194,1.5803,2.041,2.4972,2.9534,3.4092,3.865,4.3207,4.7764,5.2321,5.6878,6.1435
7.6879,7.7212,7.7536,7.7847,7.8159,7.8469,7.8779,7.9089,7.9399,7.9813,8.0252,8.4964,9.2658,10.0,10.0,10.0,10.0,2.0431,2.4997,2.9564,3.4127,3.8689,4.325,4.7812,5.2373,5.6935,6.1496
5.884,5.8541,5.8249,5.7968,5.7688,5.7409,5.7129,5.685,5.6571,5.6198,5.5803,5.1559,4.4631,3.7817,0.6391,1.1216,1.5835,2.0451,2.5022,2.9594,3.4161,3.8728,4.3294,4.786,5.2426,5.3809,4.3912
7.7287,7.7287,7.7287,7.7287,7.7287,7.7287,7.7287,7.7287,7.7287,7.7287,7.7287,7.7287,7.7287,7.7287,7.7287,7.7287,1.585,2.0472,2.5048,2.9623,3.4195,3.8767,4.3338,4.7908,5.2479,5.705,6.162
10.0,10.0,10.0,10.0,10.0,10.0,10.0,10.0,10.0,10.0,10.0,10.0,10.0,10.0,10.0,10.0,1.5866,2.0493,2.5073,2.9653,3.423,3.8806,4.3381,4.7957,5.2532,5.6835,5.6835
6.8718,6.8368,6.8027,6.7699,6.7372,6.7046,6.6719,6.6393,6.6067,6.5632,6.5171,6.0215,5.2123,4.4165,0.6463,1.125,1.5882,2.0513,2.5098,2.9683,3.4264,3.8845,4.3425,4.8005,5.2585,5.7165,5.1284
6.3222,6.3496,6.3762,6.4018,6.4275,6.453,6.4785,6.504,6.5295,6.5635,6.5996,6.9871,7.6199,8.2421,8.8511,9.5248,10.0,10.0,2.5124,2.9713,3.4299,3.8884,4.3469,4.8054,5.2638,5.7223,6.1807
7.7758,7.7362,7.6976,7.6605,7.6235,7.5865,7.5496,7.5127,7.4758,7.4266,7.3744,6.8136,5.8979,4.9975,0.7313,1.1273,1.5915,2.0555,2.5149,2.9743,3.4334,3.8923,4.3513,4.8102,5.2691,5.7281,5.803
6.0467,6.0467,6.0467,6.0467,6.0467,6.0467,6.0467,6.0467,6.0467,6.0467,6.0467,6.0467,6.0467,6.0467,6.0467,1.1284,1.5931,2.0576,2.5174,2.9773,3.4369,3.8963,4.3557,4.8151,5.2745,5.7339,6.0467
9.0013,9.0403,9.0782,9.1147,9.1512,9.1875,9.2238,9.2601,9.2964,9.3449,9.3962,9.948,10.0,10.0,10.0,10.0,10.0,2.0596,2.52,2.9804,3.4403,3.9002,4.3601,4.82,5.2798,5.7397,6.1995
5.096,5.07,5.0448,5.0205,4.9962,4.972,4.9478,4.9236,4.8994,4.8671,4.833,4.4654,3.8653,3.2752,0.6443,1.1307,1.5963,2.0617,2.5226,2.9834,3.4438,3.9042,4.3645,4.8249,5.2852,4.6602,3.8031
7.4014,7.4335,7.4647,7.4947,7.5246,7.5545,7.5844,7.6142,7.6441,7.6839,7.7261,8.1799,8.9206,9.6216,9.6216,9.6216,9.6216,2.0638,2.5251,2.9864,3.4473,3.9082,4.369,4.8298,5.2905,5.7513,6.2121
10.0,10.0,10.0,10.0,10.0,10.0,10.0,10.0,10.0,10.0,10.0,10.0,10.0,10.0,10.0,1.133,1.5996,2.0659,2.5277,2.9894,3.4508,3.9121,4.3734,4.8347,5.1103,5.1103,5.1103
6.7084,6.7084,6.7084,6.7084,6.7084,6.7084,6.7084,6.7084,6.7084,6.7084,6.7084,6.7084,6.7084,5.9021,4.8613,1.1342,1.6012,2.068,2.5303,2.9925,3.4543,3.9161,4.3779,4.8396,5.3013,5.763,6.2248
5.8978,5.9233,5.9482,5.9721,5.996,6.0198,6.0436,6.0674,6.0911,6.1229,6.1565,6.5181,7.1083,7.6888,8.2569,8.8854,9.6923,10.0,2.5328,2.9955,3.4579,3.9201,4.3823,4.8445,5.3067,5.7689,6.2311
5.3723,5.3449,5.3183,5.2927,5.2671,5.2416,5.2161,5.1906,5.1651,5.1311,5.095,4.7075,4.0749,3.4528,0.6475,1.1365,1.6044,2.0722,2.5354,2.9986,3.4614,3.9241,4.3868,4.8495,5.3121,4.9129,4.0093
5.8521,5.8521,5.8521,5.8521,5.8521,5.8521,5.8521,5.8521,5.8521,5.8521,5.8521,5.8521,5.8521,5.8521,5.8521,5.8521,1.6061,2.0744,2.538,3.0017,3.4649,3.9281,4.3913,4.8544,5.3176,5.7807,5.8521
10.0,10.0,10.0,10.0,10.0,10.0,10.0,10.0,10.0,10.0,10.0,10.0,10.0,10.0,10.0,10.0,1.6077,2.0765,2.5406,3.0047,3.4685,3.9321,4.3958,4.8594,5.1278,5.1278,5.1278
5.1196,5.0936,5.0682,5.0437,5.0194,4.995,4.9707,4.9464,4.9221,4.8897,4.8554,4.4861,3.8833,3.2904,0.6495,1.14,1.6094,2.0786,2.5432,3.0078,3.472,3.9362,4.4003,4.8643,5.3284,4.6819,3.8208
5.6373,5.6617,5.6854,5.7083,5.7311,5.7539,5.7766,5.7994,5.8221,5.8525,5.8846,6.2302,6.7944,7.3492,7.8922,8.4929,9.2642,10.0,10.0,3.0109,3.4756,3.9402,4.4048,4.8693,5.3339,5.7984,6.263
8.9637,8.9181,8.8736,8.8309,8.7881,8.7456,8.703,8.6605,8.6179,8.5612,8.501,7.8545,6.799,5.761,0.843,1.1423,1.6127,2.0829,2.5484,3.014,3.4791,3.9442,4.4093,4.8743,5.3359,5.3359,5.3359
5.3279,5.3279,5.3279,5.3279,5.3279,5.3279,5.3279,5.3279,5.3279,5.3279,5.3279,5.3279,5.3279,5.3279,5.3279,1.1435,1.6143,2.085,2.551,3.0171,3.4827,3.9483,4.4138,4.8793,5.3279,5.3279,5.3279
6.4134,6.4412,6.4682,6.4942,6.5202,6.5461,6.572,6.5978,6.6237,6.6582,6.6948,7.0879,7.7298,8.361,8.9788,9.6622,10.0,2.2269,2.5536,3.0202,3.4863,3.9523,4.4183,4.8843,5.3503,5.8163,6.2823
4.4356,4.413,4.391,4.3699,4.3487,4.3277,4.3066,4.2856,4.2645,4.2364,4.2067,3.8867,3.3644,2.8508,0.6529,1.1458,1.6176,2.0893,2.5563,3.0233,3.4899,3.9564,4.4229,4.8894,4.8024,4.0563,3.3103
6.6473,6.6473,6.6473,6.6473,6.6473,6.6473,6.6473,6.6473,6.6473,6.6473,6.6473,6.6473,6.6473,6.6473,6.6473,6.6473,6.6473,2.0914,2.5589,3.0264,3.4935,3.9605,4.4274,4.8944,5.3613,5.8283,6.2952
10.0,10.0,10.0,10.0,10.0,10.0,10.0,10.0,10.0,10.0,10.0,10.0,10.0,10.0,10.0,1.1482,1.621,2.0936,2.5615,3.0295,3.4971,3.9645,4.3916,4.3916,4.3916,4.3916,4.3916
6.1004,6.0693,6.0391,6.0099,5.9809,5.9519,5.9229,5.894,5.865,5.8264,5.7855,5.3455,4.6271,3.9207,0.6549,1.1494,1.6227,2.0958,2.5642,3.0326,3.5007,3.9686,4.4366,4.9045,5.3724,5.5787,4.5527
5.0002,5.0219,5.0429,5.0632,5.0835,5.1036,5.1238,5.144,5.1642,5.1911,5.2196,5.5261,6.0265,6.5187,7.0003,7.5332,8.2173,8.9023,9.6142,10.0,3.5043,3.9727,4.4411,4.9096,5.3779,5.8463,6.3147
5.458,5.4302,5.4031,5.3771,5.3511,5.3252,5.2993,5.2734,5.2475,5.2129,5.1763,4.7826,4.1399,3.5079,0.6562,1.1518,1.626,2.1001,2.5695,3.0389,3.5079,3.9768,4.4457,4.9146,5.3835,4.9913,4.0733
4.8898,4.8898,4.8898,4.8898,4.8898,4.8898,4.8898,4.8898,4.8898,4.8898,4.8898,4.8898,4.8898,4.8898,4.8898,4.8898,1.6277,2.1023,2.5721,3.042,3.5115,3.9809,4.4503,4.8898,4.8898,4.8898,4.8898
8.5831,8.6202,8.6564,8.6912,8.726,8.7606,8.7952,8.8299,8.8645,8.9107,8.9596,9.4858,10.0,10.0,10.0,10.0,1.6294,2.1044,2.5748,3.0452,3.5152,3.9851,4.4549,4.9248,5.102,5.102,5.102
4.2104,4.189,4.1681,4.148,4.128,4.108,4.088,4.068,4.048,4.0214,3.9931,3.6894,3.1936,2.7061,0.6583,1.1553,1.6311,2.1066,2.5775,3.0483,3.5188,3.9892,4.4596,4.9299,4.5586,3.8504,3.1422
5.5041,5.5279,5.5511,5.5734,5.5957,5.618,5.6402,5.6624,5.6846,5.7142,5.7456,6.083,6.6338,7.1756,7.7058,8.2923,9.0453,9.585,9.585,3.0515,3.5225,3.9933,4.4642,4.935,5.4059,5.8767,6.3475
10.0,10.0,10.0,10.0,10.0,10.0,10.0,10.0,10.0,10.0,10.0,10.0,9.9256,8.4102,6.9271,1.1577,1.6345,2.111,2.5828,3.0547,3.5261,3.9975,4.312,4.312,4.312,4.312,4.312
5.1119,5.1119,5.1119,5.1119,5.1119,5.1119,5.1119,5.1119,5.1119,5.1119,5.1119,5.1119,5.1119,5.1119,5.1108,1.159,1.6362,2.1132,2.5855,3.0578,3.5298,4.0017,4.4735,4.9453,5.1119,5.1119,5.1119
5.0815,5.1035,5.1249,5.1456,5.1661,5.1866,5.2071,5.2276,5.2481,5.2755,5.3045,5.616,6.1245,6.6247,7.1142,7.6557,8.3509,9.0471,9.7706,3.061,3.5335,4.0058,4.4781,4.9504,5.4227,5.895,6.3673
4.1861,4.1648,4.144,4.1241,4.1041,4.0843,4.0644,4.0445,4.0246,3.9981,3.97,3.6681,3.1752,2.6904,0.6617,1.1614,1.6396,2.1176,2.5909,3.0642,3.5371,4.01,4.4828,4.9556,4.5323,3.8282,3.1241
5.1496,5.1496,5.1496,5.1496,5.1496,5.1496,5.1496,5.1496,5.1496,5.1496,5.1496,5.1496,5.1496,5.1496,5.1496,5.1496,5.1496,2.1198,2.5936,3.0674,3.5408,4.0142,4.4875,4.9608,5.1496,5.1496,5.1496
10.0,10.0,10.0,10.0,10.0,10.0,10.0,10.0,10.0,10.0,10.0,10.0,10.0,10.0,10.0,1.1654,1.643,2.122,2.5963,3.0706,3.5445,4.0184,4.079,4.079,4.079,4.079,4.079
4.6038,4.5803,4.5575,4.5355,4.5136,4.4917,4.4699,4.448,4.4262,4.397,4.3661,4.0341,3.492,2.9589,0.6638,1.165,1.6447,2.1242,2.599,3.0738,3.5482,4.0226,4.4969,4.9711,4.9845,4.2101,3.4358
4.572,4.5918,4.6111,4.6296,4.6481,4.6666,4.685,4.7035,4.7219,4.7465,4.7726,5.0529,5.5104,5.9604,6.4008,6.888,7.5136,8.1399,8.7909,9.4418,10.0,10.0,4.5016,4.9763,5.4511,5.9259,6.4007
6.1773,6.1458,6.1152,6.0857,6.0563,6.027,5.9976,5.9683,5.939,5.8999,5.8584,5.4129,4.6855,3.9701,0.6652,1.1674,1.6482,2.1287,2.6045,3.0803,3.5557,4.031,4.5063,4.9085,4.9085,4.9085,4.6101
4.4013,4.4013,4.4013,4.4013,4.4013,4.4013,4.4013,4.4013,4.4013,4.4013,4.4013,4.4013,4.4013,4.4013,4.4013,1.1687,1.6499,2.1309,2.6072,3.0835,3.5594,4.0352,4.4013,4.4013,4.4013,4.4013,4.4013
6.0451,6.0713,6.0967,6.1212,6.1457,6.1701,6.1945,6.2189,6.2433,6.2758,6.3103,6.6809,7.2859,7.8808,8.4631,9.1073,1.6516,2.1332,2.6099,3.0867,3.5631,4.0395,4.5158,4.992,5.4683,5.5863,5.5863
3.7296,3.7106,3.6921,3.6743,3.6565,3.6388,3.6211,3.6034,3.5857,3.5621,3.5371,3.2681,2.8289,2.397,0.6673,1.1711,1.6533,2.1354,2.6127,3.09,3.5669,4.0437,4.5205,4.6652,4.038,3.4107,2.7834
5.8596,5.885,5.9097,5.9334,5.9571,5.9808,6.0044,6.0281,6.0517,6.0832,6.1167,6.4358,6.4358,6.4358,6.4358,6.4358,6.4358,6.4358,6.4358,3.0932,3.5706,4.048,4.5253,5.0025,5.4798,5.9571,6.4343
10.0,10.0,10.0,10.0,10.0,10.0,10.0,10.0,10.0,10.0,10.0,10.0,10.0,10.0,10.0,1.1736,1.6568,2.1399,2.6182,3.0965,3.5744,3.7566,3.7566,3.7566,3.7566,3.7566,3.7566
5.3103,5.3103,5.3103,5.3103,5.3103,5.3103,5.3103,5.3103,5.3103,5.3103,5.3103,5.3103,4.6184,3.9133,0.6694,1.1748,1.6586,2.1422,2.621,3.0998,3.5782,4.0565,4.5348,5.0131,5.3103,5.3103,4.544
4.3501,4.3689,4.3873,4.4049,4.4225,4.4401,4.4576,4.4752,4.4927,4.5161,4.541,4.8076,5.243,5.6711,6.0902,6.5537,7.1489,7.7449,8.3642,8.9835,9.6047,10.0,10.0,5.0184,5.4971,5.9759,6.4547
4.2543,4.2326,4.2115,4.1912,4.1709,4.1507,4.1305,4.1103,4.0902,4.0632,4.0347,3.7278,3.2269,2.7342,0.6708,1.1773,1.6621,2.1467,2.6265,3.1063,3.5857,4.0651,4.5444,5.0237,4.606,3.8905,3.1749
4.3263,4.3263,4.3263,4.3263,4.3263,4.3263,4.3263,4.3263,4.3263,4.3263,4.3263,4.3263,4.3263,4.3263,4.3263,4.3263,1.6638,2.149,2.6293,3.1096,3.5895,4.0694,4.3263,4.3263,4.3263,4.3263,4.3263
9.2824,9.3226,9.3617,9.3994,9.4369,9.4744,9.5119,9.5493,9.5867,9.6367,9.6896,10.0,10.0,10.0,10.0,1.1798,1.6656,2.1512,2.6321,3.1129,3.5933,4.0631,4.0631,4.0631,4.0631,4.0631,4.0631
3.7892,3.7699,3.7511,3.733,3.715,3.697,3.679,3.661,3.643,3.619,3.5936,3.3203,2.8741,2.4353,0.6729,1.1811,1.6674,2.1535,2.6348,3.1162,3.5971,4.078,4.5588,4.7398,4.1025,3.4652,2.8279
4.4698,4.4891,4.5079,4.5261,4.5442,4.5622,4.5802,4.5983,4.6163,4.6404,4.6658,4.9398,5.3872,5.8271,6.2577,6.734,7.3455,7.9579,8.5942,9.2306,9.8689,10.0,10.0,5.045,5.5263,6.0076,6.4889
8.1009,8.0596,8.0195,7.9808,7.9422,7.9038,7.8653,7.8269,7.7884,7.7371,7.6828,7.0985,6.1446,5.2065,0.7619,1.1836,1.6709,2.1581,2.6404,3.1228,3.6048,3.9489,3.9489,3.9489,3.9489,3.9489,3.9489
4.2269,4.2269,4.2269,4.2269,4.2269,4.2269,4.2269,4.2269,4.2269,4.2269,4.2269,4.2269,4.2269,4.2269,4.2269,1.1848,1.6727,2.1604,2.6432,3.1261,3.6086,4.091,4.2269,4.2269,4.2269,4.2269,4.2269
4.739,4.7595,4.7795,4.7987,4.8179,4.837,4.8561,4.8752,4.8944,4.9199,4.9469,5.2374,5.7117,6.1781,6.6346,7.1396,7.788,2.1627,2.6461,3.1294,3.6124,4.0954,4.5782,5.0611,5.544,6.0268,6.5097
3.5204,3.5025,3.4851,3.4683,3.4515,3.4348,3.4181,3.4014,3.3846,3.3624,3.3387,3.0848,2.6703,2.2626,0.6765,1.1874,1.6762,2.165,2.6489,3.1328,3.6163,4.0997,4.5831,4.4037,3.8115,3.2194,2.6273
4.896,4.896,4.896,4.896,4.896,4.896,4.896,4.896,4.896,4.896,4.896,4.896,4.896,4.896,4.896,4.896,4.896,4.896,2.6517,3.1361,3.6202,4.1041,4.588,4.896,4.896,4.896,4.896
10.0,10.0,10.0,10.0,10.0,10.0,10.0,10.0,10.0,10.0,10.0,10.0,10.0,10.0,10.0,1.1899,1.6798,2.1696,2.6545,3.1395,3.486,3.486,3.486,3.486,3.486,3.486,3.486
4.4694,4.4466,4.4244,4.4031,4.3818,4.3606,4.3394,4.3182,4.297,4.2687,4.2387,3.9163,3.39,2.8725,0.6787,1.1912,1.6816,2.1719,2.6574,3.1428,3.6279,4.1129,4.5978,5.0827,4.8389,4.0872,3.3355
3.9684,3.9855,4.0023,4.0184,4.0344,4.0504,4.0665,4.0825,4.0985,4.1198,4.1425,4.3857,4.7829,5.1735,5.5557,5.9786,6.5215,7.0652,7.6302,8.1952,8.7619,9.3289,9.8961,10.0,10.0,10.0,10.0
4.6855,4.6616,4.6384,4.616,4.5937,4.5715,4.5492,4.527,4.5047,4.4751,4.4436,4.1057,3.5539,3.0114,0.6801,1.1937,1.6852,2.1766,2.6631,3.1496,3.6357,4.1217,4.6077,4.8767,4.8767,4.2848,3.4967
3.8784,3.8784,3.8784,3.8784,3.8784,3.8784,3.8784,3.8784,3.8784,3.8784,3.8784,3.8784,3.8784,3.8784,3.8784,1.195,1.687,2.1789,2.6659,3.1529,3.6396,3.8784,3.8784,3.8784,3.8784,3.8784,3.8784
6.1665,6.1932,6.2191,6.2441,6.2691,6.294,6.3189,6.3438,6.3686,6.4018,6.437,6.815,7.4321,8.0391,8.6331,1.2443,1.6888,2.1812,2.6688,3.1563,3.6435,4.1305,4.355,4.355,4.355,4.355,4.355
3.3359,3.3189,3.3023,3.2864,3.2705,3.2547,3.2389,3.223,3.2072,3.1861,3.1637,2.9231,2.5303,2.144,0.6823,1.1976,1.6907,2.1836,2.6717,3.1597,3.6474,4.135,4.6225,4.1728,3.6117,3.0506,2.4895
4.6769,4.6972,4.7169,4.7358,4.7548,4.7737,4.7925,4.8114,4.8303,4.8554,4.8821,5.1688,5.6369,6.0972,6.5477,6.772,6.772,6.772,6.772,6.772,6.772,6.772,4.6275,5.1155,5.6036,6.0916,6.5797
10.0,10.0,10.0,10.0,10.0,10.0,10.0,10.0,10.0,10.0,10.0,10.0,10.0,9.1736,7.5559,1.2001,1.6943,2.1883,2.6774,3.1665,3.4106,3.4106,3.4106,3.4106,3.4106,3.4106,3.4106
4.3274,4.3274,4.3274,4.3274,4.3274,4.3274,4.3274,4.3274,4.3274,4.3274,4.3274,4.3274,4.3274,4.2773,0.6845,1.2014,1.6961,2.1907,2.6803,3.1699,3.6592,4.1483,4.3274,4.3274,4.3274,4.3274,4.3274
4.0097,4.0271,4.044,4.0602,4.0765,4.0927,4.1088,4.125,4.1412,4.1628,4.1856,4.4314,4.8327,5.2274,5.6136,6.0409,6.5895,7.1388,7.7097,3.1734,3.6631,4.1528,4.6425,5.1321,5.6217,6.1114,6.601
3.5322,3.5142,3.4967,3.4799,3.463,3.4463,3.4295,3.4127,3.396,3.3736,3.3499,3.0951,2.6792,2.2702,0.686,1.204,1.6998,2.1954,2.6861,3.1768,3.6671,4.1573,4.6475,4.4184,3.8243,3.2302,2.6361
4.0504,4.0504,4.0504,4.0504,4.0504,4.0504,4.0504,4.0504,4.0504,4.0504,4.0504,4.0504,4.0504,4.0504,4.0504,4.0504,4.0504,2.1978,2.689,3.1802,3.6711,4.0504,4.0504,4.0504,4.0504,4.0504,4.0504
10.0,10.0,10.0,10.0,10.0,10.0,10.0,10.0,10.0,10.0,10.0,10.0,10.0,10.0,10.0,1.2066,1.7035,2.2001,2.6919,3.1837,3.4318,3.4318,3.4318,3.4318,3.4318,3.4318,3.4318
3.6058,3.5874,3.5696,3.5524,3.5352,3.5181,3.5009,3.4838,3.4667,3.4439,3.4197,3.1596,2.735,2.3175,0.6883,1.2079,1.7053,2.2025,2.6948,3.1871,3.679,4.1708,4.6626,4.5104,3.904,3.2975,2.691
3.836,3.8526,3.8688,3.8844,3.8999,3.9154,3.9309,3.9463,3.9618,3.9825,4.0043,4.2395,4.6234,5.001,5.3705,5.7792,6.3041,6.8296,7.3758,7.9219,8.4697,9.0178,9.5661,10.0,10.0,10.0,10.0
5.7304,5.7012,5.6728,5.6455,5.6182,5.591,5.5637,5.5365,5.5094,5.4731,5.4346,5.0213,4.3465,3.6829,0.6898,1.2106,1.709,2.2073,2.7007,3.194,3.687,3.8234,3.8234,3.8234,3.8234,3.8234,3.8234
3.6828,3.6828,3.6828,3.6828,3.6828,3.6828,3.6828,3.6828,3.6828,3.6828,3.6828,3.6828,3.6828,3.6828,3.6828,1.2119,1.7109,2.2097,2.7036,3.1975,3.6828,3.6828,3.6828,3.6828,3.6828,3.6828,3.6828
4.6753,4.6955,4.7152,4.7342,4.7531,4.772,4.7908,4.8097,4.8286,4.8537,4.8804,5.167,5.6349,6.095,6.5454,7.0436,1.7127,2.2121,2.7066,3.201,3.695,4.189,4.6829,5.1079,5.1079,5.1079,5.1079
3.1121,3.0963,3.0808,3.066,3.0512,3.0364,3.0216,3.0068,2.9921,2.9724,2.9515,2.727,2.3606,2.0002,0.692,1.2145,1.7146,2.2145,2.7095,3.2045,3.6991,4.1936,4.4163,3.8929,3.3695,2.846,2.3226
4.9315,4.9315,4.9315,4.9315,4.9315,4.9315,4.9315,4.9315,4.9315,4.9315,4.9315,4.9315,4.9315,4.9315,4.9315,4.9315,4.9315,4.9315,4.9315,4.9315,3.7031,4.1981,4.6931,4.9315,4.9315,4.9315,4.9315
9.8229,9.8229,9.8229,9.8229,9.8229,9.8229,9.8229,9.8229,9.8229,9.8229,9.8229,9.8229,9.8229,9.8229,0.893,1.2172,1.7184,2.2194,2.7154,3.1255,3.1255,3.1255,3.1255,3.1255,3.1255,3.1255,3.1255
4.6092,4.5857,4.5629,4.5409,4.5189,4.4971,4.4752,4.4533,4.4314,4.4022,4.3713,4.0389,3.4961,2.9624,0.6943,1.2185,1.7202,2.2218,2.7184,3.215,3.7112,4.2073,4.7034,4.7595,4.7595,4.2151,3.4398
3.6078,3.6234,3.6386,3.6532,3.6678,3.6824,3.6969,3.7115,3.726,3.7455,3.766,3.9872,4.3483,4.7033,5.0509,5.4353,5.9289,6.4232,6.9368,7.4505,7.9657,8.4812,8.9968,9.5125,10.0,10.0,10.0
3.7853,3.766,3.7472,3.7292,3.7111,3.6932,3.6752,3.6572,3.6393,3.6153,3.5899,3.3169,2.8711,2.4328,0.6958,1.2212,1.724,2.2267,2.7244,3.222,3.7193,4.2165,4.7137,4.7349,4.0983,3.4616,2.8249
3.5753,3.5753,3.5753,3.5753,3.5753,3.5753,3.5753,3.5753,3.5753,3.5753,3.5753,3.5753,3.5753,3.5753,3.5753,3.5753,1.7259,2.2291,2.7273,3.2256,3.5753,3.5753,3.5753,3.5753,3.5753,3.5753,3.5753
6.7591,6.7883,6.8168,6.8442,6.8716,6.8989,6.9262,6.9534,6.9807,7.0171,7.0556,7.47,8.1464,8.8116,9.4627,1.2239,1.7278,2.2316,2.7303,3.2291,3.5929,3.5929,3.5929,3.5929,3.5929,3.5929,3.5929
3.1188,3.1029,3.0874,3.0725,3.0577,3.0429,3.028,3.0132,2.9984,2.9787,2.9578,2.7328,2.3656,2.0044,0.6981,1.2252,1.7297,2.234,2.7333,3.2327,3.7316,4.2304,4.4257,3.9012,3.3766,2.8521,2.3275
3.9313,3.9483,3.9648,3.9808,3.9967,4.0126,4.0284,4.0443,4.0602,4.0813,4.1037,4.3447,4.7382,5.1251,5.5038,5.9227,6.4606,6.9992,7.5589,7.7431,7.7431,7.7431,7.7431,7.7431,7.7431,7.7431,7.7431
8.3401,8.2977,8.2563,8.2165,8.1768,8.1372,8.0976,8.058,8.0184,7.9656,7.9097,7.3081,6.326,5.3602,0.7844,1.2279,1.7335,2.2389,2.7394,3.235,3.235,3.235,3.235,3.235,3.235,3.235,3.235
3.6997,3.6997,3.6997,3.6997,3.6997,3.6997,3.6997,3.6997,3.6997,3.6997,3.6997,3.6997,3.6997,3.6997,0.7573,1.2293,1.7354,2.2414,2.7424,3.2434,3.6997,3.6997,3.6997,3.6997,3.6997,3.6997,3.6997
3.8612,3.8779,3.8941,3.9098,3.9254,3.941,3.9566,3.9722,3.9877,4.0085,4.0305,4.2672,4.6537,5.0337,5.4056,5.8171,1.9599,2.2439,2.7454,3.247,3.7481,4.2491,4.7501,5.2511,5.7521,6.2531,6.7541
3.0675,3.0519,3.0367,3.022,3.0074,2.9929,2.9783,2.9637,2.9492,2.9298,2.9092,2.6879,2.3267,1.9715,0.702,1.232,1.7393,2.2464,2.7485,3.2505,3.7522,4.2538,4.353,3.8371,3.3212,2.8052,2.2893
3.9633,3.9633,3.9633,3.9633,3.9633,3.9633,3.9633,3.9633,3.9633,3.9633,3.9633,3.9633,3.9633,3.9633,3.9633,3.9633,3.9633,3.9633,2.7515,3.2541,3.7564,3.9633,3.9633,3.9633,3.9633,3.9633,3.9633
9.5056,9.5056,9.5056,9.5056,9.5056,9.5056,9.5056,9.5056,9.5056,9.5056,9.5056,9.5056,9.5056,9.5056,0.8641,1.2347,1.7431,2.2513,2.7545,3.0245,3.0245,3.0245,3.0245,3.0245,3.0245,3.0245,3.0245
3.5897,3.5714,3.5536,3.5365,3.5194,3.5023,3.4853,3.4683,3.4512,3.4285,3.4044,3.1455,2.7228,2.3071,0.7043,1.2361,1.745,2.2538,2.7576,3.2614,3.7647,4.268,4.7712,4.4903,3.8865,3.2827,2.679
3.4286,3.4434,3.4579,3.4718,3.4857,3.4995,3.5133,3.5272,3.541,3.5595,3.579,3.7892,4.1323,4.4698,4.8,5.1654,5.6345,6.1042,6.5923,7.0805,7.5701,8.06,8.55,9.0401,9.5303,10.0,10.0
4.3994,4.377,4.3552,4.3342,4.3133,4.2924,4.2715,4.2506,4.2297,4.2019,4.1724,3.855,3.337,2.8275,0.7059,1.2388,1.7489,2.2588,2.7637,3.2686,3.7731,3.8795,3.8795,3.8795,3.8795,3.8795,3.2833
3.3367,3.3367,3.3367,3.3367,3.3367,3.3367,3.3367,3.3367,3.3367,3.3367,3.3367,3.3367,3.3367,3.3367,3.3367,1.2402,1.7509,2.2614,2.7668,3.2723,3.3367,3.3367,3.3367,3.3367,3.3367,3.3367,3.3367
4.8469,4.8679,4.8883,4.9079,4.9276,4.9471,4.9667,4.9862,5.0058,5.0319,5.0595,5.3566,5.8417,6.3187,6.7856,1.2416,1.7528,2.2639,2.7699,3.2759,3.7815,4.0438,4.0438,4.0438,4.0438,4.0438,4.0438
2.8575,2.843,2.8288,2.8152,2.8015,2.788,2.7744,2.7608,2.7473,2.7292,2.71,2.5039,2.1674,1.8365,0.7082,1.243,1.7548,2.2664,2.773,3.2796,3.7857,4.2918,4.055,3.5744,3.0938,2.6132,2.1325
4.3029,4.3215,4.3396,4.3571,4.3745,4.3919,4.4092,4.4266,4.4439,4.4671,4.4916,4.7554,5.186,5.2414,5.2414,5.2414,5.2414,5.2414,5.2414,5.2414,5.2414,5.2414,5.2414,5.2414,5.2414,5.2414,5.2414
9.1398,9.1398,9.1398,9.1398,9.1398,9.1398,9.1398,9.1398,9.1398,9.1398,9.1398,9.1398,9.1398,9.1398,0.8309,1.2458,1.7587,2.2715,2.7792,2.9081,2.9081,2.9081,2.9081,2.9081,2.9081,2.9081,2.9081
3.9503,3.9503,3.9503,3.9503,3.9503,3.9503,3.9503,3.9503,3.9503,3.9503,3.9503,3.9503,3.828,3.2436,0.7106,1.2472,1.7607,2.274,2.7823,3.2906,3.7984,3.9503,3.9503,3.9503,3.9503,3.9503,3.7664
3.4021,3.4169,3.4312,3.445,3.4588,3.4725,3.4862,3.4999,3.5137,3.532,3.5514,3.7599,4.1004,4.4353,4.763,5.1255,5.591,6.0571,6.5415,3.4907,3.8027,4.311,4.8193,5.3276,5.8359,6.3442,6.8525
3.2024,3.1861,3.1702,3.1549,3.1397,3.1245,3.1092,3.0941,3.0789,3.0586,3.0371,2.8061,2.429,2.0582,0.7122,1.25,1.7646,2.2791,2.7885,3.2979,3.8069,4.3159,4.5444,4.0058,3.4672,2.9286,2.3899
3.418,3.418,3.418,3.418,3.418,3.418,3.418,3.418,3.418,3.418,3.418,3.418,3.418,3.418,3.418,3.418,3.418,2.2817,2.7917,3.3016,3.418,3.418,3.418,3.418,3.418,3.418,3.418
8.0606,8.0955,8.1295,8.1622,8.1948,8.2273,8.2599,8.2924,8.3249,8.3683,8.4142,8.9084,9.7151,9.7188,0.8835,1.2528,1.7686,2.2842,2.7948,3.0923,3.0923,3.0923,3.0923,3.0923,3.0923,3.0923,3.0923
3.0244,3.009,2.994,2.9796,2.9651,2.9508,2.9364,2.9221,2.9077,2.8886,2.8683,2.6501,2.294,1.9438,0.7146,1.2542,1.7706,2.2868,2.7979,3.3091,3.8198,4.3304,4.2918,3.7831,3.2745,2.7658,2.2571
3.4372,3.452,3.4665,3.4805,3.4944,3.5082,3.5221,3.536,3.5498,3.5683,3.5879,3.7987,4.1426,4.4809,4.812,5.1783,5.6486,6.1194,6.6088,7.0982,7.589,8.0801,8.5714,9.0627,9.5541,9.88,9.88
5.7593,5.73,5.7014,5.6739,5.6465,5.6192,5.5918,5.5645,5.5371,5.5007,5.462,5.0466,4.3685,3.7015,0.7162,1.257,1.7746,2.292,2.8043,3.1847,3.1847,3.1847,3.1847,3.1847,3.1847,3.1847,3.1847
3.2824,3.2824,3.2824,3.2824,3.2824,3.2824,3.2824,3.2824,3.2824,3.2824,3.2824,3.2824,3.2824,3.2824,3.2824,1.2584,1.7766,2.2946,2.8074,3.2824,3.2824,3.2824,3.2824,3.2824,3.2824,3.2824,3.2824
3.863,3.8797,3.896,3.9117,3.9273,3.9429,3.9585,3.9741,3.9897,4.0105,4.0325,4.2693,4.6559,5.0361,5.4082,1.4353,1.7786,2.2972,2.8106,3.324,3.8371,4.35,4.8629,5.0234,5.0234,5.0234,5.0234
2.7596,2.7456,2.7319,2.7187,2.7056,2.6925,2.6794,2.6663,2.6532,2.6357,2.6172,2.4181,2.0932,1.7736,0.7186,1.2613,1.7806,2.2998,2.8138,3.3278,3.8414,4.3549,3.9161,3.452,2.9878,2.5237,2.0595
4.036,4.036,4.036,4.036,4.036,4.036,4.036,4.036,4.036,4.036,4.036,4.036,4.036,4.036,4.036,4.036,4.036,4.036,4.036,4.036,4.036,4.036,4.036,4.036,4.036,4.036,4.036
8.6666,8.6666,8.6666,8.6666,8.6666,8.6666,8.6666,8.6666,8.6666,8.6666,8.6666,8.6666,8.6666,8.6666,0.7879,1.2641,1.7846,2.305,2.7575,2.7575,2.7575,2.7575,2.7575,2.7575,2.7575,2.7575,2.7575
3.7287,3.7097,3.6913,3.6735,3.6557,3.638,3.6203,3.6026,3.5849,3.5613,3.5363,3.2673,2.8283,2.3965,0.7211,1.2656,1.7867,2.3076,2.8234,3.3391,3.8545,4.3698,4.5437,4.5437,4.0371,3.4099,2.7827
3.1669,3.1807,3.194,3.2068,3.2197,3.2324,3.2452,3.258,3.2708,3.2878,3.3059,3.5,3.817,4.1287,4.4337,4.7712,5.2045,5.6384,6.0893,6.5402,6.9924,7.4449,7.8976,8.3503,8.803,9.2557,9.7084
3.5748,3.5566,3.5389,3.5218,3.5048,3.4878,3.4709,3.4539,3.4369,3.4143,3.3903,3.1325,2.7115,2.2975,0.7227,1.2684,1.7907,2.3128,2.8298,3.3467,3.8633,4.1224,4.1224,4.1224,3.8704,3.2691,2.6679
3.1221,3.1221,3.1221,3.1221,3.1221,3.1221,3.1221,3.1221,3.1221,3.1221,3.1221,3.1221,3.1221,3.1221,3.1221,3.1221,1.7928,2.3155,2.833,3.1221,3.1221,3.1221,3.1221,3.1221,3.1221,3.1221,3.1221
5.2906,5.3135,5.3358,5.3572,5.3786,5.4,5.4213,5.4427,5.464,5.4925,5.5227,5.847,6.3765,6.8972,7.4068,1.2713,1.7948,2.3181,2.8363,3.3544,3.3622,3.3622,3.3622,3.3622,3.3622,3.3622,3.3622
2.7086,2.6948,2.6813,2.6684,2.6555,2.6426,2.6298,2.6169,2.6041,2.5869,2.5687,2.3734,2.0544,1.7408,0.7252,1.2728,1.7969,2.3208,2.8395,3.3582,3.8765,4.2991,3.8436,3.3881,2.9325,2.4769,2.0214
3.6496,3.6654,3.6808,3.6956,3.7104,3.7251,3.7399,3.7546,3.7693,3.7889,3.8098,4.0335,4.3987,4.758,5.1095,5.4984,5.9123,5.9123,5.9123,5.9123,5.9123,5.9123,5.9123,5.9123,5.9123,5.9123,5.9123
8.7783,8.7783,8.7783,8.7783,8.7783,8.7783,8.7783,8.7783,8.7783,8.7783,8.7783,8.3129,7.1958,6.0972,0.798,1.2757,1.801,2.3261,2.7931,2.7931,2.7931,2.7931,2.7931,2.7931,2.7931,2.7931,2.7931
3.4103,3.4103,3.4103,3.4103,3.4103,3.4103,3.4103,3.4103,3.4103,3.4103,3.4103,3.4103,3.4103,3.4103,0.7277,1.2772,1.803,2.3287,2.8493,3.3698,3.4103,3.4103,3.4103,3.4103,3.4103,3.4103,3.4103
3.3124,3.3268,3.3407,3.3542,3.3676,3.3809,3.3943,3.4077,3.421,3.4389,3.4577,3.6608,3.9923,4.3183,4.6374,4.9904,5.4436,2.3314,2.8525,3.3736,3.8943,4.4149,4.9355,5.456,5.9765,6.4971,7.0176
2.8094,2.7951,2.7811,2.7677,2.7543,2.741,2.7277,2.7143,2.701,2.6832,2.6644,2.4617,2.1309,1.8056,0.7294,1.2801,1.8072,2.3341,2.8558,3.3775,3.8988,4.42,3.9867,3.5142,3.0417,2.5691,2.0966
3.3759,3.3759,3.3759,3.3759,3.3759,3.3759,3.3759,3.3759,3.3759,3.3759,3.3759,3.3759,3.3759,3.3759,3.3759,3.3759,3.3759,3.3759,2.8591,3.3759,3.3759,3.3759,3.3759,3.3759,3.3759,3.3759,3.3759
8.6532,8.6532,8.6532,8.6532,8.6532,8.6532,8.6532,8.6532,8.6532,8.6532,8.6532,8.6532,8.6532,8.6532,0.7867,1.2831,1.8114,2.3395,2.7533,2.7533,2.7533,2.7533,2.7533,2.7533,2.7533,2.7533,2.7533
3.0331,3.0176,3.0026,2.9881,2.9737,2.9593,2.9449,2.9305,2.9161,2.8969,2.8765,2.6578,2.3006,1.9494,0.7319,1.2845,1.8134,2.3422,2.8657,3.3892,3.9123,4.4353,4.3042,3.794,3.2839,2.7737,2.2636
3.1032,3.1167,3.1297,3.1423,3.1549,3.1674,3.1799,3.1924,3.205,3.2217,3.2394,3.4296,3.7402,4.0456,4.3445,4.6752,5.0998,5.5249,5.9667,6.4086,6.8517,7.2951,7.7386,8.1822,8.6258,9.0695,9.5131
4.364,4.3418,4.3201,4.2993,4.2785,4.2578,4.2371,4.2164,4.1957,4.168,4.1387,3.824,3.3101,2.8047,0.7336,1.2875,1.8176,2.3476,2.8723,3.2474,3.2474,3.2474,3.2474,3.2474,3.2474,3.2474,3.2474
3.0032,3.0032,3.0032,3.0032,3.0032,3.0032,3.0032,3.0032,3.0032,3.0032,3.0032,3.0032,3.0032,3.0032,3.0032,1.289,1.8197,2.3503,2.8756,3.0032,3.0032,3.0032,3.0032,3.0032,3.0032,3.0032,3.0032
4.0125,4.0298,4.0467,4.063,4.0793,4.0954,4.1116,4.1278,4.144,4.1656,4.1885,4.4345,4.836,5.2309,5.6175,1.2905,1.8218,2.353,2.879,3.4049,3.9304,3.9509,3.9509,3.9509,3.9509,3.9509,3.9509
2.5576,2.5446,2.5319,2.5197,2.5075,2.4954,2.4832,2.4711,2.459,2.4428,2.4256,2.2411,1.94,1.6438,0.7361,1.292,1.824,2.3557,2.8823,3.4088,3.935,4.0595,3.6294,3.1993,2.7691,2.3389,1.9087
4.1526,4.1705,4.188,4.2049,4.2217,4.2384,4.2552,4.272,4.281,4.281,4.281,4.281,4.281,4.281,4.281,4.281,4.281,4.281,4.281,4.281,4.281,4.281,4.281,4.281,4.281,4.281,4.281
8.1346,8.1346,8.1346,8.1346,8.1346,8.1346,8.1346,8.1346,8.1346,8.1346,8.1346,8.1346,8.1346,8.1346,0.7395,1.295,1.8282,2.3612,2.5883,2.5883,2.5883,2.5883,2.5883,2.5883,2.5883,2.5883,2.5883
3.773,3.773,3.773,3.773,3.773,3.773,3.773,3.773,3.773,3.773,3.773,3.5515,3.0742,2.6049,0.7387,1.2965,1.8303,2.364,2.8924,3.4207,3.773,3.773,3.773,3.773,3.773,3.7065,3.0247
3.0104,3.0234,3.0361,3.0483,3.0605,3.0727,3.0848,3.0969,3.1091,3.1253,3.1425,3.327,3.6283,3.9246,4.2146,4.5353,4.9472,5.3596,5.7882,6.2168,6.6467,7.0769,5.0102,5.5386,6.067,6.5954,7.1238
3.0314,3.016,3.0009,2.9865,2.972,2.9576,2.9432,2.9289,2.9145,2.8953,2.8749,2.6563,2.2993,1.9483,0.7404,1.2995,1.8346,2.3695,2.8991,3.4287,3.9579,4.487,4.3018,3.7919,3.2821,2.7722,2.2623
3.006,3.006,3.006,3.006,3.006,3.006,3.006,3.006,3.006,3.006,3.006,3.006,3.006,3.006,3.006,3.006,1.8367,2.3723,2.9025,3.006,3.006,3.006,3.006,3.006,3.006,3.006,3.006
6.1456,6.1722,6.1981,6.223,6.2479,6.2727,6.2975,6.3223,6.3471,6.3802,6.4152,6.792,7.407,8.0119,0.8298,1.3025,1.8389,2.375,2.9041,2.9041,2.9041,2.9041,2.9041,2.9041,2.9041,2.9041,2.9041
2.6424,2.6289,2.6158,2.6032,2.5906,2.5781,2.5655,2.553,2.5405,2.5237,2.506,2.3154,2.0043,1.6983,0.743,1.3041,1.841,2.3778,2.9093,3.4407,3.9718,4.1941,3.7497,3.3053,2.8609,2.4164,1.972
3.2049,3.2188,3.2323,3.2453,3.2583,3.2712,3.2841,3.297,3.31,3.3272,3.3455,3.542,3.8627,4.1782,4.4869,4.8284,5.2669,5.7059,6.1622,6.6185,7.0762,7.2101,7.2101,7.2101,7.2101,7.2101,7.2101
6.1585,6.1271,6.0966,6.0672,6.0378,6.0086,5.9794,5.9501,5.9209,5.8819,5.8406,5.3964,4.6712,3.958,0.7448,1.3071,1.8453,2.3834,2.7626,2.7626,2.7626,2.7626,2.7626,2.7626,2.7626,2.7626,2.7626
3.0404,3.0404,3.0404,3.0404,3.0404,3.0404,3.0404,3.0404,3.0404,3.0404,3.0404,3.0404,3.0404,3.0404,0.7456,1.3087,1.8475,2.3862,2.9195,3.0404,3.0404,3.0404,3.0404,3.0404,3.0404,3.0404,3.0404
3.3243,3.3387,3.3527,3.3662,3.3796,3.3931,3.4065,3.4199,3.4333,3.4512,3.4701,3.6739,4.0066,4.3338,4.654,1.4888,1.8497,2.389,2.923,3.4569,3.9905,4.5239,5.0573,5.2109,5.2109,5.2109,5.2109
2.5402,2.5272,2.5146,2.5025,2.4904,2.4784,2.4663,2.4542,2.4422,2.4261,2.4091,2.2258,1.9267,1.6326,0.7474,1.3117,1.8519,2.3918,2.9264,3.461,3.9952,4.0318,3.6047,3.1774,2.7502,2.323,1.8957
3.4417,3.4417,3.4417,3.4417,3.4417,3.4417,3.4417,3.4417,3.4417,3.4417,3.4417,3.4417,3.4417,3.4417,3.4417,3.4417,3.4417,3.4417,3.4417,3.4417,3.4417,3.4417,3.4417,3.4417,3.4417,3.4417,3.4417
7.9293,7.9293,7.9293,7.9293,7.9293,7.9293,7.9293,7.9293,7.9293,7.9293,7.9293,7.9293,7.9293,7.9293,0.7492,1.3148,1.8562,2.3974,2.523,2.523,2.523,2.523,2.523,2.523,2.523,2.523,2.523
3.1463,3.1302,3.1146,3.0996,3.0846,3.0697,3.0548,3.0398,3.0249,3.005,2.9839,2.7569,2.3865,2.0221,0.7501,1.3164,1.8584,2.4003,2.9368,3.4733,4.0093,4.5305,4.4648,3.9356,3.4064,2.8772,2.348
2.8804,2.8929,2.905,2.9167,2.9284,2.94,2.9516,2.9632,2.9748,2.9903,3.0068,3.1833,3.4716,3.7551,4.0326,4.3395,4.7336,5.1282,5.5383,5.9484,6.3597,6.7713,7.183,7.5947,8.0065,8.4182,8.83
3.5153,3.4974,3.48,3.4632,3.4464,3.4298,3.4131,3.3964,3.3797,3.3574,3.3339,3.0803,2.6664,2.2593,0.7518,1.3195,1.8628,2.406,2.9437,3.4349,3.4349,3.4349,3.4349,3.4349,3.4349,3.2147,2.6235
2.8228,2.8228,2.8228,2.8228,2.8228,2.8228,2.8228,2.8228,2.8228,2.8228,2.8228,2.8228,2.8228,2.8228,2.8228,1.3211,1.865,2.4088,2.8228,2.8228,2.8228,2.8228,2.8228,2.8228,2.8228,2.8228,2.8228
4.3406,4.3594,4.3777,4.3953,4.4129,4.4304,4.4479,4.4654,4.4829,4.5063,4.531,4.7971,5.2315,5.6587,0.9338,1.3226,1.8673,2.4117,2.9507,3.2683,3.2683,3.2683,3.2683,3.2683,3.2683,3.2683,3.2683
2.4341,2.4217,2.4097,2.398,2.3864,2.3749,2.3633,2.3518,2.3402,2.3248,2.3085,2.1329,1.8463,1.5644,0.7545,1.3242,1.8695,2.4145,2.9542,3.4939,4.0331,3.8635,3.4542,3.0448,2.6354,2.226,1.8166
3.5128,3.528,3.5428,3.557,3.5712,3.5854,3.5996,3.6138,3.6279,3.6468,3.6669,3.8822,4.2338,4.5795,4.7564,4.7564,4.7564,4.7564,4.7564,4.7564,4.7564,4.7564,4.7564,4.7564,4.7564,4.7564,4.7564
7.8395,7.8395,7.8395,7.8395,7.8395,7.8395,7.8395,7.8395,7.8395,7.8395,7.8395,7.8395,7.8395,7.8074,0.7563,1.3274,1.8739,2.4203,2.4944,2.4944,2.4944,2.4944,2.4944,2.4944,2.4944,2.4944,2.4944
3.2541,3.2541,3.2541,3.2541,3.2541,3.2541,3.2541,3.2541,3.2541,3.2541,3.2541,3.2541,3.2541,2.9908,0.7572,1.329,1.8762,2.4232,2.9648,3.2541,3.2541,3.2541,3.2541,3.2541,3.2541,3.2541,3.2541
2.9386,2.9513,2.9637,2.9756,2.9875,2.9993,3.0112,3.0231,3.0349,3.0507,3.0675,3.2476,3.5417,3.8309,4.114,4.4271,4.8292,2.4557,2.9683,3.5106,4.0524,4.5941,5.1358,5.6775,6.2192,6.7608,7.3025
2.6598,2.6462,2.6331,2.6204,2.6077,2.5951,2.5824,2.5698,2.5572,2.5404,2.5225,2.3307,2.0175,1.7095,0.759,1.3321,1.8806,2.429,2.9719,3.5148,4.0573,4.2217,3.7744,3.3271,2.8797,2.4324,1.985
2.9735,2.9735,2.9735,2.9735,2.9735,2.9735,2.9735,2.9735,2.9735,2.9735,2.9735,2.9735,2.9735,2.9735,2.9735,2.9735,2.9735,2.9735,2.9735,2.9735,2.9735,2.9735,2.9735,2.9735,2.9735,2.9735,2.9735
7.7967,7.8304,7.8633,7.8949,7.9265,7.958,7.9894,8.0209,8.0523,8.0943,8.1341,8.1341,8.1341,8.1341,0.7608,1.3353,1.8852,2.4348,2.5881,2.5881,2.5881,2.5881,2.5881,2.5881,2.5881,2.5881,2.5881
2.6506,2.6371,2.624,2.6113,2.5987,2.5861,2.5735,2.561,2.5484,2.5316,2.5138,2.3226,2.0105,1.7036,0.7618,1.3369,1.8874,2.4377,2.9826,3.5274,4.0719,4.2072,3.7614,3.3156,2.8698,2.424,1.9781
2.8976,2.9101,2.9223,2.9341,2.9458,2.9575,2.9692,2.9809,2.9926,3.0082,3.0247,3.2023,3.4923,3.7775,4.0566,4.3654,4.7618,5.1588,5.5713,5.9838,6.3976,6.8116,7.2258,7.64,8.0542,8.4684,8.8826
4.521,4.4979,4.4755,4.4539,4.4324,4.4109,4.3895,4.368,4.3466,4.3179,4.2876,3.9615,3.4292,2.9056,0.7636,1.3401,1.892,2.4436,2.813,2.813,2.813,2.813,2.813,2.813,2.813,2.813,2.813
2.7863,2.7863,2.7863,2.7863,2.7863,2.7863,2.7863,2.7863,2.7863,2.7863,2.7863,2.7863,2.7863,2.7863,2.7863,1.3418,1.8942,2.4465,2.7863,2.7863,2.7863,2.7863,2.7863,2.7863,2.7863,2.7863,2.7863
3.4409,3.4558,3.4703,3.4842,3.4982,3.512,3.5259,3.5398,3.5537,3.5722,3.5918,3.8028,4.1471,4.4858,4.8172,1.3434,1.8965,2.4495,2.997,3.5444,4.0135,4.0135,4.0135,4.0135,4.0135,4.0135,4.0135
2.3581,2.3461,2.3344,2.3232,2.3119,2.3007,2.2896,2.2784,2.2672,2.2522,2.2364,2.0663,1.7886,1.5156,0.7663,1.345,1.8988,2.4524,3.0006,3.5487,4.0964,3.7429,3.3463,2.9497,2.5531,2.1565,1.7599
3.628,3.628,3.628,3.628,3.628,3.628,3.628,3.628,3.628,3.628,3.628,3.628,3.628,3.628,3.628,3.628,3.628,3.628,3.628,3.628,3.628,3.628,3.628,3.628,3.628,3.628,3.628
7.454,7.454,7.454,7.454,7.454,7.454,7.454,7.454,7.454,7.454,7.454,7.454,7.454,7.454,0.7682,1.3483,1.9034,2.3717,2.3717,2.3717,2.3717,2.3717,2.3717,2.3717,2.3717,2.3717,2.3717
3.3863,3.369,3.3523,3.3361,3.32,3.3039,3.2878,3.2717,3.2557,3.2342,3.2115,2.9673,2.5685,2.1764,0.7691,1.3499,1.9057,2.4613,3.0115,3.5616,3.7255,3.7255,3.7255,3.7255,3.6663,3.0967,2.5272
2.7414,2.7533,2.7648,2.7759,2.787,2.7981,2.8092,2.8202,2.8313,2.846,2.8617,3.0297,3.3041,3.5739,3.838,4.1301,4.5051,4.8807,5.271,5.6613,6.0528,6.4445,6.8363,7.2282,7.6201,6.9977,7.4176
2.961,2.9459,2.9312,2.9171,2.903,2.8889,2.8749,2.8608,2.8468,2.828,2.8081,2.5946,2.2459,1.903,0.771,1.3532,1.9103,2.4673,3.0188,3.5703,3.7882,3.7882,3.7882,3.7038,3.2058,2.7078,2.2098
2.7199,2.7199,2.7199,2.7199,2.7199,2.7199,2.7199,2.7199,2.7199,2.7199,2.7199,2.7199,2.7199,2.7199,2.7199,2.7199,1.9127,2.4703,2.7199,2.7199,2.7199,2.7199,2.7199,2.7199,2.7199,2.7199,2.7199
4.9305,4.9519,4.9726,4.9926,5.0126,5.0325,5.0524,5.0723,5.0922,5.1187,5.1468,5.4491,5.9425,6.4278,0.8029,1.3565,1.915,2.4733,2.81,2.81,2.81,2.81,2.81,2.81,2.81,2.81,2.81
2.375,2.3629,2.3511,2.3398,2.3285,2.3172,2.3059,2.2947,2.2834,2.2683,2.2524,2.0811,1.8014,1.5264,0.7738,1.3581,1.9173,2.4763,3.0298,3.5833,4.1364,3.7697,3.3703,2.9708,2.5714,2.1719,1.7725
3.0751,3.0884,3.1014,3.1138,3.1263,3.1387,3.1511,3.1635,3.1759,3.1925,3.21,3.3985,3.7063,4.0089,4.3051,4.6328,5.0535,5.4748,5.6074,5.6074,5.6074,5.6074,5.6074,5.6074,5.6074,5.6074,5.6074
7.0127,6.9769,6.9422,6.9087,6.8753,6.842,6.8087,6.7754,6.7421,6.6977,6.6507,6.1449,5.3191,4.507,0.7757,1.3614,1.922,2.4654,2.4654,2.4654,2.4654,2.4654,2.4654,2.4654,2.4654,2.4654,2.4654
2.895,2.895,2.895,2.895,2.895,2.895,2.895,2.895,2.895,2.895,2.895,2.895,2.895,2.895,0.7767,1.3631,1.9244,2.4854,2.895,2.895,2.895,2.895,2.895,2.895,2.895,2.895,2.895
2.9439,2.9567,2.9691,2.981,2.9929,3.0048,3.0167,3.0285,3.0404,3.0563,3.0731,3.2535,3.5482,3.8379,4.1215,4.4352,1.9267,2.4885,3.0447,3.6009,4.1566,4.7123,5.2679,5.6796,5.6796,5.6796,5.6796
2.4016,2.3893,2.3774,2.366,2.3545,2.3431,2.3317,2.3203,2.3089,2.2937,2.2776,2.1044,1.8216,1.5435,0.7786,1.3664,1.9291,2.4915,3.0484,3.6053,4.1617,3.8119,3.408,3.0041,2.6002,2.1962,1.7923
3.022,3.022,3.022,3.022,3.022,3.022,3.022,3.022,3.022,3.022,3.022,3.022,3.022,3.022,3.022,3.022,3.022,3.022,3.022,3.022,3.022,3.022,3.022,3.022,3.022,3.022,3.022
7.4464,7.4464,7.4464,7.4464,7.4464,7.4464,7.4464,7.4464,7.4464,7.4464,7.4464,7.4464,7.4464,7.4464,0.7805,1.3698,1.9338,2.3693,2.3693,2.3693,2.3693,2.3693,2.3693,2.3693,2.3693,2.3693,2.3693
2.7361,2.7221,2.7086,2.6955,2.6825,2.6695,2.6565,2.6435,2.6305,2.6132,2.5949,2.3975,2.0753,1.7585,0.7814,1.3715,1.9362,2.5007,3.0597,3.6186,4.1771,4.3428,3.8827,3.4225,2.9623,2.5021,2.0419
2.6875,2.6991,2.7104,2.7213,2.7322,2.7431,2.7539,2.7647,2.7756,2.7901,2.8054,2.9701,3.2391,3.5036,3.7625,4.0489,4.4165,4.7847,5.1674,5.55,5.9338,6.3178,6.7019,6.0917,6.4759,6.9774,7.5364
3.5718,3.5536,3.5359,3.5188,3.5018,3.4848,3.4679,3.4509,3.434,3.4114,3.3874,3.1298,2.7092,2.2956,0.7834,1.3749,1.941,2.5069,2.954,2.954,2.954,2.954,2.954,2.954,2.954,2.954,2.6656
2.617,2.617,2.617,2.617,2.617,2.617,2.617,2.617,2.617,2.617,2.617,2.617,2.617,2.617,2.617,1.3766,1.9434,2.51,2.617,2.617,2.617,2.617,2.617,2.617,2.617,2.617,2.617
3.6841,3.7001,3.7156,3.7305,3.7454,3.7603,3.7752,3.79,3.8049,3.8247,3.8457,4.0716,4.4403,4.8029,0.9354,1.3783,1.9458,2.5131,3.0748,3.2741,3.2741,3.2741,3.2741,3.2741,3.2741,3.2741,3.2741
2.2423,2.2309,2.2198,2.2091,2.1984,2.1878,2.1771,2.1665,2.1558,2.1416,2.1266,1.9649,1.7008,1.4411,0.7863,1.38,1.9482,2.5162,3.0786,3.641,3.9361,3.5591,3.182,2.8049,2.4277,2.0506,1.6734
3.4774,3.4925,3.5072,3.5213,3.5353,3.5494,3.5634,3.5774,3.5915,3.6102,3.63,3.8432,3.9726,3.9726,3.9726,3.9726,3.9726,3.9726,3.9726,3.9726,3.9726,3.9726,3.9726,3.9726,3.9726,3.9726,3.9726
7.1751,7.1751,7.1751,7.1751,7.1751,7.1751,7.1751,7.1751,7.1751,7.1751,7.1751,7.1751,7.1751,7.1751,0.7882,1.3834,1.953,2.283,2.283,2.283,2.283,2.283,2.283,2.283,2.283,2.283,2.283
3.1886,3.1886,3.1886,3.1886,3.1886,3.1886,3.1886,3.1886,3.1886,3.1886,3.1886,3.1886,2.8888,2.4478,0.7892,1.3851,1.9555,2.5256,3.0901,3.1886,3.1886,3.1886,3.1886,3.1886,3.1886,3.1886,2.8423
2.6716,2.6831,2.6944,2.7052,2.716,2.7268,2.7376,2.7484,2.7592,2.7735,2.7888,2.9525,3.2199,3.4829,3.7402,4.0249,4.3904,4.7564,3.1797,3.6591,4.2239,4.7885,5.3531,5.9177,6.4823,7.0469,7.6115
2.5829,2.5697,2.5569,2.5446,2.5323,2.52,2.5078,2.4955,2.4833,2.4669,2.4496,2.2633,1.9591,1.66,0.7912,1.3886,1.9603,2.5319,3.0978,3.6637,4.2292,4.0996,3.6653,3.2309,2.7965,2.362,1.9276
2.6843,2.6843,2.6843,2.6843,2.6843,2.6843,2.6843,2.6843,2.6843,2.6843,2.6843,2.6843,2.6843,2.6843,2.6843,2.6843,2.6843,2.535,2.6843,2.6843,2.6843,2.6843,2.6843,2.6843,2.6843,2.6843,2.6843
5.9818,6.0077,6.0329,6.0571,6.0814,6.1055,6.1296,6.1538,6.1779,6.2101,6.2442,6.6109,7.2096,7.7983,0.7932,1.392,1.9652,2.4929,2.4929,2.4929,2.4929,2.4929,2.4929,2.4929,2.4929,2.4929,2.4929
2.3748,2.3627,2.3509,2.3396,2.3283,2.317,2.3057,2.2945,2.2832,2.2681,2.2522,2.0809,1.8013,1.5263,0.7941,1.3938,1.9677,2.5414,3.1094,3.6774,4.1686,3.7693,3.37,2.9706,2.5712,2.1717,1.7723
2.7701,2.7821,2.7938,2.805,2.8162,2.8274,2.8386,2.8497,2.8609,2.8758,2.8916,3.0614,3.3387,3.6113,3.8782,4.1733,4.5523,4.9318,5.3262,5.7206,6.1162,6.512,6.9079,7.2126,6.675,7.091,7.2126
4.8811,4.8563,4.8321,4.8088,4.7855,4.7623,4.7392,4.716,4.6928,4.6619,4.6292,4.2771,3.7023,3.1371,0.7961,1.3973,1.9726,2.4995,2.4995,2.4995,2.4995,2.4995,2.4995,2.4995,2.4995,2.4995,2.4995
2.645,2.645,2.645,2.645,2.645,2.645,2.645,2.645,2.645,2.645,2.645,2.645,2.645,2.645,0.7971,1.399,1.9751,2.551,2.645,2.645,2.645,2.645,2.645,2.645,2.645,2.645,2.645
3.0293,3.0424,3.0552,3.0675,3.0798,3.092,3.1042,3.1164,3.1286,3.1449,3.1622,3.3479,3.6511,3.9493,4.2411,1.4008,1.9776,2.5542,3.125,3.6959,4.2228,4.2228,4.2228,4.2228,4.2228,4.2228,4.2228
2.2236,2.2122,2.2012,2.1906,2.18,2.1694,2.1589,2.1483,2.1378,2.1237,2.1088,1.9484,1.6866,1.4291,0.7991,1.4026,1.9801,2.5574,3.129,3.7006,3.9031,3.5293,3.1554,2.7814,2.4074,2.0334,1.6594
3.1607,3.1607,3.1607,3.1607,3.1607,3.1607,3.1607,3.1607,3.1607,3.1607,3.1607,3.1607,3.1607,3.1607,3.1607,3.1607,3.1607,3.1607,3.1607,3.1607,3.1607,3.1607,3.1607,3.1607,3.1607,3.1607,3.1607
6.9826,6.9826,6.9826,6.9826,6.9826,6.9826,6.9826,6.9826,6.9826,6.9826,6.9826,6.9826,6.9826,6.9826,0.8012,1.4061,1.9851,2.2217,2.2217,2.2217,2.2217,2.2217,2.2217,2.2217,2.2217,2.2217,2.2217
2.9141,2.8993,2.8849,2.871,2.8571,2.8432,2.8294,2.8156,2.8017,2.7833,2.7637,2.5535,2.2104,1.8729,0.8022,1.4079,1.9876,2.5671,3.1408,3.7146,3.7834,3.7834,3.7834,3.6452,3.1551,2.665,2.1748
2.5514,2.5624,2.5732,2.5835,2.5939,2.6042,2.6145,2.6248,2.635,2.6488,2.6633,2.8197,3.0751,3.3262,3.572,3.8438,4.1929,4.5425,4.9057,5.269,5.6333,5.0539,5.4412,6.0151,6.5889,7.1628,7.7367
2.9682,2.953,2.9383,2.9242,2.91,2.8959,2.8818,2.8678,2.8537,2.8349,2.815,2.6009,2.2514,1.9076,0.8042,1.4114,1.9926,2.5736,3.1488,3.2124,3.2124,3.2124,3.2124,3.2124,3.2124,2.7144,2.2151
2.5149,2.5149,2.5149,2.5149,2.5149,2.5149,2.5149,2.5149,2.5149,2.5149,2.5149,2.5149,2.5149,2.5149,2.5149,2.5149,1.9951,2.5149,2.5149,2.5149,2.5149,2.5149,2.5149,2.5149,2.5149,2.5149,2.5149
4.1055,4.1233,4.1406,4.1573,4.1739,4.1905,4.207,4.2236,4.2401,4.2622,4.2856,4.5373,4.9482,5.3523,0.8062,1.415,1.9977,2.5801,2.7858,2.7858,2.7858,2.7858,2.7858,2.7858,2.7858,2.7858,2.7858
2.1813,2.1702,2.1594,2.1489,2.1386,2.1282,2.1178,2.1075,2.0971,2.0833,2.0687,1.9114,1.6545,1.4019,0.8073,1.4168,2.0002,2.5834,3.1608,3.7382,3.8289,3.4622,3.0954,2.7285,2.3616,1.9948,1.6279
3.0193,3.0324,3.0451,3.0573,3.0696,3.0817,3.0939,3.1061,3.1183,3.1345,3.1517,3.3368,3.639,3.9362,4.227,4.5488,4.5605,4.5605,4.5605,4.5605,4.5605,4.5605,4.5605,4.5605,4.5605,4.5605,4.5605
7.0667,7.0667,7.0667,7.0667,7.0667,7.0667,7.0667,7.0667,7.0667,7.0667,7.0667,7.0667,6.5606,5.559,0.8093,1.4204,2.0053,2.2485,2.2485,2.2485,2.2485,2.2485,2.2485,2.2485,2.2485,2.2485,2.2485
2.818,2.818,2.818,2.818,2.818,2.818,2.818,2.818,2.818,2.818,2.818,2.818,2.818,2.818,0.8104,1.4222,2.0079,2.5933,2.818,2.818,2.818,2.818,2.818,2.818,2.818,2.818,2.818
2.665,2.6766,2.6878,2.6986,2.7094,2.7201,2.7309,2.7416,2.7524,2.7667,2.7819,2.9453,3.212,3.4743,3.731,4.015,2.0104,2.5966,3.177,3.7573,4.3372,4.917,5.4968,6.0765,6.5437,6.5437,6.5437
2.3193,2.3075,2.296,2.2849,2.2739,2.2629,2.2518,2.2408,2.2298,2.2151,2.1996,2.0323,1.7592,1.4906,0.8124,1.4259,2.013,2.5999,3.181,3.7621,4.0712,3.6813,3.2912,2.9012,2.5111,2.121,1.7309
2.7138,2.7138,2.7138,2.7138,2.7138,2.7138,2.7138,2.7138,2.7138,2.7138,2.7138,2.7138,2.7138,2.7138,2.7138,2.7138,2.7138,2.7138,2.7138,2.7138,2.7138,2.7138,2.7138,2.7138,2.7138,2.7138,2.7138
7.1385,7.1385,7.1385,7.1385,7.1385,7.1385,7.1385,7.1385,7.1385,7.1385,7.1385,7.1385,7.1385,7.1385,0.8145,1.4295,2.0182,2.2714,2.2714,2.2714,2.2714,2.2714,2.2714,2.2714,2.2714,2.2714,2.2714
2.4354,2.423,2.4109,2.3993,2.3877,2.3761,2.3646,2.353,2.3414,2.326,2.3097,2.134,1.8472,1.5652,0.8156,1.4314,2.0208,2.6099,3.1933,3.7766,4.275,3.8655,3.456,3.0464,2.6368,2.2271,1.8175
2.5585,2.5695,2.5803,2.5907,2.601,2.6114,2.6217,2.632,2.6423,2.6561,2.6707,2.8275,3.0836,3.3354,3.5818,3.8545,4.2045,4.555,4.9193,5.2835,5.6489,5.0679,5.5322,6.1156,6.6991,7.2826,7.866
3.7406,3.7216,3.703,3.6852,3.6673,3.6496,3.6318,3.6141,3.5963,3.5726,3.5475,3.2777,2.8373,2.4041,0.8177,1.4351,2.026,2.6033,2.6033,2.6033,2.6033,2.6033,2.6033,2.6033,2.6033,2.6033,2.6033
2.4746,2.4746,2.4746,2.4746,2.4746,2.4746,2.4746,2.4746,2.4746,2.4746,2.4746,2.4746,2.4746,2.4746,2.4746,1.4369,2.0286,2.4746,2.4746,2.4746,2.4746,2.4746,2.4746,2.4746,2.4746,2.4746,2.4746
3.2096,3.2235,3.2371,3.2501,3.2631,3.276,3.289,3.3019,3.3149,3.3321,3.3504,3.5472,3.8684,4.1843,0.9627,1.4388,2.0312,2.6234,3.2098,3.3693,3.3693,3.3693,3.3693,3.3693,3.3693,3.3693,3.3693
2.1063,2.0956,2.0852,2.0751,2.0651,2.0551,2.0451,2.0351,2.0251,2.0117,1.9976,1.8457,1.5977,0.4368,0.8208,1.4406,2.0338,2.6268,3.2139,3.8011,3.6974,3.3432,2.989,2.6348,2.2805,1.9262,1.5719
3.4144,3.4144,3.4144,3.4144,3.4144,3.4144,3.4144,3.4144,3.4144,3.4144,3.4144,3.4144,3.4144,3.4144,3.4144,3.4144,3.4144,3.4144,3.4144,3.4144,3.4144,3.4144,3.4144,3.4144,3.4144,3.4144,3.4144
6.6955,6.6955,6.6955,6.6955,6.6955,6.6955,6.6955,6.6955,6.6955,6.6955,6.6955,6.6955,6.6955,6.6955,0.823,1.4444,2.0391,2.1304,2.1304,2.1304,2.1304,2.1304,2.1304,2.1304,2.1304,2.1304,2.1304
3.1963,3.1963,3.1874,3.172,3.1567,3.1414,3.1261,3.1108,3.0956,3.0752,3.0536,2.8213,2.4422,2.0693,0.824,1.4462,2.0417,2.637,3.1963,3.1963,3.1963,3.1963,3.1963,3.1963,3.1963,2.9444,2.4029
2.4763,2.487,2.4974,2.5075,2.5175,2.5275,2.5375,2.5475,2.5575,2.5708,2.5849,2.7367,2.9845,3.2282,3.4668,3.7307,4.0694,4.4087,4.7613,5.1138,4.5512,5.0001,5.5897,6.1792,6.7687,7.3583,7.9478
2.5624,2.5493,2.5366,2.5244,2.5122,2.5,2.4879,2.4757,2.4635,2.4473,2.4301,2.2453,1.9436,1.6468,0.8262,1.45,2.0471,2.6439,3.2348,3.6462,3.6462,3.6462,3.6362,3.2052,2.7743,2.3433,1.9123
2.4708,2.4708,2.4708,2.4708,2.4708,2.4708,2.4708,2.4708,2.4708,2.4708,2.4708,2.4708,2.4708,2.4708,2.4708,2.4708,2.4708,2.4708,2.4708,2.4708,2.4708,2.4708,2.4708,2.4708,2.4708,2.4708,2.4708
4.818,4.8388,4.8591,4.8787,4.8982,4.9176,4.9371,4.9565,4.9759,5.0019,5.0293,5.3247,5.8069,6.2811,0.8283,1.4538,2.0524,2.4505,2.4505,2.4505,2.4505,2.4505,2.4505,2.4505,2.4505,2.4505,2.4505
2.17,2.159,2.1482,2.1378,2.1275,2.1172,2.1069,2.0966,2.0863,2.0726,2.058,1.9015,1.646,0.45,0.8294,1.4557,2.0551,2.6543,3.2475,3.8408,3.8091,3.4443,3.0794,2.7144,2.3494,1.9845,1.6195
2.7004,2.7121,2.7235,2.7344,2.7454,2.7562,2.7671,2.778,2.7889,2.8035,2.8189,2.9844,3.2547,3.5204,3.7806,4.0683,4.4378,4.8077,5.1922,5.5767,5.5885,5.5885,5.5885,5.5885,5.5885,5.5885,5.5885
5.5169,5.4888,5.4614,5.4351,5.4088,5.3826,5.3564,5.3303,5.3041,5.2691,5.2321,4.8342,4.1846,3.5457,0.8316,1.4595,2.0605,2.2662,2.2662,2.2662,2.2662,2.2662,2.2662,2.2662,2.2662,2.2662,2.2662
2.5587,2.5587,2.5587,2.5587,2.5587,2.5587,2.5587,2.5587,2.5587,2.5587,2.5587,2.5587,2.5587,2.5587,0.8327,1.4614,2.0632,2.5587,2.5587,2.5587,2.5587,2.5587,2.5587,2.5587,2.5587,2.5587,2.5587
2.7232,2.735,2.7464,2.7575,2.7685,2.7795,2.7905,2.8015,2.8125,2.8271,2.8426,3.0096,3.2821,3.5501,3.8125,1.4633,2.0659,2.6682,3.2646,3.861,4.4569,4.6071,4.6071,4.6071,4.6071,4.6071,4.6071
2.1355,2.1246,2.114,2.1038,2.0937,2.0835,2.0734,2.0633,2.0531,2.0396,2.0253,1.8712,1.6198,0.4429,0.8349,1.4653,2.0686,2.6717,3.2689,3.866,3.7486,3.3895,3.0304,2.6712,2.3121,1.9529,1.5937
2.8144,2.8144,2.8144,2.8144,2.8144,2.8144,2.8144,2.8144,2.8144,2.8144,2.8144,2.8144,2.8144,2.8144,2.8144,2.8144,2.8144,2.8144,2.8144,2.8144,2.8144,2.8144,2.8144,2.8144,2.8144,2.8144,2.8144
6.6598,6.6598,6.6598,6.6598,6.6598,6.6598,6.6598,6.6598,6.6598,6.6598,6.6598,6.6598,6.6598,6.6598,0.8371,1.4691,2.074,2.119,2.119,2.119,2.119,2.119,2.119,2.119,2.119,2.119,2.119
2.567,2.5539,2.5412,2.529,2.5167,2.5045,2.4924,2.4802,2.468,2.4517,2.4345,2.2494,1.9471,1.6498,0.8382,1.4711,2.0768,2.6823,3.2818,3.8813,3.9451,3.9451,3.6428,3.211,2.7793,2.3475,1.9158
2.4171,2.4275,2.4377,2.4475,2.4573,2.467,2.4768,2.4866,2.4963,2.5093,2.5231,2.6713,2.9132,3.1511,3.3839,3.6414,3.9721,4.3033,4.6474,4.0973,4.4863,5.086,5.6857,6.2854,6.8851,7.4847,8.0844
3.0467,3.0312,3.0161,3.0016,2.9871,2.9726,2.9581,2.9437,2.9292,2.9099,2.8895,2.6697,2.311,1.9581,0.8404,1.475,2.0823,2.6894,2.7944,2.7944,2.7944,2.7944,2.7944,2.7944,2.7944,2.7862,2.2738
2.3666,2.3666,2.3666,2.3666,2.3666,2.3666,2.3666,2.3666,2.3666,2.3666,2.3666,2.3666,2.3666,2.3666,2.3666,1.4769,2.085,2.3666,2.3666,2.3666,2.3666,2.3666,2.3666,2.3666,2.3666,2.3666,2.3666
3.5179,3.5331,3.5479,3.5622,3.5764,3.5906,3.6048,3.619,3.6332,3.6521,3.6722,3.8879,4.2399,4.5862,0.8426,1.4789,2.0878,2.6965,2.8225,2.8225,2.8225,2.8225,2.8225,2.8225,2.8225,2.8225,2.8225
2.0388,2.0284,2.0183,2.0086,1.9989,1.9892,1.9795,1.9699,1.9602,1.9473,1.9336,1.7865,1.5465,0.4228,0.8437,1.4808,2.0906,2.7001,3.3036,3.9071,3.5789,3.2361,2.8932,2.5503,2.2074,1.8645,1.5216
3.025,3.0381,3.0509,3.0632,3.0754,3.0876,3.0998,3.112,3.1242,3.1405,3.1578,3.3432,3.6459,3.8355,3.8355,3.8355,3.8355,3.8355,3.8355,3.8355,3.8355,3.8355,3.8355,3.8355,3.8355,3.8355,3.8355
6.5597,6.5597,6.5597,6.5597,6.5597,6.5597,6.5597,6.5597,6.5597,6.5597,6.5597,6.5597,6.5597,6.5597,0.846,1.4848,2.0872,2.0872,2.0872,2.0872,2.0872,2.0872,2.0872,2.0872,2.0872,2.0872,2.0872
2.7959,2.7959,2.7959,2.7959,2.7959,2.7959,2.7959,2.7959,2.7959,2.7959,2.7959,2.7959,2.7959,2.3952,0.8471,1.4868,2.0989,2.7109,2.7959,2.7959,2.7959,2.7959,2.7959,2.7959,2.7959,2.7959,2.7813
2.4561,2.4667,2.477,2.487,2.4969,2.5069,2.5168,2.5267,2.5366,2.5498,2.5638,2.7144,2.9602,3.2019,3.4385,3.7002,2.3199,2.7145,3.3213,3.928,4.5343,5.1404,5.7465,6.3526,6.9586,7.5647,8.1196
2.281,2.2693,2.258,2.2472,2.2363,2.2255,2.2146,2.2038,2.193,2.1785,2.1632,1.9987,1.7301,1.466,0.8494,1.4907,2.1046,2.7182,3.3257,3.9333,4.0039,3.6204,3.2368,2.8532,2.4696,2.0859,1.7023
2.482,2.482,2.482,2.482,2.482,2.482,2.482,2.482,2.482,2.482,2.482,2.482,2.482,2.482,2.482,2.482,2.482,2.482,2.482,2.482,2.482,2.482,2.482,2.482,2.482,2.482,2.482
6.0939,6.1202,6.1459,6.1706,6.1953,6.2199,6.2445,6.2691,6.2936,6.3264,6.3612,6.7348,6.9644,6.9644,0.8517,1.4947,2.1102,2.2159,2.2159,2.2159,2.2159,2.2159,2.2159,2.2159,2.2159,2.2159,2.2159
2.2091,2.1978,2.1868,2.1763,2.1658,2.1553,2.1448,2.1343,2.1238,2.1098,2.095,1.9357,1.6756,0.4581,0.8528,1.4968,2.113,2.7291,3.3391,3.9491,3.8777,3.5063,3.1348,2.7633,2.3917,2.0202,1.6486
2.4774,2.4881,2.4985,2.5086,2.5186,2.5286,2.5386,2.5486,2.5586,2.5719,2.586,2.7379,2.9859,3.2297,3.4683,3.7323,4.0713,4.4107,4.7634,4.1995,4.5648,5.175,5.7851,6.3953,7.0054,7.601,7.601
4.0419,4.0213,4.0013,3.982,3.9627,3.9435,3.9244,3.9052,3.886,3.8604,3.8333,3.5417,3.0658,2.5977,0.8551,1.5008,2.1187,2.34,2.34,2.34,2.34,2.34,2.34,2.34,2.34,2.34,2.34
2.3792,2.3792,2.3792,2.3792,2.3792,2.3792,2.3792,2.3792,2.3792,2.3792,2.3792,2.3792,2.3792,2.3792,0.8563,1.5028,2.1216,2.3792,2.3792,2.3792,2.3792,2.3792,2.3792,2.3792,2.3792,2.3792,2.3792
2.8557,2.8681,2.8801,2.8917,2.9033,2.9148,2.9263,2.9378,2.9494,2.9647,2.981,3.1561,3.4419,3.723,1.0174,1.5048,2.1245,2.7439,3.3572,3.5608,3.5608,3.5608,3.5608,3.5608,3.5608,3.5608,3.5608
2.0112,2.0009,1.991,1.9814,1.9718,1.9622,1.9527,1.9431,1.9336,1.9209,1.9074,1.7623,1.5255,0.4171,0.8586,1.5069,2.1273,2.7476,3.3617,3.8682,3.5303,3.1922,2.854,2.5157,2.1775,1.8392,1.5009
3.0025,3.0025,3.0025,3.0025,3.0025,3.0025,3.0025,3.0025,3.0025,3.0025,3.0025,3.0025,3.0025,3.0025,3.0025,3.0025,3.0025,3.0025,3.0025,3.0025,3.0025,3.0025,3.0025,3.0025,3.0025,3.0025,3.0025
6.3498,6.3498,6.3498,6.3498,6.3498,6.3498,6.3498,6.3498,6.3498,6.3498,6.3498,6.3498,6.3498,6.3498,0.8609,1.511,2.0204,2.0204,2.0204,2.0204,2.0204,2.0204,2.0204,2.0204,2.0204,2.0204,2.0204
2.7924,2.7782,2.7643,2.751,2.7377,2.7244,2.7112,2.6979,2.6847,2.667,2.6482,2.4468,2.118,1.7947,0.8621,1.513,2.136,2.7588,3.2724,3.2724,3.2724,3.2724,3.2724,3.2724,3.0233,2.5536,2.0839
2.3326,2.3427,2.3525,2.3619,2.3714,2.3808,2.3902,2.3996,2.409,2.4216,2.4349,2.5779,2.8113,3.0409,3.2656,3.5141,3.8333,4.1528,3.6219,3.9974,4.6144,5.2313,5.8481,6.4649,7.0816,7.6984,8.3152
2.592,2.5788,2.5659,2.5536,2.5412,2.5289,2.5166,2.5043,2.492,2.4756,2.4582,2.2712,1.966,1.6659,0.8644,1.5171,2.1418,2.7663,3.1093,3.1093,3.1093,3.1093,3.1093,3.1093,2.8063,2.3704,1.9344
2.3115,2.3115,2.3115,2.3115,2.3115,2.3115,2.3115,2.3115,2.3115,2.3115,2.3115,2.3115,2.3115,2.3115,2.3115,2.3115,2.1447,2.3115,2.3115,2.3115,2.3115,2.3115,2.3115,2.3115,2.3115,2.3115,2.3115
4.022,4.0394,4.0563,4.0726,4.0889,4.1052,4.1214,4.1376,4.1538,4.1755,4.1984,4.445,4.8475,5.2434,0.8668,1.5213,2.1477,2.453,2.453,2.453,2.453,2.453,2.453,2.453,2.453,2.453,2.453
2.0156,2.0054,1.9954,1.9858,1.9762,1.9666,1.957,1.9475,1.9379,1.9251,1.9116,1.7662,1.5289,0.418,0.868,1.5234,2.1506,2.7776,3.3985,3.8768,3.5382,3.1993,2.8603,2.5213,2.1823,1.8433,1.5043
2.6782,2.6898,2.7011,2.712,2.7228,2.7336,2.7444,2.7552,2.766,2.7804,2.7957,2.9599,3.2279,3.4915,3.7495,4.0349,4.4013,4.5355,4.5355,4.5355,4.5355,4.5355,4.5355,4.5355,4.5355,4.5355,4.5355
6.5663,6.5663,6.5446,6.513,6.4815,6.4502,6.4188,6.3874,6.356,6.3141,6.2698,5.793,5.0145,4.2489,0.8703,1.5275,2.0893,2.0893,2.0893,2.0893,2.0893,2.0893,2.0893,2.0893,2.0893,2.0893,2.0893
2.5164,2.5164,2.5164,2.5164,2.5164,2.5164,2.5164,2.5164,2.5164,2.5164,2.5164,2.5164,2.5164,2.5164,0.8715,1.5296,2.1595,2.5164,2.5164,2.5164,2.5164,2.5164,2.5164,2.5164,2.5164,2.5164,2.5164
2.4906,2.5014,2.5119,2.522,2.5321,2.5421,2.5522,2.5622,2.5723,2.5857,2.5999,2.7526,3.0018,3.2469,3.4869,1.5317,2.1624,2.7929,3.4171,4.0414,4.6651,5.243,5.243,5.243,5.243,5.243,5.243
2.0839,2.0733,2.0629,2.053,2.0431,2.0332,2.0233,2.0134,2.0035,1.9903,1.9763,1.826,1.5806,0.4322,0.8739,1.5338,2.1654,2.7967,3.4219,4.0081,3.658,3.3076,2.9572,2.6067,2.2562,1.9057,1.5552
2.5517,2.5517,2.5517,2.5517,2.5517,2.5517,2.5517,2.5517,2.5517,2.5517,2.5517,2.5517,2.5517,2.5517,2.5517,2.5517,2.5517,2.5517,2.5517,2.5517,2.5517,2.5517,2.5517,2.5517,2.5517,2.5517,2.5517
6.4512,6.4512,6.4512,6.4512,6.4512,6.4512,6.4512,6.4512,6.4512,6.4512,6.4512,6.4512,6.4512,6.4512,0.8764,1.5381,2.0527,2.0527,2.0527,2.0527,2.0527,2.0527,2.0527,2.0527,2.0527,2.0527,2.0527
2.305,2.2932,2.2818,2.2708,2.2598,2.2489,2.2379,2.227,2.2161,2.2015,2.186,2.0197,1.7483,0.478,0.8776,1.5402,2.1744,2.8083,3.436,4.0637,4.046,3.6585,3.2709,2.8832,2.4956,2.1079,1.7202
2.3249,2.335,2.3448,2.3542,2.3636,2.373,2.3824,2.3918,2.4011,2.4137,2.4269,2.5694,2.8021,3.0309,3.2549,3.5026,3.8207,4.1393,3.6101,4.0694,4.6974,5.3254,5.9533,6.5812,7.2091,7.8369,8.4648
3.2019,3.1856,3.1698,3.1545,3.1392,3.124,3.1088,3.0936,3.0784,3.0582,3.0367,2.8057,2.4287,2.0579,0.88,1.5445,2.1804,2.4816,2.4816,2.4816,2.4816,2.4816,2.4816,2.4816,2.4816,2.4816,2.3896
2.2608,2.2608,2.2608,2.2608,2.2608,2.2608,2.2608,2.2608,2.2608,2.2608,2.2608,2.2608,2.2608,2.2608,2.2608,1.5466,2.1834,2.2608,2.2608,2.2608,2.2608,2.2608,2.2608,2.2608,2.2608,2.2608,2.2608
3.0844,3.0977,3.1107,3.1232,3.1357,3.1482,3.1606,3.173,3.1855,3.2021,3.2197,3.4087,3.7174,4.021,0.8824,1.5488,2.1865,2.824,2.9201,2.9201,2.9201,2.9201,2.9201,2.9201,2.9201,2.9201,2.9201
1.9344,1.9246,1.915,1.9058,1.8965,1.8874,1.8782,1.869,1.8598,1.8476,1.8346,1.6951,1.4673,0.4012,0.8837,1.5509,2.1895,2.8279,3.46,3.7206,3.3956,3.0704,2.7451,2.4197,2.0944,1.769,1.4437
3.0891,3.1024,3.1154,3.128,3.1405,3.1529,3.1654,3.1779,3.1903,3.207,3.2246,3.3116,3.3116,3.3116,3.3116,3.3116,3.3116,3.3116,3.3116,3.3116,3.3116,3.3116,3.3116,3.3116,3.3116,3.3116,3.3116
6.1812,6.1812,6.1812,6.1812,6.1812,6.1812,6.1812,6.1812,6.1812,6.1812,6.1812,6.1812,6.1812,6.1812,0.8861,1.5552,1.9667,1.9667,1.9667,1.9667,1.9667,1.9667,1.9667,1.9667,1.9667,1.9667,1.9667
2.8232,2.8232,2.8232,2.8232,2.8232,2.8232,2.8232,2.8232,2.8232,2.8232,2.8232,2.7664,2.3947,2.0291,0.8874,1.5574,2.1987,2.8232,2.8232,2.8232,2.8232,2.8232,2.8232,2.8232,2.8232,2.8232,2.3561
2.2981,2.308,2.3177,2.327,2.3363,2.3456,2.3549,2.3642,2.3734,2.3858,2.3989,2.5398,2.7698,2.996,3.2173,3.4622,3.7766,4.0915,3.4793,4.1149,4.75,5.385,6.0199,6.6549,7.2898,7.9247,8.5596
2.2807,2.2691,2.2578,2.2469,2.2361,2.2252,2.2144,2.2036,2.1928,2.1783,2.163,1.9985,1.7299,0.473,0.8899,1.5618,2.2048,2.8477,3.4842,3.6234,3.6234,3.62,3.2365,2.8529,2.4693,2.0857,1.7021
2.3053,2.3053,2.3053,2.3053,2.3053,2.3053,2.3053,2.3053,2.3053,2.3053,2.3053,2.3053,2.3053,2.3053,2.3053,2.3053,2.3053,2.3053,2.3053,2.3053,2.3053,2.3053,2.3053,2.3053,2.3053,2.3053,2.3053
4.8708,4.8919,4.9124,4.9321,4.9519,4.9715,4.9912,5.0108,5.0305,5.0567,5.0844,5.383,5.8705,6.3499,0.8924,1.5662,2.1962,2.1962,2.1962,2.1962,2.1962,2.1962,2.1962,2.1962,2.1962,2.1962,2.1962
2.0359,2.0256,2.0155,2.0057,1.996,1.9864,1.9767,1.9671,1.9574,1.9445,1.9308,1.784,1.5443,0.4222,0.8936,1.5684,2.2142,2.8597,3.4989,3.9158,3.5738,3.2315,2.8891,2.5467,2.2043,1.8618,1.5194
2.4354,2.446,2.4562,2.4661,2.476,2.4858,2.4956,2.5055,2.5153,2.5284,2.5423,2.6916,2.9353,3.175,3.4096,3.6691,4.0023,4.336,3.7817,4.1439,4.7835,5.423,5.7833,5.7833,5.7833,5.7833,5.7833
4.5263,4.5033,4.4808,4.4592,4.4377,4.4162,4.3947,4.3732,4.3517,4.3231,4.2927,3.9662,3.4332,2.9091,0.8961,1.5728,2.1386,2.1386,2.1386,2.1386,2.1386,2.1386,2.1386,2.1386,2.1386,2.1386,2.1386
2.3212,2.3212,2.3212,2.3212,2.3212,2.3212,2.3212,2.3212,2.3212,2.3212,2.3212,2.3212,2.3212,2.3212,0.8974,1.575,2.2235,2.3212,2.3212,2.3212,2.3212,2.3212,2.3212,2.3212,2.3212,2.3212,2.3212
2.5859,2.5971,2.608,2.6185,2.6289,2.6394,2.6498,2.6602,2.6707,2.6846,2.6993,2.8579,3.1167,3.3712,1.1065,1.5773,2.2267,2.8759,3.5187,3.8727,3.8727,3.8727,3.8727,3.8727,3.8727,3.8727,3.8727
1.9481,1.9381,1.9285,1.9192,1.9099,1.9007,1.8914,1.8822,1.8729,1.8606,1.8475,1.707,1.4776,0.404,0.9,1.5795,2.2299,2.88,3.5237,3.7468,3.4195,3.092,2.7644,2.4368,2.1091,1.7815,1.4538
2.6907,2.6907,2.6907,2.6907,2.6907,2.6907,2.6907,2.6907,2.6907,2.6907,2.6907,2.6907,2.6907,2.6907,2.6907,2.6907,2.6907,2.6907,2.6907,2.6907,2.6907,2.6907,2.6907,2.6907,2.6907,2.6907,2.6907
6.1077,6.1077,6.1077,6.1077,6.1077,6.1077,6.1077,6.1077,6.1077,6.1077,6.1077,6.1077,6.1077,6.1077,0.9025,1.584,1.9434,1.9434,1.9434,1.9434,1.9434,1.9434,1.9434,1.9434,1.9434,1.9434,1.9434
2.4727,2.4601,2.4478,2.436,2.4243,2.4125,2.4008,2.389,2.3773,2.3616,2.3451,2.1667,1.8755,1.5892,0.9038,1.5862,2.2394,2.8923,3.4218,3.4218,3.4218,3.4218,3.4218,3.093,2.6771,2.2612,1.8454
2.2282,2.2379,2.2473,2.2563,2.2653,2.2743,2.2833,2.2923,2.3013,2.3133,2.326,2.4626,2.6856,2.9049,3.1195,3.357,3.6618,3.1427,3.5438,4.1912,4.8381,5.4848,6.1315,6.7782,7.4249,8.0715,8.7182
2.672,2.6584,2.6451,2.6324,2.6196,2.607,2.5943,2.5816,2.5689,2.552,2.5341,2.3413,2.0267,1.7173,0.9064,1.5908,2.2458,2.7148,2.7148,2.7148,2.7148,2.7148,2.7148,2.7148,2.7148,2.4435,1.9941
2.1929,2.1929,2.1929,2.1929,2.1929,2.1929,2.1929,2.1929,2.1929,2.1929,2.1929,2.1929,2.1929,2.1929,2.1929,2.1929,2.1929,2.1929,2.1929,2.1929,2.1929,2.1929,2.1929,2.1929,2.1929,2.1929,2.1929
3.4519,3.4668,3.4814,3.4954,3.5094,3.5233,3.5372,3.5511,3.5651,3.5836,3.6033,3.8149,4.1604,4.5001,0.909,1.5953,2.2522,2.4985,2.4985,2.4985,2.4985,2.4985,2.4985,2.4985,2.4985,2.4985,2.4985
1.8989,1.8893,1.8799,1.8708,1.8618,1.8527,1.8437,1.8347,1.8257,1.8137,1.8009,1.664,1.4404,0.3938,0.9103,1.5976,2.2554,2.913,3.5641,3.6524,3.3333,3.0141,2.6947,2.3754,2.056,1.7366,1.4172
2.6994,2.7111,2.7224,2.7334,2.7443,2.7552,2.7661,2.777,2.7879,2.8024,2.8178,2.9833,3.2534,3.5191,3.7792,3.809,3.809,3.809,3.809,3.809,3.809,3.809,3.809,3.809,3.809,3.809,3.809
6.1416,6.1416,6.1416,6.1416,6.1416,6.1416,6.1416,6.1416,6.1416,6.1416,6.1416,6.1416,6.1416,5.556,0.9129,1.6022,1.9541,1.9541,1.9541,1.9541,1.9541,1.9541,1.9541,1.9541,1.9541,1.9541,1.9541
2.5127,2.5127,2.5127,2.5127,2.5127,2.5127,2.5127,2.5127,2.5127,2.5127,2.5127,2.5127,2.5127,2.4149,0.9142,1.6045,2.2652,2.5127,2.5127,2.5127,2.5127,2.5127,2.5127,2.5127,2.5127,2.5127,2.5127
2.3119,2.3219,2.3316,2.341,2.3504,2.3597,2.369,2.3783,2.3877,2.4001,2.4133,2.555,2.7864,3.0139,3.2366,1.8017,2.2684,2.9298,3.5847,4.2395,4.8939,5.5481,6.2022,6.3061,6.3061,6.3061,6.3061
2.0633,2.0528,2.0426,2.0327,2.0229,2.0131,2.0033,1.9935,1.9837,1.9706,1.9568,1.808,1.565,0.4279,0.9169,1.6091,2.2717,2.9341,3.5899,3.9685,3.6218,3.2749,2.9279,2.5809,2.2339,1.8869,1.5398
2.3494,2.3494,2.3494,2.3494,2.3494,2.3494,2.3494,2.3494,2.3494,2.3494,2.3494,2.3494,2.3494,2.3494,2.3494,2.3494,2.3494,2.3494,2.3494,2.3494,2.3494,2.3494,2.3494,2.3494,2.3494,2.3494,2.3494
6.3375,6.3375,6.3375,6.3375,6.3375,6.3375,6.3375,6.3375,6.3375,6.3375,6.3375,6.3375,6.3375,6.3375,0.9195,1.6138,2.0165,2.0165,2.0165,2.0165,2.0165,2.0165,2.0165,2.0165,2.0165,2.0165,2.0165
2.1035,2.0928,2.0824,2.0723,2.0623,2.0523,2.0423,2.0324,2.0224,2.009,1.9949,1.8432,1.5955,0.4362,0.9208,1.6161,2.2816,2.9468,3.6055,4.0458,3.6924,3.3388,2.985,2.6312,2.2774,1.9236,1.5698
2.267,2.2769,2.2864,2.2956,2.3048,2.3139,2.3231,2.3322,2.3414,2.3536,2.3665,2.5055,2.7324,2.9555,3.1739,3.4154,3.7256,3.1974,3.6107,4.2703,4.9294,5.5884,6.2473,6.9062,7.5651,8.2239,8.4068
3.4511,3.4335,3.4164,3.3999,3.3835,3.3671,3.3507,3.3344,3.318,3.2961,3.273,3.024,2.6177,2.218,0.9235,1.6208,2.2426,2.2426,2.2426,2.2426,2.2426,2.2426,2.2426,2.2426,2.2426,2.2426,2.2426
2.1888,2.1888,2.1888,2.1888,2.1888,2.1888,2.1888,2.1888,2.1888,2.1888,2.1888,2.1888,2.1888,2.1888,1.0178,1.6232,2.1888,2.1888,2.1888,2.1888,2.1888,2.1888,2.1888,2.1888,2.1888,2.1888,2.1888
2.7562,2.7681,2.7798,2.7909,2.8021,2.8132,2.8243,2.8355,2.8466,2.8614,2.8771,3.0461,3.3219,3.5932,0.9262,1.6256,2.2949,2.964,3.087,3.087,3.087,3.087,3.087,3.087,3.087,3.087,3.087
1.8599,1.8504,1.8412,1.8323,1.8235,1.8146,1.8058,1.797,1.7881,1.7764,1.7639,1.6297,1.4107,0.3857,0.9276,1.6279,2.2983,2.9683,3.6318,3.5773,3.2648,2.9521,2.6393,2.3265,2.0137,1.7009,1.388
2.9209,2.9209,2.9209,2.9209,2.9209,2.9209,2.9209,2.9209,2.9209,2.9209,2.9209,2.9209,2.9209,2.9209,2.9209,2.9209,2.9209,2.9209,2.9209,2.9209,2.9209,2.9209,2.9209,2.9209,2.9209,2.9209,2.9209
5.9021,5.9021,5.9021,5.9021,5.9021,5.9021,5.9021,5.9021,5.9021,5.9021,5.9021,5.9021,5.9021,5.9021,0.9303,1.6327,1.8779,1.8779,1.8779,1.8779,1.8779,1.8779,1.8779,1.8779,1.8779,1.8779,1.8779
2.7415,2.7276,2.714,2.7009,2.6878,2.6748,2.6618,2.6488,2.6358,2.6184,2.6,2.4023,2.0795,1.762,0.9316,1.6351,2.3084,2.9004,2.9004,2.9004,2.9004,2.9004,2.9004,2.9004,2.9004,2.5071,2.046
2.1791,2.1885,2.1977,2.2065,2.2154,2.2241,2.2329,2.2417,2.2505,2.2622,2.2747,2.4083,2.6263,2.8408,3.0507,3.2829,3.5811,3.0734,3.6532,4.3205,4.9874,5.6541,6.3207,6.9874,7.654,8.3206,8.9873
2.317,2.3052,2.2937,2.2826,2.2716,2.2606,2.2496,2.2386,2.2276,2.2129,2.1974,2.0303,1.7574,0.4805,0.9344,1.6399,2.3152,2.9902,3.0861,3.0861,3.0861,3.0861,3.0861,2.8983,2.5086,2.1189,1.7292
2.1704,2.1704,2.1704,2.1704,2.1704,2.1704,2.1704,2.1704,2.1704,2.1704,2.1704,2.1704,2.1704,2.1704,2.1704,2.1704,2.1704,2.1704,2.1704,2.1704,2.1704,2.1704,2.1704,2.1704,2.1704,2.1704,2.1704
4.0459,4.0634,4.0804,4.0968,4.1132,4.1295,4.1459,4.1622,4.1785,4.2003,4.2233,4.4714,4.8763,5.2745,0.9372,1.6448,2.2092,2.2092,2.2092,2.2092,2.2092,2.2092,2.2092,2.2092,2.2092,2.2092,2.2092
1.9025,1.8928,1.8834,1.8743,1.8653,1.8562,1.8472,1.8382,1.8291,1.8171,1.8043,1.6671,1.4431,0.3946,0.9385,1.6472,2.3254,3.0035,3.6748,3.6593,3.3396,3.0198,2.6998,2.3798,2.0599,1.7399,1.4199
2.4282,2.4387,2.4489,2.4588,2.4686,2.4784,2.4882,2.498,2.5078,2.5209,2.5347,2.6836,2.9266,3.1656,3.3995,3.6582,3.9905,4.3231,3.7704,4.3525,4.642,4.642,4.642,4.642,4.642,4.642,4.642
5.3027,5.2757,5.2494,5.2241,5.1988,5.1737,5.1485,5.1233,5.0981,5.0646,5.029,4.6465,4.0221,3.408,0.9413,1.6521,1.9827,1.9827,1.9827,1.9827,1.9827,1.9827,1.9827,1.9827,1.9827,1.9827,1.9827
2.2955,2.2955,2.2955,2.2955,2.2955,2.2955,2.2955,2.2955,2.2955,2.2955,2.2955,2.2955,2.2955,2.2955,0.9427,1.6545,2.2955,2.2955,2.2955,2.2955,2.2955,2.2955,2.2955,2.2955,2.2955,2.2955,2.2955
2.3771,2.3874,2.3974,2.4071,2.4167,2.4263,2.4359,2.4455,2.4551,2.4679,2.4814,2.6271,2.865,3.099,1.2446,1.657,2.3393,3.0213,3.6966,4.3561,4.3561,4.3561,4.3561,4.3561,4.3561,4.3561,4.3561
1.9118,1.9021,1.8926,1.8835,1.8744,1.8653,1.8562,1.8471,1.8381,1.826,1.8131,1.6752,1.4501,0.3965,0.9455,1.6595,2.3428,3.0258,3.7021,3.6771,3.3559,3.0345,2.713,2.3914,2.0699,1.7483,1.4268
2.4504,2.4504,2.4504,2.4504,2.4504,2.4504,2.4504,2.4504,2.4504,2.4504,2.4504,2.4504,2.4504,2.4504,2.4504,2.4504,2.4504,2.4504,2.4504,2.4504,2.4504,2.4504,2.4504,2.4504,2.4504,2.4504,2.4504
5.9506,5.9506,5.9506,5.9506,5.9506,5.9506,5.9506,5.9506,5.9506,5.9506,5.9506,5.9506,5.9506,5.9506,0.9483,1.6644,1.8934,1.8934,1.8934,1.8934,1.8934,1.8934,1.8934,1.8934,1.8934,1.8934,1.8934
2.2282,2.2169,2.2059,2.1952,2.1846,2.174,2.1634,2.1529,2.1423,2.1282,2.1132,1.9525,1.6901,0.4621,0.9498,1.6669,2.3533,3.0394,3.6592,3.6592,3.6592,3.5367,3.162,2.7873,2.4125,2.0377,1.6629
2.1556,2.165,2.1741,2.1828,2.1915,2.2002,2.2089,2.2176,2.2263,2.2379,2.2502,2.3824,2.5981,2.8102,3.0179,3.2476,3.5425,3.0439,3.7243,4.4047,5.0845,5.7642,6.4438,7.1234,7.8031,8.4827,9.1623
2.8086,2.7943,2.7804,2.767,2.7536,2.7403,2.7269,2.7136,2.7003,2.6825,2.6636,2.461,2.1303,1.8051,0.9526,1.6719,2.3603,2.4169,2.4169,2.4169,2.4169,2.4169,2.4169,2.4169,2.4169,2.4169,2.096
2.1068,2.1068,2.1068,2.1068,2.1068,2.1068,2.1068,2.1068,2.1068,2.1068,2.1068,2.1068,2.1068,2.1068,2.1068,1.6744,2.1068,2.1068,2.1068,2.1068,2.1068,2.1068,2.1068,2.1068,2.1068,2.1068,2.1068
3.0295,3.0426,3.0554,3.0677,3.0799,3.0922,3.1044,3.1166,3.1288,3.1451,3.1624,3.3481,3.6513,3.9495,0.9555,1.6769,2.3674,2.5893,2.5893,2.5893,2.5893,2.5893,2.5893,2.5893,2.5893,2.5893,2.5893
1.8117,1.8025,1.7935,1.7849,1.7762,1.7676,1.759,1.7504,1.7418,1.7303,1.7182,1.5875,1.3742,0.3757,0.9569,1.6795,2.371,3.0623,3.7468,3.4846,3.1802,2.8756,2.5709,2.2662,1.9615,1.6568,1.3521
2.7641,2.7761,2.7877,2.7989,2.8101,2.8213,2.8324,2.8436,2.8547,2.8696,2.8853,3.0548,3.2852,3.2852,3.2852,3.2852,3.2852,3.2852,3.2852,3.2852,3.2852,3.2852,3.2852,3.2852,3.2852,3.2852,3.2852
5.8181,5.8181,5.8181,5.8181,5.8181,5.8181,5.8181,5.8181,5.8181,5.8181,5.8181,5.8181,5.8181,0.5289,0.9598,1.6846,1.8512,1.8512,1.8512,1.8512,1.8512,1.8512,1.8512,1.8512,1.8512,1.8512,1.8512
2.5462,2.5462,2.5462,2.5462,2.5462,2.5462,2.5462,2.5462,2.5462,2.5462,2.5462,2.5462,2.4043,2.0372,0.9613,1.6871,2.3818,2.5462,2.5462,2.5462,2.5462,2.5462,2.5462,2.5462,2.5462,2.5462,2.3656
2.1741,2.1836,2.1927,2.2015,2.2103,2.2191,2.2279,2.2366,2.2454,2.2571,2.2695,2.4028,2.6204,2.8344,3.0438,3.2755,2.3854,3.0809,3.7695,4.4581,5.1462,5.8341,6.522,7.2099,7.8977,8.2439,8.2439
2.0713,2.0607,2.0505,2.0406,2.0307,2.0209,2.0111,2.0012,1.9914,1.9783,1.9644,1.815,1.5711,0.4296,0.9642,1.6922,2.389,3.0855,3.6936,3.6936,3.6359,3.2876,2.9393,2.5909,2.2426,1.8942,1.5458
2.1925,2.1925,2.1925,2.1925,2.1925,2.1925,2.1925,2.1925,2.1925,2.1925,2.1925,2.1925,2.1925,2.1925,2.1925,2.1925,2.1925,2.1925,2.1925,2.1925,2.1925,2.1925,2.1925,2.1925,2.1925,2.1925,2.1925
5.0664,5.0883,5.1097,5.1302,5.1507,5.1712,5.1916,5.212,5.2325,5.2598,5.2886,5.5992,6.1063,6.3082,0.9671,1.6974,2.0071,2.0071,2.0071,2.0071,2.0071,2.0071,2.0071,2.0071,2.0071,2.0071,2.0071
1.9469,1.937,1.9274,1.9181,1.9088,1.8996,1.8903,1.8811,1.8718,1.8595,1.8464,1.706,1.4768,0.4038,0.9686,1.7,2.3999,3.0997,3.7925,3.7447,3.4176,3.0902,2.7628,2.4354,2.1079,1.7805,1.453
2.2388,2.2485,2.2579,2.267,2.2761,2.2851,2.2942,2.3032,2.3122,2.3243,2.337,2.4743,2.6983,2.9187,3.1344,3.3729,3.6792,3.1576,3.7983,4.4922,5.1855,5.8787,6.1912,6.1912,6.1912,6.1912,6.1912
3.8294,3.8099,3.7909,3.7726,3.7544,3.7362,3.718,3.6999,3.6817,3.6574,3.6317,3.3555,2.9046,2.4612,0.9716,1.7052,2.0571,2.0571,2.0571,2.0571,2.0571,2.0571,2.0571,2.0571,2.0571,2.0571,2.0571
2.1455,2.1455,2.1455,2.1455,2.1455,2.1455,2.1455,2.1455,2.1455,2.1455,2.1455,2.1455,2.1455,2.1455,0.9731,1.7078,2.1455,2.1455,2.1455,2.1455,2.1455,2.1455,2.1455,2.1455,2.1455,2.1455,2.1455
2.5032,2.514,2.5246,2.5347,2.5449,2.555,2.5651,2.5752,2.5853,2.5987,2.613,2.7665,3.017,3.2633,0.9745,1.7104,2.4147,3.1187,3.3419,3.3419,3.3419,3.3419,3.3419,3.3419,3.3419,3.3419,3.3419
1.81,1.8008,1.7918,1.7832,1.7746,1.766,1.7574,1.7488,1.7402,1.7288,1.7166,1.5861,1.3729,0.3754,0.976,1.713,2.4184,3.1235,3.7846,3.4814,3.1773,2.873,2.5686,2.2641,1.9597,1.6553,1.3508
2.6229,2.6229,2.6229,2.6229,2.6229,2.6229,2.6229,2.6229,2.6229,2.6229,2.6229,2.6229,2.6229,2.6229,2.6229,2.6229,2.6229,2.6229,2.6229,2.6229,2.6229,2.6229,2.6229,2.6229,2.6229,2.6229,2.6229
5.7037,5.7037,5.7037,5.7037,5.7037,5.7037,5.7037,5.7037,5.7037,5.7037,5.7037,5.7037,5.7037,0.5185,0.9791,1.7183,1.8148,1.8148,1.8148,1.8148,1.8148,1.8148,1.8148,1.8148,1.8148,1.8148,1.8148
2.4295,2.4171,2.4051,2.3935,2.3819,2.3704,2.3588,2.3473,2.3358,2.3204,2.3041,2.1288,1.8428,0.5038,0.9806,1.721,2.4296,3.0329,3.0329,3.0329,3.0329,3.0329,3.0329,3.0329,2.6304,2.2217,1.8131
2.0912,2.1003,2.1091,2.1176,2.126,2.1345,2.1429,2.1513,2.1598,2.171,2.183,2.3112,2.5204,2.7263,2.9277,3.1505,2.6629,3.1428,3.8453,4.5477,5.2496,5.9514,6.6531,7.3548,8.0565,8.7582,9.4599
2.3916,2.3794,2.3676,2.3562,2.3448,2.3334,2.3221,2.3107,2.2994,2.2842,2.2682,2.0957,1.814,0.496,0.9836,1.7263,2.4371,2.6918,2.6918,2.6918,2.6918,2.6918,2.6918,2.6918,2.5894,2.1871,1.7849
2.0683,2.0683,2.0683,2.0683,2.0683,2.0683,2.0683,2.0683,2.0683,2.0683,2.0683,2.0683,2.0683,2.0683,2.0683,2.0683,2.0683,2.0683,2.0683,2.0683,2.0683,2.0683,2.0683,2.0683,2.0683,2.0683,2.0683
3.4602,3.4751,3.4897,3.5037,3.5178,3.5317,3.5457,3.5596,3.5736,3.5922,3.612,3.8241,4.1704,4.5109,0.9867,1.7317,2.255,2.255,2.255,2.255,2.255,2.255,2.255,2.255,2.255,2.255,2.255
1.8,1.7908,1.7819,1.7733,1.7647,1.7562,1.7476,1.7391,1.7306,1.7192,1.7071,1.5773,1.3653,0.3733,0.9882,1.7344,2.4485,3.1624,3.7636,3.4621,3.1596,2.857,2.5543,2.2516,1.9488,1.6461,1.3433
2.4543,2.4649,2.4752,2.4852,2.4951,2.505,2.5149,2.5248,2.5347,2.5479,2.5619,2.7124,2.958,3.1996,3.436,3.6975,3.87,3.4615,3.87,3.87,3.87,3.87,3.87,3.87,3.87,3.87,3.87
5.8514,5.8514,5.8514,5.8514,5.8514,5.8514,5.8514,5.8514,5.8514,5.8514,5.8514,5.802,5.0223,0.5319,0.9913,1.7398,1.8618,1.8618,1.8618,1.8618,1.8618,1.8618,1.8618,1.8618,1.8618,1.8618,1.8618
2.2996,2.2996,2.2996,2.2996,2.2996,2.2996,2.2996,2.2996,2.2996,2.2996,2.2996,2.2996,2.2996,2.2996,0.9928,1.7425,2.2996,2.2996,2.2996,2.2996,2.2996,2.2996,2.2996,2.2996,2.2996,2.2996,2.2996
2.2144,2.224,2.2333,2.2423,2.2513,2.2602,2.2691,2.2781,2.287,2.2989,2.3116,2.4473,2.6689,2.8869,3.1002,1.7452,2.4638,3.1822,3.8935,4.6047,5.116,5.116,5.116,5.116,5.116,5.116,5.116
1.8996,1.8899,1.8805,1.8715,1.8624,1.8534,1.8444,1.8353,1.8263,1.8143,1.8016,1.6645,1.4409,0.394,0.996,1.748,2.4677,3.1872,3.8996,3.6537,3.3345,3.0151,2.6957,2.3762,2.0567,1.7372,1.4177
2.263,2.263,2.263,2.263,2.263,2.263,2.263,2.263,2.263,2.263,2.263,2.263,2.263,2.263,2.263,2.263,2.263,2.263,2.263,2.263,2.263,2.263,2.263,2.263,2.263,2.263,2.263
5.8674,5.8674,5.8674,5.8674,5.8674,5.8674,5.8674,5.8674,5.8674,5.8674,5.8674,5.8674,5.8674,0.5334,0.9991,1.7535,1.8669,1.8669,1.8669,1.8669,1.8669,1.8669,1.8669,1.8669,1.8669,1.8669,1.8669
2.0385,2.0281,2.018,2.0083,1.9985,1.9889,1.9792,1.9695,1.9598,1.9469,1.9333,1.7862,1.5462,0.4227,1.0007,1.7562,2.4794,3.2023,3.918,3.9207,3.5782,3.2355,2.8927,2.5499,2.207,1.8642,1.5213
2.11,2.1191,2.128,2.1366,2.1451,2.1536,2.1622,2.1707,2.1792,2.1905,2.2026,2.3319,2.5431,2.7508,2.954,3.1788,2.6869,3.2073,3.9242,4.6411,5.3574,6.0735,6.7897,7.5058,8.2219,8.9379,9.654
3.0154,3.0001,2.9851,2.9707,2.9564,2.9421,2.9277,2.9134,2.8991,2.88,2.8598,2.6423,2.2872,1.938,1.0038,1.7618,2.1876,2.1876,2.1876,2.1876,2.1876,2.1876,2.1876,2.1876,2.1876,2.1876,2.1876
2.0476,2.0476,2.0476,2.0476,2.0476,2.0476,2.0476,2.0476,2.0476,2.0476,2.0476,2.0476,2.0476,2.0476,2.0476,1.7646,2.0476,2.0476,2.0476,2.0476,2.0476,2.0476,2.0476,2.0476,2.0476,2.0476,2.0476
2.7086,2.7204,2.7318,2.7428,2.7537,2.7647,2.7756,2.7865,2.7974,2.812,2.8275,2.9935,3.2646,3.5312,1.007,1.7674,2.4951,2.7329,2.7329,2.7329,2.7329,2.7329,2.7329,2.7329,2.7329,2.7329,2.7329
1.7485,1.7396,1.7309,1.7226,1.7143,1.706,1.6977,1.6894,1.6811,1.67,1.6583,1.5321,1.3263,0.3626,1.0086,1.7702,2.4991,3.2277,3.6559,3.363,3.0693,2.7753,2.4813,2.1872,1.8931,1.599,1.3049
2.8766,2.8891,2.8949,2.8949,2.8949,2.8949,2.8949,2.8949,2.8949,2.8949,2.8949,2.8949,2.8949,2.8949,2.8949,2.8949,2.8949,2.8949,2.8949,2.8949,2.8949,2.8949,2.8949,2.8949,2.8949,2.8949,2.8949
5.5759,5.5759,5.5759,5.5759,5.5759,5.5759,5.5759,5.5759,5.5759,5.5759,5.5759,5.5759,5.5759,0.5069,1.0118,1.7742,1.7742,1.7742,1.7742,1.7742,1.7742,1.7742,1.7742,1.7742,1.7742,1.7742,1.7742
2.6183,2.6183,2.6183,2.6183,2.6183,2.6183,2.6183,2.6183,2.6183,2.6183,2.6026,2.4046,2.0815,1.7637,1.0134,1.7787,2.511,2.6183,2.6183,2.6183,2.6183,2.6183,2.6183,2.6183,2.6183,2.5096,2.048
2.0688,2.0778,2.0865,2.0949,2.1033,2.1116,2.12,2.1283,2.1366,2.1478,2.1596,2.2864,2.4934,2.6971,2.8964,3.1168,2.6344,3.2483,3.9744,4.7004,5.4259,6.1512,6.8765,7.6018,8.327,9.0523,9.7775
2.1079,2.0971,2.0867,2.0766,2.0666,2.0566,2.0466,2.0365,2.0265,2.0132,1.9991,1.847,1.5988,0.4371,1.0167,1.7844,2.5191,3.1266,3.1266,3.1266,3.1266,3.1266,2.9912,2.6367,2.2821,1.9276,1.5731
2.0709,2.0709,2.0709,2.0709,2.0709,2.0709,2.0709,2.0709,2.0709,2.0709,2.0709,2.0709,2.0709,2.0709,2.0709,2.0709,2.0709,2.0709,2.0709,2.0709,2.0709,2.0709,2.0709,2.0709,2.0709,2.0709,2.0709
4.1623,4.1803,4.1978,4.2147,4.2315,4.2483,4.2651,4.2819,4.2987,4.3211,4.3449,4.6,5.0166,5.4262,1.02,1.7901,2.0236,2.0236,2.0236,2.0236,2.0236,2.0236,2.0236,2.0236,2.0236,2.0236,2.0236
1.8248,1.8155,1.8064,1.7977,1.789,1.7804,1.7717,1.763,1.7544,1.7428,1.7306,1.599,1.3841,0.3784,1.0216,1.793,2.5312,3.2692,3.8154,3.5097,3.2031,2.8963,2.5895,2.2826,1.9757,1.6687,1.3618
2.238,2.2477,2.2571,2.2662,2.2753,2.2843,2.2933,2.3024,2.3114,2.3234,2.3362,2.4734,2.6974,2.9176,3.1332,3.3717,2.8499,3.2745,4.0064,4.7383,4.8742,4.8742,4.8742,4.8742,4.8742,4.8742,4.8742
4.4055,4.383,4.3612,4.3402,4.3192,4.2983,4.2773,4.2564,4.2355,4.2076,4.1781,3.8603,3.3416,0.5463,1.0249,1.7988,1.912,1.912,1.912,1.912,1.912,1.912,1.912,1.912,1.912,1.912,1.912
2.1278,2.1278,2.1278,2.1278,2.1278,2.1278,2.1278,2.1278,2.1278,2.1278,2.1278,2.1278,2.1278,2.1278,1.0265,1.8017,2.1278,2.1278,2.1278,2.1278,2.1278,2.1278,2.1278,2.1278,2.1278,2.1278,2.1278
2.3057,2.3157,2.3254,2.3347,2.3441,2.3534,2.3627,2.372,2.3813,2.3937,2.4068,2.5482,2.7789,3.0059,1.0628,1.8046,2.5476,3.2904,3.7197,3.7197,3.7197,3.7197,3.7197,3.7197,3.7197,3.7197,3.7197
1.7817,1.7726,1.7638,1.7553,1.7468,1.7384,1.7299,1.7215,1.713,1.7017,1.6898,1.5612,1.3514,0.3695,1.0299,1.8075,2.5518,3.2958,3.7254,3.4269,3.1276,2.828,2.5284,2.2287,1.9291,1.6294,1.3297
2.3917,2.3917,2.3917,2.3917,2.3917,2.3917,2.3917,2.3917,2.3917,2.3917,2.3917,2.3917,2.3917,2.3917,2.3917,2.3917,2.3917,2.3917,2.3917,2.3917,2.3917,2.3917,2.3917,2.3917,2.3917,2.3917,2.3917
5.5742,5.5742,5.5742,5.5742,5.5742,5.5742,5.5742,5.5742,5.5742,5.5742,5.5742,5.5742,5.5742,0.5067,1.0332,1.7736,1.7736,1.7736,1.7736,1.7736,1.7736,1.7736,1.7736,1.7736,1.7736,1.7736,1.7736
2.1901,2.1789,2.168,2.1576,2.1472,2.1368,2.1264,2.116,2.1056,2.0917,2.077,1.919,1.6612,0.4542,1.0349,1.8164,2.5642,3.2326,3.2326,3.2326,3.2326,3.2326,3.1078,2.7395,2.3711,2.0028,1.6344
2.0293,2.0381,2.0467,2.0549,2.0631,2.0713,2.0795,2.0877,2.0959,2.1068,2.1184,2.2428,2.4459,2.6456,2.8411,3.0573,2.5842,3.3173,4.0587,4.8002,5.5411,6.2818,7.0225,7.7631,8.5037,9.2444,9.9752
2.5102,2.4975,2.485,2.473,2.4611,2.4492,2.4372,2.4253,2.4134,2.3975,2.3807,2.1996,1.904,0.5206,1.0383,1.8223,2.3943,2.3943,2.3943,2.3943,2.3943,2.3943,2.3943,2.3943,2.3943,2.2956,1.8734
1.9931,1.9931,1.9931,1.9931,1.9931,1.9931,1.9931,1.9931,1.9931,1.9931,1.9931,1.9931,1.9931,1.9931,1.9931,1.8253,1.9931,1.9931,1.9931,1.9931,1.9931,1.9931,1.9931,1.9931,1.9931,1.9931,1.9931
3.0286,3.0417,3.0545,3.0668,3.0791,3.0913,3.1035,3.1157,3.1279,3.1442,3.1615,3.3472,3.6503,3.9484,1.0417,1.8283,2.3366,2.3366,2.3366,2.3366,2.3366,2.3366,2.3366,2.3366,2.3366,2.3366,2.3366
1.7223,1.7135,1.705,1.6968,1.6885,1.6804,1.6722,1.664,1.6558,1.6449,1.6334,1.5092,1.3064,0.3572,1.0434,1.8313,2.5853,3.3391,3.6011,3.3126,3.0232,2.7337,2.444,2.1544,1.8647,1.575,1.2853
2.5148,2.5257,2.5363,2.5465,2.5567,2.5669,2.577,2.5872,2.5973,2.6108,2.6252,2.7793,3.031,3.2785,3.3203,3.3203,3.3203,3.3203,3.3203,3.3203,3.3203,3.3203,3.3203,3.3203,3.3203,3.3203,3.3203
5.5582,5.5582,5.5582,5.5582,5.5582,5.5582,5.5582,5.5582,5.5582,5.5582,5.5582,5.5582,5.5582,0.5053,1.0469,1.7685,1.7685,1.7685,1.7685,1.7685,1.7685,1.7685,1.7685,1.7685,1.7685,1.7685,1.7685
2.3333,2.3333,2.3333,2.3333,2.3333,2.3333,2.3333,2.3333,2.3333,2.3333,2.3333,2.3333,2.3333,2.0872,1.0486,1.8403,2.3333,2.3333,2.3333,2.3333,2.3333,2.3333,2.3333,2.3333,2.3333,2.3333,2.3333
2.0875,2.0966,2.1054,2.1138,2.1223,2.1307,2.1391,2.1476,2.156,2.1672,2.1791,2.3071,2.516,2.7215,2.9226,1.8434,2.6024,3.3612,4.1125,4.8637,5.6144,6.3649,6.3887,6.3887,6.3887,6.3887,6.3887
1.9104,1.9006,1.8912,1.8821,1.873,1.8639,1.8548,1.8458,1.8367,1.8246,1.8118,1.674,1.449,0.3962,1.0521,1.8464,2.6067,3.3668,3.8516,3.6744,3.3534,3.0322,2.711,2.3897,2.0683,1.747,1.4257
2.1163,2.1163,2.1163,2.1163,2.1163,2.1163,2.1163,2.1163,2.1163,2.1163,2.1163,2.1163,2.1163,2.1163,2.1163,2.1163,2.1163,2.1163,2.1163,2.1163,2.1163,2.1163,2.1163,2.1163,2.1163,2.1163,2.1163
5.4139,5.4373,5.4601,5.4821,5.504,5.5259,5.5477,5.5695,5.5914,5.6205,5.6514,5.8525,5.8525,0.532,1.0556,1.8526,1.8621,1.8621,1.8621,1.8621,1.8621,1.8621,1.8621,1.8621,1.8621,1.8621,1.8621
1.8898,1.8801,1.8708,1.8617,1.8527,1.8438,1.8348,1.8258,1.8169,1.8049,1.7922,1.6559,1.4334,0.3919,1.0573,1.8557,2.6197,3.3836,3.9513,3.6347,3.3172,2.9995,2.6817,2.3639,2.046,1.7282,1.4103
2.0885,2.0976,2.1064,2.1148,2.1233,2.1317,2.1401,2.1486,2.157,2.1682,2.1801,2.3082,2.5172,2.7227,2.9239,3.1465,2.6595,3.3892,4.1467,4.9043,5.6612,6.418,6.8647,6.8647,6.8647,6.8647,6.8647
3.3174,3.3005,3.2841,3.2683,3.2524,3.2367,3.2209,3.2052,3.1895,3.1684,3.1462,2.9069,2.5163,0.5739,1.0609,1.8619,2.0087,2.0087,2.0087,2.0087,2.0087,2.0087,2.0087,2.0087,2.0087,2.0087,2.0087
2.0119,2.0119,2.0119,2.0119,2.0119,2.0119,2.0119,2.0119,2.0119,2.0119,2.0119,2.0119,2.0119,2.0119,1.0626,1.865,2.0119,2.0119,2.0119,2.0119,2.0119,2.0119,2.0119,2.0119,2.0119,2.0119,2.0119
2.4604,2.471,2.4814,2.4914,2.5014,2.5113,2.5212,2.5311,2.5411,2.5543,2.5683,2.7192,2.9654,3.2076,1.0644,1.8681,2.6373,2.9434,2.9434,2.9434,2.9434,2.9434,2.9434,2.9434,2.9434,2.9434,2.9434
1.7058,1.6971,1.6887,1.6805,1.6724,1.6643,1.6562,1.6481,1.64,1.6292,1.6178,1.4947,1.2939,0.3538,1.0662,1.8713,2.6417,3.412,3.5667,3.2809,2.9943,2.7075,2.4207,2.1338,1.8469,1.56,1.2731
2.5971,2.5971,2.5971,2.5971,2.5971,2.5971,2.5971,2.5971,2.5971,2.5971,2.5971,2.5971,2.5971,2.5971,2.5971,2.5971,2.5971,2.5971,2.5971,2.5971,2.5971,2.5971,2.5971,2.5971,2.5971,2.5971,2.5971
5.4017,5.4017,5.4017,5.4017,5.4017,5.4017,5.4017,5.4017,5.4017,5.4017,5.4017,5.4017,5.4017,0.4911,1.0698,1.7187,1.7187,1.7187,1.7187,1.7187,1.7187,1.7187,1.7187,1.7187,1.7187,1.7187,1.7187
2.426,2.4137,2.4016,2.3901,2.3785,2.367,2.3555,2.3439,2.3324,2.3171,2.3008,2.1258,1.8401,0.5031,1.0716,1.8807,2.6551,2.7342,2.7342,2.7342,2.7342,2.7342,2.7342,2.7342,2.6266,2.2186,1.8105
1.9901,1.9987,2.0071,2.0151,2.0232,2.0312,2.0393,2.0473,2.0553,2.066,2.0774,2.1994,2.3985,2.5944,2.7861,2.9982,2.6596,3.4351,4.2028,4.9706,5.7378,6.5048,7.2718,8.0387,8.8057,9.4976,9.7821
2.1751,2.164,2.1532,2.1429,2.1325,2.1222,2.1118,2.1015,2.0912,2.0774,2.0628,1.9059,1.6498,0.4511,1.0752,1.8871,2.6641,2.7149,2.7149,2.7149,2.7149,2.7149,2.7149,2.7149,2.355,1.9891,1.6233
1.9778,1.9778,1.9778,1.9778,1.9778,1.9778,1.9778,1.9778,1.9778,1.9778,1.9778,1.9778,1.9778,1.9778,1.9778,1.9778,1.9778,1.9778,1.9778,1.9778,1.9778,1.9778,1.9778,1.9778,1.9778,1.9778,1.9778
3.5325,3.5478,3.5627,3.577,3.5914,3.6056,3.6199,3.6341,3.6484,3.6674,3.6875,3.9041,4.2576,0.5904,1.0789,1.8935,2.0665,2.0665,2.0665,2.0665,2.0665,2.0665,2.0665,2.0665,2.0665,2.0665,2.0665
1.7298,1.721,1.7124,1.7042,1.6959,1.6877,1.6795,1.6713,1.6631,1.6521,1.6405,1.5158,1.3121,0.3587,1.0807,1.8967,2.6777,3.4584,3.6168,3.3271,3.0364,2.7456,2.4547,2.1638,1.8728,1.5819,1.2909
2.2643,2.2741,2.2836,2.2928,2.302,2.3111,2.3203,2.3294,2.3385,2.3507,2.3636,2.5024,2.729,2.9519,3.17,3.4113,2.8833,3.4643,4.0125,4.0125,4.0125,4.0125,4.0125,4.0125,4.0125,4.0125,4.0125
5.3223,5.2952,5.2688,5.2434,5.218,5.1927,5.1675,5.1422,5.117,5.0833,5.0475,4.6637,4.037,0.5138,1.0844,1.7984,1.7984,1.7984,1.7984,1.7984,1.7984,1.7984,1.7984,1.7984,1.7984,1.7984,1.7984
2.1346,2.1346,2.1346,2.1346,2.1346,2.1346,2.1346,2.1346,2.1346,2.1346,2.1346,2.1346,2.1346,2.1346,1.0863,1.9065,2.1346,2.1346,2.1346,2.1346,2.1346,2.1346,2.1346,2.1346,2.1346,2.1346,2.1346
2.1505,2.1598,2.1689,2.1776,2.1863,2.195,2.2037,2.2124,2.221,2.2326,2.2449,2.3767,2.5919,2.8036,1.2248,1.9097,2.6961,3.4821,4.2605,4.2869,4.2869,4.2869,4.2869,4.2869,4.2869,4.2869,4.2869
1.7732,1.7642,1.7554,1.747,1.7385,1.7301,1.7217,1.7133,1.7048,1.6936,1.6817,1.5538,1.345,0.3677,1.09,1.913,2.7007,3.4881,3.7077,3.4106,3.1127,2.8146,2.5164,2.2181,1.9199,1.6216,1.3234
2.2104,2.2104,2.2104,2.2104,2.2104,2.2104,2.2104,2.2104,2.2104,2.2104,2.2104,2.2104,2.2104,2.2104,2.2104,2.2104,2.2104,2.2104,2.2104,2.2104,2.2104,2.2104,2.2104,2.2104,2.2104,2.2104,2.2104
5.5061,5.5061,5.5061,5.5061,5.5061,5.5061,5.5061,5.5061,5.5061,5.5061,5.5061,5.5061,5.5061,0.5006,1.0937,1.752,1.752,1.752,1.752,1.752,1.752,1.752,1.752,1.752,1.752,1.752,1.752
2.0036,1.9934,1.9834,1.9739,1.9643,1.9548,1.9453,1.9358,1.9263,1.9136,1.9002,1.7556,1.5197,0.4155,1.0956,1.9229,2.7147,3.5062,3.521,3.521,3.517,3.1801,2.8432,2.5062,2.1692,1.8322,1.4953
1.9901,1.9987,2.0071,2.0152,2.0233,2.0313,2.0393,2.0473,2.0554,2.0661,2.0774,2.1994,2.3986,2.5945,2.7862,2.2619,2.7194,3.5122,4.2973,5.0823,5.8667,6.651,7.4352,8.2194,9.0035,9.4979,9.7824
2.6833,2.6697,2.6564,2.6436,2.6308,2.6181,2.6053,2.5926,2.5798,2.5628,2.5448,2.3513,2.0353,0.5565,1.0994,1.9296,2.1651,2.1651,2.1651,2.1651,2.1651,2.1651,2.1651,2.1651,2.1651,2.1651,2.0026
1.9408,1.9408,1.9408,1.9408,1.9408,1.9408,1.9408,1.9408,1.9408,1.9408,1.9408,1.9408,1.9408,1.9408,1.9408,1.9329,1.9408,1.9408,1.9408,1.9408,1.9408,1.9408,1.9408,1.9408,1.9408,1.9408,1.9408
2.7019,2.7136,2.725,2.736,2.7469,2.7578,2.7687,2.7796,2.7905,2.8051,2.8205,2.9861,3.2565,3.5225,1.1032,1.9363,2.4599,2.4599,2.4599,2.4599,2.4599,2.4599,2.4599,2.4599,2.4599,2.4599,2.4599
1.6653,1.6568,1.6485,1.6406,1.6327,1.6248,1.6169,1.609,1.601,1.5905,1.5793,1.4592,1.2631,0.3454,1.1052,1.9397,2.7383,3.5367,3.4819,3.203,2.9232,2.6432,2.3632,2.0831,1.803,1.5229,1.2428
2.6139,2.6252,2.6362,2.6468,2.6574,2.6679,2.6785,2.689,2.6996,2.7136,2.7286,2.8888,2.9143,2.9143,2.9143,2.9143,2.9143,2.9143,2.9143,2.9143,2.9143,2.9143,2.9143,2.9143,2.9143,2.9143,2.9143
5.3361,5.3361,5.3361,5.3361,5.3361,5.3361,5.3361,5.3361,5.3361,5.3361,5.3361,5.3361,5.3361,0.4851,1.109,1.6979,1.6979,1.6979,1.6979,1.6979,1.6979,1.6979,1.6979,1.6979,1.6979,1.6979,1.6979
2.3985,2.3985,2.3985,2.3985,2.3985,2.3985,2.3985,2.3985,2.3985,2.3985,2.3985,2.3985,2.1186,0.5793,1.111,1.9498,2.3985,2.3985,2.3985,2.3985,2.3985,2.3985,2.3985,2.3985,2.3985,2.3985,2.0845
1.9895,1.9981,2.0065,2.0146,2.0226,2.0307,2.0387,2.0467,2.0547,2.0654,2.0768,2.1988,2.3979,2.5937,2.7853,2.2612,2.7575,3.5615,4.3575,5.1536,5.949,6.7442,7.5394,8.3346,8.8219,8.8219,8.8219
1.9446,1.9347,1.925,1.9157,1.9065,1.8972,1.888,1.8788,1.8696,1.8572,1.8442,1.7039,1.475,0.4033,1.1149,1.9567,2.7624,3.2263,3.2263,3.2263,3.2263,3.0865,2.7595,2.4324,2.1054,1.7783,1.4512
2.0015,2.0015,2.0015,2.0015,2.0015,2.0015,2.0015,2.0015,2.0015,2.0015,2.0015,2.0015,2.0015,2.0015,2.0015,2.0015,2.0015,2.0015,2.0015,2.0015,2.0015,2.0015,2.0015,2.0015,2.0015,2.0015,2.0015
4.3725,4.3915,4.4099,4.4276,4.4453,4.463,4.4806,4.4982,4.5159,4.5394,4.5643,4.8324,5.27,0.5368,1.1188,1.8787,1.8787,1.8787,1.8787,1.8787,1.8787,1.8787,1.8787,1.8787,1.8787,1.8787,1.8787
1.7729,1.7638,1.755,1.7466,1.7381,1.7297,1.7213,1.7129,1.7045,1.6932,1.6813,1.5535,1.3447,0.3677,1.1208,1.967,2.777,3.5866,3.7068,3.4098,3.112,2.8139,2.5158,2.2176,1.9194,1.6213,1.3231
2.0899,2.0989,2.1077,2.1162,2.1247,2.1331,2.1416,2.15,2.1584,2.1697,2.1816,2.3097,2.5188,2.7245,2.9259,3.1486,2.7819,3.593,4.3961,5.1991,5.2496,5.2496,5.2496,5.2496,5.2496,5.2496,5.2496
3.7599,3.7408,3.7221,3.7042,3.6863,3.6684,3.6506,3.6327,3.6149,3.5911,3.5658,3.2947,2.8519,0.5337,1.1247,1.868,1.868,1.868,1.868,1.868,1.868,1.868,1.868,1.868,1.868,1.868,1.868
1.9978,1.9978,1.9978,1.9978,1.9978,1.9978,1.9978,1.9978,1.9978,1.9978,1.9978,1.9978,1.9978,1.9978,1.1267,1.9775,1.9978,1.9978,1.9978,1.9978,1.9978,1.9978,1.9978,1.9978,1.9978,1.9978,1.9978
2.266,2.2758,2.2853,2.2945,2.3037,2.3129,2.322,2.3311,2.3403,2.3525,2.3654,2.5043,2.7311,2.9541,1.1287,1.981,2.7967,3.2455,3.2455,3.2455,3.2455,3.2455,3.2455,3.2455,3.2455,3.2455,3.2455
1.6814,1.6729,1.6645,1.6565,1.6485,1.6405,1.6325,1.6246,1.6166,1.6059,1.5946,1.4734,1.2754,0.3487,1.1308,1.9846,2.8017,3.6186,3.5157,3.234,2.9515,2.6688,2.3861,2.1033,1.8205,1.5377,1.2548
2.366,2.366,2.366,2.366,2.366,2.366,2.366,2.366,2.366,2.366,2.366,2.366,2.366,2.366,2.366,2.366,2.366,2.366,2.366,2.366,2.366,2.366,2.366,2.366,2.366,2.366,2.366
5.2864,5.2864,5.2864,5.2864,5.2864,5.2864,5.2864,5.2864,5.2864,5.2864,5.2864,5.2864,5.2864,0.4806,1.1348,1.6821,1.6821,1.6821,1.6821,1.6821,1.6821,1.6821,1.6821,1.6821,1.6821,1.6821,1.6821
2.1825,2.1714,2.1606,2.1502,2.1398,2.1294,2.1191,2.1087,2.0984,2.0845,2.0699,1.9125,1.6555,0.4526,1.1368,1.9952,2.8168,2.9033,2.9033,2.9033,2.9033,2.9033,2.9033,2.7301,2.363,1.9959,1.6288
1.9339,1.9423,1.9504,1.9583,1.9661,1.9739,1.9817,1.9895,1.9973,2.0077,2.0187,2.1373,2.3308,2.5212,2.7075,2.198,2.8218,3.6445,4.4591,5.2738,6.0877,6.9015,7.7153,8.529,8.9531,9.2296,9.506
2.2777,2.2661,2.2549,2.244,2.2331,2.2223,2.2115,2.2007,2.1899,2.1755,2.1602,1.9959,1.7277,0.4724,1.1409,2.0024,2.4063,2.4063,2.4063,2.4063,2.4063,2.4063,2.4063,2.4063,2.4063,2.083,1.6999
1.9084,1.9084,1.9084,1.9084,1.9084,1.9084,1.9084,1.9084,1.9084,1.9084,1.9084,1.9084,1.9084,1.9084,1.9084,1.9084,1.9084,1.9084,1.9084,1.9084,1.9084,1.9084,1.9084,1.9084,1.9084,1.9084,1.9084
3.0746,3.0879,3.1008,3.1133,3.1257,3.1382,3.1506,3.163,3.1754,3.1919,3.2094,3.3979,3.7056,0.611,1.145,2.0096,2.1386,2.1386,2.1386,2.1386,2.1386,2.1386,2.1386,2.1386,2.1386,2.1386,2.1386
1.6571,1.6487,1.6404,1.6325,1.6246,1.6168,1.6089,1.601,1.5932,1.5827,1.5716,1.452,1.2569,0.3437,1.1471,2.0132,2.8422,3.6709,3.4648,3.1872,2.9088,2.6302,2.3515,2.0728,1.7941,1.5154,1.2367
2.319,2.3291,2.3388,2.3482,2.3576,2.367,2.3764,2.3857,2.3951,2.4075,2.4208,2.5629,2.795,3.0233,3.2467,3.4122,2.9531,3.4122,3.4122,3.4122,3.4122,3.4122,3.4122,3.4122,3.4122,3.4122,3.4122
5.3742,5.3742,5.3742,5.3742,5.3742,5.3742,5.3742,5.3742,5.3742,5.3742,5.3742,5.3742,5.2522,0.4886,1.1513,1.71,1.71,1.71,1.71,1.71,1.71,1.71,1.71,1.71,1.71,1.71,1.71
2.1659,2.1659,2.1659,2.1659,2.1659,2.1659,2.1659,2.1659,2.1659,2.1659,2.1659,2.1659,2.1659,2.1659,1.1534,2.0242,2.1659,2.1659,2.1659,2.1659,2.1659,2.1659,2.1659,2.1659,2.1659,2.1659,2.1659
2.0287,2.0375,2.046,2.0543,2.0625,2.0707,2.0789,2.087,2.0952,2.1061,2.1177,2.2421,2.4451,2.6448,1.48,2.0279,2.8629,3.6976,4.5241,5.1801,5.1801,5.1801,5.1801,5.1801,5.1801,5.1801,5.1801
1.7841,1.775,1.7661,1.7576,1.7491,1.7407,1.7322,1.7237,1.7153,1.704,1.692,1.5633,1.3532,0.37,1.1576,2.0316,2.8681,3.7043,3.7303,3.4314,3.1317,2.8317,2.5317,2.2317,1.9316,1.6315,1.3314
2.0677,2.0677,2.0677,2.0677,2.0677,2.0677,2.0677,2.0677,2.0677,2.0677,2.0677,2.0677,2.0677,2.0677,2.0677,2.0677,2.0677,2.0677,2.0677,2.0677,2.0677,2.0677,2.0677,2.0677,2.0677,2.0677,2.0677
5.496,5.496,5.496,5.496,5.496,5.496,5.496,5.496,5.496,5.496,5.496,5.496,5.496,0.4996,1.1618,1.7487,1.7487,1.7487,1.7487,1.7487,1.7487,1.7487,1.7487,1.7487,1.7487,1.7487,1.7487
1.8569,1.8475,1.8383,1.8294,1.8206,1.8118,1.8029,1.7941,1.7853,1.7736,1.7611,1.6272,1.4085,0.3851,1.1639,2.0428,2.8839,3.7247,3.8827,3.5716,3.2596,2.9474,2.6351,2.3228,2.0105,1.6982,1.3858
1.9716,1.9801,1.9884,1.9964,2.0044,2.0124,2.0203,2.0283,2.0362,2.0468,2.0581,2.179,2.3763,2.5703,2.7602,2.2409,2.8892,3.7316,4.5656,5.3997,6.233,7.0663,7.8995,7.9309,7.9309,7.9309,7.9309
2.929,2.9141,2.8996,2.8856,2.8716,2.8577,2.8438,2.8299,2.816,2.7975,2.7778,2.5666,2.2217,0.5675,1.1682,1.9862,1.9862,1.9862,1.9862,1.9862,1.9862,1.9862,1.9862,1.9862,1.9862,1.9862,1.9862
1.9088,1.9088,1.9088,1.9088,1.9088,1.9088,1.9088,1.9088,1.9088,1.9088,1.9088,1.9088,1.9088,1.9088,1.1704,1.9088,1.9088,1.9088,1.9088,1.9088,1.9088,1.9088,1.9088,1.9088,1.9088,1.9088,1.9088
2.4497,2.4603,2.4706,2.4806,2.4905,2.5004,2.5103,2.5202,2.53,2.5432,2.5572,2.7074,2.9525,3.1936,1.1725,2.0579,2.6358,2.6358,2.6358,2.6358,2.6358,2.6358,2.6358,2.6358,2.6358,2.6358,2.6358
1.6263,1.618,1.6099,1.6022,1.5944,1.5867,1.579,1.5712,1.5635,1.5532,1.5423,1.425,1.2335,0.3373,1.1747,2.0617,2.9106,3.6728,3.4003,3.1279,2.8547,2.5813,2.3078,2.0343,1.7607,1.4872,1.2137
2.6063,2.6063,2.6063,2.6063,2.6063,2.6063,2.6063,2.6063,2.6063,2.6063,2.6063,2.6063,2.6063,2.6063,2.6063,2.6063,2.6063,2.6063,2.6063,2.6063,2.6063,2.6063,2.6063,2.6063,2.6063,2.6063,2.6063
5.1743,5.1743,5.1743,5.1743,5.1743,5.1743,5.1743,5.1743,5.1743,5.1743,5.1743,5.1743,5.1743,0.4704,1.1791,1.6464,1.6464,1.6464,1.6464,1.6464,1.6464,1.6464,1.6464,1.6464,1.6464,1.6464,1.6464
2.4571,2.4446,2.4324,2.4207,2.409,2.3973,2.3856,2.374,2.3623,2.3468,2.3303,2.153,1.8637,0.5096,1.1812,2.0732,2.4994,2.4994,2.4994,2.4994,2.4994,2.4994,2.4994,2.4994,2.4994,2.247,1.8337
1.9154,1.9237,1.9318,1.9396,1.9473,1.955,1.9628,1.9705,1.9782,1.9885,1.9995,2.1169,2.3086,2.4971,2.6816,2.177,2.9323,3.7872,4.6337,5.4802,6.326,7.1716,8.0172,8.5937,8.8676,9.1414,9.4152
2.0042,1.9939,1.984,1.9744,1.9649,1.9554,1.9459,1.9364,1.9268,1.9141,1.9007,1.7561,1.5202,0.4156,1.1857,2.0809,2.7803,2.7803,2.7803,2.7803,2.7803,2.7803,2.7803,2.507,2.1699,1.8328,1.4957
1.9129,1.9129,1.9129,1.9129,1.9129,1.9129,1.9129,1.9129,1.9129,1.9129,1.9129,1.9129,1.9129,1.9129,1.9129,1.9129,1.9129,1.9129,1.9129,1.9129,1.9129,1.9129,1.9129,1.9129,1.9129,1.9129,1.9129
3.6681,3.684,3.6994,3.7143,3.7291,3.7439,3.7587,3.7735,3.7883,3.8081,3.829,4.0539,4.421,0.5478,1.1901,1.9174,1.9174,1.9174,1.9174,1.9174,1.9174,1.9174,1.9174,1.9174,1.9174,1.9174,1.9174
1.6813,1.6728,1.6644,1.6564,1.6484,1.6404,1.6324,1.6245,1.6165,1.6058,1.5945,1.4733,1.2753,0.3487,1.1923,2.0926,2.9543,3.7971,3.5155,3.2338,2.9513,2.6687,2.3859,2.1031,1.8204,1.5376,1.2548
2.1142,2.1233,2.1322,2.1408,2.1494,2.1579,2.1664,2.1749,2.1835,2.1949,2.2069,2.3365,2.5481,2.7562,2.9598,2.4029,2.9598,3.8228,4.2428,4.2428,4.2428,4.2428,4.2428,4.2428,4.2428,4.2428,4.2428
4.4306,4.408,4.3861,4.3649,4.3438,4.3228,4.3017,4.2807,4.2597,4.2316,4.2019,3.8823,3.3606,0.502,1.1968,1.7571,1.7571,1.7571,1.7571,1.7571,1.7571,1.7571,1.7571,1.7571,1.7571,1.7571,1.7571
2.0045,2.0045,2.0045,2.0045,2.0045,2.0045,2.0045,2.0045,2.0045,2.0045,2.0045,2.0045,2.0045,2.0045,1.1991,2.0045,2.0045,2.0045,2.0045,2.0045,2.0045,2.0045,2.0045,2.0045,2.0045,2.0045,2.0045
2.1128,2.1219,2.1308,2.1394,2.1479,2.1565,2.165,2.1735,2.182,2.1934,2.2054,2.335,2.5464,2.7543,1.2014,2.1085,2.9767,3.6835,3.6835,3.6835,3.6835,3.6835,3.6835,3.6835,3.6835,3.6835,3.6835
1.6741,1.6656,1.6573,1.6493,1.6414,1.6334,1.6255,1.6175,1.6096,1.599,1.5877,1.467,1.2698,0.3472,1.2036,2.1125,2.9823,3.7809,3.5005,3.22,2.9387,2.6573,2.3757,2.0942,1.8126,1.531,1.2494
2.1846,2.1846,2.1846,2.1846,2.1846,2.1846,2.1846,2.1846,2.1846,2.1846,2.1846,2.1846,2.1846,2.1846,2.1846,2.1846,2.1846,2.1846,2.1846,2.1846,2.1846,2.1846,2.1846,2.1846,2.1846,2.1846,2.1846
5.2249,5.2249,5.2249,5.2249,5.2249,5.2249,5.2249,5.2249,5.2249,5.2249,5.2249,5.2249,5.2249,0.475,1.2082,1.6625,1.6625,1.6625,1.6625,1.6625,1.6625,1.6625,1.6625,1.6625,1.6625,1.6625,1.6625
1.9932,1.983,1.9731,1.9636,1.9541,1.9446,1.9352,1.9257,1.9163,1.9036,1.8903,1.7465,1.5118,0.4134,1.2105,2.1246,2.9994,3.1412,3.1412,3.1412,3.1412,3.1412,2.8284,2.4932,2.158,1.8227,1.4875
1.8977,1.9059,1.9139,1.9216,1.9293,1.937,1.9446,1.9523,1.9599,1.9702,1.981,2.0973,2.2872,2.474,2.6568,2.1569,3.0051,3.8812,4.7488,5.6163,6.4831,7.3497,8.2163,8.5143,8.7856,9.0569,9.3282
2.4239,2.4116,2.3996,2.388,2.3764,2.3649,2.3534,2.3419,2.3304,2.3151,2.2988,2.124,1.8385,0.5027,1.2152,2.1327,2.1698,2.1698,2.1698,2.1698,2.1698,2.1698,2.1698,2.1698,2.1698,2.1698,1.809
1.8595,1.8595,1.8595,1.8595,1.8595,1.8595,1.8595,1.8595,1.8595,1.8595,1.8595,1.8595,1.8595,1.8595,1.8595,1.8595,1.8595,1.8595,1.8595,1.8595,1.8595,1.8595,1.8595,1.8595,1.8595,1.8595,1.8595
2.7309,2.7427,2.7542,2.7653,2.7764,2.7874,2.7984,2.8094,2.8204,2.8351,2.8507,3.0181,3.2914,0.6413,1.2198,2.1409,2.2447,2.2447,2.2447,2.2447,2.2447,2.2447,2.2447,2.2447,2.2447,2.2447,2.2447
1.6032,1.595,1.587,1.5794,1.5718,1.5641,1.5565,1.5489,1.5413,1.5312,1.5204,1.4048,1.216,0.3325,1.2222,2.145,3.0282,3.6206,3.352,3.0835,2.8141,2.5446,2.275,2.0054,1.7357,1.4661,1.1964
2.4056,2.416,2.4262,2.4359,2.4457,2.4554,2.4651,2.4748,2.4845,2.4974,2.5112,2.6586,2.8994,2.9754,2.9754,2.9754,2.9754,2.9754,2.9754,2.9754,2.9754,2.9754,2.9754,2.9754,2.9754,2.9754,2.9754
5.1616,5.1616,5.1616,5.1616,5.1616,5.1616,5.1616,5.1616,5.1616,5.1616,5.1616,5.1616,5.1616,0.4692,1.2269,1.6423,1.6423,1.6423,1.6423,1.6423,1.6423,1.6423,1.6423,1.6423,1.6423,1.6423,1.6423
2.2237,2.2237,2.2237,2.2237,2.2237,2.2237,2.2237,2.2237,2.2237,2.2237,2.2237,2.2237,2.19,0.5988,1.2293,2.1575,2.2237,2.2237,2.2237,2.2237,2.2237,2.2237,2.2237,2.2237,2.2237,2.2237,2.1547
1.9339,1.9422,1.9504,1.9582,1.966,1.9739,1.9817,1.9895,1.9973,2.0077,2.0187,2.1372,2.3308,2.5211,2.7074,2.1617,3.0517,3.9415,4.8225,5.7034,6.5837,6.7239,6.7239,6.7239,6.7239,6.7239,6.7239
1.8148,1.8055,1.7965,1.7879,1.7792,1.7706,1.762,1.7534,1.7448,1.7333,1.7211,1.5902,1.3765,0.3764,1.2341,2.1659,3.0576,3.3882,3.3882,3.3882,3.1856,2.8805,2.5753,2.2701,1.9648,1.6596,1.3544
1.9554,1.9554,1.9554,1.9554,1.9554,1.9554,1.9554,1.9554,1.9554,1.9554,1.9554,1.9554,1.9554,1.9554,1.9554,1.9554,1.9554,1.9554,1.9554,1.9554,1.9554,1.9554,1.9554,1.9554,1.9554,1.9554,1.9554
4.6915,4.7118,4.7316,4.7506,4.7696,4.7885,4.8075,4.8264,4.8453,4.8706,4.8973,5.1849,5.5434,0.5039,1.2389,1.7638,1.7638,1.7638,1.7638,1.7638,1.7638,1.7638,1.7638,1.7638,1.7638,1.7638,1.7638
1.7412,1.7324,1.7237,1.7154,1.7071,1.6989,1.6906,1.6823,1.6741,1.6631,1.6514,1.5258,1.3207,0.3611,1.2413,2.1786,3.0756,3.9324,3.6407,3.3491,3.0565,2.7638,2.4709,2.1781,1.8852,1.5924,1.2995
1.9729,1.9814,1.9897,1.9977,2.0057,2.0137,2.0216,2.0296,2.0376,2.0482,2.0594,2.1804,2.3778,2.572,2.762,2.2423,3.0816,3.9801,4.8697,5.7593,5.8117,5.8117,5.8117,5.8117,5.8117,5.8117,5.8117
3.2784,3.2617,3.2455,3.2298,3.2142,3.1987,3.1831,3.1675,3.152,3.1312,3.1092,2.8727,2.4867,0.5272,1.2462,1.8452,1.8452,1.8452,1.8452,1.8452,1.8452,1.8452,1.8452,1.8452,1.8452,1.8452,1.8452
1.8957,1.8957,1.8957,1.8957,1.8957,1.8957,1.8957,1.8957,1.8957,1.8957,1.8957,1.8957,1.8957,1.8957,1.2486,1.8957,1.8957,1.8957,1.8957,1.8957,1.8957,1.8957,1.8957,1.8957,1.8957,1.8957,1.8957
2.2523,2.2621,2.2716,2.2807,2.2898,2.2989,2.308,2.3171,2.3262,2.3383,2.3511,2.4892,2.7146,2.9363,1.2511,2.1957,2.8821,2.8821,2.8821,2.8821,2.8821,2.8821,2.8821,2.8821,2.8821,2.8821,2.8821
1.6034,1.5953,1.5873,1.5797,1.572,1.5644,1.5568,1.5492,1.5416,1.5314,1.5207,1.405,1.2162,0.3325,1.2535,2.2001,3.1059,3.6212,3.3526,3.084,2.8146,2.545,2.2754,2.0057,1.736,1.4663,1.1966
2.3681,2.3681,2.3681,2.3681,2.3681,2.3681,2.3681,2.3681,2.3681,2.3681,2.3681,2.3681,2.3681,2.3681,2.3681,2.3681,2.3681,2.3681,2.3681,2.3681,2.3681,2.3681,2.3681,2.3681,2.3681,2.3681,2.3681
5.0655,5.0655,5.0655,5.0655,5.0655,5.0655,5.0655,5.0655,5.0655,5.0655,5.0655,5.0655,5.0655,0.4605,1.2585,1.6118,1.6118,1.6118,1.6118,1.6118,1.6118,1.6118,1.6118,1.6118,1.6118,1.6118,1.6118
2.2018,2.1906,2.1797,2.1692,2.1587,2.1483,2.1378,2.1273,2.1169,2.103,2.0882,1.9294,1.6701,0.4566,1.261,2.2132,2.6434,2.6434,2.6434,2.6434,2.6434,2.6434,2.6434,2.6434,2.3839,2.0136,1.6432
1.8619,1.8699,1.8778,1.8853,1.8929,1.9004,1.9079,1.9154,1.9229,1.9329,1.9436,2.0577,2.244,2.4273,2.6066,2.2176,3.1307,4.0435,4.9472,5.851,6.754,7.6569,8.0874,8.3535,8.6197,8.8858,9.152
2.093,2.0823,2.072,2.062,2.052,2.0421,2.0321,2.0222,2.0123,1.999,1.985,1.834,1.5875,0.4341,1.266,2.222,2.4502,2.4502,2.4502,2.4502,2.4502,2.4502,2.4502,2.4502,2.2661,1.914,1.562
1.8461,1.8461,1.8461,1.8461,1.8461,1.8461,1.8461,1.8461,1.8461,1.8461,1.8461,1.8461,1.8461,1.8461,1.8461,1.8461,1.8461,1.8461,1.8461,1.8461,1.8461,1.8461,1.8461,1.8461,1.8461,1.8461,1.8461
3.1657,3.1794,3.1927,3.2056,3.2184,3.2312,3.244,3.2567,3.2695,3.2865,3.3046,3.4986,3.8155,0.5659,1.2711,1.9806,1.9806,1.9806,1.9806,1.9806,1.9806,1.9806,1.9806,1.9806,1.9806,1.9806,1.9806
1.6107,1.6025,1.5945,1.5868,1.5791,1.5715,1.5638,1.5562,1.5485,1.5383,1.5275,1.4114,1.2217,0.334,1.2737,2.2354,3.1558,3.6375,3.3677,3.0979,2.8273,2.5565,2.2856,2.0148,1.7439,1.4729,1.202
2.1627,2.172,2.1811,2.1899,2.1987,2.2074,2.2161,2.2248,2.2336,2.2452,2.2575,2.3901,2.6065,2.8194,3.0277,2.458,3.1621,3.5629,3.5629,3.5629,3.5629,3.5629,3.5629,3.5629,3.5629,3.5629,3.5629
5.2495,5.2495,5.2495,5.2495,5.2495,5.2495,5.2495,5.2495,5.2495,5.2495,5.2341,4.8361,4.1862,0.4772,1.2788,1.6703,1.6703,1.6703,1.6703,1.6703,1.6703,1.6703,1.6703,1.6703,1.6703,1.6703,1.6703
2.0325,2.0325,2.0325,2.0325,2.0325,2.0325,2.0325,2.0325,2.0325,2.0325,2.0325,2.0325,2.0325,2.0325,1.2814,2.0325,2.0325,2.0325,2.0325,2.0325,2.0325,2.0325,2.0325,2.0325,2.0325,2.0325,2.0325
1.9919,2.0005,2.0089,2.017,2.0251,2.0331,2.0412,2.0492,2.0572,2.0679,2.0793,2.2014,2.4008,2.5968,1.284,2.2534,3.1813,4.1089,4.3417,4.3417,4.3417,4.3417,4.3417,4.3417,4.3417,4.3417,4.3417
1.6837,1.6751,1.6667,1.6587,1.6507,1.6427,1.6347,1.6267,1.6187,1.608,1.5968,1.4753,1.2771,0.3492,1.2866,2.258,3.1878,3.8024,3.5203,3.2383,2.9554,2.6724,2.3892,2.1061,1.8229,1.5397,1.2565
2.0414,2.0414,2.0414,2.0414,2.0414,2.0414,2.0414,2.0414,2.0414,2.0414,2.0414,2.0414,2.0414,2.0414,2.0414,2.0414,2.0414,2.0414,2.0414,2.0414,2.0414,2.0414,2.0414,2.0414,2.0414,2.0414,2.0414
5.2142,5.2142,5.2142,5.2142,5.2142,5.2142,5.2142,5.2142,5.2142,5.2142,5.2142,5.2142,5.2142,0.474,1.2918,1.6591,1.6591,1.6591,1.6591,1.6591,1.6591,1.6591,1.6591,1.6591,1.6591,1.6591,1.6591
1.8443,1.8349,1.8257,1.8169,1.8081,1.7994,1.7906,1.7819,1.7731,1.7614,1.7491,1.616,1.3989,0.3825,1.2944,2.2718,3.2073,3.4748,3.4748,3.4748,3.2373,2.9273,2.6171,2.3069,1.9968,1.6866,1.3764
1.8799,1.8881,1.896,1.9036,1.9112,1.9188,1.9264,1.934,1.9416,1.9517,1.9624,2.0777,2.2658,2.4508,2.6319,2.2765,3.2138,4.1508,5.0786,6.0064,6.9334,7.8602,8.1658,8.4345,8.7033,8.972,9.2408
2.627,2.6136,2.6006,2.5881,2.5755,2.5631,2.5506,2.5381,2.5257,2.509,2.4914,2.3019,1.9926,0.5448,1.2997,1.9856,1.9856,1.9856,1.9856,1.9856,1.9856,1.9856,1.9856,1.9856,1.9856,1.9856,1.9605
1.8289,1.8289,1.8289,1.8289,1.8289,1.8289,1.8289,1.8289,1.8289,1.8289,1.8289,1.8289,1.8289,1.8289,1.449,1.8289,1.8289,1.8289,1.8289,1.8289,1.8289,1.8289,1.8289,1.8289,1.8289,1.8289,1.8289
2.4672,2.4779,2.4883,2.4983,2.5083,2.5182,2.5282,2.5381,2.5481,2.5614,2.5754,2.7267,2.9736,0.6838,1.3051,2.2905,2.3931,2.3931,2.3931,2.3931,2.3931,2.3931,2.3931,2.3931,2.3931,2.3931,2.3931
1.5656,1.5576,1.5499,1.5424,1.5349,1.5275,1.5201,1.5126,1.5052,1.4953,1.4848,1.3719,1.1875,0.3247,1.3078,2.2952,3.2403,3.5358,3.2735,3.0112,2.7482,2.485,2.2217,1.9584,1.6951,1.4317,1.1684
2.53,2.5409,2.5516,2.5618,2.5721,2.5823,2.5925,2.6027,2.6129,2.6265,2.6409,2.6474,2.6474,2.6474,2.6474,2.6474,2.6474,2.6474,2.6474,2.6474,2.6474,2.6474,2.6474,2.6474,2.6474,2.6474,2.6474
5.0048,5.0048,5.0048,5.0048,5.0048,5.0048,5.0048,5.0048,5.0048,5.0048,5.0048,5.0048,5.0048,0.455,1.3132,1.5924,1.5924,1.5924,1.5924,1.5924,1.5924,1.5924,1.5924,1.5924,1.5924,1.5924,1.5924
2.3115,2.3115,2.3115,2.3115,2.3115,2.3115,2.3115,2.3115,2.3115,2.3115,2.3115,2.2093,1.9124,0.5229,1.3159,2.3095,2.3115,2.3115,2.3115,2.3115,2.3115,2.3115,2.3115,2.3115,2.3115,2.3057,1.8816
1.8615,1.8696,1.8774,1.8849,1.8925,1.9,1.9075,1.915,1.9225,1.9325,1.9432,2.0573,2.2436,2.4268,2.6061,2.3143,3.2672,4.2198,5.163,6.1062,7.0486,7.8196,8.0857,8.3518,8.6179,8.884,9.1501
1.8671,1.8576,1.8483,1.8394,1.8305,1.8217,1.8128,1.8039,1.7951,1.7832,1.7707,1.636,1.4162,0.3872,1.3214,2.3191,2.8889,2.8889,2.8889,2.8889,2.8889,2.8889,2.6495,2.3355,2.0215,1.7074,1.3934
1.8681,1.8681,1.8681,1.8681,1.8681,1.8681,1.8681,1.8681,1.8681,1.8681,1.8681,1.8681,1.8681,1.8681,1.8681,1.8681,1.8681,1.8681,1.8681,1.8681,1.8681,1.8681,1.8681,1.8681,1.8681,1.8681,1.8681
3.873,3.8898,3.9061,3.9218,3.9375,3.9531,3.9687,3.9844,4.0,4.0208,4.0429,4.2803,4.6679,0.5137,1.3269,1.7979,1.7979,1.7979,1.7979,1.7979,1.7979,1.7979,1.7979,1.7979,1.7979,1.7979,1.7979
1.6502,1.6418,1.6337,1.6258,1.6179,1.6101,1.6022,1.5944,1.5866,1.5761,1.5651,1.446,1.2517,0.3422,1.3297,2.3337,3.2946,3.7269,3.4505,3.174,2.8968,2.6193,2.3418,2.0642,1.7867,1.5091,1.2316
1.9941,2.0028,2.0112,2.0192,2.0273,2.0354,2.0434,2.0515,2.0595,2.0702,2.0816,2.2038,2.4034,2.5997,2.7918,2.3386,3.3015,4.2641,4.5787,4.5787,4.5787,4.5787,4.5787,4.5787,4.5787,4.5787,4.5787
3.7884,3.7691,3.7504,3.7323,3.7142,3.6963,3.6783,3.6603,3.6423,3.6183,3.5929,3.3196,2.8735,0.4954,1.3353,1.7338,1.7338,1.7338,1.7338,1.7338,1.7338,1.7338,1.7338,1.7338,1.7338,1.7338,1.7338
1.901,1.901,1.901,1.901,1.901,1.901,1.901,1.901,1.901,1.901,1.901,1.901,1.901,1.901,1.3381,1.901,1.901,1.901,1.901,1.901,1.901,1.901,1.901,1.901,1.901,1.901,1.901
2.0967,2.1057,2.1146,2.1231,2.1316,2.14,2.1485,2.1569,2.1654,2.1767,2.1886,2.3172,2.527,2.7334,1.3409,2.3534,3.2294,3.2294,3.2294,3.2294,3.2294,3.2294,3.2294,3.2294,3.2294,3.2294,3.2294
1.5959,1.5878,1.5798,1.5722,1.5646,1.5571,1.5495,1.5419,1.5343,1.5242,1.5135,1.3984,1.2105,0.331,1.3437,2.3584,3.3294,3.6042,3.3368,3.0695,2.8014,2.533,2.2647,1.9963,1.7278,1.4594,1.191
2.1815,2.1815,2.1815,2.1815,2.1815,2.1815,2.1815,2.1815,2.1815,2.1815,2.1815,2.1815,2.1815,2.1815,2.1815,2.1815,2.1815,2.1815,2.1815,2.1815,2.1815,2.1815,2.1815,2.1815,2.1815,2.1815,2.1815
5.0051,5.0051,5.0051,5.0051,5.0051,5.0051,5.0051,5.0051,5.0051,5.0051,5.0051,5.0051,5.0051,0.455,1.3495,1.5925,1.5925,1.5925,1.5925,1.5925,1.5925,1.5925,1.5925,1.5925,1.5925,1.5925,1.5925
2.0042,1.994,1.9841,1.9745,1.965,1.9555,1.9459,1.9364,1.9269,1.9142,1.9008,1.7562,1.5202,0.4156,1.3523,2.3734,2.8424,2.8424,2.8424,2.8424,2.8424,2.8424,2.8424,2.5071,2.17,1.8329,1.4958
1.8266,1.8345,1.8422,1.8496,1.857,1.8644,1.8717,1.8791,1.8865,1.8963,1.9067,2.0187,2.2015,2.3813,2.5572,2.3785,3.3579,4.3369,5.3062,6.2756,7.2442,7.6731,7.9341,8.1952,8.4563,8.7175,8.9786
2.2175,2.2062,2.1952,2.1846,2.174,2.1635,2.153,2.1425,2.1319,2.1179,2.103,1.9431,1.682,0.4599,1.3581,2.1993,2.1993,2.1993,2.1993,2.1993,2.1993,2.1993,2.1993,2.1993,2.1993,2.0279,1.6549
1.7983,1.7983,1.7983,1.7983,1.7983,1.7983,1.7983,1.7983,1.7983,1.7983,1.7983,1.7983,1.7983,1.7983,1.7983,1.7983,1.7983,1.7983,1.7983,1.7983,1.7983,1.7983,1.7983,1.7983,1.7983,1.7983,1.7983
2.7939,2.806,2.8178,2.8291,2.8404,2.8517,2.8629,2.8742,2.8855,2.9005,2.9165,3.0877,3.3673,0.5921,1.364,2.0722,2.0722,2.0722,2.0722,2.0722,2.0722,2.0722,2.0722,2.0722,2.0722,2.0722,2.0722
1.5577,1.5497,1.542,1.5346,1.5272,1.5198,1.5124,1.505,1.4976,1.4877,1.4773,1.3649,1.1815,0.323,1.3669,2.399,3.3868,3.5178,3.2569,2.996,2.7343,2.4724,2.2104,1.9484,1.6865,1.4245,1.1625
2.2382,2.2478,2.2573,2.2664,2.2754,2.2845,2.2935,2.3025,2.3115,2.3236,2.3363,2.4736,2.6975,2.9178,3.0785,2.5438,3.0785,3.0785,3.0785,3.0785,3.0785,3.0785,3.0785,3.0785,3.0785,3.0785,3.0785
5.0392,5.0392,5.0392,5.0392,5.0392,5.0392,5.0392,5.0392,5.0392,5.0392,5.0392,5.0392,5.0392,0.4581,1.3728,1.6034,1.6034,1.6034,1.6034,1.6034,1.6034,1.6034,1.6034,1.6034,1.6034,1.6034,1.6034
2.0831,2.0831,2.0831,2.0831,2.0831,2.0831,2.0831,2.0831,2.0831,2.0831,2.0831,2.0831,2.0831,0.6284,1.3758,2.0831,2.0831,2.0831,2.0831,2.0831,2.0831,2.0831,2.0831,2.0831,2.0831,2.0831,2.0831
1.8973,1.9055,1.9135,1.9212,1.9289,1.9365,1.9442,1.9519,1.9595,1.9697,1.9805,2.0969,2.2867,2.4735,1.5431,2.4198,3.4162,4.4122,5.3984,5.4009,5.4009,5.4009,5.4009,5.4009,5.4009,5.4009,5.4009
1.7105,1.7018,1.6933,1.6851,1.677,1.6689,1.6607,1.6526,1.6445,1.6337,1.6222,1.4988,1.2974,0.3547,1.3818,2.4251,3.4236,3.6228,3.5764,3.2899,3.0025,2.7149,2.4273,2.1396,1.8519,1.5642,1.2765
1.9284,1.9284,1.9284,1.9284,1.9284,1.9284,1.9284,1.9284,1.9284,1.9284,1.9284,1.9284,1.9284,1.9284,1.9284,1.9284,1.9284,1.9284,1.9284,1.9284,1.9284,1.9284,1.9284,1.9284,1.9284,1.9284,1.9284
5.1506,5.1729,5.1946,5.2155,5.2364,5.2543,5.2543,5.2543,5.2543,5.2543,5.2543,5.2543,5.2543,0.4777,1.3878,1.6718,1.6718,1.6718,1.6718,1.6718,1.6718,1.6718,1.6718,1.6718,1.6718,1.6718,1.6718
1.7266,1.7178,1.7093,1.701,1.6928,1.6846,1.6764,1.6682,1.66,1.6491,1.6375,1.513,1.3097,0.3581,1.3908,2.441,3.4461,3.8994,3.6102,3.321,3.0309,2.7406,2.4502,2.1598,1.8694,1.579,1.2886
1.8799,1.888,1.8959,1.9035,1.9112,1.9187,1.9263,1.9339,1.9415,1.9516,1.9623,2.0776,2.2657,2.4507,2.6318,2.4464,3.4537,4.4607,5.4577,6.4547,6.6473,6.6473,6.6473,6.6473,6.6473,6.6473,6.6473
2.9092,2.8944,2.88,2.8661,2.8522,2.8384,2.8246,2.8108,2.797,2.7786,2.7591,2.5492,2.2067,0.5259,1.397,1.8406,1.8406,1.8406,1.8406,1.8406,1.8406,1.8406,1.8406,1.8406,1.8406,1.8406,1.8406
1.8154,1.8154,1.8154,1.8154,1.8154,1.8154,1.8154,1.8154,1.8154,1.8154,1.8154,1.8154,1.8154,1.8154,1.4,1.8154,1.8154,1.8154,1.8154,1.8154,1.8154,1.8154,1.8154,1.8154,1.8154,1.8154,1.8154
2.2616,2.2714,2.2809,2.2901,2.2992,2.3084,2.3175,2.3266,2.3357,2.3479,2.3608,2.4995,2.7258,0.7421,1.4031,2.4626,2.5972,2.5972,2.5972,2.5972,2.5972,2.5972,2.5972,2.5972,2.5972,2.5972,2.5972
1.5429,1.535,1.5274,1.52,1.5127,1.5053,1.498,1.4907,1.4834,1.4736,1.4633,1.352,1.1703,0.329,1.4062,2.4681,3.4843,3.4845,3.226,2.9676,2.7083,2.4489,2.1895,1.93,1.6705,1.411,1.1515
2.3956,2.3956,2.3956,2.3956,2.3956,2.3956,2.3956,2.3956,2.3956,2.3956,2.3956,2.3956,2.3956,2.3956,2.3956,2.3956,2.3956,2.3956,2.3956,2.3956,2.3956,2.3956,2.3956,2.3956,2.3956,2.3956,2.3956
4.8972,4.8972,4.8972,4.8972,4.8972,4.8972,4.8972,4.8972,4.8972,4.8972,4.8972,4.8972,4.8972,0.4452,1.4125,1.5582,1.5582,1.5582,1.5582,1.5582,1.5582,1.5582,1.5582,1.5582,1.5582,1.5582,1.5582
2.2466,2.2351,2.224,2.2133,2.2026,2.1919,2.1812,2.1706,2.1599,2.1457,2.1306,1.9686,1.704,0.4659,1.4157,2.435,2.435,2.435,2.435,2.435,2.435,2.435,2.435,2.435,2.4323,2.0545,1.6766
1.8085,1.8163,1.8239,1.8313,1.8386,1.8459,1.8532,1.8605,1.8678,1.8775,1.8878,1.9987,2.1797,2.3577,1.8628,2.4901,3.5154,4.5404,5.5553,6.5701,7.3385,7.5969,7.8554,8.1139,8.3725,8.631,8.8895
1.9441,1.9342,1.9246,1.9153,1.906,1.8968,1.8876,1.8784,1.8691,1.8568,1.8438,1.7036,1.4746,0.4032,1.422,2.4957,2.5257,2.5257,2.5257,2.5257,2.5257,2.5257,2.5257,2.4319,2.1049,1.7779,1.4509
1.8016,1.8016,1.8016,1.8016,1.8016,1.8016,1.8016,1.8016,1.8016,1.8016,1.8016,1.8016,1.8016,1.8016,1.8016,1.8016,1.8016,1.8016,1.8016,1.8016,1.8016,1.8016,1.8016,1.8016,1.8016,1.8016,1.8016
3.3048,3.3191,3.333,3.3464,3.3598,3.3731,3.3865,3.3998,3.4131,3.4309,3.4498,3.6524,3.9831,0.5295,1.4284,1.8531,1.8531,1.8531,1.8531,1.8531,1.8531,1.8531,1.8531,1.8531,1.8531,1.8531,1.8531
1.5795,1.5715,1.5636,1.5561,1.5486,1.5411,1.5336,1.5261,1.5186,1.5086,1.498,1.384,1.1981,0.335,1.4316,2.5126,3.5471,3.5671,3.3026,3.038,2.7726,2.507,2.2414,1.9758,1.7101,1.4444,1.1788
2.0365,2.0453,2.0538,2.0621,2.0704,2.0786,2.0868,2.095,2.1032,2.1142,2.1258,2.2506,2.4544,2.6549,2.851,2.5183,3.5552,3.7805,3.7805,3.7805,3.7805,3.7805,3.7805,3.7805,3.7805,3.7805,3.7805
4.572,4.5488,4.5261,4.5043,4.4825,4.4608,4.4391,4.4174,4.3957,4.3667,4.336,4.0063,3.4679,0.4704,1.4381,1.6462,1.6462,1.6462,1.6462,1.6462,1.6462,1.6462,1.6462,1.6462,1.6462,1.6462,1.6462
1.9251,1.9251,1.9251,1.9251,1.9251,1.9251,1.9251,1.9251,1.9251,1.9251,1.9251,1.9251,1.9251,1.9251,1.4414,1.9251,1.9251,1.9251,1.9251,1.9251,1.9251,1.9251,1.9251,1.9251,1.9251,1.9251,1.9251
1.9737,1.9822,1.9905,1.9985,2.0065,2.0145,2.0225,2.0304,2.0384,2.049,2.0603,2.1813,2.3788,2.573,1.4446,2.5355,3.5794,3.7329,3.7329,3.7329,3.7329,3.7329,3.7329,3.7329,3.7329,3.7329,3.7329
1.6033,1.5952,1.5872,1.5796,1.5719,1.5643,1.5567,1.5491,1.5415,1.5313,1.5206,1.4049,1.2161,0.3388,1.4479,2.5412,3.5876,3.621,3.3524,3.0838,2.8144,2.5449,2.2752,2.0056,1.7359,1.4662,1.1966
2.0342,2.0342,2.0342,2.0342,2.0342,2.0342,2.0342,2.0342,2.0342,2.0342,2.0342,2.0342,2.0342,2.0342,2.0342,2.0342,2.0342,2.0342,2.0342,2.0342,2.0342,2.0342,2.0342,2.0342,2.0342,2.0342,2.0342
4.9908,4.9908,4.9908,4.9908,4.9908,4.9908,4.9908,4.9908,4.9908,4.9908,4.9908,4.9908,4.9908,0.4537,1.4546,1.588,1.588,1.588,1.588,1.588,1.588,1.588,1.588,1.588,1.588,1.588,1.588
1.8493,1.8399,1.8308,1.8219,1.8131,1.8043,1.7956,1.7868,1.778,1.7663,1.7539,1.6205,1.4027,0.3835,1.4579,2.5587,3.116,3.116,3.116,3.116,3.116,2.9353,2.6243,2.3133,2.0023,1.6912,1.3802
1.8082,1.816,1.8236,1.831,1.8383,1.8456,1.8529,1.8602,1.8675,1.8772,1.8875,1.9984,2.1793,2.3573,1.8625,2.5646,3.6206,4.6763,5.7215,6.7667,7.3373,7.5957,7.8542,8.1126,8.3711,8.6296,8.8881
2.3877,2.3755,2.3637,2.3523,2.3409,2.3296,2.3183,2.3069,2.2956,2.2805,2.2645,2.0922,1.8111,0.4952,1.4646,2.005,2.005,2.005,2.005,2.005,2.005,2.005,2.005,2.005,2.005,2.005,1.7819
1.7675,1.7675,1.7675,1.7675,1.7675,1.7675,1.7675,1.7675,1.7675,1.7675,1.7675,1.7675,1.7675,1.7675,1.7675,1.7675,1.7675,1.7675,1.7675,1.7675,1.7675,1.7675,1.7675,1.7675,1.7675,1.7675,1.7675
2.5113,2.5222,2.5327,2.5429,2.5531,2.5632,2.5734,2.5835,2.5936,2.6071,2.6214,2.7754,3.0267,0.6282,1.4714,2.1987,2.1987,2.1987,2.1987,2.1987,2.1987,2.1987,2.1987,2.1987,2.1987,2.1987,2.1987
1.5201,1.5124,1.5048,1.4976,1.4903,1.4831,1.4759,1.4687,1.4615,1.4518,1.4416,1.332,1.153,0.3451,1.4748,2.5885,3.6543,3.433,3.1783,2.9237,2.6683,2.4127,2.1571,1.9015,1.6458,1.3901,1.1344
2.3454,2.3556,2.3654,2.3749,2.3844,2.3939,2.4034,2.4128,2.4223,2.4349,2.4483,2.5921,2.7201,2.7201,2.7201,2.6657,2.7201,2.7201,2.7201,2.7201,2.7201,2.7201,2.7201,2.7201,2.7201,2.7201,2.7201
4.8822,4.8822,4.8822,4.8822,4.8822,4.8822,4.8822,4.8822,4.8822,4.8822,4.8822,4.8822,4.8822,0.4438,1.4817,1.5534,1.5534,1.5534,1.5534,1.5534,1.5534,1.5534,1.5534,1.5534,1.5534,1.5534,1.5534
2.1594,2.1594,2.1594,2.1594,2.1594,2.1594,2.1594,2.1594,2.1594,2.1594,2.1594,2.1594,1.9874,0.5434,1.4852,2.1594,2.1594,2.1594,2.1594,2.1594,2.1594,2.1594,2.1594,2.1594,2.1594,2.1594,1.9554
1.8245,1.8324,1.8401,1.8475,1.8549,1.8623,1.8696,1.877,1.8844,1.8942,1.9046,2.0164,2.199,2.3786,1.8793,2.6127,3.6885,4.764,5.8288,6.8936,7.3254,7.3254,7.3254,7.3254,7.3254,7.3254,7.3254
1.7561,1.7471,1.7384,1.7301,1.7217,1.7134,1.705,1.6967,1.6884,1.6772,1.6655,1.5388,1.332,0.3642,1.4922,2.6189,3.0455,3.0455,3.0455,3.0455,3.0455,2.7873,2.492,2.1967,1.9013,1.6059,1.3106
1.84,1.84,1.84,1.84,1.84,1.84,1.84,1.84,1.84,1.84,1.84,1.84,1.84,1.84,1.84,1.84,1.84,1.84,1.84,1.84,1.84,1.84,1.84,1.84,1.84,1.84,1.84
4.1615,4.1795,4.197,4.2139,4.2307,4.2475,4.2643,4.2811,4.2979,4.3203,4.344,4.5991,5.0156,0.4861,1.4992,1.7014,1.7014,1.7014,1.7014,1.7014,1.7014,1.7014,1.7014,1.7014,1.7014,1.7014,1.7014
1.6339,1.6255,1.6174,1.6096,1.6019,1.5941,1.5863,1.5786,1.5708,1.5605,1.5495,1.4317,1.2393,0.3516,1.5028,2.6375,3.7235,3.6899,3.4162,3.1425,2.868,2.5933,2.3186,2.0438,1.769,1.4941,1.2193
1.8976,1.9058,1.9138,1.9215,1.9292,1.9368,1.9445,1.9521,1.9598,1.97,1.9808,2.0972,2.2871,2.4738,1.9546,2.6437,3.7323,4.8205,5.0542,5.0542,5.0542,5.0542,5.0542,5.0542,5.0542,5.0542,5.0542
3.3091,3.2922,3.2758,3.26,3.2443,3.2286,3.2129,3.1972,3.1814,3.1605,3.1383,2.8996,2.51,0.4932,1.5099,1.7261,1.7261,1.7261,1.7261,1.7261,1.7261,1.7261,1.7261,1.7261,1.7261,1.7261,1.7261
1.8185,1.8185,1.8185,1.8185,1.8185,1.8185,1.8185,1.8185,1.8185,1.8185,1.8185,1.8185,1.8185,1.8185,1.5135,1.8185,1.8185,1.8185,1.8185,1.8185,1.8185,1.8185,1.8185,1.8185,1.8185,1.8185,1.8185
2.0998,2.1089,2.1177,2.1262,2.1347,2.1432,2.1517,2.1601,2.1686,2.1799,2.1919,2.3206,2.5307,0.8225,1.5171,2.6627,2.8789,2.8789,2.8789,2.8789,2.8789,2.8789,2.8789,2.8789,2.8789,2.8789,2.8789
1.5342,1.5263,1.5187,1.5114,1.5041,1.4968,1.4895,1.4823,1.475,1.4653,1.455,1.3443,1.1637,0.3558,1.5208,2.6691,3.7121,3.4648,3.2078,2.9508,2.693,2.4351,2.1771,1.9191,1.661,1.403,1.1449
2.1992,2.1992,2.1992,2.1992,2.1992,2.1992,2.1992,2.1992,2.1992,2.1992,2.1992,2.1992,2.1992,2.1992,2.1992,2.1992,2.1992,2.1992,2.1992,2.1992,2.1992,2.1992,2.1992,2.1992,2.1992,2.1992,2.1992
4.8346,4.8346,4.8346,4.8346,4.8346,4.8346,4.8346,4.8346,4.8346,4.8346,4.8346,4.8346,4.8346,0.4395,1.5281,1.5383,1.5383,1.5383,1.5383,1.5383,1.5383,1.5383,1.5383,1.5383,1.5383,1.5383,1.5383
2.0356,2.0252,2.0152,2.0054,1.9957,1.9861,1.9764,1.9668,1.9571,1.9442,1.9305,1.7837,1.544,0.4222,1.5318,2.6035,2.6035,2.6035,2.6035,2.6035,2.6035,2.6035,2.6035,2.5463,2.2039,1.8615,1.5192
1.7727,1.7803,1.7878,1.795,1.8022,1.8093,1.8165,1.8236,1.8308,1.8403,1.8504,1.9591,2.1365,2.311,1.8259,2.6949,3.8045,4.9137,6.012,6.9401,7.1932,7.4465,7.6999,7.9533,8.2067,8.4601,8.7135
2.0509,2.0405,2.0303,2.0205,2.0108,2.001,1.9913,1.9816,1.9718,1.9588,1.9451,1.7971,1.5556,0.4253,1.5392,2.2531,2.2531,2.2531,2.2531,2.2531,2.2531,2.2531,2.2531,2.2531,2.2205,1.8756,1.5306
1.7533,1.7533,1.7533,1.7533,1.7533,1.7533,1.7533,1.7533,1.7533,1.7533,1.7533,1.7533,1.7533,1.7533,1.7533,1.7533,1.7533,1.7533,1.7533,1.7533,1.7533,1.7533,1.7533,1.7533,1.7533,1.7533,1.7533
2.892,2.9045,2.9167,2.9284,2.9401,2.9518,2.9635,2.9751,2.9868,3.0024,3.0189,3.1962,3.4856,0.5521,1.5467,1.9325,1.9325,1.9325,1.9325,1.9325,1.9325,1.9325,1.9325,1.9325,1.9325,1.9325,1.9325
1.5259,1.5181,1.5106,1.5033,1.496,1.4888,1.4815,1.4743,1.467,1.4574,1.4471,1.3371,1.1574,0.3628,1.5505,2.7212,3.6921,3.4461,3.1905,2.9349,2.6785,2.422,2.1654,1.9087,1.6521,1.3954,1.1388
2.1022,2.1113,2.1201,2.1287,2.1372,2.1457,2.1541,2.1626,2.1711,2.1824,2.1944,2.3233,2.5337,2.7406,2.9431,2.7279,3.2276,3.2276,3.2276,3.2276,3.2276,3.2276,3.2276,3.2276,3.2276,3.2276,3.2276
4.9603,4.9603,4.9603,4.9603,4.9603,4.9603,4.9603,4.9603,4.9603,4.9603,4.9603,4.9603,4.4662,0.4509,1.5581,1.5783,1.5783,1.5783,1.5783,1.5783,1.5783,1.5783,1.5783,1.5783,1.5783,1.5783,1.5783
1.9691,1.9691,1.9691,1.9691,1.9691,1.9691,1.9691,1.9691,1.9691,1.9691,1.9691,1.9691,1.9691,0.6698,1.5619,1.9691,1.9691,1.9691,1.9691,1.9691,1.9691,1.9691,1.9691,1.9691,1.9691,1.9691,1.9691
1.877,1.8851,1.893,1.9007,1.9083,1.9158,1.9234,1.931,1.9385,1.9487,1.9594,2.0744,2.2623,2.447,1.5658,2.748,3.8796,4.5013,4.5013,4.5013,4.5013,4.5013,4.5013,4.5013,4.5013,4.5013,4.5013
1.6262,1.6179,1.6099,1.6021,1.5944,1.5867,1.5789,1.5712,1.5635,1.5532,1.5423,1.425,1.2335,0.3672,1.5696,2.7548,3.8891,3.6727,3.4003,3.1278,2.8546,2.5812,2.3077,2.0342,1.7607,1.4872,1.2136
1.9179,1.9179,1.9179,1.9179,1.9179,1.9179,1.9179,1.9179,1.9179,1.9179,1.9179,1.9179,1.9179,1.9179,1.9179,1.9179,1.9179,1.9179,1.9179,1.9179,1.9179,1.9179,1.9179,1.9179,1.9179,1.9179,1.9179
5.0223,5.0223,5.0223,5.0223,5.0223,5.0223,5.0223,5.0223,5.0223,5.0223,5.0223,5.0223,5.0223,0.4566,1.5774,1.598,1.598,1.598,1.598,1.598,1.598,1.598,1.598,1.598,1.598,1.598,1.598
1.7271,1.7183,1.7097,1.7015,1.6933,1.6851,1.6769,1.6687,1.6605,1.6495,1.638,1.5134,1.31,0.37,1.5814,2.7754,3.4966,3.4966,3.4966,3.3218,3.0317,2.7413,2.4509,2.1604,1.8699,1.5794,1.2889
1.806,1.8138,1.8214,1.8287,1.836,1.8433,1.8506,1.8579,1.8652,1.8749,1.8852,1.9959,2.1767,2.3544,1.8602,2.7823,3.928,5.0732,6.2072,7.0705,7.3284,7.5865,7.8446,7.9305,7.9305,7.9305,7.9305
2.62,2.6066,2.5936,2.5811,2.5686,2.5562,2.5438,2.5313,2.5189,2.5023,2.4847,2.2958,1.9872,0.5293,1.5893,1.8527,1.8527,1.8527,1.8527,1.8527,1.8527,1.8527,1.8527,1.8527,1.8527,1.8527,1.8527
1.7525,1.7525,1.7525,1.7525,1.7525,1.7525,1.7525,1.7525,1.7525,1.7525,1.7525,1.7525,1.7525,1.7525,1.5933,1.7525,1.7525,1.7525,1.7525,1.7525,1.7525,1.7525,1.7525,1.7525,1.7525,1.7525,1.7525
2.2924,2.3023,2.312,2.3213,2.3306,2.3398,2.3491,2.3583,2.3676,2.3799,2.393,2.5335,2.7629,0.6772,1.5973,2.3702,2.3702,2.3702,2.3702,2.3702,2.3702,2.3702,2.3702,2.3702,2.3702,2.3702,2.3702
1.4965,1.4889,1.4815,1.4743,1.4672,1.4601,1.453,1.4459,1.4388,1.4293,1.4193,1.3113,1.1351,0.3747,1.6013,2.8104,3.6209,3.3797,3.129,2.8783,2.6269,2.3753,2.1236,1.8719,1.6202,1.3685,1.1168
2.4478,2.4478,2.4478,2.4478,2.4478,2.4478,2.4478,2.4478,2.4478,2.4478,2.4478,2.4478,2.4478,2.4478,2.4478,2.4478,2.4478,2.4478,2.4478,2.4478,2.4478,2.4478,2.4478,2.4478,2.4478,2.4478,2.4478
4.7722,4.7722,4.7722,4.7722,4.7722,4.7722,4.7722,4.7722,4.7722,4.7722,4.7722,4.7722,4.7722,0.4338,1.5184,1.5184,1.5184,1.5184,1.5184,1.5184,1.5184,1.5184,1.5184,1.5184,1.5184,1.5184,1.5184
2.266,2.266,2.266,2.266,2.266,2.261,2.25,2.239,2.228,2.2133,2.1978,2.0306,1.7577,0.4806,1.6135,2.266,2.266,2.266,2.266,2.266,2.266,2.266,2.266,2.266,2.266,2.1192,1.7294
1.7705,1.7782,1.7857,1.7928,1.8,1.8072,1.8143,1.8214,1.8286,1.8381,1.8482,1.9567,2.1339,2.3082,1.8237,2.8391,4.0081,5.1766,6.3337,6.9317,7.1846,7.4376,7.6906,7.9437,8.1968,8.4499,8.703
1.823,1.8137,1.8047,1.796,1.7873,1.7787,1.77,1.7613,1.7527,1.7412,1.7289,1.5974,1.3828,0.3794,1.6218,2.6354,2.6354,2.6354,2.6354,2.6354,2.6354,2.6354,2.587,2.2804,1.9738,1.6671,1.3605
1.7722,1.7722,1.7722,1.7722,1.7722,1.7722,1.7722,1.7722,1.7722,1.7722,1.7722,1.7722,1.7722,1.7722,1.7722,1.7722,1.7722,1.7722,1.7722,1.7722,1.7722,1.7722,1.7722,1.7722,1.7722,1.7722,1.7722
3.4988,3.5139,3.5287,3.5429,3.557,3.5712,3.5853,3.5994,3.6135,3.6323,3.6523,3.8668,4.2169,0.4998,1.6301,1.7493,1.7493,1.7493,1.7493,1.7493,1.7493,1.7493,1.7493,1.7493,1.7493,1.7493,1.7493
1.5614,1.5534,1.5457,1.5382,1.5308,1.5234,1.516,1.5086,1.5011,1.4913,1.4808,1.3682,1.1843,0.3824,1.6343,2.8683,3.7779,3.5262,3.2647,3.0031,2.7408,2.4783,2.2157,1.9531,1.6905,1.4279,1.1652
1.9341,1.9424,1.9506,1.9584,1.9663,1.9741,1.9819,1.9897,1.9975,2.0079,2.0189,2.1375,2.331,2.5214,1.9921,2.8757,4.0598,4.0806,4.0806,4.0806,4.0806,4.0806,4.0806,4.0806,4.0806,4.0806,4.0806
3.8983,3.8784,3.8591,3.8405,3.8219,3.8034,3.7849,3.7664,3.7479,3.7232,3.6971,3.4159,2.9569,0.4674,1.6357,1.6357,1.6357,1.6357,1.6357,1.6357,1.6357,1.6357,1.6357,1.6357,1.6357,1.6357,1.6357
1.8384,1.8384,1.8384,1.8384,1.8384,1.8384,1.8384,1.8384,1.8384,1.8384,1.8384,1.8384,1.8384,0.9001,1.647,1.8384,1.8384,1.8384,1.8384,1.8384,1.8384,1.8384,1.8384,1.8384,1.8384,1.8384,1.8384
1.9719,1.9805,1.9888,1.9968,2.0047,2.0127,2.0207,2.0286,2.0366,2.0472,2.0584,2.1793,2.3767,2.5707,1.6513,2.8981,3.2756,3.2756,3.2756,3.2756,3.2756,3.2756,3.2756,3.2756,3.2756,3.2756,3.2756
1.5392,1.5313,1.5237,1.5163,1.509,1.5017,1.4944,1.4871,1.4798,1.47,1.4597,1.3487,1.1675,0.3874,1.6556,2.9057,3.7241,3.476,3.2182,2.9604,2.7018,2.443,2.1842,1.9253,1.6664,1.4075,1.1487
2.0446,2.0446,2.0446,2.0446,2.0446,2.0446,2.0446,2.0446,2.0446,2.0446,2.0446,2.0446,2.0446,2.0446,2.0446,2.0446,2.0446,2.0446,2.0446,2.0446,2.0446,2.0446,2.0446,2.0446,2.0446,2.0446,2.0446
4.8147,4.8147,4.8147,4.8147,4.8147,4.8147,4.8147,4.8147,4.8147,4.8147,4.8147,4.8147,4.8147,0.4377,1.532,1.532,1.532,1.532,1.532,1.532,1.532,1.532,1.532,1.532,1.532,1.532,1.532
1.8711,1.8616,1.8523,1.8434,1.8345,1.8256,1.8167,1.8078,1.7989,1.7871,1.7745,1.6396,1.4192,0.3904,1.6686,2.8315,2.8315,2.8315,2.8315,2.8315,2.8315,2.8315,2.6552,2.3405,2.0258,1.7111,1.3964
1.7527,1.7603,1.7677,1.7748,1.7819,1.7889,1.796,1.8031,1.8102,1.8196,1.8296,1.937,2.1124,2.2849,1.8053,2.9363,4.1453,5.354,6.5507,6.8619,7.1122,7.3626,7.6131,7.8637,8.1142,8.3648,8.6153
2.1953,2.1841,2.1733,2.1628,2.1523,2.1419,2.1315,2.1211,2.1106,2.0967,2.082,1.9237,1.6652,0.4553,1.6775,2.0439,2.0439,2.0439,2.0439,2.0439,2.0439,2.0439,2.0439,2.0439,2.0439,2.0076,1.6384
1.7212,1.7212,1.7212,1.7212,1.7212,1.7212,1.7212,1.7212,1.7212,1.7212,1.7212,1.7212,1.7212,1.7212,1.7212,1.7212,1.7212,1.7212,1.7212,1.7212,1.7212,1.7212,1.7212,1.7212,1.7212,1.7212,1.7212
2.5824,2.5935,2.6044,2.6149,2.6254,2.6358,2.6462,2.6566,2.667,2.6809,2.6956,2.854,3.1124,0.5832,1.6864,2.0411,2.0411,2.0411,2.0411,2.0411,2.0411,2.0411,2.0411,2.0411,2.0411,2.0411,2.0411
1.4872,1.4797,1.4723,1.4652,1.4581,1.451,1.444,1.4369,1.4299,1.4205,1.4105,1.3032,1.1281,0.3956,1.6909,2.9676,3.5985,3.3588,3.1096,2.8605,2.6106,2.3606,2.1105,1.8604,1.6102,1.3601,1.1099
2.1951,2.2046,2.2139,2.2228,2.2316,2.2405,2.2494,2.2582,2.2671,2.2789,2.2914,2.426,2.6457,2.8264,2.8264,2.8264,2.8264,2.8264,2.8264,2.8264,2.8264,2.8264,2.8264,2.8264,2.8264,2.8264,2.8264
4.7991,4.7991,4.7991,4.7991,4.7991,4.7991,4.7991,4.7991,4.7991,4.7991,4.7991,4.7991,4.7991,0.4363,1.527,1.527,1.527,1.527,1.527,1.527,1.527,1.527,1.527,1.527,1.527,1.527,1.527
2.0354,2.0354,2.0354,2.0354,2.0354,2.0354,2.0354,2.0354,2.0354,2.0354,2.0354,2.0354,2.0354,0.572,1.7045,2.0354,2.0354,2.0354,2.0354,2.0354,2.0354,2.0354,2.0354,2.0354,2.0354,2.0354,2.0354
1.8022,1.81,1.8176,1.8249,1.8322,1.8394,1.8467,1.854,1.8613,1.871,1.8812,1.9917,2.1721,2.3494,1.7091,2.9995,4.2346,5.4693,5.7813,5.7813,5.7813,5.7813,5.7813,5.7813,5.7813,5.7813,5.7813
1.6657,1.6573,1.649,1.6411,1.6331,1.6252,1.6173,1.6094,1.6015,1.5909,1.5798,1.4596,1.2635,0.4009,1.7137,3.0076,3.2599,3.2599,3.2599,3.2038,2.924,2.6439,2.3638,2.0837,1.8035,1.5233,1.2431
1.8266,1.8266,1.8266,1.8266,1.8266,1.8266,1.8266,1.8266,1.8266,1.8266,1.8266,1.8266,1.8266,1.8266,1.8266,1.8266,1.8266,1.8266,1.8266,1.8266,1.8266,1.8266,1.8266,1.8266,1.8266,1.8266,1.8266
4.5584,4.5781,4.5973,4.6158,4.6343,4.6527,4.6711,4.6895,4.7078,4.7324,4.7584,5.0378,5.1014,0.4638,1.6232,1.6232,1.6232,1.6232,1.6232,1.6232,1.6232,1.6232,1.6232,1.6232,1.6232,1.6232,1.6232
1.6306,1.6223,1.6142,1.6064,1.5986,1.5909,1.5832,1.5754,1.5677,1.5574,1.5464,1.4288,1.2368,0.4042,1.7277,3.0322,3.9453,3.6825,3.4093,3.1362,2.8622,2.5881,2.3139,2.0397,1.7654,1.4911,1.2169
1.82,1.8279,1.8356,1.8429,1.8503,1.8577,1.865,1.8723,1.8797,1.8895,1.8999,2.0114,2.1936,2.3727,1.8747,3.0405,4.2924,5.5439,5.7303,5.7303,5.7303,5.7303,5.7303,5.7303,5.7303,5.7303,5.7303
2.9413,2.9263,2.9118,2.8977,2.8837,2.8698,2.8558,2.8418,2.8279,2.8092,2.7895,2.5774,2.231,0.495,1.7325,1.7325,1.7325,1.7325,1.7325,1.7325,1.7325,1.7325,1.7325,1.7325,1.7325,1.7325,1.7325
1.7529,1.7529,1.7529,1.7529,1.7529,1.7529,1.7529,1.7529,1.7529,1.7529,1.7529,1.7529,1.7529,1.7529,1.7419,1.7529,1.7529,1.7529,1.7529,1.7529,1.7529,1.7529,1.7529,1.7529,1.7529,1.7529,1.7529
2.1209,2.13,2.139,2.1476,2.1562,2.1647,2.1733,2.1818,2.1904,2.2018,2.2139,2.3439,2.5562,0.7437,1.7467,2.6028,2.6028,2.6028,2.6028,2.6028,2.6028,2.6028,2.6028,2.6028,2.6028,2.6028,2.6028
1.486,1.4784,1.4711,1.464,1.4569,1.4498,1.4428,1.4357,1.4287,1.4193,1.4093,1.3021,1.1271,0.4098,1.7515,3.074,3.5955,3.356,3.1071,2.8581,2.6085,2.3586,2.1088,1.8588,1.6089,1.3589,1.109
2.237,2.237,2.237,2.237,2.237,2.237,2.237,2.237,2.237,2.237,2.237,2.237,2.237,2.237,2.237,2.237,2.237,2.237,2.237,2.237,2.237,2.237,2.237,2.237,2.237,2.237,2.237
4.7049,4.7049,4.7049,4.7049,4.7049,4.7049,4.7049,4.7049,4.7049,4.7049,4.7049,4.7049,4.7049,0.4277,1.497,1.497,1.497,1.497,1.497,1.497,1.497,1.497,1.497,1.497,1.497,1.497,1.497
2.0874,2.0768,2.0664,2.0565,2.0465,2.0366,2.0267,2.0168,2.0069,1.9937,1.9796,1.8291,1.5833,0.4329,1.7661,2.41,2.41,2.41,2.41,2.41,2.41,2.41,2.41,2.41,2.26,1.9089,1.5578
1.7331,1.7406,1.7479,1.755,1.762,1.769,1.776,1.783,1.79,1.7993,1.8092,1.9154,2.0889,2.2594,1.7852,3.1083,4.3882,5.6676,6.5385,6.7853,7.0328,7.2804,7.5281,7.7759,8.0236,8.2714,8.5191
1.9153,1.9055,1.896,1.8869,1.8778,1.8687,1.8596,1.8505,1.8414,1.8293,1.8164,1.6783,1.4527,0.4155,1.776,2.3326,2.3326,2.3326,2.3326,2.3326,2.3326,2.3326,2.3326,2.3326,2.0737,1.7515,1.4294
1.7222,1.7222,1.7222,1.7222,1.7222,1.7222,1.7222,1.7222,1.7222,1.7222,1.7222,1.7222,1.7222,1.7222,1.7222,1.7222,1.7222,1.7222,1.7222,1.7222,1.7222,1.7222,1.7222,1.7222,1.7222,1.7222,1.7222
3.0289,3.0421,3.0548,3.0671,3.0794,3.0916,3.1038,3.116,3.1282,3.1445,3.1618,3.3475,3.6506,0.5195,1.786,1.8183,1.8183,1.8183,1.8183,1.8183,1.8183,1.8183,1.8183,1.8183,1.8183,1.8183,1.8183
1.506,1.4983,1.4908,1.4836,1.4765,1.4693,1.4622,1.455,1.4479,1.4383,1.4282,1.3196,1.1423,0.419,1.791,3.1434,3.6438,3.4011,3.1488,2.8965,2.6435,2.3903,2.1371,1.8838,1.6305,1.3772,1.1239
1.9912,1.9998,2.0082,2.0163,2.0243,2.0324,2.0404,2.0484,2.0565,2.0672,2.0785,2.2006,2.3999,2.5959,2.051,3.1523,3.4306,3.4306,3.4306,3.4306,3.4306,3.4306,3.4306,3.4306,3.4306,3.4306,3.4306
4.826,4.8014,4.7775,4.7544,4.7314,4.7085,4.6856,4.6627,4.6398,4.6092,4.5769,4.2288,3.6605,0.4472,1.5653,1.5653,1.5653,1.5653,1.5653,1.5653,1.5653,1.5653,1.5653,1.5653,1.5653,1.5653,1.5653
1.8763,1.8763,1.8763,1.8763,1.8763,1.8763,1.8763,1.8763,1.8763,1.8763,1.8763,1.8763,1.8763,0.726,1.8063,1.8763,1.8763,1.8763,1.8763,1.8763,1.8763,1.8763,1.8763,1.8763,1.8763,1.8763,1.8763
1.8712,1.8793,1.8872,1.8948,1.9024,1.9099,1.9175,1.925,1.9326,1.9426,1.9533,2.068,2.2553,2.4395,1.8115,3.1793,3.857,3.857,3.857,3.857,3.857,3.857,3.857,3.857,3.857,3.857,3.857
1.5582,1.5502,1.5425,1.5351,1.5277,1.5203,1.5129,1.5055,1.4981,1.4882,1.4777,1.3654,1.1819,0.425,1.8167,3.1884,3.7701,3.519,3.258,2.9969,2.7352,2.4732,2.2112,1.9491,1.687,1.4249,1.1629
1.9225,1.9225,1.9225,1.9225,1.9225,1.9225,1.9225,1.9225,1.9225,1.9225,1.9225,1.9225,1.9225,1.9225,1.9225,1.9225,1.9225,1.9225,1.9225,1.9225,1.9225,1.9225,1.9225,1.9225,1.9225,1.9225,1.9225
4.837,4.837,4.837,4.837,4.837,4.837,4.837,4.837,4.837,4.837,4.837,4.837,4.837,0.4397,1.539,1.539,1.539,1.539,1.539,1.539,1.539,1.539,1.539,1.539,1.539,1.539,1.539
1.7417,1.7328,1.7242,1.7159,1.7076,1.6993,1.691,1.6828,1.6745,1.6635,1.6518,1.5261,1.3211,0.4287,1.8324,3.1425,3.1425,3.1425,3.1425,3.1425,3.0573,2.7644,2.4715,2.1786,1.8857,1.5927,1.2998
1.7479,1.7555,1.7628,1.7699,1.777,1.784,1.7911,1.7981,1.8052,1.8146,1.8246,1.9317,2.1066,2.2787,1.8377,3.2253,4.5533,5.8809,6.5942,6.8431,7.0926,7.3424,7.5922,7.8421,8.0919,8.3418,8.5917
2.3895,2.3773,2.3655,2.3541,2.3427,2.3314,2.32,2.3087,2.2973,2.2822,2.2662,2.0938,1.8125,0.4956,1.843,1.8808,1.8808,1.8808,1.8808,1.8808,1.8808,1.8808,1.8808,1.8808,1.8808,1.8808,1.7833
1.7042,1.7042,1.7042,1.7042,1.7042,1.7042,1.7042,1.7042,1.7042,1.7042,1.7042,1.7042,1.7042,1.7042,1.7042,1.7042,1.7042,1.7042,1.7042,1.7042,1.7042,1.7042,1.7042,1.7042,1.7042,1.7042,1.7042
2.3448,2.355,2.3648,2.3743,2.3838,2.3933,2.4028,2.4122,2.4217,2.4343,2.4477,2.5914,2.8261,0.6248,1.8538,2.187,2.187,2.187,2.187,2.187,2.187,2.187,2.187,2.187,2.187,2.187,2.187
1.462,1.4546,1.4473,1.4404,1.4334,1.4264,1.4195,1.4126,1.4056,1.3964,1.3866,1.2811,1.1089,0.435,1.8592,3.263,3.5375,3.3018,3.0569,2.812,2.5664,2.3206,2.0747,1.8288,1.5829,1.337,1.0911
2.3211,2.3311,2.3409,2.3503,2.3597,2.3691,2.3784,2.3878,2.3972,2.4097,2.4229,2.5258,2.5258,2.5258,2.3908,2.5258,2.5258,2.5258,2.5258,2.5258,2.5258,2.5258,2.5258,2.5258,2.5258,2.5258,2.5258
4.6839,4.6839,4.6839,4.6839,4.6839,4.6839,4.6839,4.6839,4.6839,4.6839,4.6839,4.6839,4.6839,0.4376,1.4903,1.4903,1.4903,1.4903,1.4903,1.4903,1.4903,1.4903,1.4903,1.4903,1.4903,1.4903,1.4903
2.1278,2.1278,2.1278,2.1278,2.1278,2.1278,2.1278,2.1278,2.1278,2.1278,2.1278,2.1175,1.8329,0.5012,1.8757,2.1278,2.1278,2.1278,2.1278,2.1278,2.1278,2.1278,2.1278,2.1278,2.1278,2.1278,1.8034
1.7459,1.7535,1.7609,1.7679,1.775,1.7821,1.7891,1.7961,1.8032,1.8126,1.8225,1.9296,2.1043,2.2761,1.8812,3.3017,4.6612,6.0202,6.5869,6.8355,7.0848,7.3343,7.5838,7.8334,8.083,8.2725,8.2725
1.724,1.7152,1.7066,1.6984,1.6902,1.682,1.6738,1.6656,1.6575,1.6465,1.635,1.5106,1.3076,0.4415,1.8868,2.7844,2.7844,2.7844,2.7844,2.7844,2.7844,2.7363,2.4464,2.1565,1.8665,1.5766,1.2866
1.756,1.756,1.756,1.756,1.756,1.756,1.756,1.756,1.756,1.756,1.756,1.756,1.756,1.756,1.756,1.756,1.756,1.756,1.756,1.756,1.756,1.756,1.756,1.756,1.756,1.756,1.756
3.76,3.7763,3.7922,3.8074,3.8226,3.8378,3.853,3.8681,3.8833,3.9036,3.925,4.1555,4.5318,0.4756,1.6647,1.6647,1.6647,1.6647,1.6647,1.6647,1.6647,1.6647,1.6647,1.6647,1.6647,1.6647,1.6647
1.5549,1.547,1.5393,1.5319,1.5244,1.5171,1.5097,1.5023,1.4949,1.4851,1.4746,1.3625,1.1794,0.4454,1.9038,3.3413,3.7622,3.5116,3.2511,2.9907,2.7294,2.468,2.2065,1.945,1.6835,1.4219,1.1604
1.851,1.859,1.8668,1.8743,1.8818,1.8893,1.8968,1.9042,1.9117,1.9217,1.9322,2.0457,2.2309,2.4131,1.9095,3.3514,4.4897,4.4897,4.4897,4.4897,4.4897,4.4897,4.4897,4.4897,4.4897,4.4897,4.4897
3.3996,3.3823,3.3655,3.3492,3.333,3.3169,3.3007,3.2846,3.2685,3.247,3.2241,2.9789,2.5786,0.4679,1.6377,1.6377,1.6377,1.6377,1.6377,1.6377,1.6377,1.6377,1.6377,1.6377,1.6377,1.6377,1.6377
1.7688,1.7688,1.7688,1.7688,1.7688,1.7688,1.7688,1.7688,1.7688,1.7688,1.7688,1.7688,1.7688,1.0259,1.7688,1.7688,1.7688,1.7688,1.7688,1.7688,1.7688,1.7688,1.7688,1.7688,1.7688,1.7688,1.7688
1.9856,1.9942,2.0025,2.0106,2.0186,2.0266,2.0346,2.0427,2.0507,2.0614,2.0727,2.1944,2.3931,0.8352,1.9269,2.923,2.923,2.923,2.923,2.923,2.923,2.923,2.923,2.923,2.923,2.923,2.923
1.4883,1.4807,1.4733,1.4662,1.4592,1.4521,1.445,1.438,1.4309,1.4215,1.4115,1.3041,1.1289,0.4522,1.9328,3.3922,3.6011,3.3612,3.1119,2.8626,2.6125,2.3623,2.112,1.8617,1.6114,1.361,1.1107
2.0718,2.0718,2.0718,2.0718,2.0718,2.0718,2.0718,2.0718,2.0718,2.0718,2.0718,2.0718,2.0718,2.0718,2.0718,2.0718,2.0718,2.0718,2.0718,2.0718,2.0718,2.0718,2.0718,2.0718,2.0718,2.0718,2.0718
4.6781,4.6781,4.6781,4.6781,4.6781,4.6781,4.6781,4.6781,4.6781,4.6781,4.6781,4.6781,4.6781,0.455,1.4885,1.4885,1.4885,1.4885,1.4885,1.4885,1.4885,1.4885,1.4885,1.4885,1.4885,1.4885,1.4885
1.9095,1.8997,1.8903,1.8812,1.8721,1.863,1.8539,1.8449,1.8358,1.8237,1.8109,1.6732,1.4483,0.4564,1.9506,2.6027,2.6027,2.6027,2.6027,2.6027,2.6027,2.6027,2.6027,2.3885,2.0673,1.7462,1.425
1.7109,1.7183,1.7256,1.7325,1.7394,1.7463,1.7532,1.7601,1.767,1.7762,1.786,1.8909,2.0621,2.2305,1.9566,3.434,4.8479,6.2112,6.4548,6.6984,6.9427,7.1872,7.4317,7.6763,7.9209,8.1655,8.41
2.039,2.0286,2.0185,2.0088,1.9991,1.9894,1.9797,1.97,1.9604,1.9475,1.9338,1.7867,1.5466,0.4592,1.9627,2.1028,2.1028,2.1028,2.1028,2.1028,2.1028,2.1028,2.1028,2.1028,2.1028,1.8647,1.5217
1.688,1.688,1.688,1.688,1.688,1.688,1.688,1.688,1.688,1.688,1.688,1.688,1.688,1.688,1.688,1.688,1.688,1.688,1.688,1.688,1.688,1.688,1.688,1.688,1.688,1.688,1.688
2.6825,2.6941,2.7054,2.7163,2.7271,2.738,2.7488,2.7596,2.7704,2.7849,2.8002,2.9646,3.2331,0.5464,1.9123,1.9123,1.9123,1.9123,1.9123,1.9123,1.9123,1.9123,1.9123,1.9123,1.9123,1.9123,1.9123
1.4653,1.4579,1.4506,1.4436,1.4366,1.4297,1.4227,1.4158,1.4088,1.3995,1.3897,1.284,1.1115,0.4635,1.981,3.4769,3.5455,3.3093,3.0638,2.8184,2.5722,2.3258,2.0794,1.833,1.5865,1.34,1.0936
2.072,2.081,2.0897,2.0981,2.1065,2.1149,2.1232,2.1316,2.1399,2.1511,2.1629,2.2899,2.4973,2.7012,2.1342,2.9707,2.9707,2.9707,2.9707,2.9707,2.9707,2.9707,2.9707,2.9707,2.9707,2.9707,2.9707
4.7509,4.7509,4.7509,4.7509,4.7509,4.7509,4.7509,4.7509,4.7509,4.7509,4.7509,4.7509,4.7509,0.4664,1.5117,1.5117,1.5117,1.5117,1.5117,1.5117,1.5117,1.5117,1.5117,1.5117,1.5117,1.5117,1.5117
1.934,1.934,1.934,1.934,1.934,1.934,1.934,1.934,1.934,1.934,1.934,1.934,1.934,0.6102,1.934,1.934,1.934,1.934,1.934,1.934,1.934,1.934,1.934,1.934,1.934,1.934,1.934
1.7928,1.8006,1.8081,1.8154,1.8227,1.8299,1.8371,1.8444,1.8516,1.8613,1.8715,1.9814,2.1608,2.3373,2.0061,3.5208,4.7665,4.7665,4.7665,4.7665,4.7665,4.7665,4.7665,4.7665,4.7665,4.7665,4.7665
1.5922,1.5841,1.5762,1.5686,1.561,1.5534,1.5459,1.5383,1.5308,1.5207,1.51,1.3952,1.2077,0.4708,2.0124,3.532,3.5482,3.5482,3.3291,3.0623,2.7948,2.5272,2.2594,1.9916,1.7238,1.456,1.1882
1.8265,1.8265,1.8265,1.8265,1.8265,1.8265,1.8265,1.8265,1.8265,1.8265,1.8265,1.8265,1.8265,1.8265,1.8265,1.8265,1.8265,1.8265,1.8265,1.8265,1.8265,1.8265,1.8265,1.8265,1.8265,1.8265,1.8265
4.9028,4.9028,4.9028,4.9028,4.9028,4.9028,4.9028,4.9028,4.9028,4.9028,4.9028,4.9028,4.9028,0.4738,1.56,1.56,1.56,1.56,1.56,1.56,1.56,1.56,1.56,1.56,1.56,1.56,1.56
1.6395,1.6312,1.6231,1.6152,1.6074,1.5996,1.5919,1.5841,1.5763,1.5659,1.5549,1.4367,1.2436,0.4754,2.0317,3.5659,3.5764,3.5764,3.4281,3.1534,2.878,2.6023,2.3266,2.0509,1.7751,1.4993,1.2236
1.7582,1.7658,1.7732,1.7803,1.7874,1.7945,1.8016,1.8087,1.8158,1.8253,1.8353,1.9431,2.119,2.2921,2.0383,3.5773,5.0503,6.3826,6.633,6.7209,6.7209,6.7209,6.7209,6.7209,6.7209,6.7209,6.7209
2.6532,2.6396,2.6265,2.6138,2.6012,2.5886,2.576,2.5634,2.5508,2.534,2.5162,2.3248,2.0124,0.5007,1.7525,1.7525,1.7525,1.7525,1.7525,1.7525,1.7525,1.7525,1.7525,1.7525,1.7525,1.7525,1.7525
1.7016,1.7016,1.7016,1.7016,1.7016,1.7016,1.7016,1.7016,1.7016,1.7016,1.7016,1.7016,1.7016,1.7016,1.7016,1.7016,1.7016,1.7016,1.7016,1.7016,1.7016,1.7016,1.7016,1.7016,1.7016,1.7016,1.7016
2.1597,2.1691,2.1782,2.1869,2.1957,2.2044,2.2131,2.2218,2.2306,2.2422,2.2545,2.3869,2.603,0.6806,2.0581,2.382,2.382,2.382,2.382,2.382,2.382,2.382,2.382,2.382,2.382,2.382,2.382
1.4493,1.442,1.4348,1.4279,1.421,1.4141,1.4072,1.4003,1.3934,1.3843,1.3745,1.27,1.0993,0.4831,2.0648,3.6238,3.5068,3.2732,3.0304,2.7876,2.5441,2.3005,2.0567,1.813,1.5692,1.3254,1.0816
2.2953,2.2953,2.2953,2.2953,2.2953,2.2953,2.2953,2.2953,2.2953,2.2953,2.2953,2.2953,2.2953,2.2953,2.2953,2.2953,2.2953,2.2953,2.2953,2.2953,2.2953,2.2953,2.2953,2.2953,2.2953,2.2953,2.2953
4.6102,4.6102,4.6102,4.6102,4.6102,4.6102,4.6102,4.6102,4.6102,4.6102,4.6102,4.6102,4.6102,0.4863,1.4669,1.4669,1.4669,1.4669,1.4669,1.4669,1.4669,1.4669,1.4669,1.4669,1.4669,1.4669,1.4669
2.1609,2.1499,2.1392,2.1289,2.1186,2.1083,2.098,2.0878,2.0775,2.0639,2.0494,1.8935,1.639,0.4879,2.0851,2.2521,2.2521,2.2521,2.2521,2.2521,2.2521,2.2521,2.2521,2.2521,2.2521,1.9761,1.6127
1.7061,1.7135,1.7207,1.7276,1.7345,1.7414,1.7483,1.7552,1.762,1.7712,1.7809,1.8855,2.0563,2.2242,2.092,3.6716,5.1834,6.1937,6.4366,6.6795,6.9231,7.1669,7.4107,7.6546,7.8985,8.1424,8.3863
1.8041,1.7949,1.786,1.7774,1.7688,1.7602,1.7517,1.7431,1.7345,1.7231,1.711,1.5809,1.3684,0.4911,2.0989,2.4405,2.4405,2.4405,2.4405,2.4405,2.4405,2.4405,2.4405,2.2567,1.9533,1.6499,1.3464
1.7033,1.7033,1.7033,1.7033,1.7033,1.7033,1.7033,1.7033,1.7033,1.7033,1.7033,1.7033,1.7033,1.7033,1.7033,1.7033,1.7033,1.7033,1.7033,1.7033,1.7033,1.7033,1.7033,1.7033,1.7033,1.7033,1.7033
3.2114,3.2253,3.2388,3.2518,3.2648,3.2778,3.2908,3.3037,3.3167,3.334,3.3523,3.5491,3.8705,0.4943,1.7248,1.7248,1.7248,1.7248,1.7248,1.7248,1.7248,1.7248,1.7248,1.7248,1.7248,1.7248,1.7248
1.4966,1.489,1.4816,1.4744,1.4673,1.4602,1.4531,1.446,1.4389,1.4294,1.4194,1.3114,1.1352,0.496,2.1199,3.7206,3.6212,3.38,3.1292,2.8785,2.6271,2.3755,2.1238,1.8721,1.6204,1.3686,1.1169
1.9005,1.9088,1.9168,1.9245,1.9322,1.9398,1.9475,1.9552,1.9628,1.9731,1.9839,2.1004,2.2906,2.4777,2.127,3.7007,3.7007,3.7007,3.7007,3.7007,3.7007,3.7007,3.7007,3.7007,3.7007,3.7007,3.7007
4.087,4.0662,4.046,4.0265,4.007,3.9876,3.9682,3.9488,3.9294,3.9035,3.8761,3.5813,3.1,0.4993,1.5634,1.5634,1.5634,1.5634,1.5634,1.5634,1.5634,1.5634,1.5634,1.5634,1.5634,1.5634,1.5634
1.8011,1.8011,1.8011,1.8011,1.8011,1.8011,1.8011,1.8011,1.8011,1.8011,1.8011,1.8011,1.8011,0.8022,1.8011,1.8011,1.8011,1.8011,1.8011,1.8011,1.8011,1.8011,1.8011,1.8011,1.8011,1.8011,1.8011
1.8789,1.8871,1.895,1.9026,1.9102,1.9178,1.9254,1.933,1.9405,1.9507,1.9614,2.0766,2.2646,0.965,2.1486,3.3776,3.3776,3.3776,3.3776,3.3776,3.3776,3.3776,3.3776,3.3776,3.3776,3.3776,3.3776
1.5036,1.4959,1.4885,1.4813,1.4741,1.467,1.4599,1.4527,1.4456,1.4361,1.426,1.3175,1.1405,0.5044,2.1559,3.7838,3.6381,3.3957,3.1438,2.8919,2.6393,2.3865,2.1337,1.8808,1.6279,1.375,1.1221
1.9416,1.9416,1.9416,1.9416,1.9416,1.9416,1.9416,1.9416,1.9416,1.9416,1.9416,1.9416,1.9416,1.9416,1.9416,1.9416,1.9416,1.9416,1.9416,1.9416,1.9416,1.9416,1.9416,1.9416,1.9416,1.9416,1.9416
4.6908,4.6908,4.6908,4.6908,4.6908,4.6908,4.6908,4.6908,4.6908,4.6908,4.6908,4.6908,4.6908,0.5079,1.4925,1.4925,1.4925,1.4925,1.4925,1.4925,1.4925,1.4925,1.4925,1.4925,1.4925,1.4925,1.4925
1.7701,1.7611,1.7523,1.7439,1.7355,1.7271,1.7186,1.7102,1.7018,1.6906,1.6788,1.5511,1.3426,0.5096,2.1781,2.8614,2.8614,2.8614,2.8614,2.8614,2.8614,2.8096,2.5119,2.2142,1.9165,1.6188,1.321
1.7032,1.7106,1.7177,1.7246,1.7315,1.7384,1.7453,1.7522,1.759,1.7682,1.7779,1.8823,2.0528,2.2204,2.1856,3.8359,5.4154,6.1831,6.4256,6.6681,6.9113,7.1546,7.3981,7.6415,7.885,8.1285,8.372
2.2036,2.1924,2.1814,2.1709,2.1604,2.15,2.1395,2.1291,2.1186,2.1046,2.0899,1.9309,1.6714,0.5131,1.9251,1.9251,1.9251,1.9251,1.9251,1.9251,1.9251,1.9251,1.9251,1.9251,1.9251,1.9251,1.6445
1.6684,1.6684,1.6684,1.6684,1.6684,1.6684,1.6684,1.6684,1.6684,1.6684,1.6684,1.6684,1.6684,1.6684,1.6684,1.6684,1.6684,1.6684,1.6684,1.6684,1.6684,1.6684,1.6684,1.6684,1.6684,1.6684,1.6684
2.4199,2.4304,2.4406,2.4504,2.4602,2.4699,2.4797,2.4895,2.4992,2.5123,2.5261,2.6744,2.9166,0.5822,2.0376,2.0376,2.0376,2.0376,2.0376,2.0376,2.0376,2.0376,2.0376,2.0376,2.0376,2.0376,2.0376
1.4379,1.4306,1.4235,1.4166,1.4098,1.4029,1.3961,1.3893,1.3824,1.3733,1.3637,1.26,1.0907,0.5185,2.2161,3.7106,3.4792,3.2474,3.0065,2.7656,2.5241,2.2823,2.0405,1.7987,1.5568,1.315,1.0731
2.1812,2.1907,2.1999,2.2087,2.2176,2.2264,2.2352,2.244,2.2528,2.2645,2.2769,2.4107,2.6289,2.6321,2.2467,2.6321,2.6321,2.6321,2.6321,2.6321,2.6321,2.6321,2.6321,2.6321,2.6321,2.6321,2.6321
4.6281,4.6281,4.6281,4.6281,4.6281,4.6281,4.6281,4.6281,4.6281,4.6281,4.6281,4.6281,4.6281,0.5221,1.4726,1.4726,1.4726,1.4726,1.4726,1.4726,1.4726,1.4726,1.4726,1.4726,1.4726,1.4726,1.4726
2.0145,2.0145,2.0145,2.0145,2.0145,2.0145,2.0145,2.0145,2.0145,2.0145,2.0145,2.0145,1.9329,0.5285,2.0145,2.0145,2.0145,2.0145,2.0145,2.0145,2.0145,2.0145,2.0145,2.0145,2.0145,2.0145,1.9018
1.7333,1.7408,1.7481,1.7552,1.7622,1.7692,1.7762,1.7832,1.7902,1.7995,1.8094,1.9156,2.0891,2.2597,2.2475,3.9445,5.5687,6.2925,6.3533,6.3533,6.3533,6.3533,6.3533,6.3533,6.3533,6.3533,6.3533
1.6429,1.6345,1.6263,1.6185,1.6107,1.6029,1.5951,1.5873,1.5795,1.5691,1.5581,1.4396,1.2461,0.5277,2.2555,2.981,2.981,2.981,2.981,2.981,2.8838,2.6076,2.3313,2.055,1.7787,1.5024,1.2261
1.7519,1.7519,1.7519,1.7519,1.7519,1.7519,1.7519,1.7519,1.7519,1.7519,1.7519,1.7519,1.7519,1.7519,1.7519,1.7519,1.7519,1.7519,1.7519,1.7519,1.7519,1.7519,1.7519,1.7519,1.7519,1.7519,1.7519
4.1085,4.1263,4.1436,4.1602,4.1769,4.1935,4.21,4.2266,4.2432,4.2653,4.2887,4.5406,4.9518,0.5315,1.5958,1.5958,1.5958,1.5958,1.5958,1.5958,1.5958,1.5958,1.5958,1.5958,1.5958,1.5958,1.5958
1.5593,1.5514,1.5436,1.5362,1.5288,1.5213,1.5139,1.5065,1.4991,1.4893,1.4788,1.3663,1.1827,0.5334,2.2798,4.0012,3.7729,3.5215,3.2603,2.9991,2.7371,2.475,2.2127,1.9505,1.6882,1.426,1.1637
1.7841,1.7918,1.7993,1.8065,1.8138,1.821,1.8282,1.8353,1.8425,1.8521,1.8623,1.9717,2.1502,2.3258,2.288,4.0156,5.0523,5.0523,5.0523,5.0523,5.0523,5.0523,5.0523,5.0523,5.0523,5.0523,5.0523
3.0195,3.0041,2.9891,2.9747,2.9603,2.946,2.9316,2.9173,2.903,2.8839,2.8636,2.6458,2.2903,0.5373,1.6514,1.6514,1.6514,1.6514,1.6514,1.6514,1.6514,1.6514,1.6514,1.6514,1.6514,1.6514,1.6514
1.7136,1.7136,1.7136,1.7136,1.7136,1.7136,1.7136,1.7136,1.7136,1.7136,1.7136,1.7136,1.7136,1.2105,1.7136,1.7136,1.7136,1.7136,1.7136,1.7136,1.7136,1.7136,1.7136,1.7136,1.7136,1.7136,1.7136
2.0143,2.0231,2.0315,2.0397,2.0479,2.056,2.0641,2.0722,2.0804,2.0912,2.1027,2.2262,2.4278,0.7559,2.313,2.6458,2.6458,2.6458,2.6458,2.6458,2.6458,2.6458,2.6458,2.6458,2.6458,2.6458,2.6458
1.4488,1.4414,1.4342,1.4273,1.4204,1.4136,1.4067,1.3998,1.3929,1.3837,1.374,1.2695,1.0989,0.5431,2.3215,3.7388,3.5055,3.272,3.0293,2.7866,2.5432,2.2996,2.056,1.8123,1.5686,1.3249,1.0812
2.116,2.116,2.116,2.116,2.116,2.116,2.116,2.116,2.116,2.116,2.116,2.116,2.116,2.116,2.116,2.116,2.116,2.116,2.116,2.116,2.116,2.116,2.116,2.116,2.116,2.116,2.116
4.5754,4.5754,4.5754,4.5754,4.5754,4.5754,4.5754,4.5754,4.5754,4.5754,4.5754,4.5754,4.5754,0.5471,1.4558,1.4558,1.4558,1.4558,1.4558,1.4558,1.4558,1.4558,1.4558,1.4558,1.4558,1.4558,1.4558
1.9651,1.9551,1.9454,1.936,1.9266,1.9173,1.908,1.8986,1.8893,1.8769,1.8637,1.7219,1.4905,0.5492,2.3472,2.4168,2.4168,2.4168,2.4168,2.4168,2.4168,2.4168,2.4168,2.4168,2.1276,1.7971,1.4666
1.6811,1.6884,1.6955,1.7023,1.7091,1.7159,1.7227,1.7295,1.7363,1.7453,1.7549,1.858,2.0262,2.1917,2.3559,4.1348,5.8373,6.103,6.3424,6.5817,6.8218,7.062,7.3023,7.5426,7.7829,8.0233,8.2636
1.9111,1.9014,1.8919,1.8828,1.8737,1.8646,1.8555,1.8465,1.8374,1.8253,1.8125,1.6746,1.4496,0.5533,2.1835,2.1835,2.1835,2.1835,2.1835,2.1835,2.1835,2.1835,2.1835,2.1835,2.0691,1.7477,1.4263
1.6663,1.6663,1.6663,1.6663,1.6663,1.6663,1.6663,1.6663,1.6663,1.6663,1.6663,1.6663,1.6663,1.6663,1.6663,1.6663,1.6663,1.6663,1.6663,1.6663,1.6663,1.6663,1.6663,1.6663,1.6663,1.6663,1.6663
2.8155,2.8277,2.8396,2.851,2.8624,2.8737,2.8851,2.8965,2.9078,2.923,2.939,3.1116,3.3934,0.5574,1.8066,1.8066,1.8066,1.8066,1.8066,1.8066,1.8066,1.8066,1.8066,1.8066,1.8066,1.8066,1.8066
1.4533,1.4459,1.4387,1.4317,1.4248,1.4179,1.411,1.4041,1.3972,1.388,1.3782,1.2734,1.1023,0.5595,2.3914,3.7502,3.5163,3.282,3.0386,2.7951,2.551,2.3067,2.0623,1.8178,1.5734,1.329,1.0846
1.971,1.9796,1.9879,1.9959,2.0039,2.0118,2.0198,2.0277,2.0357,2.0463,2.0575,2.1783,2.3756,2.5696,2.4005,3.1601,3.1601,3.1601,3.1601,3.1601,3.1601,3.1601,3.1601,3.1601,3.1601,3.1601,3.1601
4.7345,4.7345,4.7345,4.7345,4.7345,4.7345,4.7345,4.7345,4.7345,4.7345,4.7345,4.5619,3.9489,0.5638,1.5064,1.5064,1.5064,1.5064,1.5064,1.5064,1.5064,1.5064,1.5064,1.5064,1.5064,1.5064,1.5064
1.8511,1.8511,1.8511,1.8511,1.8511,1.8511,1.8511,1.8511,1.8511,1.8511,1.8511,1.8511,1.8511,0.6606,1.8511,1.8511,1.8511,1.8511,1.8511,1.8511,1.8511,1.8511,1.8511,1.8511,1.8511,1.8511,1.8511
1.7956,1.8034,1.811,1.8183,1.8255,1.8328,1.84,1.8473,1.8545,1.8642,1.8744,1.9845,2.1642,1.1589,2.428,4.056,4.056,4.056,4.056,4.056,4.056,4.056,4.056,4.056,4.056,4.056,4.056
1.5326,1.5248,1.5172,1.5099,1.5026,1.4953,1.488,1.4807,1.4735,1.4638,1.4535,1.3429,1.1625,0.5703,2.4373,3.9366,3.7082,3.4612,3.2045,2.9477,2.6902,2.4326,2.1748,1.9171,1.6593,1.4015,1.1438
1.8392,1.8392,1.8392,1.8392,1.8392,1.8392,1.8392,1.8392,1.8392,1.8392,1.8392,1.8392,1.8392,1.8392,1.8392,1.8392,1.8392,1.8392,1.8392,1.8392,1.8392,1.8392,1.8392,1.8392,1.8392,1.8392,1.8392
4.7441,4.7441,4.7441,4.7441,4.7441,4.7441,4.7441,4.7441,4.7441,4.7441,4.7441,4.7441,4.7441,0.5747,1.5095,1.5095,1.5095,1.5095,1.5095,1.5095,1.5095,1.5095,1.5095,1.5095,1.5095,1.5095,1.5095
1.6604,1.652,1.6438,1.6358,1.6279,1.62,1.6122,1.6043,1.5964,1.5859,1.5747,1.455,1.2595,0.5769,2.4657,3.2146,3.2146,3.2146,3.2146,3.1937,2.9147,2.6355,2.3563,2.077,1.7977,1.5185,1.2392
1.7097,1.7171,1.7243,1.7312,1.7381,1.745,1.7519,1.7588,1.7657,1.7749,1.7847,1.8895,2.0606,2.2289,2.4753,4.3444,5.9724,6.2067,6.4501,6.6935,6.9376,7.1819,7.4263,7.6707,7.9151,8.1595,8.2578
2.4237,2.4113,2.3993,2.3877,2.3762,2.3647,2.3532,2.3417,2.3302,2.3148,2.2986,2.1238,1.8384,0.5814,1.7862,1.7862,1.7862,1.7862,1.7862,1.7862,1.7862,1.7862,1.7862,1.7862,1.7862,1.7862,1.7862
1.6626,1.6626,1.6626,1.6626,1.6626,1.6626,1.6626,1.6626,1.6626,1.6626,1.6626,1.6626,1.6626,1.6626,1.6626,1.6626,1.6626,1.6626,1.6626,1.6626,1.6626,1.6626,1.6626,1.6626,1.6626,1.6626,1.6626
2.2171,2.2267,2.236,2.245,2.254,2.2629,2.2719,2.2808,2.2898,2.3017,2.3143,2.4502,2.6721,0.6296,2.2035,2.2035,2.2035,2.2035,2.2035,2.2035,2.2035,2.2035,2.2035,2.2035,2.2035,2.2035,2.2035
1.4227,1.4155,1.4084,1.4016,1.3949,1.3881,1.3813,1.3746,1.3678,1.3588,1.3493,1.2467,1.0791,0.5883,2.5145,3.6714,3.4424,3.2131,2.9747,2.7364,2.4974,2.2582,2.0189,1.7796,1.5404,1.3011,1.0618
2.3259,2.336,2.3458,2.3552,2.3646,2.374,2.3758,2.3758,2.3758,2.3758,2.3758,2.3758,2.3758,2.3758,2.3758,2.3758,2.3758,2.3758,2.3758,2.3758,2.3758,2.3758,2.3758,2.3758,2.3758,2.3758,2.3758
4.5464,4.5464,4.5464,4.5464,4.5464,4.5464,4.5464,4.5464,4.5464,4.5464,4.5464,4.5464,4.5464,0.593,1.4466,1.4466,1.4466,1.4466,1.4466,1.4466,1.4466,1.4466,1.4466,1.4466,1.4466,1.4466,1.4466
2.1225,2.1225,2.1225,2.1225,2.1225,2.1225,2.1225,2.1225,2.1225,2.1225,2.1225,1.9792,1.7132,0.5954,2.1225,2.1225,2.1225,2.1225,2.1225,2.1225,2.1225,2.1225,2.1225,2.1225,2.1225,2.0655,1.6856
1.6903,1.6976,1.7047,1.7116,1.7184,1.7253,1.7321,1.7389,1.7457,1.7548,1.7645,1.8681,2.0372,2.2036,2.555,4.4842,5.9047,6.1363,6.377,6.6176,6.859,7.1005,7.3421,7.5837,7.8254,8.067,8.3086
1.7128,1.7041,1.6956,1.6874,1.6793,1.6712,1.663,1.6549,1.6468,1.6359,1.6244,1.5009,1.2992,0.6002,2.5653,2.5818,2.5818,2.5818,2.5818,2.5818,2.5818,2.5818,2.4306,2.1425,1.8545,1.5664,1.2783
1.6955,1.6955,1.6955,1.6955,1.6955,1.6955,1.6955,1.6955,1.6955,1.6955,1.6955,1.6955,1.6955,1.6955,1.6955,1.6955,1.6955,1.6955,1.6955,1.6955,1.6955,1.6955,1.6955,1.6955,1.6955,1.6955,1.6955
3.4499,3.4648,3.4794,3.4933,3.5073,3.5212,3.5352,3.5491,3.563,3.5816,3.6012,3.8127,4.158,0.6051,1.6481,1.6481,1.6481,1.6481,1.6481,1.6481,1.6481,1.6481,1.6481,1.6481,1.6481,1.6481,1.6481
1.4971,1.4895,1.4821,1.4749,1.4678,1.4607,1.4536,1.4465,1.4394,1.4299,1.4198,1.3119,1.1356,0.6076,2.5968,3.8634,3.6224,3.3811,3.1303,2.8795,2.628,2.3763,2.1245,1.8727,1.6209,1.3691,1.1173
1.8268,1.8347,1.8424,1.8498,1.8572,1.8646,1.8719,1.8793,1.8867,1.8965,1.9069,2.0189,2.2017,2.3815,2.6075,4.0588,4.0588,4.0588,4.0588,4.0588,4.0588,4.0588,4.0588,4.0588,4.0588,4.0588,4.0588
3.5487,3.5306,3.513,3.4961,3.4792,3.4623,3.4455,3.4287,3.4118,3.3893,3.3655,3.1096,2.6917,0.6126,1.5721,1.5721,1.5721,1.5721,1.5721,1.5721,1.5721,1.5721,1.5721,1.5721,1.5721,1.5721,1.5721
1.7406,1.7406,1.7406,1.7406,1.7406,1.7406,1.7406,1.7406,1.7406,1.7406,1.7406,1.7406,1.7406,0.9067,1.7406,1.7406,1.7406,1.7406,1.7406,1.7406,1.7406,1.7406,1.7406,1.7406,1.7406,1.7406,1.7406
1.8998,1.9081,1.9161,1.9238,1.9315,1.9391,1.9468,1.9545,1.9621,1.9724,1.9832,2.0997,2.2898,0.8602,2.64,3.0108,3.0108,3.0108,3.0108,3.0108,3.0108,3.0108,3.0108,3.0108,3.0108,3.0108,3.0108
1.4605,1.453,1.4458,1.4388,1.4319,1.4249,1.418,1.4111,1.4041,1.3949,1.3851,1.2797,1.1078,0.6203,2.651,3.7689,3.5338,3.2983,3.0537,2.809,2.5637,2.3181,2.0725,1.8269,1.5812,1.3356,1.0899
1.9752,1.9752,1.9752,1.9752,1.9752,1.9752,1.9752,1.9752,1.9752,1.9752,1.9752,1.9752,1.9752,1.9752,1.9752,1.9752,1.9752,1.9752,1.9752,1.9752,1.9752,1.9752,1.9752,1.9752,1.9752,1.9752,1.9752
4.5784,4.5784,4.5784,4.5784,4.5784,4.5784,4.5784,4.5784,4.5784,4.5784,4.5784,4.5784,4.5784,0.6255,1.4568,1.4568,1.4568,1.4568,1.4568,1.4568,1.4568,1.4568,1.4568,1.4568,1.4568,1.4568,1.4568
1.8129,1.8037,1.7947,1.786,1.7774,1.7688,1.7602,1.7516,1.743,1.7315,1.7193,1.5886,1.3751,0.6281,2.6353,2.6353,2.6353,2.6353,2.6353,2.6353,2.6353,2.6353,2.5726,2.2677,1.9628,1.6579,1.3529
1.6702,1.6774,1.6845,1.6912,1.698,1.7047,1.7115,1.7182,1.7249,1.7339,1.7435,1.8458,2.013,2.1774,2.696,4.7318,5.8345,6.0633,6.3011,6.5389,6.7774,7.016,7.2547,7.4935,7.7322,7.971,8.2098
2.0522,2.0418,2.0316,2.0218,2.012,2.0023,1.9926,1.9828,1.9731,1.9601,1.9463,1.7983,1.5566,0.6335,1.9869,1.9869,1.9869,1.9869,1.9869,1.9869,1.9869,1.9869,1.9869,1.9869,1.9869,1.8768,1.5316
1.6436,1.6436,1.6436,1.6436,1.6436,1.6436,1.6436,1.6436,1.6436,1.6436,1.6436,1.6436,1.6436,1.6436,1.6436,1.6436,1.6436,1.6436,1.6436,1.6436,1.6436,1.6436,1.6436,1.6436,1.6436,1.6436,1.6436
2.5201,2.531,2.5416,2.5518,2.562,2.5722,2.5824,2.5925,2.6027,2.6162,2.6306,2.7851,3.0373,0.6389,1.9152,1.9152,1.9152,1.9152,1.9152,1.9152,1.9152,1.9152,1.9152,1.9152,1.9152,1.9152,1.9152
1.4231,1.4159,1.4088,1.402,1.3953,1.3885,1.3817,1.375,1.3682,1.3592,1.3497,1.247,1.0794,0.6417,2.7426,3.6725,3.4434,3.214,2.9756,2.7372,2.4981,2.2588,2.0195,1.7802,1.5408,1.3014,1.0621
2.0663,2.0753,2.084,2.0924,2.1007,2.1091,2.1174,2.1258,2.1341,2.1452,2.157,2.2837,2.4905,2.6938,2.7545,2.771,2.771,2.771,2.771,2.771,2.771,2.771,2.771,2.771,2.771,2.771,2.771
4.6019,4.6019,4.6019,4.6019,4.6019,4.6019,4.6019,4.6019,4.6019,4.6019,4.6019,4.6019,4.6019,0.6473,1.4643,1.4643,1.4643,1.4643,1.4643,1.4643,1.4643,1.4643,1.4643,1.4643,1.4643,1.4643,1.4643
1.9215,1.9215,1.9215,1.9215,1.9215,1.9215,1.9215,1.9215,1.9215,1.9215,1.9215,1.9215,1.9215,0.6501,1.9215,1.9215,1.9215,1.9215,1.9215,1.9215,1.9215,1.9215,1.9215,1.9215,1.9215,1.9215,1.9215
1.7319,1.7394,1.7467,1.7537,1.7607,1.7677,1.7747,1.7817,1.7886,1.798,1.8078,1.914,2.0873,1.4722,2.7909,4.8982,5.1528,5.1528,5.1528,5.1528,5.1528,5.1528,5.1528,5.1528,5.1528,5.1528,5.1528
1.5767,1.5686,1.5608,1.5533,1.5458,1.5383,1.5308,1.5233,1.5158,1.5059,1.4953,1.3816,1.1959,0.6559,2.8032,3.2386,3.2386,3.2386,3.2386,3.0325,2.7676,2.5025,2.2374,1.9722,1.707,1.4418,1.1767
1.7593,1.7593,1.7593,1.7593,1.7593,1.7593,1.7593,1.7593,1.7593,1.7593,1.7593,1.7593,1.7593,1.7593,1.7593,1.7593,1.7593,1.7593,1.7593,1.7593,1.7593,1.7593,1.7593,1.7593,1.7593,1.7593,1.7593
4.5764,4.5962,4.6155,4.6341,4.6526,4.6711,4.6895,4.708,4.7265,4.7511,4.7772,4.8402,4.8402,0.6617,1.5401,1.5401,1.5401,1.5401,1.5401,1.5401,1.5401,1.5401,1.5401,1.5401,1.5401,1.5401,1.5401
1.5742,1.5662,1.5584,1.5509,1.5434,1.5359,1.5285,1.521,1.5135,1.5035,1.493,1.3794,1.1941,0.6647,2.8408,3.712,3.712,3.5553,3.2915,3.0278,2.7633,2.4987,2.2339,1.9692,1.7044,1.4396,1.1748
1.7308,1.7383,1.7456,1.7526,1.7596,1.7666,1.7736,1.7806,1.7875,1.7969,1.8067,1.9128,2.086,2.2564,2.8536,5.0082,5.8469,5.8469,5.8469,5.8469,5.8469,5.8469,5.8469,5.8469,5.8469,5.8469,5.8469
2.7231,2.7092,2.6957,2.6827,2.6698,2.6568,2.6439,2.631,2.6181,2.6008,2.5825,2.3861,2.0655,0.6707,1.6769,1.6769,1.6769,1.6769,1.6769,1.6769,1.6769,1.6769,1.6769,1.6769,1.6769,1.6769,1.6769
1.6706,1.6706,1.6706,1.6706,1.6706,1.6706,1.6706,1.6706,1.6706,1.6706,1.6706,1.6706,1.6706,1.4983,1.6706,1.6706,1.6706,1.6706,1.6706,1.6706,1.6706,1.6706,1.6706,1.6706,1.6706,1.6706,1.6706
2.0586,2.0675,2.0762,2.0845,2.0928,2.1011,2.1095,2.1178,2.1261,2.1371,2.1489,2.2751,2.4811,0.6927,2.4244,2.4244,2.4244,2.4244,2.4244,2.4244,2.4244,2.4244,2.4244,2.4244,2.4244,2.4244,2.4244
1.4192,1.412,1.405,1.3982,1.3914,1.3847,1.378,1.3712,1.3645,1.3555,1.346,1.2436,1.0765,0.6799,2.9058,3.6624,3.434,3.2052,2.9675,2.7297,2.4913,2.2527,2.014,1.7753,1.5366,1.2979,1.0592
2.1781,2.1781,2.1781,2.1781,2.1781,2.1781,2.1781,2.1781,2.1781,2.1781,2.1781,2.1781,2.1781,2.1781,2.1781,2.1781,2.1781,2.1781,2.1781,2.1781,2.1781,2.1781,2.1781,2.1781,2.1781,2.1781,2.1781
4.5028,4.5028,4.5028,4.5028,4.5028,4.5028,4.5028,4.5028,4.5028,4.5028,4.5028,4.5028,4.5028,0.6861,1.4327,1.4327,1.4327,1.4327,1.4327,1.4327,1.4327,1.4327,1.4327,1.4327,1.4327,1.4327,1.4327
2.0397,2.0293,2.0192,2.0095,1.9998,1.9901,1.9804,1.9707,1.961,1.9481,1.9344,1.7873,1.5471,0.6893,2.2648,2.2648,2.2648,2.2648,2.2648,2.2648,2.2648,2.2648,2.2648,2.2648,2.2084,1.8653,1.5222
1.6621,1.6693,1.6763,1.683,1.6898,1.6965,1.7032,1.7099,1.7166,1.7255,1.735,1.8369,2.0033,1.5519,2.96,5.195,5.8062,6.0339,6.2706,6.5072,6.7446,6.9821,7.2196,7.4572,7.6948,7.9324,8.17
1.8061,1.7969,1.7879,1.7793,1.7707,1.7621,1.7535,1.745,1.7364,1.7249,1.7128,1.5826,1.3699,0.6958,2.2889,2.2889,2.2889,2.2889,2.2889,2.2889,2.2889,2.2889,2.2889,2.2592,1.9554,1.6516,1.3478
1.6551,1.6551,1.6551,1.6551,1.6551,1.6551,1.6551,1.6551,1.6551,1.6551,1.6551,1.6551,1.6551,1.6551,1.6551,1.6551,1.6551,1.6551,1.6551,1.6551,1.6551,1.6551,1.6551,1.6551,1.6551,1.6551,1.6551
2.9875,3.0005,3.0131,3.0252,3.0373,3.0493,3.0614,3.0734,3.0855,3.1016,3.1186,3.3018,3.6007,0.7024,1.7198,1.7198,1.7198,1.7198,1.7198,1.7198,1.7198,1.7198,1.7198,1.7198,1.7198,1.7198,1.7198
1.4503,1.4429,1.4357,1.4288,1.4219,1.415,1.4081,1.4013,1.3944,1.3852,1.3755,1.2709,1.1001,0.7057,3.0162,3.7427,3.5092,3.2754,3.0325,2.7895,2.5458,2.302,2.0581,1.8142,1.5702,1.3263,1.0824
1.8884,1.8966,1.9046,1.9122,1.9199,1.9275,1.9351,1.9427,1.9503,1.9605,1.9713,2.087,2.276,2.4619,3.0306,3.4059,3.4059,3.4059,3.4059,3.4059,3.4059,3.4059,3.4059,3.4059,3.4059,3.4059,3.4059
4.3622,4.34,4.3184,4.2976,4.2768,4.2561,4.2354,4.2147,4.194,4.1663,4.1371,3.8224,3.3088,0.7125,1.5108,1.5108,1.5108,1.5108,1.5108,1.5108,1.5108,1.5108,1.5108,1.5108,1.5108,1.5108,1.5108
1.7839,1.7839,1.7839,1.7839,1.7839,1.7839,1.7839,1.7839,1.7839,1.7839,1.7839,1.7839,1.7839,0.7272,1.7839,1.7839,1.7839,1.7839,1.7839,1.7839,1.7839,1.7839,1.7839,1.7839,1.7839,1.7839,1.7839
1.8102,1.818,1.8257,1.833,1.8403,1.8476,1.8549,1.8622,1.8695,1.8793,1.8896,2.0006,2.1817,1.0103,3.0747,3.536,3.536,3.536,3.536,3.536,3.536,3.536,3.536,3.536,3.536,3.536,3.536
1.4849,1.4773,1.47,1.4629,1.4558,1.4488,1.4417,1.4347,1.4276,1.4182,1.4082,1.3011,1.1263,0.7229,3.0896,3.8319,3.5928,3.3535,3.1047,2.856,2.6065,2.3569,2.1072,1.8574,1.6077,1.3579,1.1082
1.8644,1.8644,1.8644,1.8644,1.8644,1.8644,1.8644,1.8644,1.8644,1.8644,1.8644,1.8644,1.8644,1.8644,1.8644,1.8644,1.8644,1.8644,1.8644,1.8644,1.8644,1.8644,1.8644,1.8644,1.8644,1.8644,1.8644
4.6197,4.6197,4.6197,4.6197,4.6197,4.6197,4.6197,4.6197,4.6197,4.6197,4.6197,4.6197,4.6197,0.73,1.4699,1.4699,1.4699,1.4699,1.4699,1.4699,1.4699,1.4699,1.4699,1.4699,1.4699,1.4699,1.4699
1.6935,1.6849,1.6765,1.6684,1.6604,1.6523,1.6443,1.6362,1.6282,1.6175,1.6061,1.484,1.2845,0.7336,2.9284,2.9284,2.9284,2.9284,2.9284,2.9284,2.9284,2.688,2.4032,2.1184,1.8336,1.5487,1.2639
1.6729,1.6802,1.6872,1.694,1.7008,1.7075,1.7143,1.721,1.7278,1.7368,1.7463,1.8489,2.0163,1.562,3.151,5.5302,5.844,6.0732,6.3114,6.5496,6.7885,7.0275,7.2666,7.5057,7.7449,7.984,8.2232
2.2387,2.2273,2.2162,2.2055,2.1949,2.1842,2.1736,2.163,2.1523,2.1382,2.1231,1.9617,1.6981,0.7409,1.8342,1.8342,1.8342,1.8342,1.8342,1.8342,1.8342,1.8342,1.8342,1.8342,1.8342,1.8342,1.6707
1.6345,1.6345,1.6345,1.6345,1.6345,1.6345,1.6345,1.6345,1.6345,1.6345,1.6345,1.6345,1.6345,1.6345,1.6345,1.6345,1.6345,1.6345,1.6345,1.6345,1.6345,1.6345,1.6345,1.6345,1.6345,1.6345,1.6345
2.2944,2.3043,2.314,2.3233,2.3325,2.3418,2.3511,2.3603,2.3696,2.3819,2.395,2.5357,2.7653,0.7484,2.0579,2.0579,2.0579,2.0579,2.0579,2.0579,2.0579,2.0579,2.0579,2.0579,2.0579,2.0579,2.0579
1.4051,1.398,1.391,1.3843,1.3776,1.3709,1.3642,1.3576,1.3509,1.342,1.3326,1.2312,1.0658,0.7522,3.2148,3.626,3.3998,3.1733,2.9379,2.7025,2.4665,2.2302,1.9939,1.7576,1.5213,1.285,1.0486
2.1921,2.2016,2.2108,2.2197,2.2286,2.2374,2.2463,2.2551,2.264,2.2758,2.2883,2.4226,2.481,2.481,2.481,2.481,2.481,2.481,2.481,2.481,2.481,2.481,2.481,2.481,2.481,2.481,2.481
4.5108,4.5108,4.5108,4.5108,4.5108,4.5108,4.5108,4.5108,4.5108,4.5108,4.5108,4.5108,4.5108,0.7598,1.4353,1.4353,1.4353,1.4353,1.4353,1.4353,1.4353,1.4353,1.4353,1.4353,1.4353,1.4353,1.4353
2.016,2.016,2.016,2.016,2.016,2.016,2.016,2.016,2.016,2.016,2.016,2.016,1.8088,0.7638,2.016,2.016,2.016,2.016,2.016,2.016,2.016,2.016,2.016,2.016,2.016,2.016,1.7797
1.6849,1.6922,1.6993,1.7062,1.713,1.7198,1.7266,1.7334,1.7402,1.7493,1.7589,1.8622,2.0308,1.5732,3.2812,5.6555,5.886,6.1169,6.3567,6.5966,6.8372,7.078,7.1854,7.1854,7.1854,7.1854,7.1854
1.638,1.6297,1.6215,1.6137,1.6059,1.5981,1.5904,1.5826,1.5748,1.5644,1.5534,1.4353,1.2424,0.7717,2.7637,2.7637,2.7637,2.7637,2.7637,2.7637,2.7637,2.5999,2.3244,2.0489,1.7734,1.4979,1.2224
1.6983,1.6983,1.6983,1.6983,1.6983,1.6983,1.6983,1.6983,1.6983,1.6983,1.6983,1.6983,1.6983,1.6983,1.6983,1.6983,1.6983,1.6983,1.6983,1.6983,1.6983,1.6983,1.6983,1.6983,1.6983,1.6983,1.6983
3.7607,3.777,3.7928,3.8081,3.8233,3.8385,3.8537,3.8688,3.884,3.9042,3.9257,4.1562,4.5326,0.7798,1.5858,1.5858,1.5858,1.5858,1.5858,1.5858,1.5858,1.5858,1.5858,1.5858,1.5858,1.5858,1.5858
1.5072,1.4995,1.492,1.4848,1.4776,1.4705,1.4633,1.4562,1.449,1.4395,1.4294,1.3207,1.1432,0.7839,3.3505,3.8893,3.6467,3.4038,3.1513,2.8988,2.6456,2.3922,2.1388,1.8853,1.6318,1.3783,1.1248
1.7675,1.7751,1.7826,1.7897,1.7969,1.804,1.8112,1.8183,1.8254,1.8349,1.845,1.9534,2.1302,1.6503,3.3683,4.5388,4.5388,4.5388,4.5388,4.5388,4.5388,4.5388,4.5388,4.5388,4.5388,4.5388,4.5388
3.1431,3.1271,3.1116,3.0966,3.0816,3.0667,3.0517,3.0368,3.0219,3.002,2.9809,2.7542,2.3841,0.7923,1.5911,1.5911,1.5911,1.5911,1.5911,1.5911,1.5911,1.5911,1.5911,1.5911,1.5911,1.5911,1.5911
1.6928,1.6928,1.6928,1.6928,1.6928,1.6928,1.6928,1.6928,1.6928,1.6928,1.6928,1.6928,1.6928,1.0546,1.6928,1.6928,1.6928,1.6928,1.6928,1.6928,1.6928,1.6928,1.6928,1.6928,1.6928,1.6928,1.6928
1.9341,1.9425,1.9506,1.9585,1.9663,1.9741,1.9819,1.9897,1.9975,2.0079,2.0189,2.1375,2.3311,0.8008,2.724,2.724,2.724,2.724,2.724,2.724,2.724,2.724,2.724,2.724,2.724,2.724,2.724
1.4274,1.4201,1.4131,1.4062,1.3994,1.3927,1.3859,1.3791,1.3723,1.3633,1.3537,1.2508,1.0827,0.8052,3.4413,3.6835,3.4537,3.2236,2.9845,2.7454,2.5056,2.2656,2.0256,1.7855,1.5454,1.3053,1.0653
2.0237,2.0237,2.0237,2.0237,2.0237,2.0237,2.0237,2.0237,2.0237,2.0237,2.0237,2.0237,2.0237,2.0237,2.0237,2.0237,2.0237,2.0237,2.0237,2.0237,2.0237,2.0237,2.0237,2.0237,2.0237,2.0237,2.0237
4.496,4.496,4.496,4.496,4.496,4.496,4.496,4.496,4.496,4.496,4.496,4.496,4.496,0.814,1.4305,1.4305,1.4305,1.4305,1.4305,1.4305,1.4305,1.4305,1.4305,1.4305,1.4305,1.4305,1.4305
1.871,1.8615,1.8522,1.8433,1.8343,1.8255,1.8166,1.8077,1.7988,1.787,1.7744,1.6395,1.4192,0.8185,2.4517,2.4517,2.4517,2.4517,2.4517,2.4517,2.4517,2.4517,2.4517,2.3404,2.0257,1.711,1.3963
1.6477,1.6549,1.6618,1.6685,1.6751,1.6818,1.6884,1.6951,1.7017,1.7106,1.72,1.821,1.9859,1.5385,3.5176,5.5305,5.756,5.9817,6.2163,6.4509,6.6862,6.9216,7.1571,7.3927,7.6282,7.8638,8.0993
1.9283,1.9185,1.9089,1.8997,1.8906,1.8814,1.8722,1.8631,1.8539,1.8417,1.8288,1.6897,1.4626,0.8276,2.0678,2.0678,2.0678,2.0678,2.0678,2.0678,2.0678,2.0678,2.0678,2.0678,2.0678,1.7634,1.4391
1.629,1.629,1.629,1.629,1.629,1.629,1.629,1.629,1.629,1.629,1.629,1.629,1.629,1.629,1.629,1.629,1.629,1.629,1.629,1.629,1.629,1.629,1.629,1.629,1.629,1.629,1.629
2.6491,2.6606,2.6717,2.6825,2.6932,2.7039,2.7146,2.7253,2.7359,2.7502,2.7653,2.9277,3.1928,0.8369,1.8147,1.8147,1.8147,1.8147,1.8147,1.8147,1.8147,1.8147,1.8147,1.8147,1.8147,1.8147,1.8147
1.417,1.4098,1.4027,1.396,1.3892,1.3825,1.3758,1.3691,1.3623,1.3534,1.3439,1.2416,1.0748,0.8416,3.5973,3.6566,3.4285,3.2001,2.9628,2.7254,2.4873,2.2491,2.0108,1.7725,1.5342,1.2958,1.0575
1.972,1.9806,1.9889,1.9969,2.0049,2.0128,2.0208,2.0287,2.0367,2.0473,2.0586,2.1794,2.3768,1.8413,2.9489,2.9489,2.9489,2.9489,2.9489,2.9489,2.9489,2.9489,2.9489,2.9489,2.9489,2.9489,2.9489
4.6039,4.6039,4.6039,4.6039,4.6039,4.6039,4.6039,4.6039,4.6039,4.6039,4.6039,4.6039,4.3576,0.8513,1.4649,1.4649,1.4649,1.4649,1.4649,1.4649,1.4649,1.4649,1.4649,1.4649,1.4649,1.4649,1.4649
1.8456,1.8456,1.8456,1.8456,1.8456,1.8456,1.8456,1.8456,1.8456,1.8456,1.8456,1.8456,1.8456,0.8562,1.8456,1.8456,1.8456,1.8456,1.8456,1.8456,1.8456,1.8456,1.8456,1.8456,1.8456,1.8456,1.8456
1.7411,1.7487,1.756,1.7631,1.7701,1.7771,1.7842,1.7912,1.7982,1.8076,1.8175,1.9242,2.0985,1.2397,3.6807,4.3389,4.3389,4.3389,4.3389,4.3389,4.3389,4.3389,4.3389,4.3389,4.3389,4.3389,4.3389
1.5232,1.5154,1.5079,1.5006,1.4933,1.4861,1.4789,1.4716,1.4644,1.4548,1.4445,1.3347,1.1553,0.8662,3.5778,3.5778,3.5778,3.4399,3.1848,2.9296,2.6737,2.4176,2.1615,1.9053,1.6491,1.3929,1.1367
1.7779,1.7779,1.7779,1.7779,1.7779,1.7779,1.7779,1.7779,1.7779,1.7779,1.7779,1.7779,1.7779,1.7779,1.7779,1.7779,1.7779,1.7779,1.7779,1.7779,1.7779,1.7779,1.7779,1.7779,1.7779,1.7779,1.7779
4.7011,4.7011,4.7011,4.7011,4.7011,4.7011,4.7011,4.7011,4.7011,4.7011,4.7011,4.7011,4.7011,0.8764,1.4958,1.4958,1.4958,1.4958,1.4958,1.4958,1.4958,1.4958,1.4958,1.4958,1.4958,1.4958,1.4958
1.5998,1.5917,1.5837,1.5761,1.5685,1.5609,1.5533,1.5457,1.5381,1.528,1.5172,1.4018,1.2135,0.8816,3.3314,3.3314,3.3314,3.3314,3.3314,3.077,2.8082,2.5393,2.2702,2.0012,1.7321,1.463,1.1939
1.6895,1.6968,1.7039,1.7108,1.7176,1.7245,1.7313,1.7381,1.7449,1.754,1.7636,1.8672,2.0363,1.5775,3.7906,5.6708,5.902,6.1334,6.374,6.6145,6.8558,7.022,7.022,7.022,7.022,7.022,7.022
2.4882,2.4755,2.4632,2.4513,2.4394,2.4276,2.4158,2.404,2.3922,2.3764,2.3597,2.1803,1.8873,0.8922,1.7146,1.7146,1.7146,1.7146,1.7146,1.7146,1.7146,1.7146,1.7146,1.7146,1.7146,1.7146,1.7146
1.6386,1.6386,1.6386,1.6386,1.6386,1.6386,1.6386,1.6386,1.6386,1.6386,1.6386,1.6386,1.6386,1.6386,1.6386,1.6386,1.6386,1.6386,1.6386,1.6386,1.6386,1.6386,1.6386,1.6386,1.6386,1.6386,1.6386
2.1193,2.1284,2.1374,2.146,2.1545,2.1631,2.1717,2.1802,2.1887,2.2002,2.2122,2.3422,2.5543,0.903,2.2457,2.2457,2.2457,2.2457,2.2457,2.2457,2.2457,2.2457,2.2457,2.2457,2.2457,2.2457,2.2457
1.3986,1.3914,1.3845,1.3778,1.3712,1.3645,1.3579,1.3513,1.3446,1.3358,1.3264,1.2255,1.0608,0.9086,3.7845,3.6091,3.384,3.1585,2.9243,2.69,2.455,2.2199,1.9847,1.7494,1.5142,1.279,1.0437
2.2599,2.2599,2.2599,2.2599,2.2599,2.2599,2.2599,2.2599,2.2599,2.2599,2.2599,2.2599,2.2599,2.2599,2.2599,2.2599,2.2599,2.2599,2.2599,2.2599,2.2599,2.2599,2.2599,2.2599,2.2599,2.2599,2.2599
4.4577,4.4577,4.4577,4.4577,4.4577,4.4577,4.4577,4.4577,4.4577,4.4577,4.4577,4.4577,4.4577,0.9198,1.4184,1.4184,1.4184,1.4184,1.4184,1.4184,1.4184,1.4184,1.4184,1.4184,1.4184,1.4184,1.4184
2.1358,2.1249,2.1143,2.1041,2.094,2.0838,2.0737,2.0635,2.0534,2.0399,2.0255,1.8715,1.62,0.9255,2.1401,2.1401,2.1401,2.1401,2.1401,2.1401,2.1401,2.1401,2.1401,2.1401,2.1401,1.9532,1.5939
1.653,1.6602,1.6672,1.6739,1.6806,1.6872,1.6939,1.7006,1.7072,1.7161,1.7256,1.8269,1.9923,1.5434,3.9807,5.5484,5.7746,6.0011,6.2364,6.4718,6.7078,6.944,7.1803,7.4166,7.6529,7.8892,8.1255
1.7198,1.711,1.7025,1.6943,1.6861,1.6779,1.6698,1.6616,1.6534,1.6425,1.631,1.507,1.3044,0.9372,2.4235,2.4235,2.4235,2.4235,2.4235,2.4235,2.4235,2.4235,2.4235,2.1512,1.862,1.5727,1.2835
1.6538,1.6538,1.6538,1.6538,1.6538,1.6538,1.6538,1.6538,1.6538,1.6538,1.6538,1.6538,1.6538,1.6538,1.6538,1.6538,1.6538,1.6538,1.6538,1.6538,1.6538,1.6538,1.6538,1.6538,1.6538,1.6538,1.6538
3.2077,3.2216,3.2351,3.2481,3.2611,3.274,3.287,3.2999,3.3129,3.3301,3.3484,3.5451,3.8661,0.9492,1.6487,1.6487,1.6487,1.6487,1.6487,1.6487,1.6487,1.6487,1.6487,1.6487,1.6487,1.6487,1.6487
1.4562,1.4488,1.4415,1.4346,1.4277,1.4207,1.4138,1.4069,1.4,1.3908,1.381,1.276,1.1045,0.9553,3.9404,3.7578,3.5234,3.2886,3.0447,2.8008,2.5561,2.3113,2.0664,1.8215,1.5766,1.3317,1.0867
1.8214,1.8293,1.8369,1.8443,1.8517,1.8591,1.8664,1.8737,1.8811,1.8909,1.9013,2.0129,2.1952,1.7006,3.7251,3.7251,3.7251,3.7251,3.7251,3.7251,3.7251,3.7251,3.7251,3.7251,3.7251,3.7251,3.7251
3.7613,3.7421,3.7235,3.7055,3.6876,3.6698,3.6519,3.634,3.6162,3.5924,3.5671,3.2958,2.8529,0.9678,1.5246,1.5246,1.5246,1.5246,1.5246,1.5246,1.5246,1.5246,1.5246,1.5246,1.5246,1.5246,1.5246
1.7301,1.7301,1.7301,1.7301,1.7301,1.7301,1.7301,1.7301,1.7301,1.7301,1.7301,1.7301,1.7301,0.9741,1.7301,1.7301,1.7301,1.7301,1.7301,1.7301,1.7301,1.7301,1.7301,1.7301,1.7301,1.7301,1.7301
1.8366,1.8445,1.8523,1.8597,1.8672,1.8746,1.882,1.8894,1.8968,1.9067,1.9172,2.0297,2.2135,0.9805,3.1428,3.1428,3.1428,3.1428,3.1428,3.1428,3.1428,3.1428,3.1428,3.1428,3.1428,3.1428,3.1428
1.4476,1.4402,1.433,1.4261,1.4192,1.4124,1.4055,1.3986,1.3918,1.3826,1.3729,1.2685,1.098,0.987,3.9171,3.7356,3.5026,3.2693,3.0268,2.7843,2.541,2.2977,2.0542,1.8108,1.5673,1.3238,1.0803
1.9027,1.9027,1.9027,1.9027,1.9027,1.9027,1.9027,1.9027,1.9027,1.9027,1.9027,1.9027,1.9027,1.9027,1.9027,1.9027,1.9027,1.9027,1.9027,1.9027,1.9027,1.9027,1.9027,1.9027,1.9027,1.9027,1.9027
4.5258,4.5258,4.5258,4.5258,4.5258,4.5258,4.5258,4.5258,4.5258,4.5258,4.5258,4.5258,4.5258,1.0003,1.44,1.44,1.44,1.44,1.44,1.44,1.44,1.44,1.44,1.44,1.44,1.44,1.44
1.7395,1.7306,1.722,1.7137,1.7054,1.6971,1.6889,1.6806,1.6724,1.6614,1.6497,1.5242,1.3194,1.0071,2.6991,2.6991,2.6991,2.6991,2.6991,2.6991,2.6991,2.6991,2.4684,2.1759,1.8833,1.5907,1.2982
1.6467,1.6538,1.6607,1.6674,1.6741,1.6807,1.6874,1.694,1.7007,1.7095,1.7189,1.8198,1.9846,1.5375,4.3339,5.527,5.7523,5.9779,6.2123,6.4468,6.6819,6.9172,7.1526,7.3879,7.6233,7.8587,8.0941
2.0884,2.0777,2.0674,2.0574,2.0475,2.0376,2.0277,2.0177,2.0078,1.9946,1.9806,1.83,1.584,1.021,1.8977,1.8977,1.8977,1.8977,1.8977,1.8977,1.8977,1.8977,1.8977,1.8977,1.8977,1.8977,1.5586
1.6163,1.6163,1.6163,1.6163,1.6163,1.6163,1.6163,1.6163,1.6163,1.6163,1.6163,1.6163,1.6163,1.6163,1.6163,1.6163,1.6163,1.6163,1.6163,1.6163,1.6163,1.6163,1.6163,1.6163,1.6163,1.6163,1.6163
2.3941,2.4044,2.4145,2.4242,2.4339,2.4436,2.4532,2.4629,2.4725,2.4854,2.4991,2.6458,2.8854,1.0352,1.9386,1.9386,1.9386,1.9386,1.9386,1.9386,1.9386,1.9386,1.9386,1.9386,1.9386,1.9386,1.9386
1.3959,1.3887,1.3818,1.3752,1.3685,1.3619,1.3553,1.3486,1.342,1.3332,1.3238,1.2231,1.0588,1.0425,3.7771,3.6021,3.3774,3.1524,2.9186,2.6847,2.4502,2.2155,1.9808,1.746,1.5113,1.2765,1.0417
2.0822,2.0912,2.1,2.1084,2.1169,2.1253,2.1337,2.1421,2.1505,2.1617,2.1736,2.3012,2.5096,1.9442,2.6151,2.6151,2.6151,2.6151,2.6151,2.6151,2.6151,2.6151,2.6151,2.6151,2.6151,2.6151,2.6151
4.5019,4.5019,4.5019,4.5019,4.5019,4.5019,4.5019,4.5019,4.5019,4.5019,4.5019,4.5019,4.5019,1.0573,1.4324,1.4324,1.4324,1.4324,1.4324,1.4324,1.4324,1.4324,1.4324,1.4324,1.4324,1.4324,1.4324
1.9287,1.9287,1.9287,1.9287,1.9287,1.9287,1.9287,1.9287,1.9287,1.9287,1.9287,1.9287,1.9287,1.0649,1.9287,1.9287,1.9287,1.9287,1.9287,1.9287,1.9287,1.9287,1.9287,1.9287,1.9287,1.9287,1.8994
1.6896,1.6969,1.704,1.7109,1.7177,1.7245,1.7314,1.7382,1.745,1.7541,1.7637,1.8673,2.0364,1.5776,4.5843,5.6711,5.6929,5.6929,5.6929,5.6929,5.6929,5.6929,5.6929,5.6929,5.6929,5.6929,5.6929
1.5771,1.569,1.5612,1.5537,1.5462,1.5387,1.5312,1.5237,1.5162,1.5062,1.4957,1.3819,1.1962,1.0804,2.9974,2.9974,2.9974,2.9974,2.9974,2.9974,2.7683,2.5032,2.238,1.9727,1.7075,1.4422,1.177
1.7114,1.7114,1.7114,1.7114,1.7114,1.7114,1.7114,1.7114,1.7114,1.7114,1.7114,1.7114,1.7114,1.7114,1.7114,1.7114,1.7114,1.7114,1.7114,1.7114,1.7114,1.7114,1.7114,1.7114,1.7114,1.7114,1.7114
4.1691,4.1872,4.2048,4.2217,4.2385,4.2554,4.2722,4.289,4.3058,4.3283,4.352,4.6076,4.8262,1.0963,1.5356,1.5356,1.5356,1.5356,1.5356,1.5356,1.5356,1.5356,1.5356,1.5356,1.5356,1.5356,1.5356
1.5267,1.519,1.5114,1.5041,1.4968,1.4896,1.4823,1.4751,1.4678,1.4582,1.4479,1.3378,1.158,1.1045,3.9066,3.9066,3.6941,3.448,3.1922,2.9365,2.68,2.4233,2.1665,1.9098,1.653,1.3962,1.1394
1.7207,1.7282,1.7354,1.7424,1.7494,1.7563,1.7632,1.7702,1.7771,1.7864,1.7962,1.9017,2.0739,1.6066,4.7559,5.1972,5.1972,5.1972,5.1972,5.1972,5.1972,5.1972,5.1972,5.1972,5.1972,5.1972,5.1972
2.8299,2.8155,2.8015,2.788,2.7745,2.7611,2.7476,2.7342,2.7208,2.7029,2.6839,2.4797,2.1465,1.1211,1.6209,1.6209,1.6209,1.6209,1.6209,1.6209,1.6209,1.6209,1.6209,1.6209,1.6209,1.6209,1.6209
1.6563,1.6563,1.6563,1.6563,1.6563,1.6563,1.6563,1.6563,1.6563,1.6563,1.6563,1.6563,1.6563,1.2741,1.6563,1.6563,1.6563,1.6563,1.6563,1.6563,1.6563,1.6563,1.6563,1.6563,1.6563,1.6563,1.6563
1.9824,1.9909,1.9993,2.0073,2.0154,2.0234,2.0314,2.0394,2.0474,2.058,2.0693,2.1909,2.3893,1.1383,2.4963,2.4963,2.4963,2.4963,2.4963,2.4963,2.4963,2.4963,2.4963,2.4963,2.4963,2.4963,2.4963
1.4033,1.3962,1.3892,1.3825,1.3758,1.3692,1.3625,1.3558,1.3492,1.3403,1.3309,1.2297,1.0644,1.1471,3.7973,3.6214,3.3955,3.1693,2.9342,2.6991,2.4633,2.2274,1.9914,1.7554,1.5194,1.2833,1.0473
2.0885,2.0885,2.0885,2.0885,2.0885,2.0885,2.0885,2.0885,2.0885,2.0885,2.0885,2.0885,2.0885,2.0885,2.0885,2.0885,2.0885,2.0885,2.0885,2.0885,2.0885,2.0885,2.0885,2.0885,2.0885,2.0885,2.0885
4.4408,4.4408,4.4408,4.4408,4.4408,4.4408,4.4408,4.4408,4.4408,4.4408,4.4408,4.4408,4.4408,1.1651,1.413,1.413,1.413,1.413,1.413,1.413,1.413,1.413,1.413,1.413,1.413,1.413,1.413
1.9462,1.9362,1.9266,1.9173,1.908,1.8988,1.8896,1.8803,1.8711,1.8588,1.8457,1.7053,1.4762,1.1743,2.3018,2.3018,2.3018,2.3018,2.3018,2.3018,2.3018,2.3018,2.3018,2.3018,2.1071,1.7797,1.4524
1.635,1.6421,1.6489,1.6556,1.6622,1.6688,1.6754,1.682,1.6886,1.6974,1.7067,1.8069,1.9706,1.5266,5.0591,5.4878,5.7115,5.9355,6.1682,6.401,6.6345,6.8681,7.1018,7.3355,7.5692,7.803,8.0367
1.8267,1.8174,1.8083,1.7996,1.7909,1.7822,1.7736,1.7649,1.7562,1.7447,1.7324,1.6006,1.3855,1.1932,2.1709,2.1709,2.1709,2.1709,2.1709,2.1709,2.1709,2.1709,2.1709,2.1709,1.9777,1.6705,1.3632
1.6238,1.6238,1.6238,1.6238,1.6238,1.6238,1.6238,1.6238,1.6238,1.6238,1.6238,1.6238,1.6238,1.6238,1.6238,1.6238,1.6238,1.6238,1.6238,1.6238,1.6238,1.6238,1.6238,1.6238,1.6238,1.6238,1.6238
2.8125,2.8247,2.8365,2.848,2.8593,2.8707,2.882,2.8934,2.9047,2.9199,2.9359,3.1083,3.3898,1.2127,1.7322,1.7322,1.7322,1.7322,1.7322,1.7322,1.7322,1.7322,1.7322,1.7322,1.7322,1.7322,1.7322
1.4191,1.4119,1.4049,1.3981,1.3913,1.3846,1.3779,1.3711,1.3644,1.3554,1.3459,1.2435,1.0764,1.2226,3.8401,3.6622,3.4337,3.205,2.9673,2.7295,2.4911,2.2525,2.0139,1.7752,1.5365,1.2978,1.0591
1.8951,1.9033,1.9113,1.919,1.9266,1.9343,1.9419,1.9496,1.9572,1.9674,1.9782,2.0944,2.284,1.7694,3.1756,3.1756,3.1756,3.1756,3.1756,3.1756,3.1756,3.1756,3.1756,3.1756,3.1756,3.1756,3.1756
4.6332,4.6332,4.6332,4.6332,4.6332,4.6262,4.6037,4.5812,4.5587,4.5287,4.4969,4.1549,3.5965,1.2431,1.4742,1.4742,1.4742,1.4742,1.4742,1.4742,1.4742,1.4742,1.4742,1.4742,1.4742,1.4742,1.4742
1.7843,1.7843,1.7843,1.7843,1.7843,1.7843,1.7843,1.7843,1.7843,1.7843,1.7843,1.7843,1.7843,1.2536,1.7843,1.7843,1.7843,1.7843,1.7843,1.7843,1.7843,1.7843,1.7843,1.7843,1.7843,1.7843,1.7843
1.7611,1.7687,1.7762,1.7833,1.7904,1.7975,1.8046,1.8117,1.8188,1.8283,1.8384,1.9463,2.1226,1.2643,3.7565,3.7565,3.7565,3.7565,3.7565,3.7565,3.7565,3.7565,3.7565,3.7565,3.7565,3.7565,3.7565
1.4807,1.4732,1.4658,1.4588,1.4517,1.4447,1.4376,1.4306,1.4236,1.4142,1.4043,1.2975,1.1231,1.2751,4.0067,3.8211,3.5827,3.344,3.096,2.8479,2.5992,2.3502,2.1012,1.8522,1.6031,1.3541,1.105
1.8081,1.8081,1.8081,1.8081,1.8081,1.8081,1.8081,1.8081,1.8081,1.8081,1.8081,1.8081,1.8081,1.8081,1.8081,1.8081,1.8081,1.8081,1.8081,1.8081,1.8081,1.8081,1.8081,1.8081,1.8081,1.8081,1.8081
4.5936,4.5936,4.5936,4.5936,4.5936,4.5936,4.5936,4.5936,4.5936,4.5936,4.5936,4.5936,4.5936,1.2974,1.4616,1.4616,1.4616,1.4616,1.4616,1.4616,1.4616,1.4616,1.4616,1.4616,1.4616,1.4616,1.4616
1.6365,1.6282,1.6201,1.6123,1.6045,1.5967,1.5889,1.5812,1.5734,1.563,1.552,1.434,1.2413,1.3088,3.0325,3.0325,3.0325,3.0325,3.0325,3.0325,2.8727,2.5975,2.3223,2.0471,1.7718,1.4966,1.2213
1.659,1.6661,1.6731,1.6799,1.6866,1.6933,1.7,1.7067,1.7134,1.7223,1.7317,1.8334,1.9995,1.549,5.3915,5.5683,5.7953,6.0225,6.2587,6.4949,6.7318,6.9689,7.206,7.4431,7.6803,7.9174,8.1546
2.2996,2.2879,2.2765,2.2656,2.2546,2.2437,2.2328,2.2219,2.2109,2.1964,2.1809,2.0151,1.7443,1.3323,1.7654,1.7654,1.7654,1.7654,1.7654,1.7654,1.7654,1.7654,1.7654,1.7654,1.7654,1.7654,1.7162
1.6166,1.6166,1.6166,1.6166,1.6166,1.6166,1.6166,1.6166,1.6166,1.6166,1.6166,1.6166,1.6166,1.6166,1.6166,1.6166,1.6166,1.6166,1.6166,1.6166,1.6166,1.6166,1.6166,1.6166,1.6166,1.6166,1.6166
2.1981,2.2076,2.2169,2.2258,2.2347,2.2436,2.2525,2.2613,2.2702,2.282,2.2945,2.4293,2.6493,1.3566,2.1004,2.1004,2.1004,2.1004,2.1004,2.1004,2.1004,2.1004,2.1004,2.1004,2.1004,2.1004,2.1004
1.3861,1.3791,1.3722,1.3656,1.359,1.3524,1.3458,1.3393,1.3327,1.3239,1.3146,1.2146,1.0514,1.3691,3.7508,3.577,3.3539,3.1305,2.8983,2.6661,2.4332,2.2001,1.967,1.7339,1.5008,1.2676,1.0345
2.2257,2.2353,2.2447,2.2537,2.2627,2.2717,2.2807,2.2896,2.2986,2.3106,2.3233,2.364,2.364,2.0781,2.364,2.364,2.364,2.364,2.364,2.364,2.364,2.364,2.364,2.364,2.364,2.364,2.364
4.4384,4.4384,4.4384,4.4384,4.4384,4.4384,4.4384,4.4384,4.4384,4.4384,4.4384,4.4384,4.4384,1.3948,1.4122,1.4122,1.4122,1.4122,1.4122,1.4122,1.4122,1.4122,1.4122,1.4122,1.4122,1.4122,1.4122
2.0378,2.0378,2.0378,2.0378,2.0378,2.0378,2.0378,2.0378,2.0378,2.0378,2.0378,1.9778,1.7121,1.4081,2.0378,2.0378,2.0378,2.0378,2.0378,2.0378,2.0378,2.0378,2.0378,2.0378,2.0378,2.0378,1.6845
1.6535,1.6607,1.6677,1.6744,1.6811,1.6877,1.6944,1.7011,1.7077,1.7166,1.7261,1.8274,1.9929,1.5439,5.3738,5.55,5.7763,6.0028,6.2382,6.4736,6.7098,6.946,7.1824,7.4187,7.6551,7.8915,8.1279
1.6492,1.6408,1.6327,1.6248,1.6169,1.6091,1.6013,1.5934,1.5856,1.5752,1.5641,1.4452,1.251,1.4353,2.5937,2.5937,2.5937,2.5937,2.5937,2.5937,2.5937,2.5937,2.3404,2.063,1.7856,1.5082,1.2308
1.6621,1.6621,1.6621,1.6621,1.6621,1.6621,1.6621,1.6621,1.6621,1.6621,1.6621,1.6621,1.6621,1.6621,1.6621,1.6621,1.6621,1.6621,1.6621,1.6621,1.6621,1.6621,1.6621,1.6621,1.6621,1.6621,1.6621
3.4896,3.5047,3.5194,3.5335,3.5476,3.5617,3.5758,3.5899,3.604,3.6227,3.6426,3.8566,4.2058,1.4636,1.5911,1.5911,1.5911,1.5911,1.5911,1.5911,1.5911,1.5911,1.5911,1.5911,1.5911,1.5911,1.5911
1.4708,1.4633,1.456,1.449,1.442,1.435,1.428,1.421,1.4141,1.4047,1.3949,1.2888,1.1156,1.4781,3.9799,3.7955,3.5587,3.3216,3.0752,2.8289,2.5818,2.3345,2.0871,1.8398,1.5924,1.345,1.0976
1.7678,1.7755,1.783,1.7901,1.7973,1.8044,1.8115,1.8187,1.8258,1.8353,1.8454,1.9538,2.1307,1.6506,4.144,4.144,4.144,4.144,4.144,4.144,4.144,4.144,4.144,4.144,4.144,4.144,4.144
3.3161,3.2992,3.2828,3.2669,3.2511,3.2354,3.2197,3.2039,3.1882,3.1672,3.1449,2.9057,2.5153,1.5081,1.5479,1.5479,1.5479,1.5479,1.5479,1.5479,1.5479,1.5479,1.5479,1.5479,1.5479,1.5479,1.5479
1.6882,1.6882,1.6882,1.6882,1.6882,1.6882,1.6882,1.6882,1.6882,1.6882,1.6882,1.6882,1.6882,1.5236,1.6882,1.6882,1.6882,1.6882,1.6882,1.6882,1.6882,1.6882,1.6882,1.6882,1.6882,1.6882,1.6882
1.8752,1.8834,1.8913,1.8989,1.9065,1.914,1.9216,1.9292,1.9367,1.9468,1.9575,2.0725,2.2601,1.5394,2.8385,2.8385,2.8385,2.8385,2.8385,2.8385,2.8385,2.8385,2.8385,2.8385,2.8385,2.8385,2.8385
1.4196,1.4124,1.4053,1.3985,1.3918,1.385,1.3783,1.3716,1.3648,1.3558,1.3463,1.2439,1.0768,1.5555,3.8413,3.6634,3.4348,3.206,2.9682,2.7304,2.4919,2.2532,2.0145,1.7757,1.537,1.2982,1.0594
1.9548,1.9548,1.9548,1.9548,1.9548,1.9548,1.9548,1.9548,1.9548,1.9548,1.9548,1.9548,1.9548,1.9548,1.9548,1.9548,1.9548,1.9548,1.9548,1.9548,1.9548,1.9548,1.9548,1.9548,1.9548,1.9548,1.9548
4.4595,4.4595,4.4595,4.4595,4.4595,4.4595,4.4595,4.4595,4.4595,4.4595,4.4595,4.4595,4.4595,1.4189,1.4189,1.4189,1.4189,1.4189,1.4189,1.4189,1.4189,1.4189,1.4189,1.4189,1.4189,1.4189,1.4189
1.7995,1.7903,1.7814,1.7728,1.7643,1.7557,1.7472,1.7386,1.7301,1.7187,1.7066,1.5768,1.3649,1.606,2.5136,2.5136,2.5136,2.5136,2.5136,2.5136,2.5136,2.5136,2.5136,2.251,1.9483,1.6456,1.343
1.6301,1.6372,1.644,1.6506,1.6572,1.6638,1.6704,1.677,1.6835,1.6923,1.7016,1.8015,1.9647,1.6235,5.2977,5.4714,5.6944,5.9178,6.1498,6.3819,6.6147,6.8476,7.0806,7.3136,7.5467,7.7797,8.0127
1.9657,1.9557,1.9459,1.9366,1.9272,1.9179,1.9085,1.8992,1.8899,1.8774,1.8642,1.7224,1.491,1.6414,1.9789,1.9789,1.9789,1.9789,1.9789,1.9789,1.9789,1.9789,1.9789,1.9789,1.9789,1.7976,1.467
1.6074,1.6074,1.6074,1.6074,1.6074,1.6074,1.6074,1.6074,1.6074,1.6074,1.6074,1.6074,1.6074,1.6074,1.6074,1.6074,1.6074,1.6074,1.6074,1.6074,1.6074,1.6074,1.6074,1.6074,1.6074,1.6074,1.6074
2.5198,2.5307,2.5413,2.5515,2.5617,2.5719,2.5821,2.5922,2.6024,2.616,2.6303,2.7848,3.037,1.6785,1.8409,1.8409,1.8409,1.8409,1.8409,1.8409,1.8409,1.8409,1.8409,1.8409,1.8409,1.8409,1.8409
1.3946,1.3875,1.3806,1.3739,1.3673,1.3606,1.354,1.3474,1.3408,1.3319,1.3226,1.222,1.0578,1.6977,3.7736,3.5988,3.3743,3.1495,2.9159,2.6823,2.448,2.2135,1.979,1.7444,1.5099,1.2753,1.0408
1.9923,2.0009,2.0093,2.0174,2.0255,2.0335,2.0416,2.0496,2.0576,2.0684,2.0797,2.2019,2.4012,1.8602,2.7839,2.7839,2.7839,2.7839,2.7839,2.7839,2.7839,2.7839,2.7839,2.7839,2.7839,2.7839,2.7839
4.5189,4.5189,4.5189,4.5189,4.5189,4.5189,4.5189,4.5189,4.5189,4.5189,4.5189,4.5189,4.5189,1.4378,1.4378,1.4378,1.4378,1.4378,1.4378,1.4378,1.4378,1.4378,1.4378,1.4378,1.4378,1.4378,1.4378
1.8578,1.8578,1.8578,1.8578,1.8578,1.8578,1.8578,1.8578,1.8578,1.8578,1.8578,1.8578,1.8578,1.758,1.8578,1.8578,1.8578,1.8578,1.8578,1.8578,1.8578,1.8578,1.8578,1.8578,1.8578,1.8578,1.8578
1.7042,1.7116,1.7187,1.7257,1.7326,1.7394,1.7463,1.7532,1.7601,1.7692,1.779,1.8834,2.054,1.779,4.7241,4.7241,4.7241,4.7241,4.7241,4.7241,4.7241,4.7241,4.7241,4.7241,4.7241,4.7241,4.7241
1.5282,1.5204,1.5128,1.5055,1.4982,1.491,1.4837,1.4765,1.4692,1.4595,1.4493,1.3391,1.1591,1.8006,3.2995,3.2995,3.2995,3.2995,3.1952,2.9392,2.6825,2.4256,2.1686,1.9116,1.6545,1.3975,1.1405
1.735,1.735,1.735,1.735,1.735,1.735,1.735,1.735,1.735,1.735,1.735,1.735,1.735,1.735,1.735,1.735,1.735,1.735,1.735,1.735,1.735,1.735,1.735,1.735,1.735,1.735,1.735
4.7023,4.7023,4.7023,4.7023,4.7023,4.7023,4.7023,4.7023,4.7023,4.7023,4.7023,4.7023,4.7023,1.4962,1.4962,1.4962,1.4962,1.4962,1.4962,1.4962,1.4962,1.4962,1.4962,1.4962,1.4962,1.4962,1.4962
1.5562,1.5482,1.5405,1.5331,1.5257,1.5183,1.5109,1.5035,1.4961,1.4863,1.4759,1.3636,1.1804,1.8686,3.4956,3.4956,3.4956,3.4956,3.2538,2.9931,2.7316,2.47,2.2083,1.9466,1.6849,1.4231,1.1614
1.6851,1.6924,1.6995,1.7064,1.7132,1.72,1.7268,1.7336,1.7404,1.7495,1.7591,1.8624,2.031,1.8924,5.4766,5.6562,5.8867,6.1176,6.1351,6.1351,6.1351,6.1351,6.1351,6.1351,6.1351,6.1351,6.1351
2.5836,2.5705,2.5577,2.5453,2.533,2.5208,2.5085,2.4962,2.484,2.4676,2.4503,2.2639,1.9597,1.6619,1.6619,1.6619,1.6619,1.6619,1.6619,1.6619,1.6619,1.6619,1.6619,1.6619,1.6619,1.6619,1.6619
1.63,1.63,1.63,1.63,1.63,1.63,1.63,1.63,1.63,1.63,1.63,1.63,1.63,1.63,1.63,1.63,1.63,1.63,1.63,1.63,1.63,1.63,1.63,1.63,1.63,1.63,1.63
2.0459,2.0547,2.0633,2.0716,2.0799,2.0882,2.0964,2.1047,2.1129,2.1239,2.1356,2.261,2.4658,1.9676,2.3134,2.3134,2.3134,2.3134,2.3134,2.3134,2.3134,2.3134,2.3134,2.3134,2.3134,2.3134,2.3134
1.3875,1.3805,1.3736,1.367,1.3604,1.3538,1.3472,1.3406,1.334,1.3252,1.3159,1.2158,1.0524,1.994,3.7546,3.5806,3.3573,3.1336,2.9012,2.6687,2.4356,2.2023,1.969,1.7356,1.5023,1.2689,1.0355
2.1715,2.1715,2.1715,2.1715,2.1715,2.1715,2.1715,2.1715,2.1715,2.1715,2.1715,2.1715,2.1715,2.1715,2.1715,2.1715,2.1715,2.1715,2.1715,2.1715,2.1715,2.1715,2.1715,2.1715,2.1715,2.1715,2.1715
4.4111,4.4111,4.4111,4.4111,4.4111,4.4111,4.4111,4.4111,4.4111,4.4111,4.4111,4.4111,4.4111,1.4035,1.4035,1.4035,1.4035,1.4035,1.4035,1.4035,1.4035,1.4035,1.4035,1.4035,1.4035,1.4035,1.4035
2.0409,2.0305,2.0204,2.0107,2.0009,1.9913,1.9816,1.9719,1.9622,1.9493,1.9356,1.7884,1.548,2.0776,2.1792,2.1792,2.1792,2.1792,2.1792,2.1792,2.1792,2.1792,2.1792,2.1792,2.1792,1.8664,1.5231
1.6315,1.6386,1.6454,1.6521,1.6587,1.6653,1.6718,1.6784,1.685,1.6938,1.7031,1.8031,1.9664,2.1071,5.3023,5.4761,5.6994,5.9229,6.1552,6.3874,6.6204,6.8535,7.0867,7.32,7.5532,7.7864,8.0196
1.7435,1.7346,1.726,1.7177,1.7094,1.7011,1.6928,1.6845,1.6763,1.6652,1.6535,1.5278,1.3225,2.1374,2.3002,2.3002,2.3002,2.3002,2.3002,2.3002,2.3002,2.3002,2.3002,2.1809,1.8877,1.5944,1.3012
1.6279,1.6279,1.6279,1.6279,1.6279,1.6279,1.6279,1.6279,1.6279,1.6279,1.6279,1.6279,1.6279,1.6279,1.6279,1.6279,1.6279,1.6279,1.6279,1.6279,1.6279,1.6279,1.6279,1.6279,1.6279,1.6279,1.6279
3.0184,3.0315,3.0442,3.0564,3.0686,3.0808,3.093,3.1052,3.1174,3.1336,3.1508,3.3358,3.6379,1.665,1.665,1.665,1.665,1.665,1.665,1.665,1.665,1.665,1.665,1.665,1.665,1.665,1.665
1.4295,1.4222,1.4151,1.4083,1.4015,1.3947,1.3879,1.3811,1.3743,1.3653,1.3557,1.2526,1.0843,2.2338,3.8681,3.6889,3.4588,3.2283,2.9889,2.7494,2.5093,2.2689,2.0285,1.7881,1.5477,1.3072,1.0668
1.8331,1.841,1.8487,1.8561,1.8636,1.871,1.8784,1.8858,1.8931,1.903,1.9135,2.0258,2.2093,2.2679,3.465,3.465,3.465,3.465,3.465,3.465,3.465,3.465,3.465,3.465,3.465,3.465,3.465
4.0485,4.0278,4.0078,3.9885,3.9692,3.9499,3.9307,3.9115,3.8923,3.8667,3.8395,3.5475,3.0708,1.4923,1.4923,1.4923,1.4923,1.4923,1.4923,1.4923,1.4923,1.4923,1.4923,1.4923,1.4923,1.4923,1.4923
1.7358,1.7358,1.7358,1.7358,1.7358,1.7358,1.7358,1.7358,1.7358,1.7358,1.7358,1.7358,1.7358,1.7358,1.7358,1.7358,1.7358,1.7358,1.7358,1.7358,1.7358,1.7358,1.7358,1.7358,1.7358,1.7358,1.7358
1.7921,1.7999,1.8074,1.8147,1.822,1.8292,1.8364,1.8436,1.8509,1.8605,1.8707,1.9806,2.16,2.3768,3.3237,3.3237,3.3237,3.3237,3.3237,3.3237,3.3237,3.3237,3.3237,3.3237,3.3237,3.3237,3.3237
1.4481,1.4407,1.4335,1.4266,1.4197,1.4128,1.4059,1.3991,1.3922,1.383,1.3733,1.2689,1.0984,2.4155,3.9184,3.7368,3.5037,3.2703,3.0277,2.7851,2.5419,2.2984,2.0549,1.8113,1.5678,1.3242,1.0807
1.8503,1.8503,1.8503,1.8503,1.8503,1.8503,1.8503,1.8503,1.8503,1.8503,1.8503,1.8503,1.8503,1.8503,1.8503,1.8503,1.8503,1.8503,1.8503,1.8503,1.8503,1.8503,1.8503,1.8503,1.8503,1.8503,1.8503
4.5147,4.5147,4.5147,4.5147,4.5147,4.5147,4.5147,4.5147,4.5147,4.5147,4.5147,4.5147,4.5147,1.4365,1.4365,1.4365,1.4365,1.4365,1.4365,1.4365,1.4365,1.4365,1.4365,1.4365,1.4365,1.4365,1.4365
1.6852,1.6766,1.6683,1.6602,1.6522,1.6442,1.6362,1.6282,1.6202,1.6095,1.5982,1.4767,1.2782,2.5393,2.7946,2.7946,2.7946,2.7946,2.7946,2.7946,2.7946,2.6748,2.3914,2.108,1.8245,1.5411,1.2577
1.6383,1.6454,1.6523,1.6589,1.6655,1.6722,1.6788,1.6854,1.692,1.7008,1.7101,1.8106,1.9745,2.5835,5.3243,5.4988,5.723,5.9474,6.1807,6.4139,6.6478,6.8819,7.1161,7.3503,7.5845,7.8187,8.0529
2.1472,2.1362,2.1256,2.1154,2.1051,2.0949,2.0847,2.0746,2.0644,2.0508,2.0364,1.8815,1.6286,1.8306,1.8306,1.8306,1.8306,1.8306,1.8306,1.8306,1.8306,1.8306,1.8306,1.8306,1.8306,1.8306,1.6024
1.6039,1.6039,1.6039,1.6039,1.6039,1.6039,1.6039,1.6039,1.6039,1.6039,1.6039,1.6039,1.6039,1.6039,1.6039,1.6039,1.6039,1.6039,1.6039,1.6039,1.6039,1.6039,1.6039,1.6039,1.6039,1.6039,1.6039
2.2976,2.3076,2.3172,2.3266,2.3359,2.3451,2.3544,2.3637,2.3729,2.3853,2.3984,2.5393,2.7692,1.9819,1.9819,1.9819,1.9819,1.9819,1.9819,1.9819,1.9819,1.9819,1.9819,1.9819,1.9819,1.9819,1.9819
1.3815,1.3745,1.3677,1.3611,1.3545,1.3479,1.3414,1.3348,1.3282,1.3195,1.3102,1.2106,1.0479,2.7766,3.7384,3.5652,3.3428,3.1201,2.8886,2.6572,2.4251,2.1928,1.9605,1.7281,1.4958,1.2634,1.031
2.1186,2.1277,2.1366,2.1452,2.1538,2.1624,2.1709,2.1795,2.188,2.1994,2.2115,2.3414,2.4945,2.4945,2.4945,2.4945,2.4945,2.4945,2.4945,2.4945,2.4945,2.4945,2.4945,2.4945,2.4945,2.4945,2.4945
4.4441,4.4441,4.4441,4.4441,4.4441,4.4441,4.4441,4.4441,4.4441,4.4441,4.4441,4.4441,4.4441,1.414,1.414,1.414,1.414,1.414,1.414,1.414,1.414,1.414,1.414,1.414,1.414,1.414,1.414
1.9543,1.9543,1.9543,1.9543,1.9543,1.9543,1.9543,1.9543,1.9543,1.9543,1.9543,1.9543,1.8274,1.9543,1.9543,1.9543,1.9543,1.9543,1.9543,1.9543,1.9543,1.9543,1.9543,1.9543,1.9543,1.9543,1.798
1.6634,1.6706,1.6776,1.6844,1.6911,1.6978,1.7045,1.7112,1.7179,1.7269,1.7364,1.8384,2.0048,3.001,5.406,5.5832,5.8108,6.0387,6.2755,6.4443,6.4443,6.4443,6.4443,6.4443,6.4443,6.4443,6.4443
1.5922,1.5841,1.5762,1.5686,1.561,1.5535,1.5459,1.5383,1.5308,1.5207,1.51,1.3952,1.2077,2.8091,2.8091,2.8091,2.8091,2.8091,2.8091,2.8091,2.7949,2.5272,2.2594,1.9916,1.7239,1.4561,1.1882
1.6802,1.6802,1.6802,1.6802,1.6802,1.6802,1.6802,1.6802,1.6802,1.6802,1.6802,1.6802,1.6802,1.6802,1.6802,1.6802,1.6802,1.6802,1.6802,1.6802,1.6802,1.6802,1.6802,1.6802,1.6802,1.6802,1.6802
3.8535,3.8702,3.8865,3.9021,3.9177,3.9332,3.9488,3.9643,3.9799,4.0006,4.0226,4.2588,4.6445,1.5453,1.5453,1.5453,1.5453,1.5453,1.5453,1.5453,1.5453,1.5453,1.5453,1.5453,1.5453,1.5453,1.5453
1.4944,1.4867,1.4793,1.4722,1.4651,1.458,1.4509,1.4438,1.4367,1.4272,1.4172,1.3094,1.1335,3.2648,4.0436,3.8563,3.6157,3.3748,3.1245,2.8742,2.6231,2.3719,2.1206,1.8693,1.6179,1.3666,1.1152
1.7263,1.7338,1.741,1.748,1.755,1.762,1.769,1.7759,1.7829,1.7922,1.802,1.9079,2.0806,3.3382,4.7053,4.7053,4.7053,4.7053,4.7053,4.7053,4.7053,4.7053,4.7053,4.7053,4.7053,4.7053,4.7053
2.9768,2.9617,2.9469,2.9327,2.9185,2.9044,2.8902,2.8761,2.862,2.8431,2.8232,2.6085,2.2579,1.5813,1.5813,1.5813,1.5813,1.5813,1.5813,1.5813,1.5813,1.5813,1.5813,1.5813,1.5813,1.5813,1.5813
1.657,1.657,1.657,1.657,1.657,1.657,1.657,1.657,1.657,1.657,1.657,1.657,1.657,1.657,1.657,1.657,1.657,1.657,1.657,1.657,1.657,1.657,1.657,1.657,1.657,1.657,1.657
1.9271,1.9354,1.9435,1.9513,1.9592,1.9669,1.9747,1.9825,1.9903,2.0006,2.0116,2.1297,2.3226,2.5989,2.5989,2.5989,2.5989,2.5989,2.5989,2.5989,2.5989,2.5989,2.5989,2.5989,2.5989,2.5989,2.5989
1.4001,1.393,1.386,1.3793,1.3727,1.366,1.3594,1.3527,1.3461,1.3372,1.3278,1.2268,1.062,3.6679,3.7886,3.6131,3.3877,3.162,2.9274,2.6929,2.4577,2.2223,1.9868,1.7514,1.5159,1.2804,1.0449
2.0221,2.0221,2.0221,2.0221,2.0221,2.0221,2.0221,2.0221,2.0221,2.0221,2.0221,2.0221,2.0221,2.0221,2.0221,2.0221,2.0221,2.0221,2.0221,2.0221,2.0221,2.0221,2.0221,2.0221,2.0221,2.0221,2.0221
4.419,4.419,4.419,4.419,4.419,4.419,4.419,4.419,4.419,4.419,4.419,4.419,4.419,1.406,1.406,1.406,1.406,1.406,1.406,1.406,1.406,1.406,1.406,1.406,1.406,1.406,1.406
1.8754,1.8658,1.8565,1.8476,1.8386,1.8297,1.8208,1.8119,1.803,1.7912,1.7786,1.6433,1.4225,2.3629,2.3629,2.3629,2.3629,2.3629,2.3629,2.3629,2.3629,2.3629,2.3629,2.3459,2.0304,1.715,1.3996
1.6227,1.6298,1.6366,1.6432,1.6497,1.6563,1.6628,1.6694,1.6759,1.6847,1.6939,1.7934,1.9558,4.0699,5.2738,5.4467,5.6687,5.891,6.122,6.3531,6.5848,6.8167,7.0486,7.2806,7.5125,7.7445,7.9765
1.8655,1.856,1.8467,1.8378,1.829,1.8201,1.8112,1.8024,1.7935,1.7817,1.7692,1.6346,1.415,2.0803,2.0803,2.0803,2.0803,2.0803,2.0803,2.0803,2.0803,2.0803,2.0803,2.0803,2.0197,1.706,1.3922
1.6075,1.6075,1.6075,1.6075,1.6075,1.6075,1.6075,1.6075,1.6075,1.6075,1.6075,1.6075,1.6075,1.6075,1.6075,1.6075,1.6075,1.6075,1.6075,1.6075,1.6075,1.6075,1.6075,1.6075,1.6075,1.6075,1.6075
2.6767,2.6883,2.6996,2.7104,2.7213,2.7321,2.7429,2.7537,2.7645,2.7789,2.7941,2.9582,3.2261,1.7612,1.7612,1.7612,1.7612,1.7612,1.7612,1.7612,1.7612,1.7612,1.7612,1.7612,1.7612,1.7612,1.7612
1.4011,1.394,1.387,1.3804,1.3737,1.367,1.3604,1.3537,1.3471,1.3382,1.3288,1.2277,1.0628,3.9502,3.7914,3.6157,3.3901,3.1643,2.9296,2.6949,2.4595,2.2239,1.9883,1.7526,1.517,1.2813,1.0456
1.9194,1.9277,1.9358,1.9436,1.9514,1.9591,1.9669,1.9746,1.9824,1.9927,2.0036,2.1213,2.3134,2.9959,2.9959,2.9959,2.9959,2.9959,2.9959,2.9959,2.9959,2.9959,2.9959,2.9959,2.9959,2.9959,2.9959
4.5617,4.5617,4.5617,4.5617,4.5617,4.5617,4.5617,4.5617,4.5617,4.5617,4.5617,4.5617,3.9867,1.4515,1.4515,1.4515,1.4515,1.4515,1.4515,1.4515,1.4515,1.4515,1.4515,1.4515,1.4515,1.4515,1.4515
1.801,1.801,1.801,1.801,1.801,1.801,1.801,1.801,1.801,1.801,1.801,1.801,1.801,1.801,1.801,1.801,1.801,1.801,1.801,1.801,1.801,1.801,1.801,1.801,1.801,1.801,1.801
1.7289,1.7364,1.7437,1.7507,1.7577,1.7647,1.7717,1.7786,1.7856,1.7949,1.8048,1.9108,2.0838,4.0512,4.0512,4.0512,4.0512,4.0512,4.0512,4.0512,4.0512,4.0512,4.0512,4.0512,4.0512,4.0512,4.0512
1.4899,1.4823,1.4749,1.4678,1.4607,1.4537,1.4466,1.4395,1.4324,1.423,1.413,1.3055,1.1301,3.696,3.696,3.696,3.605,3.3648,3.1152,2.8656,2.6153,2.3648,2.1143,1.8637,1.6131,1.3625,1.1119
1.7695,1.7695,1.7695,1.7695,1.7695,1.7695,1.7695,1.7695,1.7695,1.7695,1.7695,1.7695,1.7695,1.7695,1.7695,1.7695,1.7695,1.7695,1.7695,1.7695,1.7695,1.7695,1.7695,1.7695,1.7695,1.7695,1.7695
4.6087,4.6087,4.6087,4.6087,4.6087,4.6087,4.6087,4.6087,4.6087,4.6087,4.6087,4.6087,4.6087,1.4664,1.4664,1.4664,1.4664,1.4664,1.4664,1.4664,1.4664,1.4664,1.4664,1.4664,1.4664,1.4664,1.4664
1.5961,1.588,1.5801,1.5725,1.5649,1.5573,1.5497,1.5421,1.5346,1.5244,1.5137,1.3986,1.2107,3.1763,3.1763,3.1763,3.1763,3.1763,3.1763,3.0699,2.8018,2.5334,2.265,1.9966,1.7281,1.4596,1.1912
1.6598,1.667,1.674,1.6807,1.6875,1.6942,1.7009,1.7075,1.7142,1.7232,1.7326,1.8344,2.0005,5.2344,5.3943,5.5712,5.7983,6.0257,6.262,6.4983,6.7353,6.9725,7.2097,7.447,7.5514,7.5514,7.5514
2.3874,2.3753,2.3634,2.3521,2.3407,2.3293,2.318,2.3067,2.2953,2.2802,2.2642,2.092,1.8109,1.7152,1.7152,1.7152,1.7152,1.7152,1.7152,1.7152,1.7152,1.7152,1.7152,1.7152,1.7152,1.7152,1.7152
1.6131,1.6131,1.6131,1.6131,1.6131,1.6131,1.6131,1.6131,1.6131,1.6131,1.6131,1.6131,1.6131,1.6131,1.6131,1.6131,1.6131,1.6131,1.6131,1.6131,1.6131,1.6131,1.6131,1.6131,1.6131,1.6131,1.6131
2.1264,2.1356,2.1445,2.1532,2.1618,2.1703,2.1789,2.1875,2.1961,2.2075,2.2197,2.35,2.5628,2.1655,2.1655,2.1655,2.1655,2.1655,2.1655,2.1655,2.1655,2.1655,2.1655,2.1655,2.1655,2.1655,2.1655
1.3796,1.3726,1.3657,1.3591,1.3526,1.346,1.3395,1.3329,1.3264,1.3176,1.3084,1.2089,1.0464,3.8894,3.7331,3.5601,3.338,3.1156,2.8845,2.6534,2.4217,2.1897,1.9577,1.7257,1.4937,1.2616,1.0296
2.2752,2.2752,2.2752,2.2752,2.2752,2.2752,2.2752,2.2752,2.2752,2.2752,2.2752,2.2752,2.2752,2.2752,2.2752,2.2752,2.2752,2.2752,2.2752,2.2752,2.2752,2.2752,2.2752,2.2752,2.2752,2.2752,2.2752
4.4059,4.4059,4.4059,4.4059,4.4059,4.4059,4.4059,4.4059,4.4059,4.4059,4.4059,4.4059,4.4059,1.4019,1.4019,1.4019,1.4019,1.4019,1.4019,1.4019,1.4019,1.4019,1.4019,1.4019,1.4019,1.4019,1.4019
2.0793,2.0793,2.0793,2.0793,2.0793,2.0793,2.0793,2.0793,2.0756,2.0619,2.0474,1.8917,1.6375,2.0793,2.0793,2.0793,2.0793,2.0793,2.0793,2.0793,2.0793,2.0793,2.0793,2.0793,2.0793,1.9743,1.6112
1.6371,1.6442,1.6511,1.6578,1.6644,1.671,1.6776,1.6842,1.6908,1.6996,1.7089,1.8093,1.9732,5.1628,5.3205,5.495,5.719,5.9433,6.1763,6.4094,6.6432,6.8771,7.1111,7.3452,7.5792,7.8132,8.0472
1.676,1.6674,1.6591,1.6511,1.6431,1.6352,1.6272,1.6193,1.6113,1.6007,1.5895,1.4686,1.2712,2.4616,2.4616,2.4616,2.4616,2.4616,2.4616,2.4616,2.4616,2.4616,2.3783,2.0964,1.8145,1.5327,1.2508
1.6412,1.6412,1.6412,1.6412,1.6412,1.6412,1.6412,1.6412,1.6412,1.6412,1.6412,1.6412,1.6412,1.6412,1.6412,1.6412,1.6412,1.6412,1.6412,1.6412,1.6412,1.6412,1.6412,1.6412,1.6412,1.6412,1.6412
3.2783,3.2925,3.3063,3.3196,3.3329,3.3461,3.3594,3.3726,3.3858,3.4034,3.4221,3.6231,3.9512,1.6111,1.6111,1.6111,1.6111,1.6111,1.6111,1.6111,1.6111,1.6111,1.6111,1.6111,1.6111,1.6111,1.6111
1.4482,1.4408,1.4336,1.4267,1.4198,1.4129,1.406,1.3992,1.3923,1.3831,1.3734,1.269,1.0984,4.0828,3.9186,3.7371,3.504,3.2705,3.0279,2.7853,2.542,2.2986,2.055,1.8115,1.5679,1.3243,1.0808
1.7842,1.7919,1.7994,1.8066,1.8139,1.8211,1.8283,1.8355,1.8427,1.8523,1.8624,1.9718,2.1504,3.8386,3.8386,3.8386,3.8386,3.8386,3.8386,3.8386,3.8386,3.8386,3.8386,3.8386,3.8386,3.8386,3.8386
3.5462,3.5282,3.5106,3.4937,3.4768,3.4599,3.4431,3.4263,3.4094,3.387,3.3632,3.1074,2.6898,1.5195,1.5195,1.5195,1.5195,1.5195,1.5195,1.5195,1.5195,1.5195,1.5195,1.5195,1.5195,1.5195,1.5195
1.6987,1.6987,1.6987,1.6987,1.6987,1.6987,1.6987,1.6987,1.6987,1.6987,1.6987,1.6987,1.6987,1.6987,1.6987,1.6987,1.6987,1.6987,1.6987,1.6987,1.6987,1.6987,1.6987,1.6987,1.6987,1.6987,1.6987
1.8348,1.8428,1.8505,1.8579,1.8654,1.8728,1.8802,1.8876,1.895,1.9049,1.9153,2.0278,2.2114,2.9931,2.9931,2.9931,2.9931,2.9931,2.9931,2.9931,2.9931,2.9931,2.9931,2.9931,2.9931,2.9931,2.9931
1.4244,1.4171,1.41,1.4032,1.3965,1.3897,1.3829,1.3762,1.3694,1.3604,1.3508,1.2481,1.0804,4.0157,3.8542,3.6756,3.4464,3.2168,2.9782,2.7396,2.5002,2.2608,2.0213,1.7817,1.5421,1.3026,1.063
1.9057,1.9057,1.9057,1.9057,1.9057,1.9057,1.9057,1.9057,1.9057,1.9057,1.9057,1.9057,1.9057,1.9057,1.9057,1.9057,1.9057,1.9057,1.9057,1.9057,1.9057,1.9057,1.9057,1.9057,1.9057,1.9057,1.9057
4.4624,4.4624,4.4624,4.4624,4.4624,4.4624,4.4624,4.4624,4.4624,4.4624,4.4624,4.4624,4.4624,1.4198,1.4198,1.4198,1.4198,1.4198,1.4198,1.4198,1.4198,1.4198,1.4198,1.4198,1.4198,1.4198,1.4198
1.7472,1.7383,1.7296,1.7213,1.713,1.7047,1.6964,1.6881,1.6798,1.6687,1.657,1.531,1.3252,2.6035,2.6035,2.6035,2.6035,2.6035,2.6035,2.6035,2.6035,2.6035,2.4794,2.1855,1.8917,1.5978,1.3039
1.6269,1.6339,1.6408,1.6474,1.654,1.6605,1.6671,1.6737,1.6802,1.689,1.6982,1.798,1.9608,5.1305,5.2872,5.4606,5.6832,5.906,6.1377,6.3693,6.6016,6.8341,7.0666,7.2992,7.5317,7.7643,7.9969
2.0235,2.0131,2.0031,1.9935,1.9838,1.9742,1.9646,1.955,1.9454,1.9326,1.919,1.7731,1.5348,1.9122,1.9122,1.9122,1.9122,1.9122,1.9122,1.9122,1.9122,1.9122,1.9122,1.9122,1.9122,1.8504,1.5101
1.6,1.6,1.6,1.6,1.6,1.6,1.6,1.6,1.6,1.6,1.6,1.6,1.6,1.6,1.6,1.6,1.6,1.6,1.6,1.6,1.6,1.6,1.6,1.6,1.6,1.6,1.6
2.4213,2.4317,2.4419,2.4518,2.4616,2.4713,2.4811,2.4909,2.5006,2.5137,2.5275,2.6759,2.9182,1.8854,1.8854,1.8854,1.8854,1.8854,1.8854,1.8854,1.8854,1.8854,1.8854,1.8854,1.8854,1.8854,1.8854
1.3846,1.3775,1.3707,1.3641,1.3575,1.3509,1.3443,1.3377,1.3312,1.3224,1.3131,1.2133,1.0502,3.9035,3.7466,3.573,3.3501,3.127,2.895,2.6631,2.4304,2.1977,1.9648,1.732,1.4991,1.2662,1.0333
2.0315,2.0403,2.0489,2.0571,2.0653,2.0735,2.0817,2.0899,2.0981,2.109,2.1206,2.2452,2.4485,2.6565,2.6565,2.6565,2.6565,2.6565,2.6565,2.6565,2.6565,2.6565,2.6565,2.6565,2.6565,2.6565,2.6565
4.4746,4.4746,4.4746,4.4746,4.4746,4.4746,4.4746,4.4746,4.4746,4.4746,4.4746,4.4746,4.4746,1.4237,1.4237,1.4237,1.4237,1.4237,1.4237,1.4237,1.4237,1.4237,1.4237,1.4237,1.4237,1.4237,1.4237
1.8871,1.8871,1.8871,1.8871,1.8871,1.8871,1.8871,1.8871,1.8871,1.8871,1.8871,1.8871,1.8871,1.8871,1.8871,1.8871,1.8871,1.8871,1.8871,1.8871,1.8871,1.8871,1.8871,1.8871,1.8871,1.8871,1.8871
1.6828,1.6901,1.6972,1.704,1.7109,1.7176,1.7244,1.7312,1.738,1.7471,1.7567,1.8598,2.0282,5.2424,5.2424,5.2424,5.2424,5.2424,5.2424,5.2424,5.2424,5.2424,5.2424,5.2424,5.2424,5.2424,5.2424
1.547,1.5391,1.5314,1.5241,1.5167,1.5093,1.502,1.4947,1.4873,1.4775,1.4671,1.3556,1.1734,3.0835,3.0835,3.0835,3.0835,3.0835,3.0835,2.9754,2.7155,2.4554,2.1953,1.9351,1.6749,1.4147,1.1545
1.7083,1.7083,1.7083,1.7083,1.7083,1.7083,1.7083,1.7083,1.7083,1.7083,1.7083,1.7083,1.7083,1.7083,1.7083,1.7083,1.7083,1.7083,1.7083,1.7083,1.7083,1.7083,1.7083,1.7083,1.7083,1.7083,1.7083
4.3315,4.3503,4.3685,4.3861,4.4037,4.4211,4.4386,4.4561,4.4736,4.4969,4.5216,4.7453,4.7453,1.5099,1.5099,1.5099,1.5099,1.5099,1.5099,1.5099,1.5099,1.5099,1.5099,1.5099,1.5099,1.5099,1.5099
1.5274,1.5196,1.512,1.5048,1.4975,1.4902,1.483,1.4757,1.4685,1.4588,1.4486,1.3384,1.1585,3.7139,3.7139,3.7139,3.6957,3.4495,3.1936,2.9377,2.6811,2.4243,2.1675,1.9106,1.6537,1.3968,1.1399
1.6956,1.703,1.7101,1.717,1.7239,1.7307,1.7375,1.7444,1.7512,1.7603,1.77,1.874,2.0437,5.3473,5.4815,5.4815,5.4815,5.4815,5.4815,5.4815,5.4815,5.4815,5.4815,5.4815,5.4815,5.4815,5.4815
2.713,2.6991,2.6857,2.6728,2.6598,2.6469,2.6341,2.6212,2.6083,2.5911,2.5729,2.3773,2.0578,1.6255,1.6255,1.6255,1.6255,1.6255,1.6255,1.6255,1.6255,1.6255,1.6255,1.6255,1.6255,1.6255,1.6255
1.6356,1.6356,1.6356,1.6356,1.6356,1.6356,1.6356,1.6356,1.6356,1.6356,1.6356,1.6356,1.6356,1.6356,1.6356,1.6356,1.6356,1.6356,1.6356,1.6356,1.6356,1.6356,1.6356,1.6356,1.6356,1.6356,1.6356
1.9934,2.002,2.0104,2.0185,2.0266,2.0346,2.0427,2.0507,2.0588,2.0695,2.0809,2.2031,2.4026,2.4081,2.4081,2.4081,2.4081,2.4081,2.4081,2.4081,2.4081,2.4081,2.4081,2.4081,2.4081,2.4081,2.4081
1.3886,1.3815,1.3747,1.368,1.3614,1.3548,1.3482,1.3416,1.3351,1.3263,1.3169,1.2168,1.0533,3.9149,3.7575,3.5834,3.3599,3.1361,2.9034,2.6708,2.4375,2.2041,1.9705,1.737,1.5034,1.2699,1.0363
2.1065,2.1065,2.1065,2.1065,2.1065,2.1065,2.1065,2.1065,2.1065,2.1065,2.1065,2.1065,2.1065,2.1065,2.1065,2.1065,2.1065,2.1065,2.1065,2.1065,2.1065,2.1065,2.1065,2.1065,2.1065,2.1065,2.1065
4.4031,4.4031,4.4031,4.4031,4.4031,4.4031,4.4031,4.4031,4.4031,4.4031,4.4031,4.4031,4.4031,1.401,1.401,1.401,1.401,1.401,1.401,1.401,1.401,1.401,1.401,1.401,1.401,1.401,1.401
1.9696,1.9596,1.9498,1.9404,1.931,1.9217,1.9123,1.903,1.8936,1.8812,1.868,1.7259,1.494,2.2404,2.2404,2.2404,2.2404,2.2404,2.2404,2.2404,2.2404,2.2404,2.2404,2.2404,2.1325,1.8012,1.4699
1.6243,1.6314,1.6382,1.6448,1.6514,1.6579,1.6645,1.671,1.6776,1.6863,1.6956,1.7952,1.9577,5.1224,5.2789,5.452,5.6742,5.8968,6.128,6.3593,6.5912,6.8233,7.0555,7.2877,7.5199,7.7521,7.9843
1.7841,1.775,1.7661,1.7576,1.7491,1.7406,1.7322,1.7237,1.7152,1.7039,1.692,1.5633,1.3532,2.206,2.206,2.206,2.206,2.206,2.206,2.206,2.206,2.206,2.206,2.206,1.9316,1.6315,1.3314
1.6165,1.6165,1.6165,1.6165,1.6165,1.6165,1.6165,1.6165,1.6165,1.6165,1.6165,1.6165,1.6165,1.6165,1.6165,1.6165,1.6165,1.6165,1.6165,1.6165,1.6165,1.6165,1.6165,1.6165,1.6165,1.6165,1.6165
2.872,2.8845,2.8966,2.9082,2.9198,2.9314,2.943,2.9546,2.9662,2.9817,2.998,3.1741,3.4615,1.6968,1.6968,1.6968,1.6968,1.6968,1.6968,1.6968,1.6968,1.6968,1.6968,1.6968,1.6968,1.6968,1.6968
1.4156,1.4084,1.4014,1.3946,1.3879,1.3811,1.3744,1.3677,1.361,1.352,1.3425,1.2404,1.0737,3.991,3.8305,3.6531,3.4252,3.197,2.9599,2.7227,2.4849,2.2469,2.0088,1.7707,1.5327,1.2946,1.0565
1.8614,1.8694,1.8773,1.8848,1.8924,1.8999,1.9074,1.9149,1.9224,1.9324,1.943,2.0571,2.2434,3.2631,3.2631,3.2631,3.2631,3.2631,3.2631,3.2631,3.2631,3.2631,3.2631,3.2631,3.2631,3.2631,3.2631
4.4291,4.4065,4.3845,4.3634,4.3423,4.3213,4.3002,4.2792,4.2582,4.2302,4.2004,3.881,3.3595,1.4736,1.4736,1.4736,1.4736,1.4736,1.4736,1.4736,1.4736,1.4736,1.4736,1.4736,1.4736,1.4736,1.4736
1.7568,1.7568,1.7568,1.7568,1.7568,1.7568,1.7568,1.7568,1.7568,1.7568,1.7568,1.7568,1.7568,1.7568,1.7568,1.7568,1.7568,1.7568,1.7568,1.7568,1.7568,1.7568,1.7568,1.7568,1.7568,1.7568,1.7568
1.7643,1.772,1.7794,1.7866,1.7937,1.8008,1.8079,1.8151,1.8222,1.8317,1.8417,1.9499,2.1265,3.5619,3.5619,3.5619,3.5619,3.5619,3.5619,3.5619,3.5619,3.5619,3.5619,3.5619,3.5619,3.5619,3.5619
1.4613,1.4538,1.4466,1.4396,1.4326,1.4257,1.4188,1.4118,1.4049,1.3956,1.3858,1.2804,1.1084,4.1197,3.9541,3.7709,3.5357,3.3001,3.0553,2.8105,2.565,2.3194,2.0736,1.8279,1.5821,1.3363,1.0905
1.8156,1.8156,1.8156,1.8156,1.8156,1.8156,1.8156,1.8156,1.8156,1.8156,1.8156,1.8156,1.8156,1.8156,1.8156,1.8156,1.8156,1.8156,1.8156,1.8156,1.8156,1.8156,1.8156,1.8156,1.8156,1.8156,1.8156
4.5431,4.5431,4.5431,4.5431,4.5431,4.5431,4.5431,4.5431,4.5431,4.5431,4.5431,4.5431,4.4696,1.4455,1.4455,1.4455,1.4455,1.4455,1.4455,1.4455,1.4455,1.4455,1.4455,1.4455,1.4455,1.4455,1.4455
1.6476,1.6392,1.631,1.6232,1.6153,1.6075,1.5997,1.5919,1.584,1.5736,1.5626,1.4437,1.2497,2.9246,2.9246,2.9246,2.9246,2.9246,2.9246,2.9246,2.8921,2.6151,2.3381,2.061,1.7838,1.5067,1.2296
1.6441,1.6512,1.6582,1.6648,1.6715,1.6781,1.6848,1.6914,1.698,1.7069,1.7162,1.817,1.9816,5.1849,5.3432,5.5184,5.7434,5.9686,6.2027,6.4368,6.6716,6.9065,7.1415,7.3765,7.6115,7.8465,8.0816
2.23,2.2186,2.2076,2.1969,2.1863,2.1757,2.1651,2.1545,2.144,2.1298,2.1149,1.954,1.6914,1.7824,1.7824,1.7824,1.7824,1.7824,1.7824,1.7824,1.7824,1.7824,1.7824,1.7824,1.7824,1.7824,1.6642
1.6054,1.6054,1.6054,1.6054,1.6054,1.6054,1.6054,1.6054,1.6054,1.6054,1.6054,1.6054,1.6054,1.6054,1.6054,1.6054,1.6054,1.6054,1.6054,1.6054,1.6054,1.6054,1.6054,1.6054,1.6054,1.6054,1.6054
2.2264,2.2361,2.2454,2.2545,2.2635,2.2725,2.2815,2.2904,2.2994,2.3114,2.3241,2.4606,2.6834,2.0458,2.0458,2.0458,2.0458,2.0458,2.0458,2.0458,2.0458,2.0458,2.0458,2.0458,2.0458,2.0458,2.0458
1.3792,1.3722,1.3654,1.3588,1.3522,1.3457,1.3391,1.3326,1.326,1.3173,1.3081,1.2086,1.0462,3.8885,3.7322,3.5592,3.3372,3.1149,2.8838,2.6528,2.4211,2.1892,1.9572,1.7253,1.4933,1.2613,1.0293
2.1757,2.1852,2.1943,2.2032,2.212,2.2207,2.2295,2.2383,2.2471,2.2588,2.2712,2.4034,2.4034,2.4034,2.4034,2.4034,2.4034,2.4034,2.4034,2.4034,2.4034,2.4034,2.4034,2.4034,2.4034,2.4034,2.4034
4.4251,4.4251,4.4251,4.4251,4.4251,4.4251,4.4251,4.4251,4.4251,4.4251,4.4251,4.4251,3.5161,1.408,1.408,1.408,1.408,1.408,1.408,1.408,1.408,1.408,1.408,1.408,1.408,1.408,1.408
1.9984,1.9984,1.9984,1.9984,1.9984,1.9984,1.9984,1.9984,1.9984,1.9984,1.9984,1.9984,1.7483,1.9984,1.9984,1.9984,1.9984,1.9984,1.9984,1.9984,1.9984,1.9984,1.9984,1.9984,1.9984,1.9984,1.7202
1.6519,1.6591,1.666,1.6727,1.6794,1.6861,1.6927,1.6994,1.7061,1.715,1.7244,1.8256,1.991,5.2094,5.3686,5.5446,5.7706,5.9969,6.2321,6.4673,6.7032,6.9392,7.1753,7.4115,7.5091,7.5091,7.5091
1.6219,1.6137,1.6056,1.5979,1.5902,1.5825,1.5748,1.5671,1.5594,1.5491,1.5382,1.4212,1.2302,2.6634,2.6634,2.6634,2.6634,2.6634,2.6634,2.6634,2.6634,2.5744,2.3016,2.0289,1.7561,1.4833,1.2104
1.6639,1.6639,1.6639,1.6639,1.6639,1.6639,1.6639,1.6639,1.6639,1.6639,1.6639,1.6639,1.6639,1.6639,1.6639,1.6639,1.6639,1.6639,1.6639,1.6639,1.6639,1.6639,1.6639,1.6639,1.6639,1.6639,1.6639
3.6094,3.625,3.6402,3.6549,3.6695,3.684,3.6986,3.7132,3.7277,3.7472,3.7677,3.989,3.1024,1.5688,1.5688,1.5688,1.5688,1.5688,1.5688,1.5688,1.5688,1.5688,1.5688,1.5688,1.5688,1.5688,1.5688
1.4756,1.4681,1.4607,1.4537,1.4467,1.4397,1.4327,1.4257,1.4187,1.4093,1.3994,1.293,1.1192,4.1601,3.9928,3.8078,3.5703,3.3324,3.0853,2.8381,2.5902,2.3421,2.0939,1.8458,1.5976,1.3494,1.1012
1.7471,1.7547,1.7621,1.7691,1.7762,1.7833,1.7903,1.7974,1.8044,1.8138,1.8238,1.9309,2.1057,4.3299,4.3299,4.3299,4.3299,4.3299,4.3299,4.3299,4.3299,4.3299,4.3299,4.3299,4.3299,4.3299,4.3299
3.17,3.1538,3.1381,3.123,3.1079,3.0929,3.0778,3.0628,3.0477,3.0276,3.0064,2.7777,2.4045,1.5565,1.5565,1.5565,1.5565,1.5565,1.5565,1.5565,1.5565,1.5565,1.5565,1.5565,1.5565,1.5565,1.5565
1.6721,1.6721,1.6721,1.6721,1.6721,1.6721,1.6721,1.6721,1.6721,1.6721,1.6721,1.6721,1.6721,1.6721,1.6721,1.6721,1.6721,1.6721,1.6721,1.6721,1.6721,1.6721,1.6721,1.6721,1.6721,1.6721,1.6721
1.8903,1.8985,1.9065,1.9141,1.9218,1.9294,1.937,1.9447,1.9523,1.9625,1.9732,2.0891,2.2783,2.7359,2.7359,2.7359,2.7359,2.7359,2.7359,2.7359,2.7359,2.7359,2.7359,2.7359,2.7359,2.7359,2.7359
1.409,1.4018,1.3949,1.3881,1.3814,1.3747,1.368,1.3614,1.3547,1.3457,1.3363,1.2347,1.0687,3.9724,3.8127,3.6361,3.4092,3.1821,2.9461,2.7101,2.4733,2.2364,1.9995,1.7625,1.5255,1.2885,1.0515
1.9758,1.9758,1.9758,1.9758,1.9758,1.9758,1.9758,1.9758,1.9758,1.9758,1.9758,1.9758,1.9758,1.9758,1.9758,1.9758,1.9758,1.9758,1.9758,1.9758,1.9758,1.9758,1.9758,1.9758,1.9758,1.9758,1.9758
4.4353,4.4353,4.4353,4.4353,4.4353,4.4353,4.4353,4.4353,4.4353,4.4353,4.4353,4.4353,2.611,1.4112,1.4112,1.4112,1.4112,1.4112,1.4112,1.4112,1.4112,1.4112,1.4112,1.4112,1.4112,1.4112,1.4112
1.8243,1.815,1.806,1.7973,1.7886,1.7799,1.7713,1.7626,1.754,1.7424,1.7302,1.5986,1.3838,2.4495,2.4495,2.4495,2.4495,2.4495,2.4495,2.4495,2.4495,2.4495,2.4495,2.282,1.9752,1.6683,1.3615
1.6245,1.6315,1.6384,1.645,1.6515,1.6581,1.6647,1.6712,1.6778,1.6865,1.6958,1.7954,1.9579,5.123,5.2795,5.4526,5.6749,5.8974,6.1287,6.36,6.592,6.8241,7.0563,7.2885,7.5207,7.7529,7.9852
1.9232,1.9134,1.9038,1.8947,1.8855,1.8764,1.8672,1.8581,1.849,1.8368,1.8239,1.6852,1.4587,2.0131,2.0131,2.0131,2.0131,2.0131,2.0131,2.0131,2.0131,2.0131,2.0131,2.0131,2.0131,1.7587,1.4353
1.605,1.605,1.605,1.605,1.605,1.605,1.605,1.605,1.605,1.605,1.605,1.605,1.605,1.605,1.605,1.605,1.605,1.605,1.605,1.605,1.605,1.605,1.605,1.605,1.605,1.605,1.605
2.5739,2.585,2.5959,2.6063,2.6167,2.6271,2.6375,2.6479,2.6583,2.6721,2.6868,2.8446,2.3757,1.8073,1.8073,1.8073,1.8073,1.8073,1.8073,1.8073,1.8073,1.8073,1.8073,1.8073,1.8073,1.8073,1.8073
1.3953,1.3882,1.3813,1.3746,1.368,1.3614,1.3547,1.3481,1.3415,1.3327,1.3233,1.2227,1.0584,3.9338,3.7757,3.6007,3.3761,3.1512,2.9175,2.6837,2.4493,2.2147,1.9801,1.7454,1.5107,1.276,1.0413
1.9617,1.9702,1.9784,1.9864,1.9943,2.0023,2.0102,2.0181,2.026,2.0366,2.0477,2.168,2.2931,2.8579,2.8579,2.8579,2.8579,2.8579,2.8579,2.8579,2.8579,2.8579,2.8579,2.8579,2.8579,2.8579,2.8579
4.5306,4.5306,4.5306,4.5306,4.5306,4.5306,4.5306,4.5306,4.5306,4.5306,4.5306,4.5306,2.2539,1.4415,1.4415,1.4415,1.4415,1.4415,1.4415,1.4415,1.4415,1.4415,1.4415,1.4415,1.4415,1.4415,1.4415
1.8341,1.8341,1.8341,1.8341,1.8341,1.8341,1.8341,1.8341,1.8341,1.8341,1.8341,1.8341,1.8341,1.8341,1.8341,1.8341,1.8341,1.8341,1.8341,1.8341,1.8341,1.8341,1.8341,1.8341,1.8341,1.8341,1.8341
1.7122,1.7196,1.7268,1.7338,1.7407,1.7476,1.7545,1.7614,1.7684,1.7776,1.7873,1.8923,2.0637,4.4393,4.4393,4.4393,4.4393,4.4393,4.4393,4.4393,4.4393,4.4393,4.4393,4.4393,4.4393,4.4393,4.4393
1.5124,1.5047,1.4972,1.49,1.4827,1.4756,1.4684,1.4612,1.454,1.4445,1.4343,1.3252,1.1471,3.438,3.438,3.438,3.438,3.4155,3.1622,2.9088,2.6547,2.4005,2.1462,1.8918,1.6374,1.383,1.1287
1.7471,1.7471,1.7471,1.7471,1.7471,1.7471,1.7471,1.7471,1.7471,1.7471,1.7471,1.7471,1.7471,1.7471,1.7471,1.7471,1.7471,1.7471,1.7471,1.7471,1.7471,1.7471,1.7471,1.7471,1.7471,1.7471,1.7471
4.6642,4.6642,4.6642,4.6642,4.6642,4.6642,4.6642,4.6642,4.6642,4.6642,4.6642,4.6642,2.0764,1.4841,1.4841,1.4841,1.4841,1.4841,1.4841,1.4841,1.4841,1.4841,1.4841,1.4841,1.4841,1.4841,1.4841
1.5707,1.5627,1.5549,1.5474,1.5399,1.5325,1.525,1.5176,1.5101,1.5002,1.4896,1.3763,1.1914,3.3656,3.3656,3.3656,3.3656,3.3656,3.2842,3.021,2.7571,2.4931,2.2289,1.9648,1.7006,1.4364,1.1722
1.6751,1.6823,1.6894,1.6962,1.703,1.7097,1.7165,1.7233,1.73,1.739,1.7486,1.8513,2.013,5.2826,5.4439,5.6224,5.8516,6.0811,6.3196,6.5581,6.6065,6.6065,6.6065,6.6065,6.6065,6.6065,6.6065
2.505,2.4922,2.4798,2.4678,2.4559,2.444,2.4321,2.4202,2.4083,2.3925,2.3757,2.195,1.9,1.6817,1.6817,1.6817,1.6817,1.6817,1.6817,1.6817,1.6817,1.6817,1.6817,1.6817,1.6817,1.6817,1.6817
1.6236,1.6236,1.6236,1.6236,1.6236,1.6236,1.6236,1.6236,1.6236,1.6236,1.6236,1.6236,1.6236,1.6236,1.6236,1.6236,1.6236,1.6236,1.6236,1.6236,1.6236,1.6236,1.6236,1.6236,1.6236,1.6236,1.6236
2.0762,2.0852,2.0939,2.1023,2.1108,2.1191,2.1275,2.1359,2.1443,2.1554,2.1673,2.2946,1.9249,2.2551,2.2551,2.2551,2.2551,2.2551,2.2551,2.2551,2.2551,2.2551,2.2551,2.2551,2.2551,2.2551,2.2551
1.3849,1.3778,1.371,1.3644,1.3578,1.3512,1.3446,1.338,1.3315,1.3227,1.3134,1.2135,1.0504,3.9044,3.7474,3.5738,3.3509,3.1276,2.8956,2.6637,2.431,2.1981,1.9653,1.7323,1.4994,1.2665,1.0335
2.2108,2.2108,2.2108,2.2108,2.2108,2.2108,2.2108,2.2108,2.2108,2.2108,2.2108,2.2108,1.9727,2.2108,2.2108,2.2108,2.2108,2.2108,2.2108,2.2108,2.2108,2.2108,2.2108,2.2108,2.2108,2.2108,2.2108
4.4114,4.4114,4.4114,4.4114,4.4114,4.4114,4.4114,4.4114,4.4114,4.4114,4.4114,4.4114,1.8441,1.4036,1.4036,1.4036,1.4036,1.4036,1.4036,1.4036,1.4036,1.4036,1.4036,1.4036,1.4036,1.4036,1.4036
2.0857,2.0751,2.0647,2.0548,2.0449,2.035,2.025,2.0152,2.0053,1.992,1.978,1.8276,1.582,2.1414,2.1414,2.1414,2.1414,2.1414,2.1414,2.1414,2.1414,2.1414,2.1414,2.1414,2.1414,1.9074,1.5566
1.6349,1.642,1.6489,1.6555,1.6621,1.6687,1.6753,1.6819,1.6885,1.6973,1.7066,1.8068,1.7939,5.1558,5.3133,5.4875,5.7112,5.9352,6.1679,6.4007,6.6341,6.8678,7.1014,7.3351,7.5688,7.8026,8.0363
1.7186,1.7099,1.7013,1.6931,1.685,1.6768,1.6686,1.6605,1.6523,1.6414,1.6299,1.506,1.3036,2.3613,2.3613,2.3613,2.3613,2.3613,2.3613,2.3613,2.3613,2.3613,2.3613,2.1498,1.8607,1.5717,1.2826
1.6346,1.6346,1.6346,1.6346,1.6346,1.6346,1.6346,1.6346,1.6346,1.6346,1.6346,1.6346,1.6346,1.6346,1.6346,1.6346,1.6346,1.6346,1.6346,1.6346,1.6346,1.6346,1.6346,1.6346,1.6346,1.6346,1.6346
3.116,3.1295,3.1426,3.1553,3.1679,3.1805,3.193,3.2056,3.2182,3.2349,3.2527,3.4437,1.7236,1.6458,1.6458,1.6458,1.6458,1.6458,1.6458,1.6458,1.6458,1.6458,1.6458,1.6458,1.6458,1.6458,1.6458
1.4383,1.431,1.4239,1.417,1.4102,1.4033,1.3965,1.3897,1.3828,1.3737,1.3641,1.2603,1.091,4.055,3.892,3.7117,3.4802,3.2483,3.0074,2.7664,2.5248,2.283,2.0411,1.7992,1.5573,1.3153,1.0734
1.8165,1.8244,1.8321,1.8394,1.8468,1.8541,1.8614,1.8688,1.8761,1.8859,1.8962,2.0076,1.6797,3.6035,3.6035,3.6035,3.6035,3.6035,3.6035,3.6035,3.6035,3.6035,3.6035,3.6035,3.6035,3.6035,3.6035
3.8466,3.827,3.8079,3.7896,3.7712,3.753,3.7347,3.7164,3.6982,3.6738,3.648,3.3706,1.6585,1.5048,1.5048,1.5048,1.5048,1.5048,1.5048,1.5048,1.5048,1.5048,1.5048,1.5048,1.5048,1.5048,1.5048
1.7242,1.7242,1.7242,1.7242,1.7242,1.7242,1.7242,1.7242,1.7242,1.7242,1.7242,1.7242,1.6379,1.7242,1.7242,1.7242,1.7242,1.7242,1.7242,1.7242,1.7242,1.7242,1.7242,1.7242,1.7242,1.7242,1.7242
1.8113,1.8191,1.8267,1.8341,1.8414,1.8487,1.856,1.8633,1.8706,1.8804,1.8907,2.0018,1.6178,3.1947,3.1947,3.1947,3.1947,3.1947,3.1947,3.1947,3.1947,3.1947,3.1947,3.1947,3.1947,3.1947,3.1947
1.4415,1.4342,1.4271,1.4202,1.4133,1.4065,1.3996,1.3928,1.3859,1.3768,1.3671,1.2632,1.0934,4.0641,3.9007,3.72,3.488,3.2556,3.0141,2.7726,2.5304,2.2881,2.0457,1.8032,1.5607,1.3183,1.0758
1.8747,1.8747,1.8747,1.8747,1.8747,1.8747,1.8747,1.8747,1.8747,1.8747,1.8747,1.8747,1.8747,1.8747,1.8747,1.8747,1.8747,1.8747,1.8747,1.8747,1.8747,1.8747,1.8747,1.8747,1.8747,1.8747,1.8747
4.5039,4.5039,4.5039,4.5039,4.5039,4.5039,4.5039,4.5039,4.5039,4.5039,4.5039,4.5039,1.5604,1.4331,1.4331,1.4331,1.4331,1.4331,1.4331,1.4331,1.4331,1.4331,1.4331,1.4331,1.4331,1.4331,1.4331
1.712,1.7033,1.6948,1.6867,1.6785,1.6704,1.6623,1.6541,1.646,1.6352,1.6237,1.5002,1.2986,2.7244,2.7244,2.7244,2.7244,2.7244,2.7244,2.7244,2.7244,2.7174,2.4295,2.1416,1.8536,1.5657,1.2777
1.6377,1.6447,1.6516,1.6583,1.6649,1.6715,1.6781,1.6847,1.6913,1.7002,1.7095,1.8099,1.5243,5.1645,5.3223,5.4968,5.7208,5.9452,6.1784,6.4115,6.6454,6.8794,7.1134,7.3475,7.5816,7.8157,8.0499
2.1033,2.0926,2.0822,2.0721,2.0621,2.0521,2.0421,2.0321,2.0222,2.0088,1.9947,1.843,1.5069,1.8654,1.8654,1.8654,1.8654,1.8654,1.8654,1.8654,1.8654,1.8654,1.8654,1.8654,1.8654,1.8654,1.5697
1.6065,1.6065,1.6065,1.6065,1.6065,1.6065,1.6065,1.6065,1.6065,1.6065,1.6065,1.6065,1.6065,1.6065,1.6065,1.6065,1.6065,1.6065,1.6065,1.6065,1.6065,1.6065,1.6065,1.6065,1.6065,1.6065,1.6065
2.3495,2.3597,2.3696,2.3791,2.3886,2.3981,2.4076,2.417,2.4265,2.4392,2.4526,2.5966,1.4732,1.9491,1.9491,1.9491,1.9491,1.9491,1.9491,1.9491,1.9491,1.9491,1.9491,1.9491,1.9491,1.9491,1.9491
1.3865,1.3795,1.3726,1.366,1.3594,1.3528,1.3462,1.3396,1.333,1.3243,1.315,1.215,1.0517,3.909,3.7519,3.578,3.3548,3.1313,2.8991,2.6668,2.4339,2.2007,1.9676,1.7344,1.5012,1.268,1.0348
2.0905,2.0995,2.1083,2.1168,2.1253,2.1337,2.1422,2.1506,2.159,2.1703,2.1822,2.3103,1.7461,2.5613,2.5613,2.5613,2.5613,2.5613,2.5613,2.5613,2.5613,2.5613,2.5613,2.5613,2.5613,2.5613,2.5613
4.4691,4.4691,4.4691,4.4691,4.4691,4.4691,4.4691,4.4691,4.4691,4.4691,4.4691,4.4691,1.4254,1.422,1.422,1.422,1.422,1.422,1.422,1.422,1.422,1.422,1.422,1.422,1.422,1.422,1.422
1.9341,1.9341,1.9341,1.9341,1.9341,1.9341,1.9341,1.9341,1.9341,1.9341,1.9341,1.9341,1.4102,1.9341,1.9341,1.9341,1.9341,1.9341,1.9341,1.9341,1.9341,1.9341,1.9341,1.9341,1.9341,1.9341,1.8555
1.6762,1.6835,1.6905,1.6973,1.7041,1.7109,1.7176,1.7244,1.7311,1.7402,1.7497,1.8525,1.4001,5.286,5.4475,5.6261,5.8555,5.945,5.945,5.945,5.945,5.945,5.945,5.945,5.945,5.945,5.945
1.5799,1.5719,1.564,1.5565,1.549,1.5415,1.534,1.5265,1.519,1.509,1.4984,1.3844,1.1984,2.9177,2.9177,2.9177,2.9177,2.9177,2.9177,2.9177,2.7733,2.5077,2.242,1.9763,1.7106,1.4448,1.1791
1.6967,1.6967,1.6967,1.6967,1.6967,1.6967,1.6967,1.6967,1.6967,1.6967,1.6967,1.6967,1.6967,1.6967,1.6967,1.6967,1.6967,1.6967,1.6967,1.6967,1.6967,1.6967,1.6967,1.6967,1.6967,1.6967,1.6967
4.0375,4.055,4.072,4.0884,4.1047,4.121,4.1373,4.1536,4.1699,4.1916,4.2146,4.4622,1.3523,1.5371,1.5371,1.5371,1.5371,1.5371,1.5371,1.5371,1.5371,1.5371,1.5371,1.5371,1.5371,1.5371,1.5371
1.5124,1.5047,1.4972,1.49,1.4828,1.4756,1.4684,1.4612,1.4541,1.4445,1.4343,1.3252,1.1472,3.9974,3.9974,3.9029,3.6594,3.4156,3.1623,2.9089,2.6548,2.4005,2.1462,1.8918,1.6375,1.3831,1.1287
1.721,1.7285,1.7357,1.7427,1.7497,1.7566,1.7636,1.7705,1.7775,1.7867,1.7965,1.902,1.4375,4.9933,4.9933,4.9933,4.9933,4.9933,4.9933,4.9933,4.9933,4.9933,4.9933,4.9933,4.9933,4.9933,4.9933
2.8816,2.8669,2.8526,2.8389,2.8252,2.8115,2.7978,2.7841,2.7704,2.7522,2.7329,2.525,1.312,1.6042,1.6042,1.6042,1.6042,1.6042,1.6042,1.6042,1.6042,1.6042,1.6042,1.6042,1.6042,1.6042,1.6042
1.6555,1.6555,1.6555,1.6555,1.6555,1.6555,1.6555,1.6555,1.6555,1.6555,1.6555,1.6555,1.6555,1.6555,1.6555,1.6555,1.6555,1.6555,1.6555,1.6555,1.6555,1.6555,1.6555,1.6555,1.6555,1.6555,1.6555
1.9601,1.9685,1.9768,1.9848,1.9927,2.0006,2.0085,2.0164,2.0243,2.0349,2.0461,2.1662,1.2864,2.5332,2.5332,2.5332,2.5332,2.5332,2.5332,2.5332,2.5332,2.5332,2.5332,2.5332,2.5332,2.5332,2.5332
1.4017,1.3946,1.3876,1.3809,1.3743,1.3676,1.3609,1.3543,1.3476,1.3388,1.3294,1.2283,1.0632,3.9518,3.793,3.6172,3.3916,3.1656,2.9308,2.696,2.4605,2.2248,1.9891,1.7534,1.5176,1.2819,1.0461
2.0626,2.0626,2.0626,2.0626,2.0626,2.0626,2.0626,2.0626,2.0626,2.0626,2.0626,2.0626,2.0626,2.0626,2.0626,2.0626,2.0626,2.0626,2.0626,2.0626,2.0626,2.0626,2.0626,2.0626,2.0626,2.0626,2.0626
4.433,4.433,4.433,4.433,4.433,4.433,4.433,4.433,4.433,4.433,4.433,4.433,1.2498,1.4105,1.4105,1.4105,1.4105,1.4105,1.4105,1.4105,1.4105,1.4105,1.4105,1.4105,1.4105,1.4105,1.4105
1.9192,1.9094,1.8999,1.8908,1.8816,1.8725,1.8634,1.8543,1.8452,1.833,1.8201,1.6817,1.2381,2.3254,2.3254,2.3254,2.3254,2.3254,2.3254,2.3254,2.3254,2.3254,2.3254,2.3254,2.0779,1.7551,1.4323
1.6311,1.6382,1.645,1.6517,1.6583,1.6648,1.6714,1.678,1.6846,1.6934,1.7027,1.8027,1.3624,5.1439,5.301,5.4748,5.698,5.9214,6.1537,6.3859,6.6188,6.8519,7.085,7.3182,7.5513,7.7845,8.0177
1.8425,1.8331,1.824,1.8152,1.8064,1.7977,1.7889,1.7802,1.7715,1.7598,1.7474,1.6145,1.2152,2.137,2.137,2.137,2.137,2.137,2.137,2.137,2.137,2.137,2.137,2.137,1.9949,1.685,1.3751
1.619,1.619,1.619,1.619,1.619,1.619,1.619,1.619,1.619,1.619,1.619,1.619,1.619,1.619,1.619,1.619,1.619,1.619,1.619,1.619,1.619,1.619,1.619,1.619,1.619,1.619,1.619
2.7622,2.7742,2.7858,2.797,2.8082,2.8194,2.8305,2.8417,2.8528,2.8677,2.8834,3.0527,1.1932,1.745,1.745,1.745,1.745,1.745,1.745,1.745,1.745,1.745,1.745,1.745,1.745,1.745,1.745
1.414,1.4068,1.3998,1.3931,1.3863,1.3796,1.3729,1.3662,1.3595,1.3505,1.341,1.239,1.0725,3.9865,3.8263,3.649,3.4214,3.1934,2.9566,2.7197,2.4821,2.2444,2.0066,1.7688,1.5309,1.2931,1.0553
1.9071,1.9153,1.9233,1.9311,1.9388,1.9465,1.9542,1.9619,1.9696,1.9798,1.9907,2.1076,1.5929,3.1092,3.1092,3.1092,3.1092,3.1092,3.1092,3.1092,3.1092,3.1092,3.1092,3.1092,3.1092,3.1092,3.1092
4.6133,4.6133,4.6133,4.6133,4.6133,4.6133,4.6133,4.6133,4.6133,4.6133,4.6133,4.3227,1.1617,1.4679,1.4679,1.4679,1.4679,1.4679,1.4679,1.4679,1.4679,1.4679,1.4679,1.4679,1.4679,1.4679,1.4679
1.7939,1.7939,1.7939,1.7939,1.7939,1.7939,1.7939,1.7939,1.7939,1.7939,1.7939,1.7939,1.1516,1.7939,1.7939,1.7939,1.7939,1.7939,1.7939,1.7939,1.7939,1.7939,1.7939,1.7939,1.7939,1.7939,1.7939
1.7523,1.7599,1.7673,1.7744,1.7815,1.7885,1.7956,1.8027,1.8097,1.8192,1.8292,1.9366,1.1416,3.8713,3.8713,3.8713,3.8713,3.8713,3.8713,3.8713,3.8713,3.8713,3.8713,3.8713,3.8713,3.8713,3.8713
1.4875,1.4799,1.4726,1.4655,1.4584,1.4513,1.4442,1.4372,1.4301,1.4207,1.4107,1.3034,1.1283,3.9057,3.9057,3.8386,3.5992,3.3594,3.1102,2.861,2.6111,2.361,2.1109,1.8607,1.6105,1.3603,1.1101
1.7975,1.7975,1.7975,1.7975,1.7975,1.7975,1.7975,1.7975,1.7975,1.7975,1.7975,1.7975,1.7975,1.7975,1.7975,1.7975,1.7975,1.7975,1.7975,1.7975,1.7975,1.7975,1.7975,1.7975,1.7975,1.7975,1.7975
4.6114,4.6114,4.6114,4.6114,4.6114,4.6114,4.6114,4.6114,4.6114,4.6114,4.6114,4.6114,1.1127,1.4673,1.4673,1.4673,1.4673,1.4673,1.4673,1.4673,1.4673,1.4673,1.4673,1.4673,1.4673,1.4673,1.4673
1.6255,1.6172,1.6091,1.6014,1.5936,1.5859,1.5782,1.5705,1.5628,1.5525,1.5416,1.4243,1.1034,3.0944,3.0944,3.0944,3.0944,3.0944,3.0944,3.0944,2.8533,2.58,2.3066,2.0332,1.7599,1.4865,1.2131
1.6643,1.6715,1.6785,1.6852,1.692,1.6987,1.7054,1.7121,1.7188,1.7278,1.7373,1.8393,1.3901,5.2484,5.4088,5.5861,5.8138,6.0418,6.2788,6.5157,6.7534,6.9912,7.229,7.4669,7.7049,7.9428,8.1807
2.3397,2.3278,2.3162,2.3051,2.2939,2.2828,2.2717,2.2606,2.2495,2.2347,2.219,2.0502,1.0852,1.7515,1.7515,1.7515,1.7515,1.7515,1.7515,1.7515,1.7515,1.7515,1.7515,1.7515,1.7515,1.7515,1.7461
1.6208,1.6208,1.6208,1.6208,1.6208,1.6208,1.6208,1.6208,1.6208,1.6208,1.6208,1.6208,1.6208,1.6208,1.6208,1.6208,1.6208,1.6208,1.6208,1.6208,1.6208,1.6208,1.6208,1.6208,1.6208,1.6208,1.6208
2.178,2.1874,2.1966,2.2055,2.2143,2.2231,2.2319,2.2406,2.2494,2.2611,2.2736,2.4071,1.0676,2.1323,2.1323,2.1323,2.1323,2.1323,2.1323,2.1323,2.1323,2.1323,2.1323,2.1323,2.1323,2.1323,2.1323
1.3889,1.3818,1.3749,1.3683,1.3617,1.3551,1.3485,1.3419,1.3353,1.3265,1.3172,1.217,1.0535,3.9156,3.7582,3.584,3.3605,3.1366,2.9039,2.6713,2.4379,2.2044,1.9709,1.7373,1.5037,1.2701,1.0365
2.2556,2.2654,2.2749,2.284,2.2932,2.3023,2.3114,2.3205,2.3296,2.3386,2.3386,2.3386,1.884,2.3386,2.3386,2.3386,2.3386,2.3386,2.3386,2.3386,2.3386,2.3386,2.3386,2.3386,2.3386,2.3386,2.3386
4.4444,4.4444,4.4444,4.4444,4.4444,4.4444,4.4444,4.4444,4.4444,4.4444,4.4444,4.4444,1.0423,1.4141,1.4141,1.4141,1.4141,1.4141,1.4141,1.4141,1.4141,1.4141,1.4141,1.4141,1.4141,1.4141,1.4141
2.0623,2.0623,2.0623,2.0623,2.0623,2.0623,2.0623,2.0623,2.0623,2.0623,2.0623,1.9526,1.0341,2.0623,2.0623,2.0623,2.0623,2.0623,2.0623,2.0623,2.0623,2.0623,2.0623,2.0623,2.0623,2.0378,1.663
1.6547,1.6619,1.6689,1.6756,1.6823,1.689,1.6956,1.7023,1.709,1.7179,1.7273,1.8288,1.3822,5.2184,5.3778,5.5541,5.7805,6.0072,6.2428,6.4784,6.7147,6.9511,7.1876,7.4242,7.6607,7.8972,8.1338
1.6672,1.6587,1.6504,1.6425,1.6345,1.6266,1.6187,1.6108,1.6029,1.5923,1.5811,1.4609,1.0182,2.5538,2.5538,2.5538,2.5538,2.5538,2.5538,2.5538,2.5538,2.5538,2.3658,2.0854,1.805,1.5246,1.2442
1.6622,1.6622,1.6622,1.6622,1.6622,1.6622,1.6622,1.6622,1.6622,1.6622,1.6622,1.6622,1.6622,1.6622,1.6622,1.6622,1.6622,1.6622,1.6622,1.6622,1.6622,1.6622,1.6622,1.6622,1.6622,1.6622,1.6622
3.4234,3.4383,3.4527,3.4666,3.4804,3.4942,3.5081,3.5219,3.5357,3.5541,3.5736,3.7835,1.0027,1.6068,1.6068,1.6068,1.6068,1.6068,1.6068,1.6068,1.6068,1.6068,1.6068,1.6068,1.6068,1.6068,1.6068
1.4699,1.4624,1.4551,1.4481,1.4411,1.4341,1.4271,1.4201,1.4132,1.4039,1.394,1.288,0.9951,4.144,3.9774,3.7931,3.5565,3.3195,3.0733,2.8271,2.5801,2.333,2.0858,1.8386,1.5914,1.3442,1.097
1.7838,1.7915,1.7991,1.8063,1.8135,1.8207,1.8279,1.8351,1.8423,1.8519,1.8621,1.9714,1.49,4.0443,4.0443,4.0443,4.0443,4.0443,4.0443,4.0443,4.0443,4.0443,4.0443,4.0443,4.0443,4.0443,4.0443
3.4195,3.4021,3.3852,3.3689,3.3526,3.3363,3.3201,3.3039,3.2876,3.266,3.243,2.9964,0.9803,1.5458,1.5458,1.5458,1.5458,1.5458,1.5458,1.5458,1.5458,1.5458,1.5458,1.5458,1.5458,1.5458,1.5458
1.7022,1.7022,1.7022,1.7022,1.7022,1.7022,1.7022,1.7022,1.7022,1.7022,1.7022,1.7022,1.4162,1.7022,1.7022,1.7022,1.7022,1.7022,1.7022,1.7022,1.7022,1.7022,1.7022,1.7022,1.7022,1.7022,1.7022
1.871,1.8791,1.887,1.8945,1.9021,1.9097,1.9172,1.9248,1.9323,1.9424,1.9531,2.0678,0.966,2.9132,2.9132,2.9132,2.9132,2.9132,2.9132,2.9132,2.9132,2.9132,2.9132,2.9132,2.9132,2.9132,2.9132
1.4303,1.4231,1.416,1.4091,1.4023,1.3955,1.3887,1.382,1.3752,1.3661,1.3565,1.2533,0.9589,4.0325,3.8704,3.6911,3.4608,3.2303,2.9907,2.7511,2.5108,2.2703,2.0298,1.7892,1.5486,1.308,1.0675
1.9483,1.9483,1.9483,1.9483,1.9483,1.9483,1.9483,1.9483,1.9483,1.9483,1.9483,1.9483,1.9483,1.9483,1.9483,1.9483,1.9483,1.9483,1.9483,1.9483,1.9483,1.9483,1.9483,1.9483,1.9483,1.9483,1.9483
4.4904,4.4904,4.4904,4.4904,4.4904,4.4904,4.4904,4.4904,4.4904,4.4904,4.4904,4.4167,0.9452,1.4288,1.4288,1.4288,1.4288,1.4288,1.4288,1.4288,1.4288,1.4288,1.4288,1.4288,1.4288,1.4288,1.4288
1.7914,1.7823,1.7734,1.7649,1.7563,1.7478,1.7393,1.7308,1.7223,1.711,1.699,1.5698,0.9385,2.5646,2.5646,2.5646,2.5646,2.5646,2.5646,2.5646,2.5646,2.5646,2.5422,2.2409,1.9396,1.6382,1.3369
1.6404,1.6475,1.6544,1.661,1.6677,1.6743,1.6809,1.6875,1.6942,1.703,1.7123,1.8129,1.3702,5.1731,5.3311,5.5059,5.7303,5.9551,6.1886,6.4222,6.6564,6.8908,7.1253,7.3598,7.5942,7.8287,8.0632
2.0017,1.9915,1.9816,1.9721,1.9625,1.953,1.9435,1.934,1.9245,1.9118,1.8984,1.754,0.9253,1.9671,1.9671,1.9671,1.9671,1.9671,1.9671,1.9671,1.9671,1.9671,1.9671,1.9671,1.9671,1.8306,1.4939
1.6165,1.6165,1.6165,1.6165,1.6165,1.6165,1.6165,1.6165,1.6165,1.6165,1.6165,1.6165,1.6165,1.6165,1.6165,1.6165,1.6165,1.6165,1.6165,1.6165,1.6165,1.6165,1.6165,1.6165,1.6165,1.6165,1.6165
2.5003,2.5111,2.5217,2.5318,2.5419,2.552,2.5621,2.5722,2.5823,2.5957,2.61,2.7633,0.9125,1.8718,1.8718,1.8718,1.8718,1.8718,1.8718,1.8718,1.8718,1.8718,1.8718,1.8718,1.8718,1.8718,1.8718
1.4017,1.3945,1.3876,1.3809,1.3742,1.3675,1.3609,1.3542,1.3476,1.3387,1.3293,1.2282,0.9062,3.9517,3.7928,3.6171,3.3914,3.1655,2.9307,2.6959,2.4604,2.2248,1.989,1.7533,1.5176,1.2818,1.046
2.0232,2.032,2.0405,2.0487,2.0569,2.0651,2.0732,2.0814,2.0895,2.1004,2.112,2.236,1.6899,2.7559,2.7559,2.7559,2.7559,2.7559,2.7559,2.7559,2.7559,2.7559,2.7559,2.7559,2.7559,2.7559,2.7559
4.5389,4.5389,4.5389,4.5389,4.5389,4.5389,4.5389,4.5389,4.5389,4.5389,4.5389,4.1772,0.8939,1.4442,1.4442,1.4442,1.4442,1.4442,1.4442,1.4442,1.4442,1.4442,1.4442,1.4442,1.4442,1.4442,1.4442
1.8846,1.8846,1.8846,1.8846,1.8846,1.8846,1.8846,1.8846,1.8846,1.8846,1.8846,1.8846,0.8879,1.8846,1.8846,1.8846,1.8846,1.8846,1.8846,1.8846,1.8846,1.8846,1.8846,1.8846,1.8846,1.8846,1.8846
1.7106,1.718,1.7252,1.7322,1.7391,1.746,1.7529,1.7598,1.7667,1.7759,1.7857,1.8905,1.4147,4.9514,4.9514,4.9514,4.9514,4.9514,4.9514,4.9514,4.9514,4.9514,4.9514,4.9514,4.9514,4.9514,4.9514
1.5488,1.5409,1.5333,1.5259,1.5185,1.5111,1.5038,1.4964,1.4891,1.4793,1.4689,1.3572,0.8761,3.2421,3.2421,3.2421,3.2421,3.2421,3.2384,2.979,2.7188,2.4584,2.1979,1.9374,1.6769,1.4164,1.1559
1.7403,1.7403,1.7403,1.7403,1.7403,1.7403,1.7403,1.7403,1.7403,1.7403,1.7403,1.7403,1.7403,1.7403,1.7403,1.7403,1.7403,1.7403,1.7403,1.7403,1.7403,1.7403,1.7403,1.7403,1.7403,1.7403,1.7403
4.6036,4.6235,4.6429,4.6616,4.6802,4.6988,4.7174,4.7359,4.7545,4.762,4.762,4.0402,0.8646,1.5152,1.5152,1.5152,1.5152,1.5152,1.5152,1.5152,1.5152,1.5152,1.5152,1.5152,1.5152,1.5152,1.5152
1.5596,1.5517,1.5439,1.5365,1.5291,1.5217,1.5142,1.5068,1.4994,1.4896,1.4791,1.3666,0.859,3.6094,3.6094,3.6094,3.6094,3.5222,3.2609,2.9997,2.7377,2.4755,2.2132,1.9509,1.6886,1.4262,1.1639
1.7053,1.7127,1.7199,1.7268,1.7337,1.7406,1.7475,1.7544,1.7613,1.7704,1.7802,1.8847,1.4244,5.378,5.5422,5.7239,5.9246,5.9246,5.9246,5.9246,5.9246,5.9246,5.9246,5.9246,5.9246,5.9246,5.9246
2.6572,2.6437,2.6305,2.6179,2.6052,2.5926,2.58,2.5673,2.5547,2.5379,2.5201,2.3284,0.8479,1.664,1.664,1.664,1.664,1.664,1.664,1.664,1.664,1.664,1.664,1.664,1.664,1.664,1.664
1.6484,1.6484,1.6484,1.6484,1.6484,1.6484,1.6484,1.6484,1.6484,1.6484,1.6484,1.6484,1.6484,1.6484,1.6484,1.6484,1.6484,1.6484,1.6484,1.6484,1.6484,1.6484,1.6484,1.6484,1.6484,1.6484,1.6484
2.0462,2.055,2.0636,2.0719,2.0802,2.0885,2.0967,2.105,2.1133,2.1243,2.1359,2.2614,0.8372,2.3725,2.3725,2.3725,2.3725,2.3725,2.3725,2.3725,2.3725,2.3725,2.3725,2.3725,2.3725,2.3725,2.3725
1.4024,1.3952,1.3883,1.3816,1.3749,1.3682,1.3616,1.3549,1.3483,1.3394,1.33,1.2288,0.8319,3.9536,3.7947,3.6189,3.3931,3.1671,2.9322,2.6972,2.4616,2.2259,1.99,1.7542,1.5183,1.2824,1.0466
2.1689,2.1689,2.1689,2.1689,2.1689,2.1689,2.1689,2.1689,2.1689,2.1689,2.1689,2.1689,2.062,2.1689,2.1689,2.1689,2.1689,2.1689,2.1689,2.1689,2.1689,2.1689,2.1689,2.1689,2.1689,2.1689,2.1689
4.4555,4.4555,4.4555,4.4555,4.4555,4.4555,4.4555,4.4555,4.4555,4.4555,4.4555,3.8388,0.8215,1.4177,1.4177,1.4177,1.4177,1.4177,1.4177,1.4177,1.4177,1.4177,1.4177,1.4177,1.4177,1.4177,1.4177
2.0352,2.0248,2.0148,2.005,1.9953,1.9857,1.976,1.9664,1.9567,1.9438,1.9302,1.7834,0.8164,2.2263,2.2263,2.2263,2.2263,2.2263,2.2263,2.2263,2.2263,2.2263,2.2263,2.2263,2.2035,1.8612,1.5189
1.6469,1.6541,1.661,1.6677,1.6744,1.681,1.6877,1.6943,1.7009,1.7098,1.7192,1.8202,1.3756,5.1938,5.3525,5.5279,5.7533,5.9789,6.2134,6.4479,6.6831,6.9184,7.1538,7.3892,7.6246,7.8601,8.0955
1.7787,1.7697,1.7609,1.7524,1.7439,1.7355,1.727,1.7186,1.7101,1.6989,1.6869,1.5586,0.8064,2.289,2.289,2.289,2.289,2.289,2.289,2.289,2.289,2.289,2.289,2.225,1.9258,1.6266,1.3275
1.6423,1.6423,1.6423,1.6423,1.6423,1.6423,1.6423,1.6423,1.6423,1.6423,1.6423,1.6423,1.6423,1.6423,1.6423,1.6423,1.6423,1.6423,1.6423,1.6423,1.6423,1.6423,1.6423,1.6423,1.6423,1.6423,1.6423
2.9956,3.0086,3.0212,3.0334,3.0455,3.0576,3.0697,3.0818,3.0938,3.11,3.1271,3.3107,0.7967,1.6967,1.6967,1.6967,1.6967,1.6967,1.6967,1.6967,1.6967,1.6967,1.6967,1.6967,1.6967,1.6967,1.6967
1.4412,1.4338,1.4267,1.4198,1.4129,1.4061,1.3993,1.3924,1.3856,1.3765,1.3668,1.2628,0.7919,4.0631,3.8997,3.719,3.4871,3.2547,3.0133,2.7719,2.5298,2.2875,2.0451,1.8027,1.5603,1.3179,1.0755
1.8662,1.8742,1.8821,1.8897,1.8972,1.9048,1.9123,1.9198,1.9273,1.9374,1.948,2.0624,1.5587,3.4262,3.4262,3.4262,3.4262,3.4262,3.4262,3.4262,3.4262,3.4262,3.4262,3.4262,3.4262,3.4262,3.4262
4.2374,4.2158,4.1948,4.1746,4.1544,4.1343,4.1141,4.094,4.0739,4.0471,4.0187,3.6566,0.7825,1.5034,1.5034,1.5034,1.5034,1.5034,1.5034,1.5034,1.5034,1.5034,1.5034,1.5034,1.5034,1.5034,1.5034
1.7656,1.7656,1.7656,1.7656,1.7656,1.7656,1.7656,1.7656,1.7656,1.7656,1.7656,1.7656,1.1448,1.7656,1.7656,1.7656,1.7656,1.7656,1.7656,1.7656,1.7656,1.7656,1.7656,1.7656,1.7656,1.7656,1.7656
1.8041,1.8119,1.8195,1.8268,1.8341,1.8414,1.8487,1.856,1.8633,1.873,1.8832,1.9938,0.9869,3.4542,3.4542,3.4542,3.4542,3.4542,3.4542,3.4542,3.4542,3.4542,3.4542,3.4542,3.4542,3.4542,3.4542
1.4719,1.4644,1.4571,1.45,1.443,1.436,1.4291,1.4221,1.4151,1.4058,1.3959,1.2897,0.7688,4.1496,3.9828,3.7982,3.5613,3.3241,3.0775,2.8309,2.5836,2.3362,2.0887,1.8411,1.5936,1.346,1.0984
1.8611,1.8611,1.8611,1.8611,1.8611,1.8611,1.8611,1.8611,1.8611,1.8611,1.8611,1.8611,1.8611,1.8611,1.8611,1.8611,1.8611,1.8611,1.8611,1.8611,1.8611,1.8611,1.8611,1.8611,1.8611,1.8611,1.8611
4.5858,4.5858,4.5858,4.5858,4.5858,4.5858,4.5858,4.5858,4.5858,4.5858,4.5858,3.5512,0.76,1.4591,1.4591,1.4591,1.4591,1.4591,1.4591,1.4591,1.4591,1.4591,1.4591,1.4591,1.4591,1.4591,1.4591
1.6932,1.6846,1.6762,1.6682,1.6601,1.652,1.644,1.636,1.6279,1.6172,1.6058,1.4837,0.7556,2.8813,2.8813,2.8813,2.8813,2.8813,2.8813,2.8813,2.8813,2.6876,2.4028,2.118,1.8333,1.5485,1.2637
1.663,1.6702,1.6772,1.684,1.6907,1.6974,1.7041,1.7108,1.7175,1.7265,1.736,1.8379,1.3891,5.2445,5.4047,5.5819,5.8094,6.0372,6.274,6.5108,6.7482,6.9859,7.2236,7.4613,7.699,7.9367,8.1745
2.2084,2.1971,2.1862,2.1756,2.1651,2.1546,2.1442,2.1337,2.1232,2.1092,2.0944,1.9351,0.747,1.8371,1.8371,1.8371,1.8371,1.8371,1.8371,1.8371,1.8371,1.8371,1.8371,1.8371,1.8371,1.8371,1.6481
1.6271,1.6271,1.6271,1.6271,1.6271,1.6271,1.6271,1.6271,1.6271,1.6271,1.6271,1.6271,1.6271,1.6271,1.6271,1.6271,1.6271,1.6271,1.6271,1.6271,1.6271,1.6271,1.6271,1.6271,1.6271,1.6271,1.6271
2.3024,2.3124,2.3221,2.3314,2.3407,2.35,2.3593,2.3686,2.3779,2.3903,2.4034,2.5446,0.7387,2.0345,2.0345,2.0345,2.0345,2.0345,2.0345,2.0345,2.0345,2.0345,2.0345,2.0345,2.0345,2.0345,2.0345
1.4007,1.3936,1.3866,1.3799,1.3733,1.3666,1.36,1.3533,1.3467,1.3378,1.3284,1.2274,0.7346,3.949,3.7902,3.6146,3.3891,3.1634,2.9287,2.6941,2.4587,2.2232,1.9877,1.7521,1.5165,1.2809,1.0453
2.1715,2.1809,2.1901,2.1989,2.2077,2.2164,2.2252,2.234,2.2427,2.2544,2.2668,2.3999,1.8138,2.4951,2.4951,2.4951,2.4951,2.4951,2.4951,2.4951,2.4951,2.4951,2.4951,2.4951,2.4951,2.4951,2.4951
4.503,4.503,4.503,4.503,4.503,4.503,4.503,4.503,4.503,4.503,4.503,3.3947,0.7265,1.4328,1.4328,1.4328,1.4328,1.4328,1.4328,1.4328,1.4328,1.4328,1.4328,1.4328,1.4328,1.4328,1.4328
2.0007,2.0007,2.0007,2.0007,2.0007,2.0007,2.0007,2.0007,2.0007,2.0007,2.0007,2.0007,0.777,2.0007,2.0007,2.0007,2.0007,2.0007,2.0007,2.0007,2.0007,2.0007,2.0007,2.0007,2.0007,2.0007,1.7942
1.6844,1.6917,1.6988,1.7056,1.7124,1.7192,1.726,1.7328,1.7396,1.7487,1.7583,1.8616,1.4069,5.3119,5.4742,5.6537,5.8841,6.1149,6.3547,6.5945,6.835,6.9176,6.9176,6.9176,6.9176,6.9176,6.9176
1.6283,1.62,1.6119,1.6042,1.5964,1.5887,1.5809,1.5732,1.5655,1.5552,1.5442,1.4268,0.7147,2.7943,2.7943,2.7943,2.7943,2.7943,2.7943,2.7943,2.7943,2.5845,2.3107,2.0368,1.7629,1.4891,1.2152
1.7002,1.7002,1.7002,1.7002,1.7002,1.7002,1.7002,1.7002,1.7002,1.7002,1.7002,1.7002,1.7002,1.7002,1.7002,1.7002,1.7002,1.7002,1.7002,1.7002,1.7002,1.7002,1.7002,1.7002,1.7002,1.7002,1.7002
3.8163,3.8328,3.8489,3.8643,3.8798,3.8952,3.9106,3.926,3.9414,3.9619,3.9837,3.3036,0.707,1.5789,1.5789,1.5789,1.5789,1.5789,1.5789,1.5789,1.5789,1.5789,1.5789,1.5789,1.5789,1.5789,1.5789
1.5111,1.5034,1.4959,1.4887,1.4815,1.4743,1.4671,1.46,1.4528,1.4432,1.4331,1.3241,0.7032,4.2602,4.0889,3.8994,3.6562,3.4126,3.1595,2.9064,2.6525,2.3984,2.1443,1.8902,1.636,1.3819,1.1277
1.7625,1.7701,1.7775,1.7847,1.7918,1.7989,1.806,1.8131,1.8203,1.8297,1.8398,1.9478,1.4721,4.6287,4.6287,4.6287,4.6287,4.6287,4.6287,4.6287,4.6287,4.6287,4.6287,4.6287,4.6287,4.6287,4.6287
3.0981,3.0823,3.0669,3.0522,3.0374,3.0227,3.008,2.9933,2.9786,2.9589,2.9382,2.7147,0.6958,1.5977,1.5977,1.5977,1.5977,1.5977,1.5977,1.5977,1.5977,1.5977,1.5977,1.5977,1.5977,1.5977,1.5977
1.6905,1.6905,1.6905,1.6905,1.6905,1.6905,1.6905,1.6905,1.6905,1.6905,1.6905,1.6905,1.6886,1.6905,1.6905,1.6905,1.6905,1.6905,1.6905,1.6905,1.6905,1.6905,1.6905,1.6905,1.6905,1.6905,1.6905
1.9452,1.9536,1.9618,1.9697,1.9776,1.9854,1.9933,2.0011,2.009,2.0194,2.0305,2.1498,0.7698,2.6944,2.6944,2.6944,2.6944,2.6944,2.6944,2.6944,2.6944,2.6944,2.6944,2.6944,2.6944,2.6944,2.6944
1.4275,1.4202,1.4132,1.4063,1.3995,1.3928,1.386,1.3792,1.3724,1.3634,1.3538,1.2509,0.685,4.0245,3.8627,3.6838,3.454,3.2239,2.9847,2.7456,2.5058,2.2658,2.0257,1.7856,1.5455,1.3054,1.0653
2.0388,2.0388,2.0388,2.0388,2.0388,2.0388,2.0388,2.0388,2.0388,2.0388,2.0388,2.0388,2.0388,2.0388,2.0388,2.0388,2.0388,2.0388,2.0388,2.0388,2.0388,2.0388,2.0388,2.0388,2.0388,2.0388,2.0388
4.5026,4.5026,4.5026,4.5026,4.5026,4.5026,4.5026,4.5026,4.5026,4.5026,4.5026,3.1678,0.6779,1.4327,1.4327,1.4327,1.4327,1.4327,1.4327,1.4327,1.4327,1.4327,1.4327,1.4327,1.4327,1.4327,1.4327
1.8884,1.8788,1.8694,1.8604,1.8514,1.8424,1.8335,1.8245,1.8155,1.8036,1.7909,1.6547,0.6744,2.4377,2.4377,2.4377,2.4377,2.4377,2.4377,2.4377,2.4377,2.4377,2.4377,2.3622,2.0445,1.7269,1.4093
1.6525,1.6596,1.6666,1.6733,1.68,1.6866,1.6933,1.7,1.7066,1.7155,1.725,1.8263,1.3803,5.2112,5.3704,5.5465,5.7726,5.999,6.2342,6.4695,6.7055,6.9416,7.1778,7.414,7.6502,7.8864,8.1227
1.9213,1.9115,1.902,1.8928,1.8837,1.8745,1.8654,1.8563,1.8472,1.835,1.8221,1.6835,0.6676,2.0913,2.0913,2.0913,2.0913,2.0913,2.0913,2.0913,2.0913,2.0913,2.0913,2.0913,2.0802,1.757,1.4338
1.636,1.636,1.636,1.636,1.636,1.636,1.636,1.636,1.636,1.636,1.636,1.636,1.636,1.636,1.636,1.636,1.636,1.636,1.636,1.636,1.636,1.636,1.636,1.636,1.636,1.636,1.636
2.6853,2.6969,2.7082,2.7191,2.73,2.7408,2.7516,2.7625,2.7733,2.7877,2.8031,2.9677,0.6609,1.8114,1.8114,1.8114,1.8114,1.8114,1.8114,1.8114,1.8114,1.8114,1.8114,1.8114,1.8114,1.8114,1.8114
1.4251,1.4178,1.4107,1.4039,1.3972,1.3904,1.3836,1.3769,1.3701,1.3611,1.3515,1.2487,0.6576,4.0177,3.8562,3.6775,3.4481,3.2184,2.9797,2.7409,2.5015,2.2619,2.0223,1.7826,1.5429,1.3032,1.0635
1.972,1.9805,1.9888,1.9968,2.0048,2.0127,2.0207,2.0287,2.0366,2.0472,2.0585,2.1794,1.6471,2.9972,2.9972,2.9972,2.9972,2.9972,2.9972,2.9972,2.9972,2.9972,2.9972,2.9972,2.9972,2.9972,2.9972
4.6367,4.6367,4.6367,4.6367,4.6367,4.6367,4.6367,4.6367,4.6367,4.6367,4.6367,3.0426,0.6511,1.4753,1.4753,1.4753,1.4753,1.4753,1.4753,1.4753,1.4753,1.4753,1.4753,1.4753,1.4753,1.4753,1.4753
1.8485,1.8485,1.8485,1.8485,1.8485,1.8485,1.8485,1.8485,1.8485,1.8485,1.8485,1.8485,0.969,1.8485,1.8485,1.8485,1.8485,1.8485,1.8485,1.8485,1.8485,1.8485,1.8485,1.8485,1.8485,1.8485,1.8485
1.7561,1.7637,1.7711,1.7782,1.7853,1.7924,1.7995,1.8066,1.8137,1.8231,1.8332,1.9408,1.2209,4.2731,4.2731,4.2731,4.2731,4.2731,4.2731,4.2731,4.2731,4.2731,4.2731,4.2731,4.2731,4.2731,4.2731
1.528,1.5202,1.5126,1.5053,1.498,1.4908,1.4835,1.4763,1.469,1.4593,1.4491,1.3389,0.6416,3.6638,3.6638,3.6638,3.6638,3.4507,3.1948,2.9388,2.6821,2.4252,2.1683,1.9113,1.6543,1.3973,1.1403
1.7959,1.7959,1.7959,1.7959,1.7959,1.7959,1.7959,1.7959,1.7959,1.7959,1.7959,1.7959,1.7959,1.7959,1.7959,1.7959,1.7959,1.7959,1.7959,1.7959,1.7959,1.7959,1.7959,1.7959,1.7959,1.7959,1.7959
4.7229,4.7229,4.7229,4.7229,4.7229,4.7229,4.7229,4.7229,4.7229,4.7229,4.7229,2.9693,0.6354,1.5027,1.5027,1.5027,1.5027,1.5027,1.5027,1.5027,1.5027,1.5027,1.5027,1.5027,1.5027,1.5027,1.5027
1.6185,1.6103,1.6023,1.5946,1.5868,1.5792,1.5715,1.5638,1.5561,1.5459,1.535,1.4183,0.6324,3.3121,3.3121,3.3121,3.3121,3.3121,3.3121,3.1131,2.8411,2.569,2.2968,2.0246,1.7524,1.4801,1.2079
1.6998,1.7072,1.7143,1.7212,1.7281,1.735,1.7418,1.7487,1.7555,1.7647,1.7744,1.8786,1.4198,5.3605,5.5243,5.7054,5.938,6.1708,6.4129,6.6549,6.8976,7.1405,7.3067,7.3067,7.3067,7.3067,7.3067
2.4814,2.4688,2.4565,2.4447,2.4328,2.4211,2.4093,2.3975,2.3857,2.37,2.3534,2.1744,0.6264,1.7375,1.7375,1.7375,1.7375,1.7375,1.7375,1.7375,1.7375,1.7375,1.7375,1.7375,1.7375,1.7375,1.7375
1.651,1.651,1.651,1.651,1.651,1.651,1.651,1.651,1.651,1.651,1.651,1.651,1.651,1.651,1.651,1.651,1.651,1.651,1.651,1.651,1.651,1.651,1.651,1.651,1.651,1.651,1.651
2.1514,2.1607,2.1698,2.1785,2.1872,2.1959,2.2046,2.2133,2.2219,2.2335,2.2458,2.3777,0.6415,2.2454,2.2454,2.2454,2.2454,2.2454,2.2454,2.2454,2.2454,2.2454,2.2454,2.2454,2.2454,2.2454,2.2454
1.4111,1.4039,1.3969,1.3902,1.3834,1.3767,1.37,1.3633,1.3566,1.3477,1.3382,1.2365,0.6176,3.9782,3.8183,3.6414,3.4142,3.1868,2.9504,2.714,2.477,2.2397,2.0024,1.7651,1.5278,1.2904,1.0531
2.2986,2.2986,2.2986,2.2986,2.2986,2.2986,2.2986,2.2986,2.2986,2.2986,2.2986,2.2986,2.2986,2.2986,2.2986,2.2986,2.2986,2.2986,2.2986,2.2986,2.2986,2.2986,2.2986,2.2986,2.2986,2.2986,2.2986
4.5039,4.5039,4.5039,4.5039,4.5039,4.5039,4.5039,4.5039,4.5039,4.5039,4.5039,2.8591,0.6119,1.4331,1.4331,1.4331,1.4331,1.4331,1.4331,1.4331,1.4331,1.4331,1.4331,1.4331,1.4331,1.4331,1.4331
2.1487,2.1487,2.1487,2.1448,2.1344,2.1241,2.1137,2.1034,2.0931,2.0793,2.0647,1.9076,0.7036,2.1487,2.1487,2.1487,2.1487,2.1487,2.1487,2.1487,2.1487,2.1487,2.1487,2.1487,2.1487,1.9909,1.6247
1.6725,1.6798,1.6868,1.6936,1.7004,1.7071,1.7139,1.7206,1.7273,1.7363,1.7459,1.8484,1.397,5.2744,5.4355,5.6138,5.8426,6.0717,6.3098,6.548,6.7868,7.0258,7.2648,7.5039,7.743,7.9821,8.2212
1.7298,1.721,1.7125,1.7042,1.696,1.6878,1.6795,1.6713,1.6631,1.6522,1.6406,1.5158,0.6035,2.4764,2.4764,2.4764,2.4764,2.4764,2.4764,2.4764,2.4764,2.4764,2.4548,2.1638,1.8729,1.5819,1.291
1.6756,1.6756,1.6756,1.6756,1.6756,1.6756,1.6756,1.6756,1.6756,1.6756,1.6756,1.6756,1.6756,1.6756,1.6756,1.6756,1.6756,1.6756,1.6756,1.6756,1.6756,1.6756,1.6756,1.6756,1.6756,1.6756,1.6756
3.2874,3.3017,3.3155,3.3288,3.3421,3.3554,3.3687,3.3819,3.3952,3.4129,3.4316,2.7942,0.598,1.6612,1.6612,1.6612,1.6612,1.6612,1.6612,1.6612,1.6612,1.6612,1.6612,1.6612,1.6612,1.6612,1.6612
1.4776,1.47,1.4627,1.4557,1.4486,1.4416,1.4346,1.4276,1.4206,1.4112,1.4013,1.2947,0.5953,4.1656,3.9982,3.8129,3.5751,3.3369,3.0894,2.8419,2.5936,2.3452,2.0967,1.8482,1.5997,1.3512,1.1027
1.838,1.846,1.8537,1.8612,1.8686,1.8761,1.8835,1.8909,1.8983,1.9082,1.9187,2.0314,3.8319,3.8319,3.8319,3.8319,3.8319,3.8319,3.8319,3.8319,3.8319,3.8319,3.8319,3.8319,3.8319,3.8319,3.8319
3.7409,3.7218,3.7033,3.6854,3.6676,3.6499,3.6321,3.6143,3.5966,3.5729,3.5478,2.7567,0.59,1.5492,1.5492,1.5492,1.5492,1.5492,1.5492,1.5492,1.5492,1.5492,1.5492,1.5492,1.5492,1.5492,1.5492
1.7486,1.7486,1.7486,1.7486,1.7486,1.7486,1.7486,1.7486,1.7486,1.7486,1.7486,1.7486,1.3153,1.7486,1.7486,1.7486,1.7486,1.7486,1.7486,1.7486,1.7486,1.7486,1.7486,1.7486,1.7486,1.7486,1.7486
1.8692,1.8773,1.8851,1.8927,1.9003,1.9078,1.9154,1.9229,1.9304,1.9405,1.9512,2.0657,0.8972,3.1402,3.1402,3.1402,3.1402,3.1402,3.1402,3.1402,3.1402,3.1402,3.1402,3.1402,3.1402,3.1402,3.1402
1.4652,1.4577,1.4505,1.4435,1.4365,1.4296,1.4226,1.4156,1.4087,1.3994,1.3896,1.2839,0.5821,4.1308,3.9648,3.7811,3.5452,3.309,3.0636,2.8181,2.572,2.3256,2.0792,1.8328,1.5864,1.3399,1.0935
1.9396,1.9396,1.9396,1.9396,1.9396,1.9396,1.9396,1.9396,1.9396,1.9396,1.9396,1.9396,1.9396,1.9396,1.9396,1.9396,1.9396,1.9396,1.9396,1.9396,1.9396,1.9396,1.9396,1.9396,1.9396,1.9396,1.9396
4.5874,4.5874,4.5874,4.5874,4.5874,4.5874,4.5874,4.5874,4.5874,4.5874,4.5874,2.6964,0.577,1.4596,1.4596,1.4596,1.4596,1.4596,1.4596,1.4596,1.4596,1.4596,1.4596,1.4596,1.4596,1.4596,1.4596
1.7762,1.7672,1.7584,1.7499,1.7414,1.733,1.7246,1.7161,1.7077,1.6965,1.6845,1.5564,0.5745,2.7137,2.7137,2.7137,2.7137,2.7137,2.7137,2.7137,2.7137,2.7137,2.5206,2.2218,1.9231,1.6243,1.3256
1.6715,1.6787,1.6857,1.6925,1.6993,1.706,1.7128,1.7195,1.7263,1.7353,1.7448,1.8472,1.3961,5.2711,5.4321,5.6102,5.8389,6.0679,6.3059,6.5438,6.7825,7.0214,7.2602,7.4992,7.7381,7.977,8.216
2.1047,2.0939,2.0835,2.0735,2.0634,2.0534,2.0435,2.0335,2.0235,2.0101,1.996,1.8442,0.5696,1.9414,1.9414,1.9414,1.9414,1.9414,1.9414,1.9414,1.9414,1.9414,1.9414,1.9414,1.9414,1.9247,1.5707
1.6429,1.6429,1.6429,1.6429,1.6429,1.6429,1.6429,1.6429,1.6429,1.6429,1.6429,1.6429,1.6429,1.6429,1.6429,1.6429,1.6429,1.6429,1.6429,1.6429,1.6429,1.6429,1.6429,1.6429,1.6429,1.6429,1.6429
2.4541,2.4648,2.4751,2.4851,2.495,2.5049,2.5148,2.5247,2.5346,2.5478,2.5618,2.6387,0.5647,1.9578,1.9578,1.9578,1.9578,1.9578,1.9578,1.9578,1.9578,1.9578,1.9578,1.9578,1.9578,1.9578,1.9578
1.4209,1.4136,1.4066,1.3998,1.393,1.3863,1.3795,1.3728,1.366,1.357,1.3475,1.245,0.5623,4.0058,3.8447,3.6666,3.4379,3.2088,2.9708,2.7328,2.4941,2.2552,2.0163,1.7773,1.5383,1.2994,1.0604
2.1068,2.1159,2.1248,2.1333,2.1418,2.1503,2.1588,2.1673,2.1758,2.1872,2.1992,2.3283,2.6869,2.6869,2.6869,2.6869,2.6869,2.6869,2.6869,2.6869,2.6869,2.6869,2.6869,2.6869,2.6869,2.6869,2.6869
4.589,4.589,4.589,4.589,4.589,4.589,4.589,4.589,4.589,4.589,4.589,2.6052,0.5575,1.4601,1.4601,1.4601,1.4601,1.4601,1.4601,1.4601,1.4601,1.4601,1.4601,1.4601,1.4601,1.4601,1.4601
1.9549,1.9549,1.9549,1.9549,1.9549,1.9549,1.9549,1.9549,1.9549,1.9549,1.9549,1.9549,0.8474,1.9549,1.9549,1.9549,1.9549,1.9549,1.9549,1.9549,1.9549,1.9549,1.9549,1.9549,1.9549,1.9549,1.9549
1.7248,1.7322,1.7395,1.7465,1.7535,1.7604,1.7674,1.7744,1.7813,1.7906,1.8004,1.9062,5.2694,5.4392,5.6053,5.6363,5.6363,5.6363,5.6363,5.6363,5.6363,5.6363,5.6363,5.6363,5.6363,5.6363,5.6363
1.601,1.5929,1.5849,1.5773,1.5697,1.5621,1.5545,1.5469,1.5393,1.5291,1.5184,1.4029,0.5505,3.0983,3.0983,3.0983,3.0983,3.0983,3.0983,3.0794,2.8104,2.5412,2.272,2.0027,1.7334,1.4641,1.1948
1.7496,1.7496,1.7496,1.7496,1.7496,1.7496,1.7496,1.7496,1.7496,1.7496,1.7496,1.7496,1.7496,1.7496,1.7496,1.7496,1.7496,1.7496,1.7496,1.7496,1.7496,1.7496,1.7496,1.7496,1.7496,1.7496,1.7496
4.3282,4.3469,4.3651,4.3827,4.4002,4.4177,4.4352,4.4526,4.4701,4.4934,4.518,2.5513,0.546,1.5614,1.5614,1.5614,1.5614,1.5614,1.5614,1.5614,1.5614,1.5614,1.5614,1.5614,1.5614,1.5614,1.5614
1.5632,1.5552,1.5474,1.54,1.5325,1.5251,1.5177,1.5103,1.5029,1.493,1.4825,1.3697,0.5437,3.9218,3.9218,3.9218,3.7822,3.5302,3.2684,3.0065,2.7439,2.4811,2.2182,1.9553,1.6924,1.4295,1.1666
1.7522,1.7598,1.7672,1.7743,1.7814,1.7884,1.7955,1.8026,1.8096,1.8191,1.8291,1.9365,5.3532,5.429,5.429,5.429,5.429,5.429,5.429,5.429,5.429,5.429,5.429,5.429,5.429,5.429,5.429
2.8521,2.8376,2.8234,2.8098,2.7962,2.7827,2.7692,2.7556,2.7421,2.724,2.7049,2.4992,0.5393,1.6621,1.6621,1.6621,1.6621,1.6621,1.6621,1.6621,1.6621,1.6621,1.6621,1.6621,1.6621,1.6621,1.6621
1.689,1.689,1.689,1.689,1.689,1.689,1.689,1.689,1.689,1.689,1.689,1.689,1.689,1.689,1.689,1.689,1.689,1.689,1.689,1.689,1.689,1.689,1.689,1.689,1.689,1.689,1.689
2.0362,2.045,2.0536,2.0619,2.0701,2.0783,2.0866,2.0948,2.103,2.114,2.1256,2.2504,0.721,2.5236,2.5236,2.5236,2.5236,2.5236,2.5236,2.5236,2.5236,2.5236,2.5236,2.5236,2.5236,2.5236,2.5236
1.4331,1.4258,1.4187,1.4119,1.405,1.3982,1.3914,1.3846,1.3778,1.3688,1.3591,1.2558,0.5327,4.0404,3.8779,3.6983,3.4676,3.2365,2.9965,2.7564,2.5156,2.2747,2.0337,1.7927,1.5516,1.3106,1.0695
2.1491,2.1491,2.1491,2.1491,2.1491,2.1491,2.1491,2.1491,2.1491,2.1491,2.1491,2.1491,2.1491,2.1491,2.1491,2.1491,2.1491,2.1491,2.1491,2.1491,2.1491,2.1491,2.1491,2.1491,2.1491,2.1491,2.1491
4.5415,4.5415,4.5415,4.5415,4.5415,4.5415,4.5415,4.5415,4.5415,4.5415,4.456,2.4695,0.5285,1.445,1.445,1.445,1.445,1.445,1.445,1.445,1.445,1.445,1.445,1.445,1.445,1.445,1.445
2.0065,1.9963,1.9863,1.9768,1.9672,1.9577,1.9481,1.9386,1.9291,1.9164,1.9029,1.7582,0.6485,2.3381,2.3381,2.3381,2.3381,2.3381,2.3381,2.3381,2.3381,2.3381,2.3381,2.3381,2.1724,1.8349,1.4974
1.6744,1.6817,1.6887,1.6955,1.7023,1.709,1.7158,1.7225,1.7293,1.7383,1.7479,1.8505,5.1156,5.2804,5.4417,5.6201,5.8492,6.0786,6.317,6.5554,6.7945,7.0337,7.273,7.5124,7.7517,7.9911,8.2305
1.8591,1.8496,1.8404,1.8316,1.8227,1.8139,1.805,1.7962,1.7874,1.7756,1.7632,1.6291,0.6008,2.2431,2.2431,2.2431,2.2431,2.2431,2.2431,2.2431,2.2431,2.2431,2.2431,2.2431,2.0128,1.7001,1.3874
1.6653,1.6653,1.6653,1.6653,1.6653,1.6653,1.6653,1.6653,1.6653,1.6653,1.6653,1.6653,1.6653,1.6653,1.6653,1.6653,1.6653,1.6653,1.6653,1.6653,1.6653,1.6653,1.6653,1.6653,1.6653,1.6653,1.6653
2.9133,2.9259,2.9382,2.95,2.9618,2.9735,2.9853,2.9971,3.0088,3.0245,3.0411,2.4209,0.5181,1.7661,1.7661,1.7661,1.7661,1.7661,1.7661,1.7661,1.7661,1.7661,1.7661,1.7661,1.7661,1.7661,1.7661
1.4575,1.4501,1.4428,1.4359,1.4289,1.422,1.4151,1.4082,1.4013,1.392,1.3823,1.2771,0.5161,4.1091,3.9439,3.7612,3.5265,3.2916,3.0474,2.8033,2.5584,2.3134,2.0683,1.8231,1.578,1.3329,1.0877
1.9354,1.9438,1.952,1.9598,1.9677,1.9755,1.9833,1.9911,1.9989,2.0093,2.0204,2.139,3.2992,3.2992,3.2992,3.2992,3.2992,3.2992,3.2992,3.2992,3.2992,3.2992,3.2992,3.2992,3.2992,3.2992,3.2992
4.75,4.7258,4.7023,4.6796,4.657,4.6344,4.6119,4.5893,4.5668,4.5367,4.3175,2.3927,0.5121,1.5162,1.5162,1.5162,1.5162,1.5162,1.5162,1.5162,1.5162,1.5162,1.5162,1.5162,1.5162,1.5162,1.5162
1.8252,1.8252,1.8252,1.8252,1.8252,1.8252,1.8252,1.8252,1.8252,1.8252,1.8252,1.8252,1.0874,1.8252,1.8252,1.8252,1.8252,1.8252,1.8252,1.8252,1.8252,1.8252,1.8252,1.8252,1.8252,1.8252,1.8252
1.814,1.8219,1.8295,1.8369,1.8442,1.8516,1.8589,1.8662,1.8735,1.8833,1.8936,2.0048,1.0823,3.788,3.788,3.788,3.788,3.788,3.788,3.788,3.788,3.788,3.788,3.788,3.788,3.788,3.788
1.517,1.5092,1.5017,1.4945,1.4872,1.48,1.4728,1.4656,1.4584,1.4488,1.4387,1.3292,0.5062,4.2263,4.1048,3.9146,3.6704,3.4259,3.1718,2.9177,2.6628,2.4078,2.1527,1.8975,1.6424,1.3872,1.1321
1.8653,1.8653,1.8653,1.8653,1.8653,1.8653,1.8653,1.8653,1.8653,1.8653,1.8653,1.8653,1.8653,1.8653,1.8653,1.8653,1.8653,1.8653,1.8653,1.8653,1.8653,1.8653,1.8653,1.8653,1.8653,1.8653,1.8653
4.713,4.713,4.713,4.713,4.713,4.713,4.713,4.713,4.713,4.713,4.2353,2.3472,0.5023,1.4996,1.4996,1.4996,1.4996,1.4996,1.4996,1.4996,1.4996,1.4996,1.4996,1.4996,1.4996,1.4996,1.4996
1.6911,1.6824,1.6741,1.666,1.6579,1.6499,1.6419,1.6338,1.6258,1.6151,1.6038,1.4818,0.5465,3.0823,3.0823,3.0823,3.0823,3.0823,3.0823,3.0823,2.9684,2.6841,2.3997,2.1153,1.8309,1.5465,1.262
1.7046,1.7119,1.7191,1.726,1.7329,1.7398,1.7467,1.7536,1.7604,1.7696,1.7793,1.8838,5.2077,5.3755,5.5397,5.7213,5.9545,6.188,6.4307,6.6734,6.9168,7.1604,7.404,7.6477,7.8913,8.135,8.3787
2.3439,2.3319,2.3203,2.3091,2.298,2.2868,2.2757,2.2646,2.2535,2.2386,2.2229,2.0538,0.5221,1.8273,1.8273,1.8273,1.8273,1.8273,1.8273,1.8273,1.8273,1.8273,1.8273,1.8273,1.8273,1.8273,1.7492
1.6634,1.6634,1.6634,1.6634,1.6634,1.6634,1.6634,1.6634,1.6634,1.6634,1.6634,1.6634,1.6634,1.6634,1.6634,1.6634,1.6634,1.6634,1.6634,1.6634,1.6634,1.6634,1.6634,1.6634,1.6634,1.6634,1.6634
2.2795,2.2894,2.299,2.3083,2.3175,2.3267,2.3359,2.3451,2.3543,2.3666,2.3796,2.3033,0.6131,2.1459,2.1459,2.1459,2.1459,2.1459,2.1459,2.1459,2.1459,2.1459,2.1459,2.1459,2.1459,2.1459,2.1459
1.4283,1.421,1.4139,1.4071,1.4003,1.3935,1.3867,1.38,1.3732,1.3641,1.3546,1.2515,0.4911,4.0267,3.8648,3.6858,3.4559,3.2256,2.9864,2.7471,2.5071,2.267,2.0268,1.7866,1.5464,1.3061,1.0659
2.2785,2.2884,2.298,2.3072,2.3165,2.3257,2.3349,2.344,2.3532,2.3655,2.3785,2.2862,2.4567,2.4567,2.4567,2.4567,2.4567,2.4567,2.4567,2.4567,2.4567,2.4567,2.4567,2.4567,2.4567,2.4567,2.4567
4.5798,4.5798,4.5798,4.5798,4.5798,4.5798,4.5798,4.5798,4.5798,4.5798,4.11,2.2777,0.4874,1.4572,1.4572,1.4572,1.4572,1.4572,1.4572,1.4572,1.4572,1.4572,1.4572,1.4572,1.4572,1.4572,1.4572
2.0901,2.0901,2.0901,2.0901,2.0901,2.0901,2.0901,2.0901,2.0901,2.0901,2.0901,2.0601,0.7598,2.0901,2.0901,2.0901,2.0901,2.0901,2.0901,2.0901,2.0901,2.0901,2.0901,2.0901,2.0901,2.0901,1.7546
1.7086,1.716,1.7232,1.7302,1.7371,1.744,1.7509,1.7578,1.7647,1.7739,1.7836,1.8883,5.2202,5.3883,5.5529,5.735,5.9688,6.2029,6.4461,6.6894,6.9334,7.1775,7.4217,7.666,7.9102,8.1545,8.3127
1.6945,1.6859,1.6775,1.6694,1.6613,1.6533,1.6453,1.6372,1.6292,1.6184,1.6071,1.4848,0.5477,2.709,2.709,2.709,2.709,2.709,2.709,2.709,2.709,2.6896,2.4047,2.1197,1.8347,1.5496,1.2646
1.72,1.72,1.72,1.72,1.72,1.72,1.72,1.72,1.72,1.72,1.72,1.72,1.72,1.72,1.72,1.72,1.72,1.72,1.72,1.72,1.72,1.72,1.72,1.72,1.72,1.72,1.72
3.657,3.6728,3.6883,3.7031,3.7179,3.7326,3.7474,3.7622,3.7769,3.7966,3.8174,2.2364,0.4786,1.6375,1.6375,1.6375,1.6375,1.6375,1.6375,1.6375,1.6375,1.6375,1.6375,1.6375,1.6375,1.6375,1.6375
1.5243,1.5165,1.5089,1.5017,1.4944,1.4872,1.4799,1.4727,1.4655,1.4558,1.4456,1.3356,0.4926,4.2973,4.1245,3.9334,3.6881,3.4424,3.187,2.9317,2.6756,2.4193,2.163,1.9067,1.6503,1.3939,1.1375
1.8222,1.8301,1.8378,1.8452,1.8526,1.8599,1.8673,1.8746,1.882,1.8918,1.9022,2.0139,4.3621,4.3621,4.3621,4.3621,4.3621,4.3621,4.3621,4.3621,4.3621,4.3621,4.3621,4.3621,4.3621,4.3621,4.3621
3.3754,3.3582,3.3414,3.3253,3.3093,3.2932,3.2772,3.2612,3.2452,3.2238,3.2011,2.2123,0.4734,1.6067,1.6067,1.6067,1.6067,1.6067,1.6067,1.6067,1.6067,1.6067,1.6067,1.6067,1.6067,1.6067,1.6067
1.7427,1.7427,1.7427,1.7427,1.7427,1.7427,1.7427,1.7427,1.7427,1.7427,1.7427,1.7427,1.7427,1.7427,1.7427,1.7427,1.7427,1.7427,1.7427,1.7427,1.7427,1.7427,1.7427,1.7427,1.7427,1.7427,1.7427
1.9495,1.9579,1.9661,1.974,1.9819,1.9898,1.9977,2.0055,2.0134,2.0239,2.035,2.1545,0.8287,2.9005,2.9005,2.9005,2.9005,2.9005,2.9005,2.9005,2.9005,2.9005,2.9005,2.9005,2.9005,2.9005,2.9005
1.4676,1.4601,1.4528,1.4458,1.4389,1.4319,1.4249,1.418,1.411,1.4017,1.3918,1.286,0.4743,4.1376,3.9712,3.7872,3.551,3.3144,3.0686,2.8227,2.5762,2.3294,2.0826,1.8358,1.5889,1.3421,1.0953
2.0356,2.0356,2.0356,2.0356,2.0356,2.0356,2.0356,2.0356,2.0356,2.0356,2.0356,2.0356,2.0356,2.0356,2.0356,2.0356,2.0356,2.0356,2.0356,2.0356,2.0356,2.0356,2.0356,2.0356,2.0356,2.0356,2.0356
4.6169,4.6169,4.6169,4.6169,4.6169,4.6169,4.6169,4.6169,4.6169,4.6169,3.9216,2.1733,0.4651,1.469,1.469,1.469,1.469,1.469,1.469,1.469,1.469,1.469,1.469,1.469,1.469,1.469,1.469
1.8773,1.8677,1.8584,1.8494,1.8405,1.8316,1.8227,1.8138,1.8049,1.793,1.7804,1.645,0.6067,2.5828,2.5828,2.5828,2.5828,2.5828,2.5828,2.5828,2.5828,2.5828,2.5828,2.3482,2.0325,1.7167,1.401
1.6901,1.6974,1.7045,1.7113,1.7182,1.725,1.7318,1.7387,1.7455,1.7546,1.7642,1.8678,5.1634,5.3298,5.4926,5.6727,5.9039,6.1354,6.376,6.6167,6.858,7.0995,7.341,7.5826,7.8242,8.0658,8.3074
2.0243,2.014,2.0039,1.9943,1.9846,1.975,1.9654,1.9558,1.9462,1.9334,1.9198,1.7738,0.591,2.0684,2.0684,2.0684,2.0684,2.0684,2.0684,2.0684,2.0684,2.0684,2.0684,2.0684,2.0684,1.8512,1.5107
1.6689,1.6689,1.6689,1.6689,1.6689,1.6689,1.6689,1.6689,1.6689,1.6689,1.6689,1.6689,1.6689,1.6689,1.6689,1.6689,1.6689,1.6689,1.6689,1.6689,1.6689,1.6689,1.6689,1.6689,1.6689,1.6689,1.6689
2.6397,2.6511,2.6622,2.6729,2.6836,2.6943,2.7049,2.7156,2.7262,2.7404,2.7555,2.1356,0.5427,1.8996,1.8996,1.8996,1.8996,1.8996,1.8996,1.8996,1.8996,1.8996,1.8996,1.8996,1.8996,1.8996,1.8996
1.45,1.4426,1.4354,1.4285,1.4216,1.4147,1.4078,1.4009,1.3941,1.3849,1.3751,1.2706,0.4686,4.0879,3.9236,3.7418,3.5084,3.2746,3.0317,2.7889,2.5452,2.3015,2.0576,1.8138,1.5699,1.326,1.0821
2.0595,2.0684,2.0771,2.0854,2.0938,2.1021,2.1104,2.1187,2.127,2.1381,2.1498,2.1209,2.9238,2.9238,2.9238,2.9238,2.9238,2.9238,2.9238,2.9238,2.9238,2.9238,2.9238,2.9238,2.9238,2.9238,2.9238
4.7052,4.7052,4.7052,4.7052,4.7052,4.7052,4.7052,4.7052,4.7052,4.7052,3.8139,2.1137,0.4523,1.4971,1.4971,1.4971,1.4971,1.4971,1.4971,1.4971,1.4971,1.4971,1.4971,1.4971,1.4971,1.4971,1.4971
1.9236,1.9236,1.9236,1.9236,1.9236,1.9236,1.9236,1.9236,1.9236,1.9236,1.9236,1.9236,0.9358,1.9236,1.9236,1.9236,1.9236,1.9236,1.9236,1.9236,1.9236,1.9236,1.9236,1.9236,1.9236,1.9236,1.9236
1.7771,1.7848,1.7923,1.7995,1.8067,1.8138,1.821,1.8282,1.8353,1.8449,1.855,1.964,4.7998,4.7998,4.7998,4.7998,4.7998,4.7998,4.7998,4.7998,4.7998,4.7998,4.7998,4.7998,4.7998,4.7998,4.7998
1.5849,1.5768,1.569,1.5614,1.5538,1.5463,1.5388,1.5313,1.5238,1.5137,1.5031,1.3888,0.5122,3.4893,3.4893,3.4893,3.4893,3.4893,3.3138,3.0483,2.782,2.5156,2.2491,1.9825,1.7159,1.4494,1.1828
1.8119,1.8119,1.8119,1.8119,1.8119,1.8119,1.8119,1.8119,1.8119,1.8119,1.8119,1.8119,1.8119,1.8119,1.8119,1.8119,1.8119,1.8119,1.8119,1.8119,1.8119,1.8119,1.8119,1.8119,1.8119,1.8119,1.8119
4.8843,4.8843,4.8843,4.8843,4.8843,4.8843,4.8843,4.8843,4.8843,4.8843,3.7496,2.078,0.4447,1.5541,1.5541,1.5541,1.5541,1.5541,1.5541,1.5541,1.5541,1.5541,1.5541,1.5541,1.5541,1.5541,1.5541
1.6277,1.6194,1.6114,1.6036,1.5958,1.5881,1.5804,1.5727,1.5649,1.5546,1.5437,1.4263,0.5261,3.5905,3.5905,3.5905,3.5905,3.5905,3.4034,3.1307,2.8572,2.5836,2.3099,2.0361,1.7623,1.4885,1.2148
1.753,1.7606,1.768,1.7751,1.7822,1.7892,1.7963,1.8034,1.8105,1.8199,1.8299,1.9373,5.3557,5.5282,5.697,5.8838,6.1237,6.3638,6.5758,6.5758,6.5758,6.5758,6.5758,6.5758,6.5758,6.5758,6.5758
2.6628,2.6492,2.636,2.6233,2.6106,2.598,2.5853,2.5727,2.56,2.5432,2.5253,2.0572,0.4975,1.7412,1.7412,1.7412,1.7412,1.7412,1.7412,1.7412,1.7412,1.7412,1.7412,1.7412,1.7412,1.7412,1.7412
1.6981,1.6981,1.6981,1.6981,1.6981,1.6981,1.6981,1.6981,1.6981,1.6981,1.6981,1.6981,1.6981,1.6981,1.6981,1.6981,1.6981,1.6981,1.6981,1.6981,1.6981,1.6981,1.6981,1.6981,1.6981,1.6981,1.6981
2.1472,2.1565,2.1655,2.1743,2.1829,2.1916,2.2003,2.2089,2.2176,2.2292,2.2414,2.0435,0.6831,2.3908,2.3908,2.3908,2.3908,2.3908,2.3908,2.3908,2.3908,2.3908,2.3908,2.3908,2.3908,2.3908,2.3908
1.4476,1.4402,1.433,1.4261,1.4192,1.4123,1.4055,1.3986,1.3917,1.3826,1.3729,1.2684,0.4678,4.0811,3.917,3.7356,3.5025,3.2692,3.0267,2.7842,2.541,2.2976,2.0542,1.8107,1.5673,1.3238,1.0803
2.2833,2.2833,2.2833,2.2833,2.2833,2.2833,2.2833,2.2833,2.2833,2.2833,2.2833,2.0301,2.2833,2.2833,2.2833,2.2833,2.2833,2.2833,2.2833,2.2833,2.2833,2.2833,2.2833,2.2833,2.2833,2.2833,2.2833
4.6085,4.6085,4.6085,4.6085,4.6085,4.6085,4.6085,4.6085,4.6085,4.6085,3.6511,2.0234,0.433,1.4664,1.4664,1.4664,1.4664,1.4664,1.4664,1.4664,1.4664,1.4664,1.4664,1.4664,1.4664,1.4664,1.4664
2.1506,2.1396,2.129,2.1187,2.1084,2.0982,2.088,2.0778,2.0676,2.054,2.0396,1.8844,0.695,2.2622,2.2622,2.2622,2.2622,2.2622,2.2622,2.2622,2.2622,2.2622,2.2622,2.2622,2.2622,1.9667,1.605
1.707,1.7144,1.7216,1.7285,1.7354,1.7423,1.7492,1.7561,1.7629,1.7721,1.7819,1.8865,5.2151,5.3831,5.5476,5.7295,5.963,6.1969,6.4399,6.6829,6.9267,7.1706,7.4146,7.6586,7.9026,8.1466,8.3906
1.8133,1.8041,1.7951,1.7864,1.7778,1.7692,1.7606,1.752,1.7434,1.7319,1.7197,1.5889,0.586,2.4295,2.4295,2.4295,2.4295,2.4295,2.4295,2.4295,2.4295,2.4295,2.4295,2.2682,1.9632,1.6582,1.3533
1.7057,1.7057,1.7057,1.7057,1.7057,1.7057,1.7057,1.7057,1.7057,1.7057,1.7057,1.7057,1.7057,1.7057,1.7057,1.7057,1.7057,1.7057,1.7057,1.7057,1.7057,1.7057,1.7057,1.7057,1.7057,1.7057,1.7057
3.197,3.2108,3.2243,3.2373,3.2502,3.2631,3.276,3.2889,3.3018,3.319,3.3372,1.9907,0.4956,1.7347,1.7347,1.7347,1.7347,1.7347,1.7347,1.7347,1.7347,1.7347,1.7347,1.7347,1.7347,1.7347,1.7347
1.5,1.4923,1.4849,1.4777,1.4706,1.4635,1.4563,1.4492,1.4421,1.4326,1.4225,1.3144,0.4848,4.2288,4.0588,3.8708,3.6293,3.3875,3.1362,2.885,2.633,2.3808,2.1285,1.8763,1.624,1.3717,1.1194
1.9129,1.9212,1.9293,1.937,1.9448,1.9525,1.9602,1.9679,1.9756,1.9859,1.9968,1.9779,3.6826,3.6826,3.6826,3.6826,3.6826,3.6826,3.6826,3.6826,3.6826,3.6826,3.6826,3.6826,3.6826,3.6826,3.6826
4.1575,4.1364,4.1158,4.0959,4.0761,4.0564,4.0366,4.0169,3.9972,3.9708,3.5576,1.9716,0.4481,1.5682,1.5682,1.5682,1.5682,1.5682,1.5682,1.5682,1.5682,1.5682,1.5682,1.5682,1.5682,1.5682,1.5682
1.8142,1.8142,1.8142,1.8142,1.8142,1.8142,1.8142,1.8142,1.8142,1.8142,1.8142,1.8142,1.8142,1.8142,1.8142,1.8142,1.8142,1.8142,1.8142,1.8142,1.8142,1.8142,1.8142,1.8142,1.8142,1.8142,1.8142
1.8862,1.8944,1.9023,1.91,1.9176,1.9252,1.9328,1.9405,1.9481,1.9582,1.969,1.9591,0.9803,3.4311,3.4311,3.4311,3.4311,3.4311,3.4311,3.4311,3.4311,3.4311,3.4311,3.4311,3.4311,3.4311,3.4311
1.5158,1.5081,1.5006,1.4934,1.4861,1.4789,1.4717,1.4645,1.4574,1.4478,1.4376,1.3283,0.4899,4.2736,4.1017,3.9117,3.6677,3.4233,3.1694,2.9155,2.6608,2.406,2.1511,1.8961,1.6412,1.3862,1.1313
1.9506,1.9506,1.9506,1.9506,1.9506,1.9506,1.9506,1.9506,1.9506,1.9506,1.9506,1.9506,1.9506,1.9506,1.9506,1.9506,1.9506,1.9506,1.9506,1.9506,1.9506,1.9506,1.9506,1.9506,1.9506,1.9506,1.9506
4.733,4.733,4.733,4.733,4.733,4.733,4.733,4.733,4.733,4.733,3.5016,1.9406,0.4303,1.506,1.506,1.506,1.506,1.506,1.506,1.506,1.506,1.506,1.506,1.506,1.506,1.506,1.506
1.7796,1.7705,1.7617,1.7532,1.7447,1.7363,1.7278,1.7194,1.7109,1.6997,1.6877,1.5594,0.5751,2.9048,2.9048,2.9048,2.9048,2.9048,2.9048,2.9048,2.9048,2.8246,2.5254,2.226,1.9267,1.6274,1.3281
1.72,1.7274,1.7347,1.7417,1.7486,1.7556,1.7625,1.7694,1.7764,1.7856,1.7954,1.9009,5.2549,5.4242,5.5898,5.7731,6.0085,6.2441,6.489,6.7339,6.9795,7.2252,7.4711,7.7169,7.9628,8.2087,8.4546
2.2375,2.2261,2.215,2.2044,2.1937,2.1831,2.1725,2.1618,2.1512,2.137,2.122,1.9224,0.5533,1.9366,1.9366,1.9366,1.9366,1.9366,1.9366,1.9366,1.9366,1.9366,1.9366,1.9366,1.9366,1.9366,1.6699
1.6863,1.6863,1.6863,1.6863,1.6863,1.6863,1.6863,1.6863,1.6863,1.6863,1.6863,1.6863,1.6863,1.6863,1.6863,1.6863,1.6863,1.6863,1.6863,1.6863,1.6863,1.6863,1.6863,1.6863,1.6863,1.6863,1.6863
2.4356,2.4462,2.4564,2.4663,2.4762,2.486,2.4958,2.5056,2.5155,2.5286,2.5425,1.9105,0.5914,2.0698,2.0698,2.0698,2.0698,2.0698,2.0698,2.0698,2.0698,2.0698,2.0698,2.0698,2.0698,2.0698,2.0698
1.4546,1.4472,1.44,1.4331,1.4262,1.4192,1.4123,1.4054,1.3985,1.3893,1.3796,1.2746,0.4701,4.1011,3.9362,3.7538,3.5196,3.2852,3.0415,2.7978,2.5534,2.3089,2.0642,1.8196,1.5749,1.3303,1.0856
2.217,2.2265,2.2359,2.2449,2.2539,2.2628,2.2717,2.2807,2.2896,2.3016,2.3142,1.8987,2.6502,2.6502,2.6502,2.6502,2.6502,2.6502,2.6502,2.6502,2.6502,2.6502,2.6502,2.6502,2.6502,2.6502,2.6502
4.686,4.686,4.686,4.686,4.686,4.686,4.686,4.686,4.686,4.686,3.4155,1.8929,0.426,1.491,1.491,1.491,1.491,1.491,1.491,1.491,1.491,1.491,1.491,1.491,1.491,1.491,1.491
2.0488,2.0488,2.0488,2.0488,2.0488,2.0488,2.0488,2.0488,2.0488,2.0488,2.0488,1.8871,0.8294,2.0488,2.0488,2.0488,2.0488,2.0488,2.0488,2.0488,2.0488,2.0488,2.0488,2.0488,2.0488,2.0488,1.9152
1.7565,1.7641,1.7715,1.7787,1.7858,1.7929,1.8,1.807,1.8141,1.8236,1.8336,1.8813,5.3665,5.5394,5.7086,5.8958,6.1361,6.3768,6.5739,6.5739,6.5739,6.5739,6.5739,6.5739,6.5739,6.5739,6.5739
1.672,1.6635,1.6552,1.6473,1.6393,1.6313,1.6234,1.6155,1.6075,1.5969,1.5857,1.4651,0.5404,3.0015,3.0015,3.0015,3.0015,3.0015,3.0015,3.0015,2.935,2.6539,2.3727,2.0915,1.8103,1.5291,1.2478
1.7769,1.7769,1.7769,1.7769,1.7769,1.7769,1.7769,1.7769,1.7769,1.7769,1.7769,1.7769,1.7769,1.7769,1.7769,1.7769,1.7769,1.7769,1.7769,1.7769,1.7769,1.7769,1.7769,1.7769,1.7769,1.7769,1.7769
4.1337,4.1516,4.169,4.1858,4.2025,4.2192,4.2359,4.2525,4.2692,4.2915,3.3639,1.8642,0.4644,1.6254,1.6254,1.6254,1.6254,1.6254,1.6254,1.6254,1.6254,1.6254,1.6254,1.6254,1.6254,1.6254,1.6254
1.5828,1.5747,1.5669,1.5593,1.5518,1.5443,1.5368,1.5293,1.5217,1.5117,1.5011,1.3869,0.5115,4.3243,4.283,4.0845,3.8297,3.5746,3.3094,3.0443,2.7784,2.5123,2.2461,1.9799,1.7137,1.4475,1.1812
1.8186,1.8265,1.8342,1.8415,1.8489,1.8562,1.8636,1.8709,1.8782,1.888,1.8984,1.853,5.0748,5.0748,5.0748,5.0748,5.0748,5.0748,5.0748,5.0748,5.0748,5.0748,5.0748,5.0748,5.0748,5.0748,5.0748
3.1015,3.0857,3.0703,3.0556,3.0408,3.026,3.0113,2.9966,2.9819,2.9622,2.9414,1.8475,0.4793,1.6776,1.6776,1.6776,1.6776,1.6776,1.6776,1.6776,1.6776,1.6776,1.6776,1.6776,1.6776,1.6776,1.6776
1.7482,1.7482,1.7482,1.7482,1.7482,1.7482,1.7482,1.7482,1.7482,1.7482,1.7482,1.7482,1.7482,1.7482,1.7482,1.7482,1.7482,1.7482,1.7482,1.7482,1.7482,1.7482,1.7482,1.7482,1.7482,1.7482,1.7482
2.0478,2.0567,2.0653,2.0736,2.0819,2.0902,2.0984,2.1067,2.1149,2.126,2.1376,1.8365,0.7763,2.7169,2.7169,2.7169,2.7169,2.7169,2.7169,2.7169,2.7169,2.7169,2.7169,2.7169,2.7169,2.7169,2.7169
1.4794,1.4719,1.4645,1.4575,1.4504,1.4434,1.4364,1.4293,1.4223,1.413,1.403,1.2963,0.4781,4.1708,4.0031,3.8177,3.5795,3.3411,3.0932,2.8454,2.5969,2.3481,2.0994,1.8505,1.6017,1.3529,1.1041
2.1526,2.1526,2.1526,2.1526,2.1526,2.1526,2.1526,2.1526,2.1526,2.1526,2.1526,2.0481,2.1526,2.1526,2.1526,2.1526,2.1526,2.1526,2.1526,2.1526,2.1526,2.1526,2.1526,2.1526,2.1526,2.1526,2.1526
4.676,4.676,4.676,4.676,4.676,4.676,4.676,4.676,4.676,4.676,3.2844,1.8202,0.4251,1.4878,1.4878,1.4878,1.4878,1.4878,1.4878,1.4878,1.4878,1.4878,1.4878,1.4878,1.4878,1.4878,1.4878
2.0003,1.9901,1.9802,1.9706,1.9611,1.9516,1.9421,1.9326,1.9231,1.9104,1.897,1.7527,0.6465,2.4829,2.4829,2.4829,2.4829,2.4829,2.4829,2.4829,2.4829,2.4829,2.4829,2.4829,2.1657,1.8292,1.4928
1.7196,1.7271,1.7343,1.7413,1.7483,1.7552,1.7621,1.7691,1.776,1.7853,1.7951,1.8095,5.2538,5.423,5.5887,5.7719,6.0072,6.2428,6.4876,6.7324,6.978,7.2237,7.4695,7.7153,7.9611,8.207,8.4528
1.9643,1.9543,1.9446,1.9352,1.9258,1.9165,1.9072,1.8979,1.8885,1.8761,1.8629,1.7212,0.6348,2.2235,2.2235,2.2235,2.2235,2.2235,2.2235,2.2235,2.2235,2.2235,2.2235,2.2235,2.1267,1.7963,1.4659
1.7059,1.7059,1.7059,1.7059,1.7059,1.7059,1.7059,1.7059,1.7059,1.7059,1.7059,1.7059,1.7059,1.7059,1.7059,1.7059,1.7059,1.7059,1.7059,1.7059,1.7059,1.7059,1.7059,1.7059,1.7059,1.7059,1.7059
2.8679,2.8804,2.8924,2.9041,2.9157,2.9273,2.9388,2.9504,2.962,2.9774,2.9938,1.7937,0.5309,1.858,1.858,1.858,1.858,1.858,1.858,1.858,1.858,1.858,1.858,1.858,1.858,1.858,1.858
1.4891,1.4815,1.4742,1.4671,1.46,1.4529,1.4458,1.4388,1.4317,1.4223,1.4123,1.3049,0.4813,4.1983,4.0295,3.8428,3.6031,3.3631,3.1136,2.8642,2.614,2.3636,2.1132,1.8627,1.6123,1.3618,1.1113
2.0285,2.0373,2.0459,2.0541,2.0623,2.0705,2.0787,2.0869,2.095,2.106,2.1175,1.7833,3.219,3.219,3.219,3.219,3.219,3.219,3.219,3.219,3.219,3.219,3.219,3.219,3.219,3.219,3.219
4.8555,4.8555,4.8555,4.8555,4.8555,4.8555,4.8555,4.8555,4.8555,4.6859,3.2085,1.7782,0.4414,1.5449,1.5449,1.5449,1.5449,1.5449,1.5449,1.5449,1.5449,1.5449,1.5449,1.5449,1.5449,1.5449,1.5449
1.9066,1.9066,1.9066,1.9066,1.9066,1.9066,1.9066,1.9066,1.9066,1.9066,1.9066,1.773,1.9066,1.9066,1.9066,1.9066,1.9066,1.9066,1.9066,1.9066,1.9066,1.9066,1.9066,1.9066,1.9066,1.9066,1.9066
1.8431,1.8511,1.8588,1.8663,1.8738,1.8812,1.8886,1.8961,1.9035,1.9134,1.9239,1.7679,4.2214,4.2214,4.2214,4.2214,4.2214,4.2214,4.2214,4.2214,4.2214,4.2214,4.2214,4.2214,4.2214,4.2214,4.2214
1.5797,1.5717,1.5639,1.5563,1.5488,1.5413,1.5338,1.5263,1.5188,1.5088,1.4982,1.3843,0.5106,4.0037,4.0037,4.0037,3.8223,3.5677,3.3031,3.0384,2.773,2.5074,2.2418,1.9761,1.7104,1.4447,1.179
1.8893,1.8893,1.8893,1.8893,1.8893,1.8893,1.8893,1.8893,1.8893,1.8893,1.8893,1.8893,1.8893,1.8893,1.8893,1.8893,1.8893,1.8893,1.8893,1.8893,1.8893,1.8893,1.8893,1.8893,1.8893,1.8893,1.8893
4.8941,4.8941,4.8941,4.8941,4.8941,4.8941,4.8941,4.8941,4.8941,4.6193,3.1629,1.7529,0.4449,1.5572,1.5572,1.5572,1.5572,1.5572,1.5572,1.5572,1.5572,1.5572,1.5572,1.5572,1.5572,1.5572,1.5572
1.707,1.6983,1.6899,1.6817,1.6736,1.6655,1.6574,1.6493,1.6412,1.6304,1.6189,1.4958,0.5517,3.3396,3.3396,3.3396,3.3396,3.3396,3.3396,3.2832,2.9964,2.7094,2.4224,2.1353,1.8482,1.561,1.2739
1.7653,1.7729,1.7804,1.7875,1.7947,1.8018,1.8089,1.816,1.8232,1.8327,1.8427,1.7429,5.3932,5.567,5.737,5.9251,6.1667,6.4085,6.6598,6.9112,7.1632,7.4155,7.6678,7.9201,8.1725,8.3304,8.3304
2.5177,2.5049,2.4924,2.4804,2.4684,2.4565,2.4445,2.4326,2.4206,2.4047,2.3878,1.738,0.525,1.8376,1.8376,1.8376,1.8376,1.8376,1.8376,1.8376,1.8376,1.8376,1.8376,1.8376,1.8376,1.8376,1.8376
1.7182,1.7182,1.7182,1.7182,1.7182,1.7182,1.7182,1.7182,1.7182,1.7182,1.7182,1.7182,1.7182,1.7182,1.7182,1.7182,1.7182,1.7182,1.7182,1.7182,1.7182,1.7182,1.7182,1.7182,1.7182,1.7182,1.7182
2.2823,2.2922,2.3018,2.311,2.3203,2.3295,2.3387,2.3479,2.3571,2.3694,2.3824,1.7283,0.6541,2.2895,2.2895,2.2895,2.2895,2.2895,2.2895,2.2895,2.2895,2.2895,2.2895,2.2895,2.2895,2.2895,2.2895
1.4716,1.4641,1.4568,1.4498,1.4427,1.4358,1.4288,1.4218,1.4148,1.4055,1.3956,1.2895,0.4756,4.1488,3.982,3.7975,3.5606,3.3234,3.0769,2.8304,2.5831,2.3357,2.0883,1.8408,1.5932,1.3457,1.0982
2.4178,2.4282,2.4384,2.447,2.447,2.447,2.447,2.447,2.447,2.447,2.447,1.7775,2.447,2.447,2.447,2.447,2.447,2.447,2.447,2.447,2.447,2.447,2.447,2.447,2.447,2.447,2.447
4.7066,4.7066,4.7066,4.7066,4.7066,4.7066,4.7066,4.7066,4.7066,4.5165,3.0925,1.7139,0.4279,1.4976,1.4976,1.4976,1.4976,1.4976,1.4976,1.4976,1.4976,1.4976,1.4976,1.4976,1.4976,1.4976,1.4976
2.2076,2.2076,2.2076,2.2076,2.2076,2.2076,2.2076,2.2076,2.2076,2.2076,2.2071,1.7091,0.7521,2.2076,2.2076,2.2076,2.2076,2.2076,2.2076,2.2076,2.2076,2.2076,2.2076,2.2076,2.2076,2.1282,1.7368
1.7514,1.759,1.7664,1.7735,1.7806,1.7877,1.7947,1.8018,1.8089,1.8183,1.8283,1.7044,5.3509,5.5233,5.692,5.8787,6.1183,6.3582,6.6076,6.8569,7.107,7.3573,7.6076,7.858,8.1084,8.3587,8.6091
1.7827,1.7736,1.7648,1.7563,1.7478,1.7393,1.7308,1.7224,1.7139,1.7026,1.6907,1.5621,0.5761,2.6605,2.6605,2.6605,2.6605,2.6605,2.6605,2.6605,2.6605,2.6605,2.5298,2.2299,1.9301,1.6302,1.3304
1.7584,1.7584,1.7584,1.7584,1.7584,1.7584,1.7584,1.7584,1.7584,1.7584,1.7584,1.7584,1.7584,1.7584,1.7584,1.7584,1.7584,1.7584,1.7584,1.7584,1.7584,1.7584,1.7584,1.7584,1.7584,1.7584,1.7584
3.5545,3.5699,3.5848,3.5992,3.6136,3.628,3.6423,3.6567,3.671,3.6901,3.0501,1.6903,0.4905,1.7166,1.7166,1.7166,1.7166,1.7166,1.7166,1.7166,1.7166,1.7166,1.7166,1.7166,1.7166,1.7166,1.7166
1.554,1.546,1.5383,1.5309,1.5235,1.5161,1.5088,1.5014,1.494,1.4842,1.4737,1.3617,0.5022,4.381,4.2049,4.0101,3.7599,3.5095,3.2491,2.9888,2.7277,2.4665,2.2052,1.9438,1.6824,1.4211,1.1597
1.9042,1.9124,1.9205,1.9282,1.9359,1.9436,1.9513,1.9589,1.9666,1.9769,1.9877,1.6811,4.1788,4.1788,4.1788,4.1788,4.1788,4.1788,4.1788,4.1788,4.1788,4.1788,4.1788,4.1788,4.1788,4.1788,4.1788
3.7333,3.7143,3.6958,3.678,3.6602,3.6425,3.6247,3.607,3.5893,3.5657,3.0252,1.6765,0.4666,1.6331,1.6331,1.6331,1.6331,1.6331,1.6331,1.6331,1.6331,1.6331,1.6331,1.6331,1.6331,1.6331,1.6331
1.8158,1.8158,1.8158,1.8158,1.8158,1.8158,1.8158,1.8158,1.8158,1.8158,1.8158,1.8158,1.8158,1.8158,1.8158,1.8158,1.8158,1.8158,1.8158,1.8158,1.8158,1.8158,1.8158,1.8158,1.8158,1.8158,1.8158
1.9752,1.9837,1.992,2.0001,2.0081,2.016,2.024,2.032,2.0399,2.0506,2.0618,1.6675,0.9042,3.1648,3.1648,3.1648,3.1648,3.1648,3.1648,3.1648,3.1648,3.1648,3.1648,3.1648,3.1648,3.1648,3.1648
1.5249,1.5171,1.5096,1.5023,1.495,1.4878,1.4806,1.4733,1.4661,1.4564,1.4462,1.3362,0.4928,4.2992,4.1263,3.9352,3.6897,3.4439,3.1884,2.933,2.6768,2.4204,2.164,1.9075,1.651,1.3945,1.138
2.055,2.055,2.055,2.055,2.055,2.055,2.055,2.055,2.055,2.055,2.055,2.055,2.055,2.055,2.055,2.055,2.055,2.055,2.055,2.055,2.055,2.055,2.055,2.055,2.055,2.055,2.055
4.7847,4.7847,4.7847,4.7847,4.7847,4.7847,4.7847,4.7847,4.7847,4.3589,2.9846,1.654,0.435,1.5224,1.5224,1.5224,1.5224,1.5224,1.5224,1.5224,1.5224,1.5224,1.5224,1.5224,1.5224,1.5224,1.5224
1.8875,1.8778,1.8685,1.8595,1.8505,1.8415,1.8326,1.8236,1.8147,1.8027,1.79,1.6496,0.61,2.7697,2.7697,2.7697,2.7697,2.7697,2.7697,2.7697,2.7697,2.7697,2.6784,2.361,2.0435,1.7261,1.4086
1.747,1.7545,1.7619,1.769,1.7761,1.7831,1.7902,1.7972,1.8042,1.8136,1.8236,1.6452,5.3373,5.5092,5.6775,5.8637,6.1027,6.342,6.5908,6.8395,7.0889,7.3386,7.5883,7.838,8.0877,8.3374,8.5872
2.1577,2.1467,2.136,2.1258,2.1155,2.1052,2.095,2.0847,2.0745,2.0608,2.0464,1.6408,0.5914,2.0698,2.0698,2.0698,2.0698,2.0698,2.0698,2.0698,2.0698,2.0698,2.0698,2.0698,2.0698,1.9732,1.6103
1.7207,1.7207,1.7207,1.7207,1.7207,1.7207,1.7207,1.7207,1.7207,1.7207,1.7207,1.7207,1.7207,1.7207,1.7207,1.7207,1.7207,1.7207,1.7207,1.7207,1.7207,1.7207,1.7207,1.7207,1.7207,1.7207,1.7207
2.6265,2.6379,2.6489,2.6596,2.6702,2.6808,2.6914,2.702,2.7126,2.7267,2.7417,1.6321,0.5756,2.0147,2.0147,2.0147,2.0147,2.0147,2.0147,2.0147,2.0147,2.0147,2.0147,2.0147,2.0147,2.0147,2.0147
1.4912,1.4836,1.4762,1.4691,1.462,1.4549,1.4479,1.4408,1.4337,1.4243,1.4142,1.3067,0.4819,4.2042,4.0352,3.8482,3.6081,3.3678,3.118,2.8682,2.6176,2.3669,2.1161,1.8653,1.6145,1.3637,1.1129
2.1751,2.1845,2.1937,2.2025,2.2113,2.2201,2.2288,2.2376,2.2464,2.2581,2.2705,1.6235,2.8888,2.8888,2.8888,2.8888,2.8888,2.8888,2.8888,2.8888,2.8888,2.8888,2.8888,2.8888,2.8888,2.8888,2.8888
4.8264,4.8264,4.8264,4.8264,4.8264,4.8264,4.8264,4.8264,4.8264,4.2672,2.9218,1.6193,0.4388,1.5357,1.5357,1.5357,1.5357,1.5357,1.5357,1.5357,1.5357,1.5357,1.5357,1.5357,1.5357,1.5357,1.5357
2.0241,2.0241,2.0241,2.0241,2.0241,2.0241,2.0241,2.0241,2.0241,2.0241,2.0241,1.615,2.0241,2.0241,2.0241,2.0241,2.0241,2.0241,2.0241,2.0241,2.0241,2.0241,2.0241,2.0241,2.0241,2.0241,2.0241
1.8179,1.8258,1.8335,1.8408,1.8482,1.8555,1.8629,1.8702,1.8775,1.8873,1.8977,1.6108,5.5035,5.5035,5.5035,5.5035,5.5035,5.5035,5.5035,5.5035,5.5035,5.5035,5.5035,5.5035,5.5035,5.5035,5.5035
1.6621,1.6536,1.6454,1.6375,1.6296,1.6217,1.6138,1.6059,1.598,1.5875,1.5763,1.4564,0.5372,3.3749,3.3749,3.3749,3.3749,3.3749,3.3749,3.1968,2.9176,2.6381,2.3586,2.0791,1.7995,1.52,1.2404
1.8483,1.8483,1.8483,1.8483,1.8483,1.8483,1.8483,1.8483,1.8483,1.8483,1.8483,1.8483,1.8483,1.8483,1.8483,1.8483,1.8483,1.8483,1.8483,1.8483,1.8483,1.8483,1.8483,1.8483,1.8483,1.8483,1.8483
4.7634,4.784,4.8041,4.8234,4.8427,4.8619,4.8812,4.9004,4.9196,4.2119,2.8839,1.5983,0.4642,1.6249,1.6249,1.6249,1.6249,1.6249,1.6249,1.6249,1.6249,1.6249,1.6249,1.6249,1.6249,1.6249,1.6249
1.6553,1.6468,1.6386,1.6307,1.6228,1.615,1.6071,1.5993,1.5914,1.5809,1.5698,1.4504,0.535,3.9489,3.9489,3.9489,3.9489,3.7382,3.4609,3.1837,2.9056,2.6273,2.3489,2.0705,1.7921,1.5137,1.2353
1.8276,1.8356,1.8433,1.8507,1.8581,1.8655,1.8728,1.8802,1.8876,1.8974,1.9078,1.59,5.5838,5.7637,5.9397,6.07,6.07,6.07,6.07,6.07,6.07,6.07,6.07,6.07,6.07,6.07,6.07
2.8955,2.8808,2.8664,2.8526,2.8388,2.825,2.8113,2.7976,2.7838,2.7655,2.746,1.5859,0.5042,1.7646,1.7646,1.7646,1.7646,1.7646,1.7646,1.7646,1.7646,1.7646,1.7646,1.7646,1.7646,1.7646,1.7646
1.7657,1.7657,1.7657,1.7657,1.7657,1.7657,1.7657,1.7657,1.7657,1.7657,1.7657,1.7657,1.7657,1.7657,1.7657,1.7657,1.7657,1.7657,1.7657,1.7657,1.7657,1.7657,1.7657,1.7657,1.7657,1.7657,1.7657
2.1678,2.1772,2.1863,2.1951,2.2039,2.2126,2.2214,2.2301,2.2389,2.2505,2.2629,1.5778,0.7365,2.5779,2.5779,2.5779,2.5779,2.5779,2.5779,2.5779,2.5779,2.5779,2.5779,2.5779,2.5779,2.5779,2.5779
1.5013,1.4937,1.4862,1.4791,1.4719,1.4648,1.4577,1.4505,1.4434,1.4339,1.4238,1.3155,0.4852,4.2326,4.0625,3.8743,3.6326,3.3906,3.1391,2.8876,2.6354,2.3829,2.1305,1.878,1.6255,1.3729,1.1204
2.2951,2.2951,2.2951,2.2951,2.2951,2.2951,2.2951,2.2951,2.2951,2.2951,2.2951,1.9678,2.2951,2.2951,2.2951,2.2951,2.2951,2.2951,2.2951,2.2951,2.2951,2.2951,2.2951,2.2951,2.2951,2.2951,2.2951
4.7676,4.7676,4.7676,4.7676,4.7676,4.7676,4.7676,4.7676,4.7676,4.1262,2.8253,1.5658,0.4334,1.517,1.517,1.517,1.517,1.517,1.517,1.517,1.517,1.517,1.517,1.517,1.517,1.517,1.517
2.1505,2.1395,2.1289,2.1186,2.1084,2.0982,2.0879,2.0777,2.0675,2.0539,2.0395,1.5618,0.695,2.4099,2.4099,2.4099,2.4099,2.4099,2.4099,2.4099,2.4099,2.4099,2.4099,2.4099,2.3283,1.9666,1.6049
1.7614,1.7691,1.7765,1.7836,1.7908,1.7979,1.805,1.8121,1.8192,1.8287,1.8387,1.5579,5.3815,5.5549,5.7245,5.9122,6.1532,6.3945,6.6453,6.8961,7.1476,7.3993,7.6511,7.9029,8.1547,8.4065,8.6583
1.9229,1.9131,1.9036,1.8944,1.8853,1.8761,1.867,1.8579,1.8488,1.8366,1.8237,1.5539,0.6215,2.4141,2.4141,2.4141,2.4141,2.4141,2.4141,2.4141,2.4141,2.4141,2.4141,2.4053,2.0819,1.7585,1.4351
1.7556,1.7556,1.7556,1.7556,1.7556,1.7556,1.7556,1.7556,1.7556,1.7556,1.7556,1.7556,1.7556,1.7556,1.7556,1.7556,1.7556,1.7556,1.7556,1.7556,1.7556,1.7556,1.7556,1.7556,1.7556,1.7556,1.7556
3.1515,3.1652,3.1785,3.1912,3.204,3.2167,3.2294,3.2421,3.2549,3.2718,2.7899,1.5461,0.5235,1.8323,1.8323,1.8323,1.8323,1.8323,1.8323,1.8323,1.8323,1.8323,1.8323,1.8323,1.8323,1.8323,1.8323
1.5398,1.5319,1.5243,1.517,1.5096,1.5023,1.495,1.4877,1.4804,1.4706,1.4603,1.3492,0.4976,4.3411,4.1665,3.9735,3.7256,3.4774,3.2195,2.9616,2.7029,2.444,2.185,1.9261,1.6671,1.4081,1.1491
2.0136,2.0223,2.0308,2.0389,2.0471,2.0552,2.0633,2.0715,2.0796,2.0904,2.1019,1.5384,3.5922,3.5922,3.5922,3.5922,3.5922,3.5922,3.5922,3.5922,3.5922,3.5922,3.5922,3.5922,3.5922,3.5922,3.5922
4.7062,4.6823,4.6589,4.6365,4.6141,4.5917,4.5694,4.547,4.5247,4.044,2.769,1.5346,0.4587,1.6054,1.6054,1.6054,1.6054,1.6054,1.6054,1.6054,1.6054,1.6054,1.6054,1.6054,1.6054,1.6054,1.6054
1.9037,1.9037,1.9037,1.9037,1.9037,1.9037,1.9037,1.9037,1.9037,1.9037,1.9037,1.6296,1.9037,1.9037,1.9037,1.9037,1.9037,1.9037,1.9037,1.9037,1.9037,1.9037,1.9037,1.9037,1.9037,1.9037,1.9037
1.9252,1.9335,1.9416,1.9494,1.9572,1.965,1.9728,1.9805,1.9883,1.9987,2.0096,1.527,3.8079,3.8079,3.8079,3.8079,3.8079,3.8079,3.8079,3.8079,3.8079,3.8079,3.8079,3.8079,3.8079,3.8079,3.8079
1.5859,1.5779,1.57,1.5624,1.5549,1.5474,1.5398,1.5323,1.5248,1.5147,1.5041,1.3897,0.5126,4.4712,4.2915,4.0926,3.8373,3.5817,3.316,3.0504,2.7839,2.5173,2.2506,1.9838,1.7171,1.4503,1.1836
1.9845,1.9845,1.9845,1.9845,1.9845,1.9845,1.9845,1.9845,1.9845,1.9845,1.9845,1.9845,1.9845,1.9845,1.9845,1.9845,1.9845,1.9845,1.9845,1.9845,1.9845,1.9845,1.9845,1.9845,1.9845,1.9845,1.9845
4.9385,4.9385,4.9385,4.9385,4.9385,4.9385,4.9385,4.9385,4.9385,3.9943,2.735,1.5157,0.449,1.5713,1.5713,1.5713,1.5713,1.5713,1.5713,1.5713,1.5713,1.5713,1.5713,1.5713,1.5713,1.5713,1.5713
1.804,1.7948,1.7858,1.7772,1.7686,1.7601,1.7515,1.743,1.7344,1.723,1.7109,1.512,0.583,3.1507,3.1507,3.1507,3.1507,3.1507,3.1507,3.1507,3.1507,2.8633,2.56,2.2566,1.9531,1.6497,1.3463
1.79,1.7977,1.8053,1.8125,1.8198,1.827,1.8342,1.8414,1.8487,1.8583,1.8685,1.5083,5.4687,5.6448,5.8173,6.008,6.2529,6.4981,6.753,7.0078,7.2634,7.5192,7.775,8.0309,8.2868,8.5427,8.7986
2.409,2.3967,2.3848,2.3733,2.3618,2.3504,2.339,2.3275,2.3161,2.3008,2.2847,1.5046,0.5586,1.9552,1.9552,1.9552,1.9552,1.9552,1.9552,1.9552,1.9552,1.9552,1.9552,1.9552,1.9552,1.9552,1.7978
1.7505,1.7505,1.7505,1.7505,1.7505,1.7505,1.7505,1.7505,1.7505,1.7505,1.7505,1.7505,1.7505,1.7505,1.7505,1.7505,1.7505,1.7505,1.7505,1.7505,1.7505,1.7505,1.7505,1.7505,1.7505,1.7505,1.7505
2.4472,2.4578,2.4681,2.478,2.488,2.4978,2.5077,2.5176,2.5274,2.5406,2.5546,1.4973,0.6329,2.2153,2.2153,2.2153,2.2153,2.2153,2.2153,2.2153,2.2153,2.2153,2.2153,2.2153,2.2153,2.2153,2.2153
1.5062,1.4985,1.4911,1.4839,1.4767,1.4695,1.4624,1.4552,1.4481,1.4386,1.4285,1.3198,0.4868,4.2464,4.0757,3.8869,3.6444,3.4016,3.1493,2.897,2.6439,2.3907,2.1374,1.8841,1.6307,1.3774,1.1241
2.3611,2.3713,2.3813,2.3909,2.4004,2.4099,2.4195,2.429,2.4385,2.4512,2.4647,1.7359,2.6476,2.6476,2.6476,2.6476,2.6476,2.6476,2.6476,2.6476,2.6476,2.6476,2.6476,2.6476,2.6476,2.6476,2.6476
4.8398,4.8398,4.8398,4.8398,4.8398,4.8398,4.8398,4.8398,4.8398,3.9172,2.6822,1.4864,0.44,1.5399,1.5399,1.5399,1.5399,1.5399,1.5399,1.5399,1.5399,1.5399,1.5399,1.5399,1.5399,1.5399,1.5399
2.1729,2.1729,2.1729,2.1729,2.1729,2.1729,2.1729,2.1729,2.1729,2.1729,2.1729,1.4829,2.1729,2.1729,2.1729,2.1729,2.1729,2.1729,2.1729,2.1729,2.1729,2.1729,2.1729,2.1729,2.1729,2.1729,1.8998
1.8095,1.8173,1.825,1.8323,1.8396,1.8469,1.8542,1.8615,1.8688,1.8786,1.8889,1.4793,5.5284,5.7064,5.8808,6.0736,6.3211,6.569,6.8267,7.0843,7.3427,7.6013,7.8599,7.9037,7.9037,7.9037,7.9037
1.7668,1.7578,1.749,1.7406,1.7322,1.7238,1.7154,1.707,1.6986,1.6875,1.6756,1.4758,0.571,2.9502,2.9502,2.9502,2.9502,2.9502,2.9502,2.9502,2.9502,2.8043,2.5072,2.2101,1.9129,1.6157,1.3186
1.8255,1.8255,1.8255,1.8255,1.8255,1.8255,1.8255,1.8255,1.8255,1.8255,1.8255,1.8255,1.8255,1.8255,1.8255,1.8255,1.8255,1.8255,1.8255,1.8255,1.8255,1.8255,1.8255,1.8255,1.8255,1.8255,1.8255
4.0128,4.0301,4.047,4.0633,4.0796,4.0957,4.1119,4.1281,4.1443,3.8705,2.6502,1.4687,0.4891,1.7118,1.7118,1.7118,1.7118,1.7118,1.7118,1.7118,1.7118,1.7118,1.7118,1.7118,1.7118,1.7118,1.7118
1.6215,1.6132,1.6052,1.5975,1.5897,1.582,1.5743,1.5666,1.5589,1.5487,1.5378,1.4208,0.524,4.5714,4.3877,4.1844,3.9234,3.662,3.3904,3.1187,2.8463,2.5737,2.301,2.0283,1.7556,1.4828,1.2101
1.9096,1.9179,1.926,1.9337,1.9414,1.9491,1.9568,1.9646,1.9723,1.9825,1.9934,1.4618,4.8372,4.8372,4.8372,4.8372,4.8372,4.8372,4.8372,4.8372,4.8372,4.8372,4.8372,4.8372,4.8372,4.8372,4.8372
3.4239,3.4064,3.3895,3.3731,3.3568,3.3406,3.3243,3.3081,3.2918,3.2701,2.6314,1.4583,0.4895,1.7133,1.7133,1.7133,1.7133,1.7133,1.7133,1.7133,1.7133,1.7133,1.7133,1.7133,1.7133,1.7133,1.7133
1.8306,1.8306,1.8306,1.8306,1.8306,1.8306,1.8306,1.8306,1.8306,1.8306,1.8306,1.8306,1.8306,1.8306,1.8306,1.8306,1.8306,1.8306,1.8306,1.8306,1.8306,1.8306,1.8306,1.8306,1.8306,1.8306,1.8306
2.0843,2.0933,2.1021,2.1105,2.119,2.1274,2.1358,2.1442,2.1526,2.1638,2.1757,1.4514,2.9661,2.9661,2.9661,2.9661,2.9661,2.9661,2.9661,2.9661,2.9661,2.9661,2.9661,2.9661,2.9661,2.9661,2.9661
1.545,1.5371,1.5295,1.5221,1.5147,1.5074,1.5001,1.4927,1.4854,1.4756,1.4653,1.3538,0.4993,4.3558,4.1807,3.987,3.7383,3.4892,3.2304,2.9716,2.712,2.4523,2.1925,1.9326,1.6728,1.4129,1.153
2.1825,2.1825,2.1825,2.1825,2.1825,2.1825,2.1825,2.1825,2.1825,2.1825,2.1825,2.1825,2.1825,2.1825,2.1825,2.1825,2.1825,2.1825,2.1825,2.1825,2.1825,2.1825,2.1825,2.1825,2.1825,2.1825,2.1825
4.871,4.871,4.871,4.871,4.871,4.871,4.871,4.871,4.871,3.7981,2.6006,1.4412,0.4428,1.5499,1.5499,1.5499,1.5499,1.5499,1.5499,1.5499,1.5499,1.5499,1.5499,1.5499,1.5499,1.5499,1.5499
2.0192,2.0089,1.9989,1.9893,1.9796,1.9701,1.9605,1.9509,1.9413,1.9285,1.915,1.4379,0.6526,2.6706,2.6706,2.6706,2.6706,2.6706,2.6706,2.6706,2.6706,2.6706,2.6706,2.5258,2.1862,1.8465,1.5069
1.7868,1.7946,1.8021,1.8093,1.8166,1.8238,1.831,1.8382,1.8454,1.855,1.8652,1.4345,5.4591,5.6349,5.8071,5.9975,6.2419,6.4867,6.7411,6.9955,7.2507,7.506,7.7614,8.0168,8.2722,8.5277,8.7831
2.1016,2.0908,2.0804,2.0704,2.0604,2.0504,2.0404,2.0305,2.0205,2.0072,1.9931,1.4312,0.638,2.2329,2.2329,2.2329,2.2329,2.2329,2.2329,2.2329,2.2329,2.2329,2.2329,2.2329,2.2329,1.9219,1.5684
1.7682,1.7682,1.7682,1.7682,1.7682,1.7682,1.7682,1.7682,1.7682,1.7682,1.7682,1.7682,1.7682,1.7682,1.7682,1.7682,1.7682,1.7682,1.7682,1.7682,1.7682,1.7682,1.7682,1.7682,1.7682,1.7682,1.7682
2.8617,2.8741,2.8862,2.8978,2.9094,2.9209,2.9325,2.944,2.9556,2.971,2.5705,1.4246,0.5654,1.9789,1.9789,1.9789,1.9789,1.9789,1.9789,1.9789,1.9789,1.9789,1.9789,1.9789,1.9789,1.9789,1.9789
1.5395,1.5317,1.5241,1.5167,1.5094,1.5021,1.4948,1.4875,1.4801,1.4704,1.4601,1.349,0.4976,4.3404,4.1659,3.9729,3.725,3.4769,3.219,2.9611,2.7024,2.4436,2.1847,1.9258,1.6668,1.4079,1.1489
2.1522,2.1615,2.1705,2.1793,2.188,2.1967,2.2053,2.214,2.2227,2.2343,2.2466,1.5822,3.1863,3.1863,3.1863,3.1863,3.1863,3.1863,3.1863,3.1863,3.1863,3.1863,3.1863,3.1863,3.1863,3.1863,3.1863
5.0067,5.0067,5.0067,5.0067,5.0067,5.0067,5.0067,5.0067,4.9038,3.7283,2.5528,1.4148,0.4552,1.593,1.593,1.593,1.593,1.593,1.593,1.593,1.593,1.593,1.593,1.593,1.593,1.593,1.593
2.0158,2.0158,2.0158,2.0158,2.0158,2.0158,2.0158,2.0158,2.0158,2.0158,2.0158,1.4115,2.0158,2.0158,2.0158,2.0158,2.0158,2.0158,2.0158,2.0158,2.0158,2.0158,2.0158,2.0158,2.0158,2.0158,2.0158
1.8952,1.9034,1.9114,1.9191,1.9268,1.9344,1.9421,1.9497,1.9573,1.9675,1.9784,1.4083,4.7942,4.7942,4.7942,4.7942,4.7942,4.7942,4.7942,4.7942,4.7942,4.7942,4.7942,4.7942,4.7942,4.7942,4.7942
1.6651,1.6566,1.6483,1.6404,1.6324,1.6245,1.6166,1.6087,1.6008,1.5903,1.5791,1.4051,0.5381,3.8622,3.8622,3.8622,3.8622,3.7604,3.4814,3.2025,2.9228,2.6428,2.3628,2.0828,1.8027,1.5227,1.2426
1.937,1.937,1.937,1.937,1.937,1.937,1.937,1.937,1.937,1.937,1.937,1.937,1.937,1.937,1.937,1.937,1.937,1.937,1.937,1.937,1.937,1.937,1.937,1.937,1.937,1.937,1.937
5.1436,5.1436,5.1436,5.1436,5.1436,5.1436,5.1436,5.1436,4.8481,3.686,2.5239,1.3987,0.4676,1.6366,1.6366,1.6366,1.6366,1.6366,1.6366,1.6366,1.6366,1.6366,1.6366,1.6366,1.6366,1.6366,1.6366
1.7445,1.7356,1.7269,1.7186,1.7103,1.702,1.6937,1.6854,1.6772,1.6661,1.6544,1.3955,0.5638,3.6722,3.6722,3.6722,3.6722,3.6722,3.6474,3.3552,3.0621,2.7688,2.4755,2.1821,1.8887,1.5953,1.3019
1.8503,1.8583,1.8661,1.8736,1.8811,1.8885,1.896,1.9035,1.9109,1.9209,1.9314,1.3924,5.6529,5.835,6.0133,6.2104,6.4636,6.7171,6.9805,7.2439,7.5081,7.5355,7.5355,7.5355,7.5355,7.5355,7.5355
2.7424,2.7285,2.7149,2.7018,2.6887,2.6757,2.6627,2.6497,2.6366,2.6193,2.5068,1.3892,0.5346,1.8711,1.8711,1.8711,1.8711,1.8711,1.8711,1.8711,1.8711,1.8711,1.8711,1.8711,1.8711,1.8711,1.8711
1.7963,1.7963,1.7963,1.7963,1.7963,1.7963,1.7963,1.7963,1.7963,1.7963,1.7963,1.7963,1.7963,1.7963,1.7963,1.7963,1.7963,1.7963,1.7963,1.7963,1.7963,1.7963,1.7963,1.7963,1.7963,1.7963,1.7963
2.3145,2.3245,2.3342,2.3436,2.353,2.3623,2.3717,2.381,2.3903,2.4028,2.416,1.383,0.7074,2.4758,2.4758,2.4758,2.4758,2.4758,2.4758,2.4758,2.4758,2.4758,2.4758,2.4758,2.4758,2.4758,2.4758
1.5346,1.5268,1.5192,1.5118,1.5045,1.4972,1.4899,1.4827,1.4754,1.4657,1.4554,1.3447,0.496,4.3264,4.1525,3.9601,3.7131,3.4657,3.2086,2.9516,2.6937,2.4357,2.1777,1.9196,1.6615,1.4034,1.1452
2.4696,2.4696,2.4696,2.4696,2.4696,2.4696,2.4696,2.4696,2.4696,2.4696,2.4696,2.4696,2.4696,2.4696,2.4696,2.4696,2.4696,2.4696,2.4696,2.4696,2.4696,2.4696,2.4696,2.4696,2.4696,2.4696,2.4696
4.896,4.896,4.896,4.896,4.896,4.896,4.896,4.896,4.7616,3.6202,2.4788,1.3738,0.4451,1.5578,1.5578,1.5578,1.5578,1.5578,1.5578,1.5578,1.5578,1.5578,1.5578,1.5578,1.5578,1.5578,1.5578
2.3352,2.3233,2.3118,2.3006,2.2895,2.2784,2.2673,2.2562,2.2451,2.2304,2.2147,1.3707,2.3618,2.3618,2.3618,2.3618,2.3618,2.3618,2.3618,2.3618,2.3618,2.3618,2.3618,2.3618,2.3618,2.1355,1.7428
1.8173,1.8252,1.8328,1.8402,1.8476,1.8549,1.8622,1.8696,1.8769,1.8867,1.897,1.3677,5.5522,5.7311,5.9062,6.0998,6.3485,6.5974,6.8562,7.1149,7.3744,7.6341,7.8938,8.1536,8.4134,8.6732,8.933
1.8993,1.8896,1.8802,1.8712,1.8621,1.8531,1.8441,1.8351,1.826,1.814,1.8013,1.3646,0.6138,2.6506,2.6506,2.6506,2.6506,2.6506,2.6506,2.6506,2.6506,2.6506,2.6506,2.3758,2.0564,1.7369,1.4174
1.8199,1.8199,1.8199,1.8199,1.8199,1.8199,1.8199,1.8199,1.8199,1.8199,1.8199,1.8199,1.8199,1.8199,1.8199,1.8199,1.8199,1.8199,1.8199,1.8199,1.8199,1.8199,1.8199,1.8199,1.8199,1.8199,1.8199
3.5086,3.5237,3.5385,3.5528,3.567,3.5811,3.5953,3.6094,3.6236,3.5803,2.4515,1.3586,0.5207,1.8223,1.8223,1.8223,1.8223,1.8223,1.8223,1.8223,1.8223,1.8223,1.8223,1.8223,1.8223,1.8223,1.8223
1.604,1.5958,1.5878,1.5802,1.5726,1.5649,1.5573,1.5497,1.5421,1.5319,1.5212,1.3556,0.5184,4.522,4.3403,4.1392,3.881,3.6224,3.3537,3.085,2.8155,2.5459,2.2761,2.0064,1.7366,1.4668,1.197
2.0149,2.0236,2.0321,2.0403,2.0484,2.0565,2.0647,2.0728,2.0809,2.0918,2.1033,1.4813,4.0728,4.0728,4.0728,4.0728,4.0728,4.0728,4.0728,4.0728,4.0728,4.0728,4.0728,4.0728,4.0728,4.0728,4.0728
4.203,4.1816,4.1608,4.1407,4.1207,4.1007,4.0808,4.0608,4.0409,3.5568,2.4354,1.3497,0.4803,1.6809,1.6809,1.6809,1.6809,1.6809,1.6809,1.6809,1.6809,1.6809,1.6809,1.6809,1.6809,1.6809,1.6809
1.9157,1.9157,1.9157,1.9157,1.9157,1.9157,1.9157,1.9157,1.9157,1.9157,1.9157,1.9157,1.9157,1.9157,1.9157,1.9157,1.9157,1.9157,1.9157,1.9157,1.9157,1.9157,1.9157,1.9157,1.9157,1.9157,1.9157
2.0267,2.0355,2.044,2.0522,2.0604,2.0686,2.0768,2.085,2.0931,2.104,2.1156,1.3438,3.5083,3.5083,3.5083,3.5083,3.5083,3.5083,3.5083,3.5083,3.5083,3.5083,3.5083,3.5083,3.5083,3.5083,3.5083
1.6043,1.5962,1.5882,1.5806,1.5729,1.5653,1.5577,1.5501,1.5425,1.5323,1.5215,1.3409,0.5185,4.5231,4.3413,4.1401,3.8819,3.6233,3.3545,3.0857,2.8162,2.5465,2.2767,2.0068,1.737,1.4672,1.1973
2.1014,2.1014,2.1014,2.1014,2.1014,2.1014,2.1014,2.1014,2.1014,2.1014,2.1014,2.1014,2.1014,2.1014,2.1014,2.1014,2.1014,2.1014,2.1014,2.1014,2.1014,2.1014,2.1014,2.1014,2.1014,2.1014,2.1014
5.0207,5.0207,5.0207,5.0207,5.0207,5.0207,5.0207,5.0207,4.6275,3.5183,2.409,1.3351,0.4564,1.5975,1.5975,1.5975,1.5975,1.5975,1.5975,1.5975,1.5975,1.5975,1.5975,1.5975,1.5975,1.5975,1.5975
1.9227,1.9129,1.9034,1.8942,1.8851,1.8759,1.8668,1.8577,1.8486,1.8364,1.8235,1.3322,0.6214,3.0123,3.0123,3.0123,3.0123,3.0123,3.0123,3.0123,3.0123,3.0123,2.7285,2.4051,2.0817,1.7583,1.4349
1.8285,1.8364,1.8442,1.8516,1.859,1.8663,1.8737,1.8811,1.8885,1.8983,1.9087,1.3443,5.5865,5.7664,5.9426,6.1374,6.3876,6.6381,6.8984,7.1588,7.4199,7.6812,7.9425,8.2039,8.4653,8.7267,8.9881
2.3316,2.3197,2.3082,2.297,2.2859,2.2749,2.2638,2.2527,2.2417,2.2269,2.2113,1.3264,0.5998,2.0992,2.0992,2.0992,2.0992,2.0992,2.0992,2.0992,2.0992,2.0992,2.0992,2.0992,2.0992,2.0992,1.7401
1.7966,1.7966,1.7966,1.7966,1.7966,1.7966,1.7966,1.7966,1.7966,1.7966,1.7966,1.7966,1.7966,1.7966,1.7966,1.7966,1.7966,1.7966,1.7966,1.7966,1.7966,1.7966,1.7966,1.7966,1.7966,1.7966,1.7966
2.6498,2.6613,2.6724,2.6832,2.6939,2.7046,2.7153,2.726,2.7367,2.751,2.3832,1.3208,0.6188,2.1656,2.1656,2.1656,2.1656,2.1656,2.1656,2.1656,2.1656,2.1656,2.1656,2.1656,2.1656,2.1656,2.1656
1.5531,1.5452,1.5375,1.5301,1.5227,1.5153,1.5079,1.5006,1.4932,1.4834,1.4729,1.3179,0.5019,4.3787,4.2026,4.0079,3.7579,3.5075,3.2474,2.9872,2.7263,2.4651,2.204,1.9428,1.6815,1.4203,1.1591
2.3277,2.3377,2.3475,2.357,2.3664,2.3758,2.3852,2.3946,2.404,2.4165,2.373,1.7113,2.8958,2.8958,2.8958,2.8958,2.8958,2.8958,2.8958,2.8958,2.8958,2.8958,2.8958,2.8958,2.8958,2.8958,2.8958
5.0141,5.0141,5.0141,5.0141,5.0141,5.0141,5.0141,5.0141,4.5487,3.4583,2.368,1.3123,0.4558,1.5954,1.5954,1.5954,1.5954,1.5954,1.5954,1.5954,1.5954,1.5954,1.5954,1.5954,1.5954,1.5954,1.5954
2.1578,2.1578,2.1578,2.1578,2.1578,2.1578,2.1578,2.1578,2.1578,2.1578,2.1578,1.3095,2.1578,2.1578,2.1578,2.1578,2.1578,2.1578,2.1578,2.1578,2.1578,2.1578,2.1578,2.1578,2.1578,2.1578,2.1038
1.8837,1.8918,1.8998,1.9074,1.915,1.9226,1.9302,1.9378,1.9454,1.9556,1.9663,1.3849,5.755,5.9404,6.1218,6.3226,6.4706,6.4706,6.4706,6.4706,6.4706,6.4706,6.4706,6.4706,6.4706,6.4706,6.4706
1.7659,1.7569,1.7481,1.7397,1.7313,1.7229,1.7145,1.7062,1.6978,1.6866,1.6747,1.304,0.5707,3.3194,3.3194,3.3194,3.3194,3.3194,3.3194,3.3194,3.0998,2.8029,2.5059,2.2089,1.9119,1.6149,1.3179
1.9099,1.9099,1.9099,1.9099,1.9099,1.9099,1.9099,1.9099,1.9099,1.9099,1.9099,1.9099,1.9099,1.9099,1.9099,1.9099,1.9099,1.9099,1.9099,1.9099,1.9099,1.9099,1.9099,1.9099,1.9099,1.9099,1.9099
4.6136,4.6336,4.653,4.6717,4.6904,4.709,4.7276,4.7462,4.5007,3.4219,2.343,1.2985,0.4917,1.721,1.721,1.721,1.721,1.721,1.721,1.721,1.721,1.721,1.721,1.721,1.721,1.721,1.721
1.7054,1.6967,1.6882,1.6801,1.672,1.6639,1.6558,1.6477,1.6396,1.6288,1.6174,1.2958,0.5512,4.4177,4.4177,4.4009,4.1263,3.8514,3.5658,3.2801,2.9936,2.7068,2.4201,2.1332,1.8464,1.5596,1.2727
1.9303,1.9387,1.9468,1.9547,1.9625,1.9703,1.9781,1.9858,1.9936,2.004,2.015,1.4192,5.7406,5.7406,5.7406,5.7406,5.7406,5.7406,5.7406,5.7406,5.7406,5.7406,5.7406,5.7406,5.7406,5.7406,5.7406
3.1983,3.182,3.1662,3.1509,3.1357,3.1205,3.1053,3.0901,3.0749,3.0547,2.3283,1.2903,0.5178,1.8122,1.8122,1.8122,1.8122,1.8122,1.8122,1.8122,1.8122,1.8122,1.8122,1.8122,1.8122,1.8122,1.8122
1.8599,1.8599,1.8599,1.8599,1.8599,1.8599,1.8599,1.8599,1.8599,1.8599,1.8599,1.8599,1.8599,1.8599,1.8599,1.8599,1.8599,1.8599,1.8599,1.8599,1.8599,1.8599,1.8599,1.8599,1.8599,1.8599,1.8599
2.2183,2.2279,2.2372,2.2462,2.2552,2.2641,2.2731,2.282,2.291,2.3029,2.3156,1.2849,2.8211,2.8211,2.8211,2.8211,2.8211,2.8211,2.8211,2.8211,2.8211,2.8211,2.8211,2.8211,2.8211,2.8211,2.8211
1.5774,1.5694,1.5616,1.554,1.5465,1.539,1.5315,1.5241,1.5166,1.5066,1.496,1.2823,0.5098,4.4472,4.2684,4.0707,3.8167,3.5625,3.2982,3.034,2.7689,2.5037,2.2385,1.9732,1.7079,1.4425,1.1772
2.3389,2.3389,2.3389,2.3389,2.3389,2.3389,2.3389,2.3389,2.3389,2.3389,2.309,2.3389,2.3389,2.3389,2.3389,2.3389,2.3389,2.3389,2.3389,2.3389,2.3389,2.3389,2.3389,2.3389,2.3389,2.3389,2.3389
4.9968,4.9968,4.9968,4.9968,4.9968,4.9968,4.9968,4.9968,4.4261,3.3651,2.3042,1.277,0.4543,1.5899,1.5899,1.5899,1.5899,1.5899,1.5899,1.5899,1.5899,1.5899,1.5899,1.5899,1.5899,1.5899,1.5899
2.181,2.1699,2.1591,2.1487,2.1383,2.1279,2.1176,2.1072,2.0969,2.0831,2.0684,1.2743,2.6035,2.6035,2.6035,2.6035,2.6035,2.6035,2.6035,2.6035,2.6035,2.6035,2.6035,2.6035,2.3614,1.9945,1.6277
1.8416,1.8496,1.8573,1.8648,1.8722,1.8797,1.8871,1.8945,1.902,1.9119,1.9224,1.3539,5.6264,5.8076,5.985,6.1813,6.4332,6.6855,6.9477,7.2099,7.4729,7.736,7.9993,8.2625,8.5258,8.789,9.0523
2.0675,2.0569,2.0467,2.0368,2.027,2.0172,2.0073,1.9975,1.9877,1.9746,1.9608,1.2691,0.6682,2.4343,2.4343,2.4343,2.4343,2.4343,2.4343,2.4343,2.4343,2.4343,2.4343,2.4343,2.2384,1.8907,1.5429
1.8309,1.8309,1.8309,1.8309,1.8309,1.8309,1.8309,1.8309,1.8309,1.8309,1.8309,1.8309,1.8309,1.8309,1.8309,1.8309,1.8309,1.8309,1.8309,1.8309,1.8309,1.8309,1.8309,1.8309,1.8309,1.8309,1.8309
3.1549,3.1686,3.1819,3.1946,3.2074,3.2202,3.2329,3.2456,3.2583,3.2753,2.2805,1.2639,0.5606,1.9621,1.9621,1.9621,1.9621,1.9621,1.9621,1.9621,1.9621,1.9621,1.9621,1.9621,1.9621,1.9621,1.9621
1.6018,1.5936,1.5857,1.578,1.5704,1.5628,1.5552,1.5476,1.54,1.5298,1.5191,1.2613,0.5177,4.5158,4.3343,4.1335,3.8756,3.6174,3.3491,3.0808,2.8117,2.5424,2.273,2.0036,1.7342,1.4648,1.1954
2.1484,2.1577,2.1668,2.1755,2.1842,2.1929,2.2015,2.2102,2.2189,2.2304,2.2427,1.5795,3.5624,3.5624,3.5624,3.5624,3.5624,3.5624,3.5624,3.5624,3.5624,3.5624,3.5624,3.5624,3.5624,3.5624,3.5624
5.2347,5.2347,5.2347,5.2347,5.2347,5.2347,5.2347,5.2347,4.3539,3.3102,2.2666,1.2561,0.4759,1.6656,1.6656,1.6656,1.6656,1.6656,1.6656,1.6656,1.6656,1.6656,1.6656,1.6656,1.6656,1.6656,1.6656
2.0247,2.0247,2.0247,2.0247,2.0247,2.0247,2.0247,2.0247,2.0247,2.0247,2.0247,1.5953,2.0247,2.0247,2.0247,2.0247,2.0247,2.0247,2.0247,2.0247,2.0247,2.0247,2.0247,2.0247,2.0247,2.0247,2.0247
1.9917,2.0004,2.0087,2.0168,2.0249,2.0329,2.041,2.049,2.057,2.0678,2.0791,1.251,4.3054,4.3054,4.3054,4.3054,4.3054,4.3054,4.3054,4.3054,4.3054,4.3054,4.3054,4.3054,4.3054,4.3054,4.3054
1.6818,1.6733,1.6649,1.6569,1.6489,1.6409,1.6329,1.6249,1.617,1.6063,1.595,1.2485,0.5435,4.5157,4.5157,4.3401,4.0694,3.7983,3.5165,3.2348,2.9522,2.6695,2.3866,2.1038,1.8209,1.538,1.2551
2.0468,2.0468,2.0468,2.0468,2.0468,2.0468,2.0468,2.0468,2.0468,2.0468,2.0468,2.0468,2.0468,2.0468,2.0468,2.0468,2.0468,2.0468,2.0468,2.0468,2.0468,2.0468,2.0468,2.0468,2.0468,2.0468,2.0468
5.2228,5.2228,5.2228,5.2228,5.2228,5.2228,5.2228,5.2228,4.31,3.2768,2.2437,1.2435,0.4748,1.6618,1.6618,1.6618,1.6618,1.6618,1.6618,1.6618,1.6618,1.6618,1.6618,1.6618,1.6618,1.6618,1.6618
1.8543,1.8449,1.8357,1.8268,1.818,1.8092,1.8004,1.7916,1.7828,1.771,1.7586,1.2409,0.5993,3.4716,3.4716,3.4716,3.4716,3.4716,3.4716,3.4716,3.255,2.9432,2.6314,2.3195,2.0076,1.6958,1.3839
1.8882,1.8963,1.9043,1.9119,1.9196,1.9272,1.9348,1.9424,1.9501,1.9602,1.971,1.3882,5.7686,5.9545,6.1364,6.3376,6.5959,6.8546,7.1234,7.3922,7.6618,7.9317,8.2015,8.4714,8.7413,9.0113,9.2812
2.6331,2.6197,2.6066,2.5941,2.5815,2.569,2.5565,2.544,2.5315,2.5148,2.2302,1.236,0.572,2.002,2.002,2.002,2.002,2.002,2.002,2.002,2.002,2.002,2.002,2.002,2.002,2.002,1.9651
1.8419,1.8419,1.8419,1.8419,1.8419,1.8419,1.8419,1.8419,1.8419,1.8419,1.8419,1.8419,1.8419,1.8419,1.8419,1.8419,1.8419,1.8419,1.8419,1.8419,1.8419,1.8419,1.8419,1.8419,1.8419,1.8419,1.8419
2.4948,2.5056,2.5161,2.5262,2.5363,2.5464,2.5564,2.5665,2.5766,2.59,2.2213,1.231,2.4061,2.4061,2.4061,2.4061,2.4061,2.4061,2.4061,2.4061,2.4061,2.4061,2.4061,2.4061,2.4061,2.4061,2.4061
1.581,1.5729,1.5651,1.5575,1.55,1.5425,1.535,1.5275,1.52,1.51,1.4994,1.2286,0.511,4.4572,4.278,4.0798,3.8253,3.5705,3.3056,3.0408,2.7752,2.5094,2.2435,1.9776,1.7117,1.4458,1.1799
2.5512,2.5622,2.573,2.5833,2.5937,2.604,2.6143,2.6245,2.6348,2.6486,2.2125,2.6849,2.6849,2.6849,2.6849,2.6849,2.6849,2.6849,2.6849,2.6849,2.6849,2.6849,2.6849,2.6849,2.6849,2.6849,2.6849
5.0677,5.0677,5.0677,5.0677,5.0677,5.0677,5.0677,5.0677,4.2415,3.2248,2.2081,1.2237,0.4607,1.6124,1.6124,1.6124,1.6124,1.6124,1.6124,1.6124,1.6124,1.6124,1.6124,1.6124,1.6124,1.6124,1.6124
2.3376,2.3376,2.3376,2.3376,2.3376,2.3376,2.3376,2.3376,2.3376,2.3376,2.2037,1.2213,2.3376,2.3376,2.3376,2.3376,2.3376,2.3376,2.3376,2.3376,2.3376,2.3376,2.3376,2.3376,2.3376,2.3376,1.9141
1.89,1.8982,1.9061,1.9138,1.9214,1.9291,1.9367,1.9443,1.9519,1.9621,1.9729,1.3895,5.7742,5.9602,6.1423,6.3436,6.6022,6.8612,7.1302,7.3993,7.6692,7.9393,8.2094,8.4796,8.7497,9.0199,9.2901
1.8936,1.8839,1.8745,1.8655,1.8565,1.8475,1.8385,1.8295,1.8205,1.8085,1.7958,1.2164,0.612,2.9481,2.9481,2.9481,2.9481,2.9481,2.9481,2.9481,2.9481,2.9481,2.6871,2.3686,2.0501,1.7316,1.4132
1.9018,1.9018,1.9018,1.9018,1.9018,1.9018,1.9018,1.9018,1.9018,1.9018,1.9018,1.9018,1.9018,1.9018,1.9018,1.9018,1.9018,1.9018,1.9018,1.9018,1.9018,1.9018,1.9018,1.9018,1.9018,1.9018,1.9018
3.9659,3.9831,3.9998,4.0159,4.0319,4.048,4.064,4.08,4.0959,3.1931,2.1864,1.2117,0.5224,1.8285,1.8285,1.8285,1.8285,1.8285,1.8285,1.8285,1.8285,1.8285,1.8285,1.8285,1.8285,1.8285,1.8285
1.6846,1.676,1.6677,1.6597,1.6516,1.6436,1.6356,1.6276,1.6196,1.609,1.5977,1.2093,0.5444,4.7494,4.5585,4.3473,4.0761,3.8046,3.5224,3.2402,2.9571,2.6739,2.3906,2.1073,1.8239,1.5406,1.2572
2.0337,2.0425,2.051,2.0593,2.0675,2.0757,2.0839,2.0921,2.1003,2.1113,2.1229,1.4951,4.7064,4.7064,4.7064,4.7064,4.7064,4.7064,4.7064,4.7064,4.7064,4.7064,4.7064,4.7064,4.7064,4.7064,4.7064
3.8487,3.8291,3.81,3.7917,3.7733,3.7551,3.7368,3.7185,3.7003,3.1743,2.1735,1.2046,0.5071,1.7748,1.7748,1.7748,1.7748,1.7748,1.7748,1.7748,1.7748,1.7748,1.7748,1.7748,1.7748,1.7748,1.7748
1.9441,1.9441,1.9441,1.9441,1.9441,1.9441,1.9441,1.9441,1.9441,1.9441,1.9441,1.9441,1.9441,1.9441,1.9441,1.9441,1.9441,1.9441,1.9441,1.9441,1.9441,1.9441,1.9441,1.9441,1.9441,1.9441,1.9441
2.1522,2.1615,2.1706,2.1793,2.188,2.1967,2.2054,2.2141,2.2228,2.2343,2.1651,1.1999,3.2929,3.2929,3.2929,3.2929,3.2929,3.2929,3.2929,3.2929,3.2929,3.2929,3.2929,3.2929,3.2929,3.2929,3.2929
1.6365,1.6281,1.62,1.6122,1.6044,1.5966,1.5889,1.5811,1.5733,1.563,1.552,1.1975,0.5289,4.6136,4.4282,4.223,3.9596,3.6958,3.4216,3.1475,2.8726,2.5974,2.3222,2.047,1.7718,1.4965,1.2213
2.2456,2.2456,2.2456,2.2456,2.2456,2.2456,2.2456,2.2456,2.2456,2.2456,2.2359,2.2456,2.2456,2.2456,2.2456,2.2456,2.2456,2.2456,2.2456,2.2456,2.2456,2.2456,2.2456,2.2456,2.2456,2.2456,2.2456
5.1463,5.1463,5.1463,5.1463,5.1463,5.1463,5.1463,5.1259,4.1347,3.1436,2.1525,1.1929,0.4678,1.6375,1.6375,1.6375,1.6375,1.6375,1.6375,1.6375,1.6375,1.6375,1.6375,1.6375,1.6375,1.6375,1.6375
2.069,2.0584,2.0482,2.0383,2.0285,2.0186,2.0088,1.999,1.9892,1.9761,1.9622,1.1906,2.9173,2.9173,2.9173,2.9173,2.9173,2.9173,2.9173,2.9173,2.9173,2.9173,2.9173,2.588,2.2401,1.8921,1.5441
1.8832,1.8914,1.8993,1.9069,1.9146,1.9222,1.9298,1.9374,1.945,1.9551,1.9658,1.3845,5.7536,5.9389,6.1203,6.321,6.5787,6.8367,7.1048,7.3729,7.6418,7.9109,8.1801,8.4493,8.7185,8.9877,9.2569
2.2827,2.2711,2.2598,2.2489,2.238,2.2272,2.2163,2.2055,2.1947,2.1802,2.1401,1.186,2.2769,2.2769,2.2769,2.2769,2.2769,2.2769,2.2769,2.2769,2.2769,2.2769,2.2769,2.2769,2.2769,2.0875,1.7036
1.859,1.859,1.859,1.859,1.859,1.859,1.859,1.859,1.859,1.859,1.859,1.859,1.859,1.859,1.859,1.859,1.859,1.859,1.859,1.859,1.859,1.859,1.859,1.859,1.859,1.859,1.859
2.9012,2.9138,2.926,2.9378,2.9495,2.9612,2.9729,2.9846,2.9963,3.012,2.1319,1.1815,0.6113,2.1395,2.1395,2.1395,2.1395,2.1395,2.1395,2.1395,2.1395,2.1395,2.1395,2.1395,2.1395,2.1395,2.1395
1.6147,1.6065,1.5985,1.5908,1.5831,1.5754,1.5677,1.5601,1.5524,1.5422,1.5313,1.1792,0.5218,4.5523,4.3692,4.1668,3.9069,3.6466,3.3761,3.1056,2.8343,2.5629,2.2913,2.0198,1.7482,1.4766,1.205
2.3174,2.3275,2.3372,2.3466,2.356,2.3654,2.3747,2.3841,2.3934,2.4059,2.1237,3.2068,3.2068,3.2068,3.2068,3.2068,3.2068,3.2068,3.2068,3.2068,3.2068,3.2068,3.2068,3.2068,3.2068,3.2068,3.2068
5.2379,5.2379,5.2379,5.2379,5.2379,5.2379,5.2379,5.0478,4.0717,3.0957,2.1197,1.1747,0.4762,1.6666,1.6666,1.6666,1.6666,1.6666,1.6666,1.6666,1.6666,1.6666,1.6666,1.6666,1.6666,1.6666,1.6666
2.163,2.163,2.163,2.163,2.163,2.163,2.163,2.163,2.163,2.163,2.1156,1.3963,2.163,2.163,2.163,2.163,2.163,2.163,2.163,2.163,2.163,2.163,2.163,2.163,2.163,2.163,2.163
1.9775,1.9861,1.9944,2.0024,2.0104,2.0184,2.0264,2.0344,2.0423,2.053,2.0643,1.4538,5.572,5.572,5.572,5.572,5.572,5.572,5.572,5.572,5.572,5.572,5.572,5.572,5.572,5.572,5.572
1.781,1.772,1.7631,1.7546,1.7461,1.7377,1.7292,1.7208,1.7123,1.701,1.6891,1.168,0.5756,3.7999,3.7999,3.7999,3.7999,3.7999,3.7239,3.4256,3.1263,2.8269,2.5274,2.2278,1.9283,1.6287,1.3292
2.0154,2.0154,2.0154,2.0154,2.0154,2.0154,2.0154,2.0154,2.0154,2.0154,2.0154,2.0154,2.0154,2.0154,2.0154,2.0154,2.0154,2.0154,2.0154,2.0154,2.0154,2.0154,2.0154,2.0154,2.0154,2.0154,2.0154
5.4247,5.4482,5.471,5.4861,5.4861,5.4861,5.4861,5.0001,4.0332,3.0664,2.0996,1.1636,0.4987,1.7456,1.7456,1.7456,1.7456,1.7456,1.7456,1.7456,1.7456,1.7456,1.7456,1.7456,1.7456,1.7456,1.7456
1.8096,1.8004,1.7914,1.7828,1.7741,1.7655,1.757,1.7484,1.7398,1.7283,1.7162,1.1614,0.5848,4.1112,4.1112,4.1112,4.1112,4.0868,3.7836,3.4805,3.1765,2.8722,2.5679,2.2636,1.9592,1.6548,1.3505
1.9682,1.9767,1.985,1.993,2.001,2.0089,2.0168,2.0248,2.0327,2.0433,2.0545,1.447,6.0132,6.2069,6.3965,6.6062,6.8755,7.037,7.037,7.037,7.037,7.037,7.037,7.037,7.037,7.037,7.037
3.0382,3.0228,3.0077,2.9932,2.9787,2.9643,2.9499,2.9355,2.921,2.9018,2.0878,1.1571,0.5527,1.9344,1.9344,1.9344,1.9344,1.9344,1.9344,1.9344,1.9344,1.9344,1.9344,1.9344,1.9344,1.9344,1.9344
1.9059,1.9059,1.9059,1.9059,1.9059,1.9059,1.9059,1.9059,1.9059,1.9059,1.9059,1.9059,1.9059,1.9059,1.9059,1.9059,1.9059,1.9059,1.9059,1.9059,1.9059,1.9059,1.9059,1.9059,1.9059,1.9059,1.9059
2.3836,2.394,2.404,2.4137,2.4233,2.4329,2.4426,2.4522,2.4618,2.4746,2.08,1.1527,2.7212,2.7212,2.7212,2.7212,2.7212,2.7212,2.7212,2.7212,2.7212,2.7212,2.7212,2.7212,2.7212,2.7212,2.7212
1.6242,1.616,1.6079,1.6002,1.5924,1.5847,1.577,1.5693,1.5616,1.5513,1.5404,1.1506,0.5249,4.5792,4.3951,4.1915,3.93,3.6682,3.3961,3.124,2.8511,2.578,2.3049,2.0317,1.7585,1.4854,1.2122
2.5322,2.5322,2.5322,2.5322,2.5322,2.5322,2.5322,2.5322,2.5322,2.5322,2.0722,2.5322,2.5322,2.5322,2.5322,2.5322,2.5322,2.5322,2.5322,2.5322,2.5322,2.5322,2.5322,2.5322,2.5322,2.5322,2.5322
5.1695,5.1695,5.1695,5.1695,5.1695,5.1695,5.1695,4.9257,3.9732,3.0208,2.0684,1.1463,0.47,1.6448,1.6448,1.6448,1.6448,1.6448,1.6448,1.6448,1.6448,1.6448,1.6448,1.6448,1.6448,1.6448,1.6448
2.3818,2.3696,2.3578,2.3464,2.3351,2.3238,2.3125,2.3012,2.2899,2.2748,2.0646,1.1442,2.5668,2.5668,2.5668,2.5668,2.5668,2.5668,2.5668,2.5668,2.5668,2.5668,2.5668,2.5668,2.5668,2.1781,1.7775
1.9142,1.9225,1.9306,1.9384,1.9461,1.9538,1.9616,1.9693,1.977,1.9873,1.9982,1.4073,5.8483,6.0367,6.2211,6.4251,6.687,6.9492,7.2218,7.4943,7.7677,8.0412,8.3148,8.5884,8.8621,9.1357,9.4094
2.0553,2.0449,2.0347,2.0249,2.0151,2.0053,1.9956,1.9858,1.9761,1.963,1.9492,1.1399,2.6859,2.6859,2.6859,2.6859,2.6859,2.6859,2.6859,2.6859,2.6859,2.6859,2.6859,2.571,2.2253,1.8796,1.5339
1.9122,1.9122,1.9122,1.9122,1.9122,1.9122,1.9122,1.9122,1.9122,1.9122,1.9122,1.9122,1.9122,1.9122,1.9122,1.9122,1.9122,1.9122,1.9122,1.9122,1.9122,1.9122,1.9122,1.9122,1.9122,1.9122,1.9122
3.5258,3.541,3.5559,3.5702,3.5844,3.5987,3.6129,3.6271,3.6413,2.9929,2.0493,1.1357,0.5613,1.9647,1.9647,1.9647,1.9647,1.9647,1.9647,1.9647,1.9647,1.9647,1.9647,1.9647,1.9647,1.9647,1.9647
1.6811,1.6725,1.6642,1.6561,1.6481,1.6401,1.6322,1.6242,1.6162,1.6056,1.5943,1.1336,0.5433,4.7394,4.5488,4.3381,4.0675,3.7965,3.5149,3.2333,2.9509,2.6682,2.3855,2.1028,1.8201,1.5373,1.2546
2.1652,2.1746,2.1837,2.1925,2.2012,2.21,2.2187,2.2275,2.2362,2.2478,2.0418,4.0473,4.0473,4.0473,4.0473,4.0473,4.0473,4.0473,4.0473,4.0473,4.0473,4.0473,4.0473,4.0473,4.0473,4.0473,4.0473
4.8357,4.811,4.7871,4.764,4.741,4.718,4.695,4.6721,3.9149,2.9765,2.0381,1.1295,0.502,1.7569,1.7569,1.7569,1.7569,1.7569,1.7569,1.7569,1.7569,1.7569,1.7569,1.7569,1.7569,1.7569,1.7569
2.0525,2.0525,2.0525,2.0525,2.0525,2.0525,2.0525,2.0525,2.0525,2.0525,2.0525,2.0525,2.0525,2.0525,2.0525,2.0525,2.0525,2.0525,2.0525,2.0525,2.0525,2.0525,2.0525,2.0525,2.0525,2.0525,2.0525
2.1122,2.1214,2.1303,2.1388,2.1474,2.1559,2.1644,2.173,2.1815,2.1929,2.0306,1.1329,3.965,3.965,3.965,3.965,3.965,3.965,3.965,3.965,3.965,3.965,3.965,3.965,3.965,3.965,3.965
1.7142,1.7055,1.697,1.6888,1.6806,1.6725,1.6644,1.6562,1.6481,1.6372,1.6257,1.1233,0.554,4.8329,4.6386,4.4237,4.1477,3.8714,3.5842,3.2971,3.0091,2.7209,2.4326,2.1443,1.856,1.5676,1.2793
2.1832,2.1832,2.1832,2.1832,2.1832,2.1832,2.1832,2.1832,2.1832,2.1832,2.1832,2.1832,2.1832,2.1832,2.1832,2.1832,2.1832,2.1832,2.1832,2.1832,2.1832,2.1832,2.1832,2.1832,2.1832,2.1832,2.1832
5.3508,5.3508,5.3508,5.3508,5.3508,5.3508,5.3508,4.8094,3.8794,2.9495,2.0195,1.1192,0.4864,1.7025,1.7025,1.7025,1.7025,1.7025,1.7025,1.7025,1.7025,1.7025,1.7025,1.7025,1.7025,1.7025,1.7025
1.9904,1.9802,1.9704,1.9609,1.9514,1.9419,1.9325,1.9231,1.9136,1.901,1.8876,1.1172,3.3333,3.3333,3.3333,3.3333,3.3333,3.3333,3.3333,3.3333,3.3333,3.1592,2.8245,2.4897,2.155,1.8202,1.4854
1.9439,1.9523,1.9605,1.9684,1.9763,1.9841,1.992,1.9998,2.0077,2.0181,2.0122,1.4292,5.939,6.1304,6.3176,6.5248,6.7907,7.057,7.3338,7.6106,7.8882,8.1659,8.4438,8.7216,8.9995,9.2774,9.5553
2.5623,2.5493,2.5366,2.5244,2.5122,2.5,2.4878,2.4757,2.4635,2.4473,2.0086,1.1132,2.1642,2.1642,2.1642,2.1642,2.1642,2.1642,2.1642,2.1642,2.1642,2.1642,2.1642,2.1642,2.1642,2.1642,1.9123
1.9054,1.9054,1.9054,1.9054,1.9054,1.9054,1.9054,1.9054,1.9054,1.9054,1.9054,1.9054,1.9054,1.9054,1.9054,1.9054,1.9054,1.9054,1.9054,1.9054,1.9054,1.9054,1.9054,1.9054,1.9054,1.9054,1.9054
2.7186,2.7304,2.7419,2.7529,2.7639,2.7749,2.7858,2.7968,2.8078,2.8224,2.0014,1.1091,2.3668,2.3668,2.3668,2.3668,2.3668,2.3668,2.3668,2.3668,2.3668,2.3668,2.3668,2.3668,2.3668,2.3668,2.3668
1.6432,1.6349,1.6267,1.6189,1.611,1.6032,1.5954,1.5876,1.5798,1.5694,1.5584,1.1072,0.5311,4.6327,4.4465,4.2405,3.9759,3.7111,3.4358,3.1605,2.8845,2.6082,2.3319,2.0555,1.7791,1.5027,1.2263
2.5322,2.5431,2.5538,2.5641,2.5743,2.5845,2.5948,2.605,2.6152,2.6288,1.9942,2.9537,2.9537,2.9537,2.9537,2.9537,2.9537,2.9537,2.9537,2.9537,2.9537,2.9537,2.9537,2.9537,2.9537,2.9537,2.9537
5.2922,5.2922,5.2922,5.2922,5.2922,5.2922,5.2922,4.7405,3.8238,2.9072,1.9906,1.1032,0.4811,1.6839,1.6839,1.6839,1.6839,1.6839,1.6839,1.6839,1.6839,1.6839,1.6839,1.6839,1.6839,1.6839,1.6839
2.3381,2.3381,2.3381,2.3381,2.3381,2.3381,2.3381,2.3381,2.3381,2.3381,1.9871,1.2586,2.3381,2.3381,2.3381,2.3381,2.3381,2.3381,2.3381,2.3381,2.3381,2.3381,2.3381,2.3381,2.3381,2.3381,2.1301
1.9833,1.9918,2.0002,2.0082,2.0163,2.0243,2.0323,2.0403,2.0483,2.059,1.9835,1.4581,6.0592,6.2544,6.4454,6.6568,6.9281,7.1998,7.4822,7.7646,7.8537,7.8537,7.8537,7.8537,7.8537,7.8537,7.8537
1.9069,1.8972,1.8877,1.8786,1.8696,1.8605,1.8514,1.8424,1.8333,1.8213,1.8085,1.0973,3.3288,3.3288,3.3288,3.3288,3.3288,3.3288,3.3288,3.3288,3.3288,3.0267,2.706,2.3853,2.0646,1.7438,1.4231
2.0056,2.0056,2.0056,2.0056,2.0056,2.0056,2.0056,2.0056,2.0056,2.0056,2.0056,2.0056,2.0056,2.0056,2.0056,2.0056,2.0056,2.0056,2.0056,2.0056,2.0056,2.0056,2.0056,2.0056,2.0056,2.0056,2.0056
4.5652,4.585,4.6042,4.6227,4.6412,4.6596,4.678,4.6965,3.7899,2.8814,1.973,1.0934,0.5294,1.8527,1.8527,1.8527,1.8527,1.8527,1.8527,1.8527,1.8527,1.8527,1.8527,1.8527,1.8527,1.8527,1.8527
1.7859,1.7768,1.768,1.7594,1.7509,1.7425,1.734,1.7255,1.717,1.7057,1.6937,1.0915,0.5772,5.035,4.8326,4.6087,4.3212,4.0333,3.7341,3.435,3.1349,2.8347,2.5343,2.234,1.9336,1.6332,1.3328
2.0722,2.0812,2.0899,2.0983,2.1067,2.1151,2.1234,2.1318,2.1401,2.1513,1.966,5.5679,5.5679,5.5679,5.5679,5.5679,5.5679,5.5679,5.5679,5.5679,5.5679,5.5679,5.5679,5.5679,5.5679,5.5679,5.5679
3.602,3.5837,3.5658,3.5486,3.5315,3.5144,3.4973,3.4802,3.4631,2.8661,1.9625,1.0876,0.5406,1.892,1.892,1.892,1.892,1.892,1.892,1.892,1.892,1.892,1.892,1.892,1.892,1.892,1.892
1.9914,1.9914,1.9914,1.9914,1.9914,1.9914,1.9914,1.9914,1.9914,1.9914,1.9914,1.9914,1.9914,1.9914,1.9914,1.9914,1.9914,1.9914,1.9914,1.9914,1.9914,1.9914,1.9914,1.9914,1.9914,1.9914,1.9914
2.3083,2.3182,2.328,2.3373,2.3467,2.356,2.3653,2.3746,2.3839,2.3964,1.9556,1.0838,3.1448,3.1448,3.1448,3.1448,3.1448,3.1448,3.1448,3.1448,3.1448,3.1448,3.1448,3.1448,3.1448,3.1448,3.1448
1.6847,1.6761,1.6678,1.6598,1.6517,1.6437,1.6357,1.6277,1.6197,1.6091,1.5978,1.0819,0.5445,4.7497,4.5588,4.3475,4.0763,3.8048,3.5226,3.2403,2.9573,2.674,2.3907,2.1074,1.824,1.5407,1.2573
2.4246,2.4246,2.4246,2.4246,2.4246,2.4246,2.4246,2.4246,2.4246,2.4246,2.1679,2.4246,2.4246,2.4246,2.4246,2.4246,2.4246,2.4246,2.4246,2.4246,2.4246,2.4246,2.4246,2.4246,2.4246,2.4246,2.4246
5.3239,5.3239,5.3239,5.3239,5.3239,5.3239,5.3239,4.6326,3.7368,2.8411,1.9453,1.0781,0.484,1.694,1.694,1.694,1.694,1.694,1.694,1.694,1.694,1.694,1.694,1.694,1.694,1.694,1.694
2.2509,2.2394,2.2282,2.2175,2.2068,2.1961,2.1854,2.1747,2.164,2.1498,1.9419,1.0762,2.8624,2.8624,2.8624,2.8624,2.8624,2.8624,2.8624,2.8624,2.8624,2.8624,2.8624,2.8156,2.437,2.0584,1.6798
1.9575,1.966,1.9742,1.9822,1.9901,1.998,2.0059,2.0138,2.0217,2.0322,1.9386,5.7846,5.9805,6.1732,6.3617,6.5703,6.8381,7.1063,7.385,7.6637,7.9432,8.2229,8.5027,8.7825,9.0624,9.3422,9.622
2.2617,2.2502,2.239,2.2282,2.2174,2.2067,2.196,2.1852,2.1745,2.1602,1.9352,1.0725,2.4989,2.4989,2.4989,2.4989,2.4989,2.4989,2.4989,2.4989,2.4989,2.4989,2.4989,2.4989,2.4487,2.0683,1.6879
1.9415,1.9415,1.9415,1.9415,1.9415,1.9415,1.9415,1.9415,1.9415,1.9415,1.9415,1.9415,1.9415,1.9415,1.9415,1.9415,1.9415,1.9415,1.9415,1.9415,1.9415,1.9415,1.9415,1.9415,1.9415,1.9415,1.9415
3.2176,3.2315,3.2451,3.2581,3.2712,3.2842,3.2971,3.3101,3.3231,2.8164,1.9285,1.0687,2.1374,2.1374,2.1374,2.1374,2.1374,2.1374,2.1374,2.1374,2.1374,2.1374,2.1374,2.1374,2.1374,2.1374,2.1374
1.6944,1.6858,1.6774,1.6693,1.6613,1.6532,1.6452,1.6371,1.6291,1.6184,1.607,1.0669,0.5476,4.7771,4.5851,4.3726,4.0999,3.8267,3.5429,3.259,2.9744,2.6895,2.4045,2.1195,1.8346,1.5496,1.2646
2.3319,2.342,2.3519,2.3613,2.3708,2.3802,2.3896,2.399,2.4084,2.4209,1.9218,3.6028,3.6028,3.6028,3.6028,3.6028,3.6028,3.6028,3.6028,3.6028,3.6028,3.6028,3.6028,3.6028,3.6028,3.6028,3.6028
5.5237,5.5237,5.5237,5.5237,5.5237,5.5237,5.4521,4.5687,3.6852,2.8019,1.9185,1.0632,0.5022,1.7575,1.7575,1.7575,1.7575,1.7575,1.7575,1.7575,1.7575,1.7575,1.7575,1.7575,1.7575,1.7575,1.7575
2.1906,2.1906,2.1906,2.1906,2.1906,2.1906,2.1906,2.1906,2.1906,2.1906,1.9152,2.1906,2.1906,2.1906,2.1906,2.1906,2.1906,2.1906,2.1906,2.1906,2.1906,2.1906,2.1906,2.1906,2.1906,2.1906,2.1906
2.0961,2.1052,2.114,2.1225,2.131,2.1395,2.1479,2.1564,2.1648,2.1761,1.9119,4.9822,4.9822,4.9822,4.9822,4.9822,4.9822,4.9822,4.9822,4.9822,4.9822,4.9822,4.9822,4.9822,4.9822,4.9822,4.9822
1.8144,1.8051,1.7961,1.7875,1.7788,1.7702,1.7616,1.753,1.7444,1.7329,1.7207,1.0577,4.4424,4.4424,4.4424,4.4424,4.39,4.0975,3.7936,3.4897,3.1848,2.8798,2.5747,2.2695,1.9644,1.6592,1.354
2.1479,2.1479,2.1479,2.1479,2.1479,2.1479,2.1479,2.1479,2.1479,2.1479,2.1479,2.1479,2.1479,2.1479,2.1479,2.1479,2.1479,2.1479,2.1479,2.1479,2.1479,2.1479,2.1479,2.1479,2.1479,2.1479,2.1479
5.6193,5.6193,5.6193,5.6193,5.6193,5.6193,5.4055,4.5296,3.6537,2.7779,1.9021,1.0541,0.5108,1.7879,1.7879,1.7879,1.7879,1.7879,1.7879,1.7879,1.7879,1.7879,1.7879,1.7879,1.7879,1.7879,1.7879
1.9398,1.9299,1.9203,1.911,1.9018,1.8926,1.8834,1.8742,1.865,1.8527,1.8397,1.0523,3.9014,3.9014,3.9014,3.9014,3.9014,3.9014,3.9014,3.7309,3.405,3.0789,2.7527,2.4264,2.1002,1.7739,1.4476
2.0264,2.0351,2.0437,2.0519,2.0601,2.0683,2.0765,2.0846,2.0928,2.1037,1.8956,5.9881,6.1909,6.3903,6.5855,6.8015,7.0787,7.3563,7.6448,7.9333,8.2227,8.5122,8.8018,9.0182,9.0182,9.0182,9.0182
2.9333,2.9184,2.9039,2.8899,2.8759,2.862,2.848,2.8341,2.8202,2.7637,1.8924,1.0487,2.0869,2.0869,2.0869,2.0869,2.0869,2.0869,2.0869,2.0869,2.0869,2.0869,2.0869,2.0869,2.0869,2.0869,2.0869
1.9719,1.9719,1.9719,1.9719,1.9719,1.9719,1.9719,1.9719,1.9719,1.9719,1.9719,1.9719,1.9719,1.9719,1.9719,1.9719,1.9719,1.9719,1.9719,1.9719,1.9719,1.9719,1.9719,1.9719,1.9719,1.9719,1.9719
2.5899,2.6011,2.612,2.6225,2.633,2.6435,2.6539,2.6644,2.6748,2.6888,1.8859,1.0452,2.6624,2.6624,2.6624,2.6624,2.6624,2.6624,2.6624,2.6624,2.6624,2.6624,2.6624,2.6624,2.6624,2.6624,2.6624
1.6886,1.68,1.6717,1.6636,1.6556,1.6475,1.6395,1.6315,1.6235,1.6128,1.6015,1.0434,0.5457,4.7607,4.5694,4.3576,4.0858,3.8136,3.5307,3.2479,2.9642,2.6803,2.3963,2.1123,1.8283,1.5442,1.2602
2.7739,2.7739,2.7739,2.7739,2.7739,2.7739,2.7739,2.7739,2.7739,2.745,1.892,2.7739,2.7739,2.7739,2.7739,2.7739,2.7739,2.7739,2.7739,2.7739,2.7739,2.7739,2.7739,2.7739,2.7739,2.7739,2.7739
5.4001,5.4001,5.4001,5.4001,5.4001,5.4001,5.3325,4.4684,3.6044,2.7404,1.8764,1.0399,0.4909,1.7182,1.7182,1.7182,1.7182,1.7182,1.7182,1.7182,1.7182,1.7182,1.7182,1.7182,1.7182,1.7182,1.7182
2.561,2.561,2.561,2.561,2.561,2.561,2.5577,2.5452,2.5327,2.516,1.8732,1.1616,2.561,2.561,2.561,2.561,2.561,2.561,2.561,2.561,2.561,2.561,2.561,2.561,2.561,2.409,1.9659
2.0092,2.0179,2.0264,2.0345,2.0427,2.0508,2.0589,2.067,2.0751,2.0859,1.8701,5.9374,6.1385,6.3362,6.5298,6.7439,7.0188,7.294,7.5801,7.8661,8.153,8.4401,8.7273,9.0145,9.3017,9.589,9.8762
2.0665,2.056,2.0458,2.0359,2.0261,2.0163,2.0064,1.9966,1.9868,1.9737,1.8669,1.0346,3.0056,3.0056,3.0056,3.0056,3.0056,3.0056,3.0056,3.0056,3.0056,3.0056,2.9326,2.585,2.2374,1.8898,1.5422
2.0169,2.0169,2.0169,2.0169,2.0169,2.0169,2.0169,2.0169,2.0169,2.0169,2.0169,2.0169,2.0169,2.0169,2.0169,2.0169,2.0169,2.0169,2.0169,2.0169,2.0169,2.0169,2.0169,2.0169,2.0169,2.0169,2.0169
4.0041,4.0214,4.0383,4.0545,4.0708,4.0869,4.1031,4.1192,3.5742,2.7174,1.8607,1.0312,1.9889,1.9889,1.9889,1.9889,1.9889,1.9889,1.9889,1.9889,1.9889,1.9889,1.9889,1.9889,1.9889,1.9889,1.9889
1.782,1.7729,1.7641,1.7556,1.7471,1.7386,1.7302,1.7217,1.7133,1.702,1.69,1.0295,5.2303,5.024,4.822,4.5986,4.3117,4.0245,3.726,3.4274,3.128,2.8284,2.5288,2.2291,1.9294,1.6296,1.3299
2.2053,2.2149,2.2242,2.2331,2.242,2.2509,2.2598,2.2687,2.2776,2.2895,1.8545,4.6876,4.6876,4.6876,4.6876,4.6876,4.6876,4.6876,4.6876,4.6876,4.6876,4.6876,4.6876,4.6876,4.6876,4.6876,4.6876
4.4262,4.4037,4.3817,4.3606,4.3395,4.3185,4.2975,4.2765,3.5564,2.7039,1.8514,1.026,0.5349,1.8723,1.8723,1.8723,1.8723,1.8723,1.8723,1.8723,1.8723,1.8723,1.8723,1.8723,1.8723,1.8723,1.8723
2.1024,2.1024,2.1024,2.1024,2.1024,2.1024,2.1024,2.1024,2.1024,2.1024,2.1024,2.1024,2.1024,2.1024,2.1024,2.1024,2.1024,2.1024,2.1024,2.1024,2.1024,2.1024,2.1024,2.1024,2.1024,2.1024,2.1024
2.2636,2.2734,2.283,2.2921,2.3013,2.3104,2.3196,2.3287,2.3378,2.35,1.8452,1.0669,3.7341,3.7341,3.7341,3.7341,3.7341,3.7341,3.7341,3.7341,3.7341,3.7341,3.7341,3.7341,3.7341,3.7341,3.7341
1.7652,1.7562,1.7474,1.739,1.7306,1.7222,1.7139,1.7055,1.6971,1.6859,1.6741,1.0209,5.181,4.9766,4.7765,4.5552,4.271,3.9865,3.6908,3.3951,3.0985,2.8018,2.5049,2.208,1.9111,1.6143,1.3174
2.354,2.354,2.354,2.354,2.354,2.354,2.354,2.354,2.354,2.354,2.354,2.354,2.354,2.354,2.354,2.354,2.354,2.354,2.354,2.354,2.354,2.354,2.354,2.354,2.354,2.354,2.354
5.5377,5.5377,5.5377,5.5377,5.5377,5.5377,5.218,4.3725,3.527,2.6815,1.8361,1.0176,0.5034,1.762,1.762,1.762,1.762,1.762,1.762,1.762,1.762,1.762,1.762,1.762,1.762,1.762,1.762
2.1607,2.1497,2.139,2.1287,2.1184,2.1081,2.0979,2.0876,2.0774,2.0637,1.8331,1.0159,3.2505,3.2505,3.2505,3.2505,3.2505,3.2505,3.2505,3.2505,3.2505,3.2505,3.0662,2.7028,2.3394,1.976,1.6125
2.0217,2.0305,2.039,2.0472,2.0554,2.0635,2.0717,2.0798,2.088,2.0989,1.8301,5.9743,6.1766,6.3756,6.5704,6.7858,7.0624,7.3394,7.6272,7.9151,8.2037,8.4926,8.7816,9.0706,9.3596,9.6486,9.9376
2.5284,2.5155,2.503,2.4909,2.4788,2.4668,2.4548,2.4428,2.4308,2.4148,1.8271,1.0125,2.3674,2.3674,2.3674,2.3674,2.3674,2.3674,2.3674,2.3674,2.3674,2.3674,2.3674,2.3674,2.3674,2.3122,1.8869
1.9911,1.9911,1.9911,1.9911,1.9911,1.9911,1.9911,1.9911,1.9911,1.9911,1.9911,1.9911,1.9911,1.9911,1.9911,1.9911,1.9911,1.9911,1.9911,1.9911,1.9911,1.9911,1.9911,1.9911,1.9911,1.9911,1.9911
3.0006,3.0136,3.0262,3.0384,3.0505,3.0626,3.0747,3.0868,3.0989,2.6596,1.8211,1.0092,2.3582,2.3582,2.3582,2.3582,2.3582,2.3582,2.3582,2.3582,2.3582,2.3582,2.3582,2.3582,2.3582,2.3582,2.3582
1.7254,1.7166,1.7081,1.6998,1.6916,1.6834,1.6752,1.6671,1.6589,1.6479,1.6364,1.0076,5.0643,4.8645,4.6689,4.4526,4.1748,3.8967,3.6077,3.3186,3.0287,2.7386,2.4485,2.1583,1.8681,1.5779,1.2877
2.5438,2.5548,2.5656,2.5759,2.5862,2.5964,2.6067,2.617,2.6272,2.6409,1.8151,3.2948,3.2948,3.2948,3.2948,3.2948,3.2948,3.2948,3.2948,3.2948,3.2948,3.2948,3.2948,3.2948,3.2948,3.2948,3.2948
5.5839,5.5839,5.5839,5.5839,5.5839,5.5839,5.15,4.3155,3.481,2.6466,1.8122,1.0043,0.5076,1.7767,1.7767,1.7767,1.7767,1.7767,1.7767,1.7767,1.7767,1.7767,1.7767,1.7767,1.7767,1.7767,1.7767
2.3659,2.3659,2.3659,2.3659,2.3659,2.3659,2.3659,2.3659,2.3659,2.3659,1.8092,2.3659,2.3659,2.3659,2.3659,2.3659,2.3659,2.3659,2.3659,2.3659,2.3659,2.3659,2.3659,2.3659,2.3659,2.3659,2.3659
2.103,2.1121,2.1209,2.1295,2.138,2.1465,2.155,2.1634,2.1719,2.1832,1.8063,6.2145,6.425,6.6319,6.6705,6.6705,6.6705,6.6705,6.6705,6.6705,6.6705,6.6705,6.6705,6.6705,6.6705,6.6705,6.6705
1.942,1.9321,1.9225,1.9132,1.904,1.8947,1.8855,1.8763,1.8671,1.8548,1.8033,0.9994,3.8272,3.8272,3.8272,3.8272,3.8272,3.8272,3.8272,3.7352,3.4089,3.0824,2.7558,2.4292,2.1026,1.7759,1.4493
2.1377,2.1377,2.1377,2.1377,2.1377,2.1377,2.1377,2.1377,2.1377,2.1377,2.1377,2.1377,2.1377,2.1377,2.1377,2.1377,2.1377,2.1377,2.1377,2.1377,2.1377,2.1377,2.1377,2.1377,2.1377,2.1377,2.1377
5.3735,5.3968,5.4194,5.4412,5.463,5.4846,5.1083,4.2806,3.4529,2.6252,1.7975,0.9962,0.5423,1.898,1.898,1.898,1.898,1.898,1.898,1.898,1.898,1.898,1.898,1.898,1.898,1.898,1.898
1.914,1.9042,1.8947,1.8856,1.8765,1.8674,1.8583,1.8492,1.8401,1.828,1.7946,0.9946,4.7096,4.7096,4.7096,4.7096,4.6311,4.3225,4.0019,3.6813,3.3597,3.0379,2.7161,2.3942,2.0722,1.7503,1.4284
2.1344,2.1437,2.1527,2.1613,2.17,2.1786,2.1872,2.1958,2.2044,2.2159,1.7917,6.3075,6.5211,6.7312,6.788,6.788,6.788,6.788,6.788,6.788,6.788,6.788,6.788,6.788,6.788,6.788,6.788
3.4403,3.4228,3.4057,3.3893,3.3729,3.3566,3.3402,3.3239,3.3076,2.6125,1.7888,0.9914,2.0397,2.0397,2.0397,2.0397,2.0397,2.0397,2.0397,2.0397,2.0397,2.0397,2.0397,2.0397,2.0397,2.0397,2.0397
2.0618,2.0618,2.0618,2.0618,2.0618,2.0618,2.0618,2.0618,2.0618,2.0618,2.0618,2.0618,2.0618,2.0618,2.0618,2.0618,2.0618,2.0618,2.0618,2.0618,2.0618,2.0618,2.0618,2.0618,2.0618,2.0618,2.0618
2.5045,2.5154,2.5259,2.5361,2.5462,2.5563,2.5664,2.5765,2.5866,2.6001,1.7831,0.9882,3.0551,3.0551,3.0551,3.0551,3.0551,3.0551,3.0551,3.0551,3.0551,3.0551,3.0551,3.0551,3.0551,3.0551,3.0551
1.753,1.7441,1.7354,1.727,1.7187,1.7104,1.702,1.6937,1.6854,1.6743,1.6625,0.9866,5.1453,4.9422,4.7436,4.5238,4.2416,3.959,3.6654,3.3717,3.0772,2.7824,2.4876,2.1928,1.898,1.6031,1.3083
2.6498,2.6498,2.6498,2.6498,2.6498,2.6498,2.6498,2.6498,2.6498,2.5958,2.6498,2.6498,2.6498,2.6498,2.6498,2.6498,2.6498,2.6498,2.6498,2.6498,2.6498,2.6498,2.6498,2.6498,2.6498,2.6498,2.6498
5.5666,5.5666,5.5666,5.5666,5.5666,5.5666,5.0431,4.2259,3.4088,2.5917,1.7746,0.9834,0.5061,1.7712,1.7712,1.7712,1.7712,1.7712,1.7712,1.7712,1.7712,1.7712,1.7712,1.7712,1.7712,1.7712,1.7712
2.4804,2.4678,2.4555,2.4437,2.4318,2.4201,2.4083,2.3965,2.3848,2.369,1.7717,1.0937,2.8476,2.8476,2.8476,2.8476,2.8476,2.8476,2.8476,2.8476,2.8476,2.8476,2.8476,2.8476,2.6855,2.2683,1.8511
2.0566,2.0655,2.0742,2.0825,2.0909,2.0992,2.1075,2.1157,2.124,2.1351,1.7689,6.0775,6.2833,6.4857,6.6838,6.903,7.1844,7.4661,7.7589,8.0518,8.3454,8.6393,8.9332,9.2272,9.5212,9.8152,10.0
2.2702,2.2586,2.2473,2.2365,2.2257,2.2149,2.2041,2.1934,2.1826,2.1682,1.7661,0.9788,2.7808,2.7808,2.7808,2.7808,2.7808,2.7808,2.7808,2.7808,2.7808,2.7808,2.7808,2.7808,2.4579,2.076,1.6942
2.0497,2.0497,2.0497,2.0497,2.0497,2.0497,2.0497,2.0497,2.0497,2.0497,2.0497,2.0497,2.0497,2.0497,2.0497,2.0497,2.0497,2.0497,2.0497,2.0497,2.0497,2.0497,2.0497,2.0497,2.0497,2.0497,2.0497
3.6233,3.639,3.6542,3.6689,3.6836,3.6982,3.7128,3.7274,3.3818,2.5711,1.7605,0.9757,2.1619,2.1619,2.1619,2.1619,2.1619,2.1619,2.1619,2.1619,2.1619,2.1619,2.1619,2.1619,2.1619,2.1619,2.1619
1.7977,1.7885,1.7796,1.771,1.7625,1.7539,1.7454,1.7369,1.7283,1.7169,1.7049,0.9741,5.2763,5.0682,4.8644,4.639,4.3497,4.0599,3.7587,3.4576,3.1556,2.8533,2.551,2.2487,1.9463,1.644,1.3416
2.3747,2.385,2.395,2.4046,2.4143,2.4238,2.4334,2.443,2.4526,2.4654,1.755,4.1185,4.1185,4.1185,4.1185,4.1185,4.1185,4.1185,4.1185,4.1185,4.1185,4.1185,4.1185,4.1185,4.1185,4.1185,4.1185
5.7218,5.6926,5.6643,5.637,5.6097,5.5825,4.9795,4.1727,3.3658,2.559,1.7522,0.971,1.8741,1.8741,1.8741,1.8741,1.8741,1.8741,1.8741,1.8741,1.8741,1.8741,1.8741,1.8741,1.8741,1.8741,1.8741
2.2445,2.2445,2.2445,2.2445,2.2445,2.2445,2.2445,2.2445,2.2445,2.2445,2.2445,2.2445,2.2445,2.2445,2.2445,2.2445,2.2445,2.2445,2.2445,2.2445,2.2445,2.2445,2.2445,2.2445,2.2445,2.2445,2.2445
2.2471,2.2569,2.2663,2.2754,2.2845,2.2936,2.3027,2.3117,2.3208,2.3329,1.7467,4.5951,4.5951,4.5951,4.5951,4.5951,4.5951,4.5951,4.5951,4.5951,4.5951,4.5951,4.5951,4.5951,4.5951,4.5951,4.5951
1.8696,1.8601,1.8508,1.8419,1.833,1.8241,1.8152,1.8064,1.7975,1.7857,1.7439,0.9665,5.332,5.271,5.0591,4.8247,4.5237,4.2224,3.9092,3.596,3.2819,2.9675,2.6531,2.3387,2.0242,1.7098,1.3953
2.3158,2.3158,2.3158,2.3158,2.3158,2.3158,2.3158,2.3158,2.3158,2.3158,2.3158,2.3158,2.3158,2.3158,2.3158,2.3158,2.3158,2.3158,2.3158,2.3158,2.3158,2.3158,2.3158,2.3158,2.3158,2.3158,2.3158
5.8214,5.8214,5.8214,5.8214,5.8214,5.7411,4.9406,4.14,3.3395,2.539,1.7385,0.9635,1.8523,1.8523,1.8523,1.8523,1.8523,1.8523,1.8523,1.8523,1.8523,1.8523,1.8523,1.8523,1.8523,1.8523,1.8523
2.1044,2.0937,2.0833,2.0732,2.0632,2.0532,2.0432,2.0332,2.0232,2.0099,1.7358,0.962,3.7734,3.7734,3.7734,3.7734,3.7734,3.7734,3.7734,3.7734,3.694,3.3402,2.9863,2.6324,2.2784,1.9245,1.5705
2.1099,2.1191,2.128,2.1365,2.1451,2.1536,2.1621,2.1706,2.1791,2.1905,1.7331,6.2351,6.4462,6.6539,6.8572,7.082,7.3707,7.6597,7.9601,8.2605,8.5618,8.8633,9.1649,9.4665,9.7681,10.0,10.0
2.8793,2.8646,2.8504,2.8366,2.8229,2.8092,2.7956,2.7819,2.7682,2.5271,1.7304,0.959,2.2796,2.2796,2.2796,2.2796,2.2796,2.2796,2.2796,2.2796,2.2796,2.2796,2.2796,2.2796,2.2796,2.2796,2.1488
2.0634,2.0634,2.0634,2.0634,2.0634,2.0634,2.0634,2.0634,2.0634,2.0634,2.0634,2.0634,2.0634,2.0634,2.0634,2.0634,2.0634,2.0634,2.0634,2.0634,2.0634,2.0634,2.0634,2.0634,2.0634,2.0634,2.0634
2.8512,2.8635,2.8755,2.8871,2.8986,2.9101,2.9216,2.9331,2.9446,2.5193,1.725,0.956,2.6441,2.6441,2.6441,2.6441,2.6441,2.6441,2.6441,2.6441,2.6441,2.6441,2.6441,2.6441,2.6441,2.6441,2.6441
1.7756,1.7665,1.7577,1.7492,1.7408,1.7323,1.7239,1.7155,1.7071,1.6958,1.6839,0.9545,5.2114,5.0058,4.8045,4.5819,4.2961,4.0099,3.7125,3.415,3.1167,2.8182,2.5196,2.221,1.9224,1.6237,1.3251
2.8154,2.8276,2.8395,2.8509,2.8623,2.8737,2.885,2.8964,2.9077,2.5115,1.8973,3.0813,3.0813,3.0813,3.0813,3.0813,3.0813,3.0813,3.0813,3.0813,3.0813,3.0813,3.0813,3.0813,3.0813,3.0813,3.0813
5.7056,5.7056,5.7056,5.7056,5.7056,5.6702,4.8795,4.0889,3.2982,2.5076,1.717,0.9516,0.5187,1.8154,1.8154,1.8154,1.8154,1.8154,1.8154,1.8154,1.8154,1.8154,1.8154,1.8154,1.8154,1.8154,1.8154
2.5893,2.5893,2.5893,2.5893,2.5893,2.5893,2.5893,2.5893,2.5893,2.5037,1.7144,2.5893,2.5893,2.5893,2.5893,2.5893,2.5893,2.5893,2.5893,2.5893,2.5893,2.5893,2.5893,2.5893,2.5893,2.5893,2.2076
2.1333,2.1425,2.1515,2.1602,2.1688,2.1774,2.186,2.1946,2.2032,2.2147,1.7117,6.304,6.5175,6.7275,6.933,7.1603,7.4522,7.7445,8.0482,8.3519,8.6565,8.9614,9.2663,9.5712,9.8762,9.9471,9.9471
2.1045,2.0938,2.0834,2.0733,2.0633,2.0533,2.0433,2.0333,2.0233,2.01,1.7091,0.9472,3.4205,3.4205,3.4205,3.4205,3.4205,3.4205,3.4205,3.4205,3.4205,3.3403,2.9864,2.6325,2.2785,1.9246,1.5706
2.1522,2.1522,2.1522,2.1522,2.1522,2.1522,2.1522,2.1522,2.1522,2.1522,2.1522,2.1522,2.1522,2.1522,2.1522,2.1522,2.1522,2.1522,2.1522,2.1522,2.1522,2.1522,2.1522,2.1522,2.1522,2.1522,2.1522
4.6369,4.657,4.6765,4.6953,4.7141,4.7328,4.7515,4.0575,3.2729,2.4884,1.7038,0.9443,2.0385,2.0385,2.0385,2.0385,2.0385,2.0385,2.0385,2.0385,2.0385,2.0385,2.0385,2.0385,2.0385,2.0385,2.0385
1.9116,1.9018,1.8924,1.8832,1.8741,1.8651,1.856,1.8469,1.8378,1.8257,1.7012,0.9428,5.6106,5.3893,5.1726,4.9329,4.6252,4.3171,3.9969,3.6767,3.3555,3.0341,2.7126,2.3911,2.0696,1.7481,1.4266
2.2738,2.2836,2.2932,2.3024,2.3116,2.3208,2.33,2.3392,2.3483,2.3606,1.6986,5.5604,5.5604,5.5604,5.5604,5.5604,5.5604,5.5604,5.5604,5.5604,5.5604,5.5604,5.5604,5.5604,5.5604,5.5604,5.5604
4.1618,4.1406,4.12,4.1001,4.0803,4.0605,4.0408,4.021,3.258,2.477,1.6961,0.9399,2.0196,2.0196,2.0196,2.0196,2.0196,2.0196,2.0196,2.0196,2.0196,2.0196,2.0196,2.0196,2.0196,2.0196,2.0196
2.1796,2.1796,2.1796,2.1796,2.1796,2.1796,2.1796,2.1796,2.1796,2.1796,2.1796,2.1796,2.1796,2.1796,2.1796,2.1796,2.1796,2.1796,2.1796,2.1796,2.1796,2.1796,2.1796,2.1796,2.1796,2.1796,2.1796
2.4564,2.467,2.4773,2.4873,2.4973,2.5072,2.5171,2.527,2.5369,2.4695,1.6909,1.0265,3.5926,3.5926,3.5926,3.5926,3.5926,3.5926,3.5926,3.5926,3.5926,3.5926,3.5926,3.5926,3.5926,3.5926,3.5926
1.8396,1.8302,1.8211,1.8123,1.8036,1.7948,1.7861,1.7774,1.7686,1.757,1.6883,0.9357,5.3994,5.1864,4.9779,4.7472,4.4511,4.1546,3.8464,3.5382,3.2292,2.9199,2.6105,2.3011,1.9917,1.6823,1.3729
2.5712,2.5712,2.5712,2.5712,2.5712,2.5712,2.5712,2.5712,2.5712,2.462,2.5712,2.5712,2.5712,2.5712,2.5712,2.5712,2.5712,2.5712,2.5712,2.5712,2.5712,2.5712,2.5712,2.5712,2.5712,2.5712,2.5712
5.8002,5.8002,5.8002,5.8002,5.8002,5.5586,4.7835,4.0084,3.2333,2.4582,1.6832,0.9328,1.8455,1.8455,1.8455,1.8455,1.8455,1.8455,1.8455,1.8455,1.8455,1.8455,1.8455,1.8455,1.8455,1.8455,1.8455
2.3775,2.3654,2.3536,2.3422,2.3309,2.3196,2.3083,2.2971,2.2858,2.2707,1.6807,1.0483,3.222,3.222,3.222,3.222,3.222,3.222,3.222,3.222,3.222,3.222,3.222,2.9739,2.5741,2.1742,1.7743
2.128,2.1372,2.1461,2.1548,2.1634,2.172,2.1806,2.1891,2.1977,2.2092,1.6781,6.2883,6.5013,6.7107,6.9157,7.1424,7.4336,7.7251,8.0281,8.3311,8.6349,8.939,9.2431,9.5473,9.8515,10.0,10.0
2.5328,2.5199,2.5073,2.4953,2.4832,2.4712,2.4591,2.4471,2.4351,2.4191,1.6756,0.9286,2.6269,2.6269,2.6269,2.6269,2.6269,2.6269,2.6269,2.6269,2.6269,2.6269,2.6269,2.6269,2.6269,2.3162,1.8902
2.106,2.106,2.106,2.106,2.106,2.106,2.106,2.106,2.106,2.106,2.106,2.106,2.106,2.106,2.106,2.106,2.106,2.106,2.106,2.106,2.106,2.106,2.106,2.106,2.106,2.106,2.106
3.3626,3.3772,3.3914,3.405,3.4186,3.4322,3.4458,3.4593,3.209,2.4398,1.6706,0.9258,2.3834,2.3834,2.3834,2.3834,2.3834,2.3834,2.3834,2.3834,2.3834,2.3834,2.3834,2.3834,2.3834,2.3834,2.3834
1.8339,1.8246,1.8155,1.8067,1.798,1.7893,1.7806,1.7719,1.7632,1.7516,1.6681,0.9244,5.3827,5.1703,4.9625,4.7325,4.4373,4.1417,3.8345,3.5273,3.2192,2.9108,2.6024,2.294,1.9856,1.6771,1.3686
2.5908,2.602,2.613,2.6235,2.634,2.6444,2.6549,2.6653,2.6758,2.4325,1.7459,3.7373,3.7373,3.7373,3.7373,3.7373,3.7373,3.7373,3.7373,3.7373,3.7373,3.7373,3.7373,3.7373,3.7373,3.7373,3.7373
5.9647,5.9647,5.9647,5.9647,5.9647,5.4921,4.7263,3.9604,3.1946,2.4288,1.6631,0.9217,1.8978,1.8978,1.8978,1.8978,1.8978,1.8978,1.8978,1.8978,1.8978,1.8978,1.8978,1.8978,1.8978,1.8978,1.8978
2.4261,2.4261,2.4261,2.4261,2.4261,2.4261,2.4261,2.4261,2.4261,2.4252,1.9064,2.4261,2.4261,2.4261,2.4261,2.4261,2.4261,2.4261,2.4261,2.4261,2.4261,2.4261,2.4261,2.4261,2.4261,2.4261,2.4261
2.258,2.2678,2.2773,2.2864,2.2956,2.3047,2.3138,2.3229,2.332,2.3442,1.6581,5.9456,5.9456,5.9456,5.9456,5.9456,5.9456,5.9456,5.9456,5.9456,5.9456,5.9456,5.9456,5.9456,5.9456,5.9456,5.9456
2.0038,1.9935,1.9836,1.9741,1.9645,1.955,1.9455,1.936,1.9265,1.9138,1.6556,0.9175,4.4993,4.4993,4.4993,4.4993,4.4993,4.4993,4.1896,3.854,3.5173,3.1804,2.8435,2.5065,2.1694,1.8324,1.4954
2.3078,2.3078,2.3078,2.3078,2.3078,2.3078,2.3078,2.3078,2.3078,2.3078,2.3078,2.3078,2.3078,2.3078,2.3078,2.3078,2.3078,2.3078,2.3078,2.3078,2.3078,2.3078,2.3078,2.3078,2.3078,2.3078,2.3078
6.19,6.19,6.19,6.19,6.19,5.4513,4.6912,3.931,3.1709,2.4108,1.6507,0.9148,1.9695,1.9695,1.9695,1.9695,1.9695,1.9695,1.9695,1.9695,1.9695,1.9695,1.9695,1.9695,1.9695,1.9695,1.9695
2.0782,2.0677,2.0574,2.0474,2.0375,2.0277,2.0178,2.0079,1.9981,1.9849,1.6483,0.9164,4.5025,4.5025,4.5025,4.5025,4.5025,4.5025,4.3454,3.9972,3.6481,3.2987,2.9492,2.5996,2.2501,1.9005,1.551
2.2269,2.2365,2.2459,2.2549,2.2639,2.2729,2.2819,2.2909,2.2999,2.3119,1.6458,6.5806,6.8034,7.0226,7.2371,7.4744,7.7791,8.0842,8.4012,8.6139,8.6139,8.6139,8.6139,8.6139,8.6139,8.6139,8.6139
3.3532,3.3361,3.3195,3.3035,3.2875,3.2716,3.2557,3.2398,3.1568,2.4001,1.6434,0.9108,2.2287,2.2287,2.2287,2.2287,2.2287,2.2287,2.2287,2.2287,2.2287,2.2287,2.2287,2.2287,2.2287,2.2287,2.2287
2.1622,2.1622,2.1622,2.1622,2.1622,2.1622,2.1622,2.1622,2.1622,2.1622,2.1622,2.1622,2.1622,2.1622,2.1622,2.1622,2.1622,2.1622,2.1622,2.1622,2.1622,2.1622,2.1622,2.1622,2.1622,2.1622,2.1622
2.7558,2.7677,2.7793,2.7905,2.8016,2.8128,2.8239,2.835,2.8461,2.393,1.6386,0.9081,3.0217,3.0217,3.0217,3.0217,3.0217,3.0217,3.0217,3.0217,3.0217,3.0217,3.0217,3.0217,3.0217,3.0217,3.0217
1.8475,1.8381,1.829,1.8201,1.8113,1.8026,1.7938,1.785,1.7763,1.7646,1.6361,0.9067,5.4227,5.2087,4.9993,4.7677,4.4703,4.1725,3.863,3.5535,3.2431,2.9325,2.6218,2.311,2.0003,1.6896,1.3788
2.9387,2.9387,2.9387,2.9387,2.9387,2.9387,2.9387,2.9387,2.9387,2.386,2.9387,2.9387,2.9387,2.9387,2.9387,2.9387,2.9387,2.9387,2.9387,2.9387,2.9387,2.9387,2.9387,2.9387,2.9387,2.9387,2.9387
5.8957,5.8957,5.8957,5.8957,5.8957,5.3873,4.6361,3.8849,3.1337,2.3825,1.6313,0.9041,1.8759,1.8759,1.8759,1.8759,1.8759,1.8759,1.8759,1.8759,1.8759,1.8759,1.8759,1.8759,1.8759,1.8759,1.8759
2.7763,2.7621,2.7484,2.7351,2.7219,2.7087,2.6955,2.6824,2.6692,2.379,1.629,2.8769,2.8769,2.8769,2.8769,2.8769,2.8769,2.8769,2.8769,2.8769,2.8769,2.8769,2.8769,2.8769,2.8769,2.5389,2.0719
2.1889,2.1984,2.2076,2.2165,2.2253,2.2342,2.243,2.2518,2.2606,2.2724,1.6266,6.4684,6.6874,6.9029,7.1137,7.3469,7.6464,7.9463,8.2579,8.5696,8.8822,9.1949,9.5078,9.8207,10.0,10.0,10.0
2.3125,2.3007,2.2893,2.2782,2.2672,2.2562,2.2453,2.2343,2.2233,2.2087,1.6242,0.9001,3.1468,3.1468,3.1468,3.1468,3.1468,3.1468,3.1468,3.1468,3.1468,3.1468,3.1468,2.8927,2.5037,2.1148,1.7258
2.1924,2.1924,2.1924,2.1924,2.1924,2.1924,2.1924,2.1924,2.1924,2.1924,2.1924,2.1924,2.1924,2.1924,2.1924,2.1924,2.1924,2.1924,2.1924,2.1924,2.1924,2.1924,2.1924,2.1924,2.1924,2.1924,2.1924
4.1565,4.1745,4.1921,4.2089,4.2257,4.2425,4.2593,3.8566,3.1108,2.3651,1.6195,0.8975,2.2182,2.2182,2.2182,2.2182,2.2182,2.2182,2.2182,2.2182,2.2182,2.2182,2.2182,2.2182,2.2182,2.2182,2.2182
1.9327,1.9228,1.9132,1.904,1.8948,1.8856,1.8765,1.8673,1.8581,1.8459,1.6171,0.8962,5.6726,5.4487,5.2297,4.9874,4.6763,4.3647,4.041,3.7172,3.3925,3.0676,2.7426,2.4175,2.0925,1.7674,1.4423
2.4525,2.4631,2.4734,2.4834,2.4933,2.5032,2.5131,2.523,2.5329,2.3583,1.6527,4.8093,4.8093,4.8093,4.8093,4.8093,4.8093,4.8093,4.8093,4.8093,4.8093,4.8093,4.8093,4.8093,4.8093,4.8093,4.8093
5.2499,5.2231,5.1971,5.1721,5.1471,5.1221,4.5823,3.8398,3.0973,2.3549,1.6124,0.8936,2.0256,2.0256,2.0256,2.0256,2.0256,2.0256,2.0256,2.0256,2.0256,2.0256,2.0256,2.0256,2.0256,2.0256,2.0256
2.3319,2.3319,2.3319,2.3319,2.3319,2.3319,2.3319,2.3319,2.3319,2.3319,2.3319,2.3319,2.3319,2.3319,2.3319,2.3319,2.3319,2.3319,2.3319,2.3319,2.3319,2.3319,2.3319,2.3319,2.3319,2.3319,2.3319
2.4425,2.4531,2.4634,2.4733,2.4832,2.493,2.5029,2.5127,2.5226,2.348,1.6078,4.3589,4.3589,4.3589,4.3589,4.3589,4.3589,4.3589,4.3589,4.3589,4.3589,4.3589,4.3589,4.3589,4.3589,4.3589,4.3589
1.9532,1.9432,1.9336,1.9242,1.9149,1.9057,1.8964,1.8871,1.8778,1.8655,1.6054,0.8897,5.7328,5.5066,5.2852,5.0403,4.7259,4.4111,4.0839,3.7567,3.4285,3.1002,2.7717,2.4432,2.1147,1.7862,1.4577
2.5325,2.5325,2.5325,2.5325,2.5325,2.5325,2.5325,2.5325,2.5325,2.5325,2.5325,2.5325,2.5325,2.5325,2.5325,2.5325,2.5325,2.5325,2.5325,2.5325,2.5325,2.5325,2.5325,2.5325,2.5325,2.5325,2.5325
6.1138,6.1138,6.1138,6.1138,6.0236,5.2865,4.5493,3.8122,3.075,2.3379,1.6008,0.8872,1.9453,1.9453,1.9453,1.9453,1.9453,1.9453,1.9453,1.9453,1.9453,1.9453,1.9453,1.9453,1.9453,1.9453,1.9453
2.3167,2.3049,2.2934,2.2824,2.2714,2.2604,2.2494,2.2384,2.2274,2.2127,1.5985,1.0215,3.7225,3.7225,3.7225,3.7225,3.7225,3.7225,3.7225,3.7225,3.7225,3.6772,3.2876,2.898,2.5083,2.1186,1.729
2.2272,2.2369,2.2462,2.2553,2.2643,2.2733,2.2823,2.2913,2.3002,2.3122,1.5962,6.5816,6.8045,7.0238,7.2383,7.4756,7.7804,8.0855,8.4026,8.7197,9.0377,9.356,9.6743,9.9927,10.0,10.0,10.0
2.8775,2.8628,2.8486,2.8348,2.8211,2.8075,2.7938,2.7802,2.7665,2.3278,1.5939,0.8833,2.5284,2.5284,2.5284,2.5284,2.5284,2.5284,2.5284,2.5284,2.5284,2.5284,2.5284,2.5284,2.5284,2.5284,2.1475
2.189,2.189,2.189,2.189,2.189,2.189,2.189,2.189,2.189,2.189,2.189,2.189,2.189,2.189,2.189,2.189,2.189,2.189,2.189,2.189,2.189,2.189,2.189,2.189,2.189,2.189,2.189
3.1895,3.2033,3.2168,3.2297,3.2426,3.2555,3.2684,3.2812,3.053,2.3212,1.5894,0.8808,2.6704,2.6704,2.6704,2.6704,2.6704,2.6704,2.6704,2.6704,2.6704,2.6704,2.6704,2.6704,2.6704,2.6704,2.6704
1.8929,1.8833,1.8739,1.8649,1.8559,1.8469,1.8379,1.8289,1.8199,1.8079,1.5871,0.8796,5.5559,5.3367,5.1222,4.8849,4.5801,4.275,3.9579,3.6408,3.3228,3.0045,2.6862,2.3678,2.0495,1.7311,1.4127
2.8688,2.8812,2.8933,2.9049,2.9166,2.9281,2.9397,2.9513,2.9629,2.3146,3.482,3.482,3.482,3.482,3.482,3.482,3.482,3.482,3.482,3.482,3.482,3.482,3.482,3.482,3.482,3.482,3.482
6.1131,6.1131,6.1131,6.1131,5.955,5.2263,4.4975,3.7688,3.04,2.3113,1.5826,0.8771,1.9451,1.9451,1.9451,1.9451,1.9451,1.9451,1.9451,1.9451,1.9451,1.9451,1.9451,1.9451,1.9451,1.9451,1.9451
2.6588,2.6588,2.6588,2.6588,2.6588,2.6588,2.6588,2.6588,2.6588,2.308,1.7362,2.6588,2.6588,2.6588,2.6588,2.6588,2.6588,2.6588,2.6588,2.6588,2.6588,2.6588,2.6588,2.6588,2.6588,2.6588,2.5255
2.2973,2.3072,2.3169,2.3262,2.3355,2.3448,2.3541,2.3633,2.3726,2.3047,1.5781,6.7887,7.0186,7.2447,7.466,7.7108,8.0251,8.3143,8.3143,8.3143,8.3143,8.3143,8.3143,8.3143,8.3143,8.3143,8.3143
2.1759,2.1648,2.154,2.1436,2.1332,2.1229,2.1126,2.1023,2.0919,2.0781,1.5758,0.9594,3.9747,3.9747,3.9747,3.9747,3.9747,3.9747,3.9747,3.9747,3.8194,3.4536,3.0877,2.7217,2.3558,1.9898,1.6238
2.3299,2.3299,2.3299,2.3299,2.3299,2.3299,2.3299,2.3299,2.3299,2.3299,2.3299,2.3299,2.3299,2.3299,2.3299,2.3299,2.3299,2.3299,2.3299,2.3299,2.3299,2.3299,2.3299,2.3299,2.3299,2.3299,2.3299
5.5021,5.5259,5.5491,5.5714,5.5937,5.1893,4.4657,3.7421,3.0185,2.2949,1.5714,0.8709,2.1208,2.1208,2.1208,2.1208,2.1208,2.1208,2.1208,2.1208,2.1208,2.1208,2.1208,2.1208,2.1208,2.1208,2.1208
2.0808,2.0702,2.0599,2.05,2.0401,2.0302,2.0203,2.0104,2.0006,1.9874,1.5692,0.9175,5.5693,5.5693,5.5693,5.3698,5.0348,4.6994,4.3508,4.0022,3.6526,3.3028,2.9529,2.6029,2.2529,1.9029,1.5529
2.3793,2.3896,2.3996,2.4092,2.4189,2.4285,2.4381,2.4477,2.4573,2.2885,1.6034,6.8002,6.8002,6.8002,6.8002,6.8002,6.8002,6.8002,6.8002,6.8002,6.8002,6.8002,6.8002,6.8002,6.8002,6.8002,6.8002
4.016,3.9956,3.9757,3.9565,3.9374,3.9183,3.8992,3.7263,3.0058,2.2853,1.5648,0.8672,2.2114,2.2114,2.2114,2.2114,2.2114,2.2114,2.2114,2.2114,2.2114,2.2114,2.2114,2.2114,2.2114,2.2114,2.2114
2.2932,2.2932,2.2932,2.2932,2.2932,2.2932,2.2932,2.2932,2.2932,2.2932,2.2932,2.2932,2.2932,2.2932,2.2932,2.2932,2.2932,2.2932,2.2932,2.2932,2.2932,2.2932,2.2932,2.2932,2.2932,2.2932,2.2932
2.707,2.7187,2.7301,2.7411,2.7521,2.763,2.7739,2.7848,2.7957,2.2788,1.5604,1.0096,3.5336,3.5336,3.5336,3.5336,3.5336,3.5336,3.5336,3.5336,3.5336,3.5336,3.5336,3.5336,3.5336,3.5336,3.5336
1.9456,1.9357,1.926,1.9167,1.9075,1.8982,1.889,1.8798,1.8705,1.8582,1.5582,0.8635,5.7104,5.4851,5.2646,5.0207,4.7075,4.3939,4.068,3.7421,3.4152,3.0881,2.7609,2.4337,2.1065,1.7792,1.452
2.8538,2.8538,2.8538,2.8538,2.8538,2.8538,2.8538,2.8538,2.8538,2.4303,2.8538,2.8538,2.8538,2.8538,2.8538,2.8538,2.8538,2.8538,2.8538,2.8538,2.8538,2.8538,2.8538,2.8538,2.8538,2.8538,2.8538
6.1655,6.1655,6.1655,6.1655,5.8468,5.1313,4.4158,3.7003,2.9848,2.2693,1.5538,0.8611,1.9618,1.9618,1.9618,1.9618,1.9618,1.9618,1.9618,1.9618,1.9618,1.9618,1.9618,1.9618,1.9618,1.9618,1.9618
2.6601,2.6465,2.6333,2.6206,2.608,2.5953,2.5827,2.5701,2.5575,2.2661,1.5517,3.2529,3.2529,3.2529,3.2529,3.2529,3.2529,3.2529,3.2529,3.2529,3.2529,3.2529,3.2529,3.2529,2.88,2.4326,1.9852
2.2733,2.2832,2.2927,2.302,2.3112,2.3203,2.3295,2.3387,2.3478,2.263,1.5495,6.7179,6.9454,7.1691,7.3881,7.6303,7.9414,8.2528,8.5765,8.9001,9.2248,9.5496,9.8745,10.0,10.0,10.0,10.0
2.5818,2.5687,2.5559,2.5436,2.5313,2.519,2.5068,2.4945,2.4823,2.2598,1.5473,0.8575,2.9668,2.9668,2.9668,2.9668,2.9668,2.9668,2.9668,2.9668,2.9668,2.9668,2.9668,2.9668,2.7953,2.3611,1.9268
2.2611,2.2611,2.2611,2.2611,2.2611,2.2611,2.2611,2.2611,2.2611,2.2611,2.2611,2.2611,2.2611,2.2611,2.2611,2.2611,2.2611,2.2611,2.2611,2.2611,2.2611,2.2611,2.2611,2.2611,2.2611,2.2611,2.2611
3.8404,3.8571,3.8733,3.8888,3.9044,3.9199,3.9354,3.6746,2.964,2.2535,1.543,0.8551,2.4497,2.4497,2.4497,2.4497,2.4497,2.4497,2.4497,2.4497,2.4497,2.4497,2.4497,2.4497,2.4497,2.4497,2.4497
1.979,1.9689,1.9591,1.9497,1.9402,1.9309,1.9215,1.9121,1.9027,1.8901,1.5409,0.8726,5.8086,5.5794,5.3551,5.107,4.7884,4.4694,4.1379,3.8064,3.4739,3.1411,2.8083,2.4755,2.1426,1.8098,1.4769
2.6823,2.694,2.7053,2.7161,2.727,2.7378,2.7486,2.7595,2.7703,2.2473,1.8076,4.3281,4.3281,4.3281,4.3281,4.3281,4.3281,4.3281,4.3281,4.3281,4.3281,4.3281,4.3281,4.3281,4.3281,4.3281,4.3281
6.4702,6.4702,6.4702,6.4702,5.7822,5.0746,4.367,3.6594,2.9518,2.2442,1.5366,0.8516,2.0587,2.0587,2.0587,2.0587,2.0587,2.0587,2.0587,2.0587,2.0587,2.0587,2.0587,2.0587,2.0587,2.0587,2.0587
2.5283,2.5283,2.5283,2.5283,2.5283,2.5283,2.5283,2.5283,2.5283,2.2777,2.5283,2.5283,2.5283,2.5283,2.5283,2.5283,2.5283,2.5283,2.5283,2.5283,2.5283,2.5283,2.5283,2.5283,2.5283,2.5283,2.5283
2.4627,2.4734,2.4838,2.4938,2.5037,2.5137,2.5236,2.5335,2.5435,2.238,1.5759,5.5158,5.5158,5.5158,5.5158,5.5158,5.5158,5.5158,5.5158,5.5158,5.5158,5.5158,5.5158,5.5158,5.5158,5.5158,5.5158
2.1008,2.0901,2.0797,2.0697,2.0596,2.0497,2.0397,2.0297,2.0198,2.0065,1.5303,0.9263,5.4414,5.4414,5.4414,5.4213,5.0831,4.7444,4.3925,4.0406,3.6876,3.3344,2.9812,2.6278,2.2745,1.9212,1.5678
2.5316,2.5316,2.5316,2.5316,2.5316,2.5316,2.5316,2.5316,2.5316,2.5316,2.5316,2.5316,2.5316,2.5316,2.5316,2.5316,2.5316,2.5316,2.5316,2.5316,2.5316,2.5316,2.5316,2.5316,2.5316,2.5316,2.5316
6.5265,6.5265,6.5265,6.4453,5.7425,5.0398,4.337,3.6342,2.9315,2.2288,1.5261,0.8458,2.0766,2.0766,2.0766,2.0766,2.0766,2.0766,2.0766,2.0766,2.0766,2.0766,2.0766,2.0766,2.0766,2.0766,2.0766
2.294,2.2823,2.2709,2.26,2.249,2.2382,2.2273,2.2164,2.2055,2.191,1.524,1.0115,4.4126,4.4126,4.4126,4.4126,4.4126,4.4126,4.4126,4.4122,4.0267,3.6411,3.2553,2.8695,2.4837,2.0978,1.712
2.3606,2.3708,2.3807,2.3903,2.3999,2.4094,2.4189,2.4284,2.4379,2.2227,1.5907,6.9757,7.2119,7.4442,7.6716,7.9232,8.2461,8.5695,8.9056,9.2417,9.5788,9.9161,10.0,10.0,10.0,10.0,10.0
3.3408,3.3238,3.3072,3.2913,3.2754,3.2595,3.2437,3.2278,2.9195,2.2196,1.5198,0.8423,2.4769,2.4769,2.4769,2.4769,2.4769,2.4769,2.4769,2.4769,2.4769,2.4769,2.4769,2.4769,2.4769,2.4769,2.4769
2.3039,2.3039,2.3039,2.3039,2.3039,2.3039,2.3039,2.3039,2.3039,2.3039,2.3039,2.3039,2.3039,2.3039,2.3039,2.3039,2.3039,2.3039,2.3039,2.3039,2.3039,2.3039,2.3039,2.3039,2.3039,2.3039,2.3039
3.086,3.0994,3.1124,3.1249,3.1374,3.1499,3.1623,3.1748,2.9115,2.2136,1.5157,0.8713,3.0495,3.0495,3.0495,3.0495,3.0495,3.0495,3.0495,3.0495,3.0495,3.0495,3.0495,3.0495,3.0495,3.0495,3.0495
1.9787,1.9686,1.9588,1.9493,1.9399,1.9305,1.9211,1.9117,1.9023,1.8898,1.5136,0.8725,5.8075,5.5784,5.3541,5.1061,4.7876,4.4686,4.1371,3.8057,3.4733,3.1406,2.8079,2.4751,2.1423,1.8095,1.4767
3.2316,3.2456,3.2592,3.2723,3.2854,3.2985,3.3115,3.3198,2.9036,2.2076,3.3198,3.3198,3.3198,3.3198,3.3198,3.3198,3.3198,3.3198,3.3198,3.3198,3.3198,3.3198,3.3198,3.3198,3.3198,3.3198,3.3198
6.3461,6.3461,6.3461,6.3461,5.6801,4.985,4.2899,3.5948,2.8997,2.2046,1.5095,0.8366,2.0192,2.0192,2.0192,2.0192,2.0192,2.0192,2.0192,2.0192,2.0192,2.0192,2.0192,2.0192,2.0192,2.0192,2.0192
2.9605,2.9605,2.9605,2.9605,2.9605,2.9605,2.9605,2.9605,2.8957,2.2016,1.6258,2.9605,2.9605,2.9605,2.9605,2.9605,2.9605,2.9605,2.9605,2.9605,2.9605,2.9605,2.9605,2.9605,2.9605,2.8978,2.3648
2.3681,2.3784,2.3884,2.398,2.4075,2.4171,2.4267,2.4362,2.4458,2.1986,1.5958,6.998,7.235,7.4681,7.6962,7.9486,8.2726,8.597,8.9342,9.2713,9.6095,9.9479,10.0,10.0,10.0,10.0,10.0
2.3982,2.386,2.3741,2.3627,2.3512,2.3398,2.3285,2.3171,2.3057,2.1956,1.5034,1.0392,3.6371,3.6371,3.6371,3.6371,3.6371,3.6371,3.6371,3.6371,3.6371,3.6371,3.4032,2.9999,2.5965,2.1931,1.7898
2.3843,2.3843,2.3843,2.3843,2.3843,2.3843,2.3843,2.3843,2.3843,2.3843,2.3843,2.3843,2.3843,2.3843,2.3843,2.3843,2.3843,2.3843,2.3843,2.3843,2.3843,2.3843,2.3843,2.3843,2.3843,2.3843,2.3843
4.8815,4.9026,4.9232,4.9429,4.9627,4.9514,4.261,3.5705,2.8801,2.1897,1.4993,0.8309,2.3164,2.3164,2.3164,2.3164,2.3164,2.3164,2.3164,2.3164,2.3164,2.3164,2.3164,2.3164,2.3164,2.3164,2.3164
2.1132,2.1024,2.0919,2.0818,2.0718,2.0617,2.0517,2.0417,2.0316,2.0183,1.4973,0.9318,6.2023,5.9576,5.7181,5.4532,5.113,4.7724,4.4184,4.0644,3.7094,3.3541,2.9987,2.6433,2.2879,1.9325,1.577
2.5773,2.5884,2.5993,2.6097,2.6202,2.6306,2.641,2.6514,2.6617,2.1838,1.7368,5.7704,5.7704,5.7704,5.7704,5.7704,5.7704,5.7704,5.7704,5.7704,5.7704,5.7704,5.7704,5.7704,5.7704,5.7704,5.7704
4.9891,4.9637,4.9389,4.9151,4.8914,4.8677,4.2438,3.5561,2.8685,2.1809,1.4933,0.8276,2.2273,2.2273,2.2273,2.2273,2.2273,2.2273,2.2273,2.2273,2.2273,2.2273,2.2273,2.2273,2.2273,2.2273,2.2273
2.4649,2.4649,2.4649,2.4649,2.4649,2.4649,2.4649,2.4649,2.4649,2.4649,2.4649,2.4649,2.4649,2.4649,2.4649,2.4649,2.4649,2.4649,2.4649,2.4649,2.4649,2.4649,2.4649,2.4649,2.4649,2.4649,2.4649
2.702,2.7137,2.7251,2.7361,2.747,2.7579,2.7688,2.7797,2.7906,2.175,1.4893,4.2532,4.2532,4.2532,4.2532,4.2532,4.2532,4.2532,4.2532,4.2532,4.2532,4.2532,4.2532,4.2532,4.2532,4.2532,4.2532
2.0761,2.0656,2.0553,2.0454,2.0355,2.0256,2.0158,2.0059,1.996,1.9829,1.4873,0.9155,6.0936,5.8532,5.6179,5.3576,5.0234,4.6887,4.341,3.9932,3.6444,3.2953,2.9462,2.597,2.2478,1.8986,1.5494
2.8201,2.8201,2.8201,2.8201,2.8201,2.8201,2.8201,2.8201,2.8201,2.8201,2.8201,2.8201,2.8201,2.8201,2.8201,2.8201,2.8201,2.8201,2.8201,2.8201,2.8201,2.8201,2.8201,2.8201,2.8201,2.8201,2.8201
6.5333,6.5333,6.5333,6.2647,5.5816,4.8985,4.2155,3.5324,2.8494,2.1663,1.4833,0.8221,2.0788,2.0788,2.0788,2.0788,2.0788,2.0788,2.0788,2.0788,2.0788,2.0788,2.0788,2.0788,2.0788,2.0788,2.0788
2.5986,2.5854,2.5725,2.5601,2.5477,2.5354,2.523,2.5107,2.4984,2.1635,1.4814,3.7554,3.7554,3.7554,3.7554,3.7554,3.7554,3.7554,3.7554,3.7554,3.7554,3.7554,3.6876,3.2506,2.8135,2.3764,1.9393
2.3924,2.4028,2.4129,2.4226,2.4323,2.4419,2.4516,2.4612,2.4709,2.1606,1.6122,7.0699,7.3093,7.5448,7.7752,8.0302,8.3575,8.6853,9.0259,9.3665,9.7081,10.0,10.0,10.0,10.0,10.0,10.0
2.9368,2.9218,2.9073,2.8932,2.8792,2.8653,2.8514,2.8374,2.8235,2.1577,1.4774,0.8188,2.8595,2.8595,2.8595,2.8595,2.8595,2.8595,2.8595,2.8595,2.8595,2.8595,2.8595,2.8595,2.8595,2.6856,2.1917
2.3634,2.3634,2.3634,2.3634,2.3634,2.3634,2.3634,2.3634,2.3634,2.3634,2.3634,2.3634,2.3634,2.3634,2.3634,2.3634,2.3634,2.3634,2.3634,2.3634,2.3634,2.3634,2.3634,2.3634,2.3634,2.3634,2.3634
3.6418,3.6576,3.6729,3.6877,3.7025,3.7172,3.7319,3.509,2.8305,2.152,1.4735,0.8166,2.7519,2.7519,2.7519,2.7519,2.7519,2.7519,2.7519,2.7519,2.7519,2.7519,2.7519,2.7519,2.7519,2.7519,2.7519
2.0543,2.0438,2.0337,2.0239,2.0141,2.0043,1.9946,1.9848,1.9751,1.9621,1.4716,0.9058,6.0296,5.7917,5.5588,5.3013,4.9706,4.6395,4.2953,3.9512,3.606,3.2607,2.9152,2.5697,2.2242,1.8786,1.5331
2.9811,2.994,3.0065,3.0186,3.0307,3.0427,3.0548,3.0668,2.823,2.1463,4.0216,4.0216,4.0216,4.0216,4.0216,4.0216,4.0216,4.0216,4.0216,4.0216,4.0216,4.0216,4.0216,4.0216,4.0216,4.0216,4.0216
6.6689,6.6689,6.6689,6.1985,5.5227,4.8468,4.171,3.4951,2.8193,2.1435,1.4677,0.8134,2.1219,2.1219,2.1219,2.1219,2.1219,2.1219,2.1219,2.1219,2.1219,2.1219,2.1219,2.1219,2.1219,2.1219,2.1219
2.7833,2.7833,2.7833,2.7833,2.7833,2.7833,2.7833,2.7833,2.7833,2.1406,2.7833,2.7833,2.7833,2.7833,2.7833,2.7833,2.7833,2.7833,2.7833,2.7833,2.7833,2.7833,2.7833,2.7833,2.7833,2.7833,2.7833
2.5196,2.5305,2.5411,2.5513,2.5615,2.5717,2.5819,2.592,2.6022,2.1378,1.6979,7.4177,7.4177,7.4177,7.4177,7.4177,7.4177,7.4177,7.4177,7.4177,7.4177,7.4177,7.4177,7.4177,7.4177,7.4177,7.4177
2.2929,2.2812,2.2699,2.2589,2.248,2.2371,2.2262,2.2154,2.2045,2.135,1.4619,1.011,4.7438,4.7438,4.7438,4.7438,4.7438,4.7438,4.7438,4.4101,4.0249,3.6394,3.2538,2.8682,2.4825,2.0969,1.7112
2.5697,2.5697,2.5697,2.5697,2.5697,2.5697,2.5697,2.5697,2.5697,2.5697,2.5697,2.5697,2.5697,2.5697,2.5697,2.5697,2.5697,2.5697,2.5697,2.5697,2.5697,2.5697,2.5697,2.5697,2.5697,2.5697,2.5697
6.7387,6.7679,6.7963,6.1579,5.4865,4.815,4.1436,3.4722,2.8008,2.1294,1.458,0.808,2.2487,2.2487,2.2487,2.2487,2.2487,2.2487,2.2487,2.2487,2.2487,2.2487,2.2487,2.2487,2.2487,2.2487,2.2487
2.3086,2.2969,2.2854,2.2744,2.2634,2.2524,2.2415,2.2305,2.2196,2.1266,1.4561,1.018,5.4048,5.4048,5.4048,5.4048,5.4048,5.2138,4.8271,4.4403,4.0525,3.6643,3.2761,2.8878,2.4995,2.1112,1.7229
2.5373,2.5483,2.559,2.5693,2.5795,2.5898,2.6,2.6102,2.6205,2.1238,1.7099,7.4979,7.7519,8.0016,8.246,8.5164,8.6629,8.6629,8.6629,8.6629,8.6629,8.6629,8.6629,8.6629,8.6629,8.6629,8.6629
3.9841,3.9638,3.9441,3.925,3.9061,3.8871,3.8682,3.4586,2.7898,2.1211,1.4523,0.8049,2.4692,2.4692,2.4692,2.4692,2.4692,2.4692,2.4692,2.4692,2.4692,2.4692,2.4692,2.4692,2.4692,2.4692,2.4692
2.4589,2.4589,2.4589,2.4589,2.4589,2.4589,2.4589,2.4589,2.4589,2.4589,2.4589,2.4589,2.4589,2.4589,2.4589,2.4589,2.4589,2.4589,2.4589,2.4589,2.4589,2.4589,2.4589,2.4589,2.4589,2.4589,2.4589
3.0437,3.0569,3.0697,3.0821,3.0944,3.1067,3.119,3.1313,2.7825,2.1155,1.4485,1.0181,3.5634,3.5634,3.5634,3.5634,3.5634,3.5634,3.5634,3.5634,3.5634,3.5634,3.5634,3.5634,3.5634,3.5634,3.5634
2.0974,2.0867,2.0763,2.0663,2.0563,2.0463,2.0364,2.0264,2.0165,2.0032,1.4467,0.9248,6.156,5.9131,5.6754,5.4124,5.0748,4.7367,4.3854,4.034,3.6816,3.329,2.9763,2.6236,2.2708,1.918,1.5653
3.234,3.234,3.234,3.234,3.234,3.234,3.234,3.234,2.7753,3.234,3.234,3.234,3.234,3.234,3.234,3.234,3.234,3.234,3.234,3.234,3.234,3.234,3.234,3.234,3.234,3.234,3.234
6.6814,6.6814,6.6814,6.0939,5.4295,4.765,4.1006,3.4361,2.7717,2.1073,1.4429,0.7996,2.1259,2.1259,2.1259,2.1259,2.1259,2.1259,2.1259,2.1259,2.1259,2.1259,2.1259,2.1259,2.1259,2.1259,2.1259
3.0416,3.0261,3.011,2.9965,2.982,2.9676,2.9532,2.9387,2.7681,2.1046,1.5606,3.3581,3.3581,3.3581,3.3581,3.3581,3.3581,3.3581,3.3581,3.3581,3.3581,3.3581,3.3581,3.3581,3.2931,2.7815,2.2699
2.4764,2.4871,2.4975,2.5076,2.5176,2.5276,2.5376,2.5476,2.5576,2.1018,1.6688,7.3179,7.5657,7.8095,8.048,8.3119,8.6507,8.99,9.3425,9.6951,10.0,10.0,10.0,10.0,10.0,10.0,10.0
2.6894,2.6757,2.6624,2.6495,2.6367,2.6239,2.6112,2.5984,2.5856,2.0991,1.4373,0.9795,3.4283,3.4283,3.4283,3.4283,3.4283,3.4283,3.4283,3.4283,3.4283,3.4283,3.4283,3.3641,2.9118,2.4594,2.0071
2.4761,2.4761,2.4761,2.4761,2.4761,2.4761,2.4761,2.4761,2.4761,2.4761,2.4761,2.4761,2.4761,2.4761,2.4761,2.4761,2.4761,2.4761,2.4761,2.4761,2.4761,2.4761,2.4761,2.4761,2.4761,2.4761,2.4761
4.4954,4.5149,4.5338,4.552,4.5702,4.5884,4.0742,3.414,2.7538,2.0937,1.4336,0.7945,2.5718,2.5718,2.5718,2.5718,2.5718,2.5718,2.5718,2.5718,2.5718,2.5718,2.5718,2.5718,2.5718,2.5718,2.5718
2.1788,2.1677,2.1569,2.1465,2.1361,2.1257,2.1154,2.1051,2.0947,2.0809,1.4318,0.9607,6.3949,6.1426,5.8956,5.6225,5.2717,4.9205,4.5556,4.1906,3.8245,3.4582,3.0918,2.7254,2.3589,1.9925,1.626
2.8361,2.8483,2.8603,2.8718,2.8833,2.8947,2.9062,2.9176,2.7467,2.0883,5.1499,5.1499,5.1499,5.1499,5.1499,5.1499,5.1499,5.1499,5.1499,5.1499,5.1499,5.1499,5.1499,5.1499,5.1499,5.1499,5.1499
6.5199,6.4867,6.4544,6.0313,5.3737,4.7161,4.0585,3.4008,2.7432,2.0856,1.4281,0.7914,2.2791,2.2791,2.2791,2.2791,2.2791,2.2791,2.2791,2.2791,2.2791,2.2791,2.2791,2.2791,2.2791,2.2791,2.2791
2.6905,2.6905,2.6905,2.6905,2.6905,2.6905,2.6905,2.6905,2.6905,2.6905,2.6905,2.6905,2.6905,2.6905,2.6905,2.6905,2.6905,2.6905,2.6905,2.6905,2.6905,2.6905,2.6905,2.6905,2.6905,2.6905,2.6905
2.7424,2.7543,2.7658,2.777,2.7881,2.7991,2.8102,2.8213,2.7362,2.0803,1.5188,5.3159,5.3159,5.3159,5.3159,5.3159,5.3159,5.3159,5.3159,5.3159,5.3159,5.3159,5.3159,5.3159,5.3159,5.3159,5.3159
2.249,2.2376,2.2264,2.2157,2.205,2.1943,2.1836,2.173,2.1623,2.0776,1.4226,0.9917,6.6012,6.3407,6.0858,5.8038,5.4418,5.0793,4.7025,4.3257,3.9479,3.5698,3.1916,2.8133,2.435,2.0567,1.6785
2.8367,2.8367,2.8367,2.8367,2.8367,2.8367,2.8367,2.8367,2.8367,2.8367,2.8367,2.8367,2.8367,2.8367,2.8367,2.8367,2.8367,2.8367,2.8367,2.8367,2.8367,2.8367,2.8367,2.8367,2.8367,2.8367,2.8367
7.027,7.027,6.6462,5.9928,5.3394,4.686,4.0326,3.3791,2.7257,2.0723,1.419,0.7864,2.2359,2.2359,2.2359,2.2359,2.2359,2.2359,2.2359,2.2359,2.2359,2.2359,2.2359,2.2359,2.2359,2.2359,2.2359
2.5879,2.5747,2.5619,2.5496,2.5372,2.5249,2.5127,2.5004,2.4881,2.0697,1.4172,4.4476,4.4476,4.4476,4.4476,4.4476,4.4476,4.4476,4.4476,4.4476,4.4476,4.1076,3.6724,3.2372,2.8019,2.3666,1.9314
2.5556,2.5667,2.5774,2.5878,2.5981,2.6084,2.6188,2.6291,2.6394,2.0671,7.3953,7.552,7.8078,8.0593,8.3055,8.5778,8.9274,9.2775,9.6414,10.0,10.0,10.0,10.0,10.0,10.0,10.0,10.0
3.4162,3.3988,3.3819,3.3656,3.3493,3.3331,3.3169,3.3007,2.7153,2.0644,1.4136,0.8044,2.8153,2.8153,2.8153,2.8153,2.8153,2.8153,2.8153,2.8153,2.8153,2.8153,2.8153,2.8153,2.8153,2.8153,2.5495
2.5077,2.5077,2.5077,2.5077,2.5077,2.5077,2.5077,2.5077,2.5077,2.5077,2.5077,2.5077,2.5077,2.5077,2.5077,2.5077,2.5077,2.5077,2.5077,2.5077,2.5077,2.5077,2.5077,2.5077,2.5077,2.5077,2.5077
3.5375,3.5529,3.5678,3.5821,3.5964,3.6107,3.625,3.3577,2.7084,2.0592,1.41,0.9014,3.1549,3.1549,3.1549,3.1549,3.1549,3.1549,3.1549,3.1549,3.1549,3.1549,3.1549,3.1549,3.1549,3.1549,3.1549
2.1651,2.1541,2.1433,2.133,2.1227,2.1124,2.1021,2.0919,2.0816,2.0566,1.4082,0.9547,6.3548,6.1041,5.8587,5.5872,5.2387,4.8897,4.527,4.1643,3.8005,3.4365,3.0724,2.7083,2.3441,1.98,1.6158
3.3761,3.3907,3.4049,3.4186,3.4323,3.4459,3.4595,3.3492,2.7016,2.2559,3.8432,3.8432,3.8432,3.8432,3.8432,3.8432,3.8432,3.8432,3.8432,3.8432,3.8432,3.8432,3.8432,3.8432,3.8432,3.8432,3.8432
6.9811,6.9811,6.5791,5.9322,5.2854,4.6386,3.9918,3.345,2.6982,2.0514,1.4046,0.7784,2.2213,2.2213,2.2213,2.2213,2.2213,2.2213,2.2213,2.2213,2.2213,2.2213,2.2213,2.2213,2.2213,2.2213,2.2213
3.119,3.119,3.119,3.119,3.119,3.119,3.119,3.119,2.6948,2.0488,3.119,3.119,3.119,3.119,3.119,3.119,3.119,3.119,3.119,3.119,3.119,3.119,3.119,3.119,3.119,3.119,2.77
2.6192,2.6305,2.6416,2.6522,2.6628,2.6734,2.6839,2.6945,2.6914,2.0462,7.5794,7.74,8.0021,8.2599,8.5122,8.7913,9.1497,9.5085,9.8814,10.0,10.0,10.0,10.0,10.0,10.0,10.0,10.0
2.5457,2.5327,2.5201,2.508,2.4959,2.4838,2.4717,2.4596,2.4475,2.0436,1.3993,4.3231,4.3231,4.3231,4.3231,4.3231,4.3231,4.3231,4.3231,4.3231,4.3231,4.0406,3.6125,3.1844,2.7562,2.328,1.8999
2.6518,2.6518,2.6518,2.6518,2.6518,2.6518,2.6518,2.6518,2.6518,2.6518,2.6518,2.6518,2.6518,2.6518,2.6518,2.6518,2.6518,2.6518,2.6518,2.6518,2.6518,2.6518,2.6518,2.6518,2.6518,2.6518,2.6518
5.9139,5.9395,5.9644,5.895,5.2523,4.6095,3.9667,3.324,2.6812,2.0385,1.3958,0.7735,2.4757,2.4757,2.4757,2.4757,2.4757,2.4757,2.4757,2.4757,2.4757,2.4757,2.4757,2.4757,2.4757,2.4757,2.4757
2.3639,2.3519,2.3402,2.3289,2.3176,2.3064,2.2952,2.284,2.2727,2.036,1.3941,6.9174,6.9174,6.6646,6.3967,6.1003,5.7197,5.3387,4.9427,4.5467,4.1495,3.7521,3.3546,2.957,2.5594,2.1618,1.7642
2.772,2.784,2.7956,2.8069,2.8181,2.8293,2.8405,2.8517,2.6745,2.0334,7.1793,7.1793,7.1793,7.1793,7.1793,7.1793,7.1793,7.1793,7.1793,7.1793,7.1793,7.1793,7.1793,7.1793,7.1793,7.1793,7.1793
4.9173,4.8922,4.8679,4.8444,4.821,4.5922,3.9519,3.3115,2.6712,2.0309,1.3906,0.7706,2.507,2.507,2.507,2.507,2.507,2.507,2.507,2.507,2.507,2.507,2.507,2.507,2.507,2.507,2.507
2.667,2.667,2.667,2.667,2.667,2.667,2.667,2.667,2.667,2.667,2.667,2.667,2.667,2.667,2.667,2.667,2.667,2.667,2.667,2.667,2.667,2.667,2.667,2.667,2.667,2.667,2.667
3.0615,3.0748,3.0877,3.1001,3.1125,3.1248,3.1372,3.1495,2.6645,2.0258,1.3871,4.2845,4.2845,4.2845,4.2845,4.2845,4.2845,4.2845,4.2845,4.2845,4.2845,4.2845,4.2845,4.2845,4.2845,4.2845,4.2845
2.2591,2.2476,2.2364,2.2257,2.2149,2.2042,2.1934,2.1827,2.172,2.0233,1.3854,0.9961,6.6308,6.3692,6.1131,5.8299,5.4662,5.1021,4.7236,4.3452,3.9656,3.5858,3.2059,2.8259,2.4459,2.066,1.686
3.2185,3.2185,3.2185,3.2185,3.2185,3.2185,3.2185,3.2185,2.9023,3.2185,3.2185,3.2185,3.2185,3.2185,3.2185,3.2185,3.2185,3.2185,3.2185,3.2185,3.2185,3.2185,3.2185,3.2185,3.2185,3.2185,3.2185
7.1486,7.1091,6.4728,5.8364,5.2,4.5637,3.9273,3.2909,2.6546,2.0182,1.3819,0.7659,2.2746,2.2746,2.2746,2.2746,2.2746,2.2746,2.2746,2.2746,2.2746,2.2746,2.2746,2.2746,2.2746,2.2746,2.2746
2.9898,2.9746,2.9598,2.9455,2.9313,2.9171,2.9029,2.8887,2.6513,2.0157,1.534,3.8954,3.8954,3.8954,3.8954,3.8954,3.8954,3.8954,3.8954,3.8954,3.8954,3.8954,3.8954,3.7399,3.2371,2.7342,2.2313
2.6321,2.6435,2.6545,2.6652,2.6759,2.6865,2.6971,2.7077,2.648,2.0132,7.6166,7.778,8.0414,8.3004,8.554,8.8345,9.1946,9.5552,9.9299,10.0,10.0,10.0,10.0,10.0,10.0,10.0,10.0
3.079,3.0633,3.048,3.0333,3.0186,3.004,2.9894,2.9748,2.6447,2.0107,1.3768,0.9487,3.3206,3.3206,3.3206,3.3206,3.3206,3.3206,3.3206,3.3206,3.3206,3.3206,3.3206,3.3206,3.3206,2.8157,2.2978
2.6143,2.6143,2.6143,2.6143,2.6143,2.6143,2.6143,2.6143,2.6143,2.6143,2.6143,2.6143,2.6143,2.6143,2.6143,2.6143,2.6143,2.6143,2.6143,2.6143,2.6143,2.6143,2.6143,2.6143,2.6143,2.6143,2.6143
4.2754,4.2939,4.312,4.3293,4.3466,4.3639,3.903,3.2706,2.6382,2.0058,1.3734,0.8319,2.9117,2.9117,2.9117,2.9117,2.9117,2.9117,2.9117,2.9117,2.9117,2.9117,2.9117,2.9117,2.9117,2.9117,2.9117
2.2849,2.2732,2.2619,2.251,2.2401,2.2293,2.2184,2.2076,2.1967,2.0033,1.3717,1.0075,6.7063,6.4417,6.1827,5.8962,5.5284,5.1601,4.7774,4.3946,4.0107,3.6266,3.2424,2.8581,2.4738,2.0895,1.7052
3.1796,3.1934,3.2068,3.2196,3.2325,3.2454,3.2582,3.2625,2.6317,2.1246,4.7843,4.7843,4.7843,4.7843,4.7843,4.7843,4.7843,4.7843,4.7843,4.7843,4.7843,4.7843,4.7843,4.7843,4.7843,4.7843,4.7843
7.4591,7.0391,6.409,5.7789,5.1488,4.5187,3.8886,3.2585,2.6284,1.9984,1.3683,0.7583,2.3733,2.3733,2.3733,2.3733,2.3733,2.3733,2.3733,2.3733,2.3733,2.3733,2.3733,2.3733,2.3733,2.3733,2.3733
2.9902,2.9902,2.9902,2.9902,2.9902,2.9902,2.9902,2.9902,2.6252,2.9902,2.9902,2.9902,2.9902,2.9902,2.9902,2.9902,2.9902,2.9902,2.9902,2.9902,2.9902,2.9902,2.9902,2.9902,2.9902,2.9902,2.9902
2.8346,2.8468,2.8588,2.8703,2.8817,2.8932,2.9046,2.9161,2.622,1.9935,6.9993,6.9993,6.9993,6.9993,6.9993,6.9993,6.9993,6.9993,6.9993,6.9993,6.9993,6.9993,6.9993,6.9993,6.9993,6.9993,6.9993
2.4799,2.4673,2.455,2.4431,2.4313,2.4196,2.4078,2.396,2.3842,1.991,1.3633,5.8709,5.8709,5.8709,5.8709,5.8709,5.8709,5.6006,5.1852,4.7698,4.3531,3.9362,3.5192,3.1021,2.685,2.2678,1.8507
2.9086,2.9086,2.9086,2.9086,2.9086,2.9086,2.9086,2.9086,2.9086,2.9086,2.9086,2.9086,2.9086,2.9086,2.9086,2.9086,2.9086,2.9086,2.9086,2.9086,2.9086,2.9086,2.9086,2.9086,2.9086,2.9086,2.9086
7.6223,6.9961,6.3698,5.7436,5.1173,4.4911,3.8648,3.2386,2.6123,1.9861,1.36,0.7537,2.4473,2.4473,2.4473,2.4473,2.4473,2.4473,2.4473,2.4473,2.4473,2.4473,2.4473,2.4473,2.4473,2.4473,2.4473
2.6302,2.6168,2.6038,2.5912,2.5787,2.5662,2.5537,2.5412,2.5288,1.9837,1.3583,5.4406,5.4406,5.4406,5.4406,5.4406,5.4406,5.4406,5.4406,5.0589,4.617,4.1748,3.7325,3.2901,2.8477,2.4053,1.9629
2.7779,2.7899,2.8016,2.8129,2.8241,2.8353,2.8465,2.8577,2.606,1.9813,8.0386,8.2089,8.4869,8.7603,9.0279,9.3239,9.704,10.0,10.0,10.0,10.0,10.0,10.0,10.0,10.0,10.0,10.0
4.0862,4.0654,4.0452,4.0257,4.0062,3.9868,3.8507,3.2268,2.6028,1.9789,1.355,0.8095,2.8331,2.8331,2.8331,2.8331,2.8331,2.8331,2.8331,2.8331,2.8331,2.8331,2.8331,2.8331,2.8331,2.8331,2.8331
2.7076,2.7076,2.7076,2.7076,2.7076,2.7076,2.7076,2.7076,2.7076,2.7076,2.7076,2.7076,2.7076,2.7076,2.7076,2.7076,2.7076,2.7076,2.7076,2.7076,2.7076,2.7076,2.7076,2.7076,2.7076,2.7076,2.7076
3.5197,3.5349,3.5498,3.564,3.5783,3.5925,3.6067,3.2189,2.5965,1.9741,1.3517,3.7081,3.7081,3.7081,3.7081,3.7081,3.7081,3.7081,3.7081,3.7081,3.7081,3.7081,3.7081,3.7081,3.7081,3.7081,3.7081
2.3225,2.3107,2.2992,2.2881,2.277,2.266,2.255,2.2439,2.2329,1.9717,1.35,7.0902,6.8168,6.5478,6.2846,5.9934,5.6195,5.2452,4.8561,4.467,4.0768,3.6864,3.2958,2.9052,2.5146,2.1239,1.7333
3.7728,3.7728,3.7728,3.7728,3.7728,3.7728,3.7728,3.2111,2.5929,3.7728,3.7728,3.7728,3.7728,3.7728,3.7728,3.7728,3.7728,3.7728,3.7728,3.7728,3.7728,3.7728,3.7728,3.7728,3.7728,3.7728,3.7728
7.44,6.9283,6.3081,5.6879,5.0677,4.4476,3.8274,3.2072,2.587,1.9669,1.3468,0.7464,2.3673,2.3673,2.3673,2.3673,2.3673,2.3673,2.3673,2.3673,2.3673,2.3673,2.3673,2.3673,2.3673,2.3673,2.3673
3.5713,3.5665,3.5488,3.5317,3.5146,3.4976,3.4805,3.2033,2.5839,1.9645,3.5713,3.5713,3.5713,3.5713,3.5713,3.5713,3.5713,3.5713,3.5713,3.5713,3.5713,3.5713,3.5713,3.5713,3.5713,3.2783,2.6753
2.773,2.785,2.7967,2.808,2.8192,2.8304,2.8416,2.8528,2.5808,1.9621,8.0246,8.1946,8.4721,8.745,9.0122,9.3077,9.6871,10.0,10.0,10.0,10.0,10.0,10.0,10.0,10.0,10.0,10.0
2.8851,2.8704,2.8561,2.8424,2.8286,2.8149,2.8012,2.7875,2.5777,1.9598,1.3419,4.0901,4.0901,4.0901,4.0901,4.0901,4.0901,4.0901,4.0901,4.0901,4.0901,4.0901,4.0901,3.6089,3.1237,2.6384,2.1531
2.7885,2.7885,2.7885,2.7885,2.7885,2.7885,2.7885,2.7885,2.7885,2.7885,2.7885,2.7885,2.7885,2.7885,2.7885,2.7885,2.7885,2.7885,2.7885,2.7885,2.7885,2.7885,2.7885,2.7885,2.7885,2.7885,2.7885
5.4449,5.4685,5.4914,5.5135,5.0372,4.4208,3.8043,3.1879,2.5715,1.9551,1.3387,0.7944,2.7805,2.7805,2.7805,2.7805,2.7805,2.7805,2.7805,2.7805,2.7805,2.7805,2.7805,2.7805,2.7805,2.7805,2.7805
2.4682,2.4556,2.4434,2.4316,2.4198,2.4081,2.3964,2.3847,2.373,1.9527,1.3371,7.535,7.2443,6.9585,6.6788,6.3693,5.972,5.5742,5.1607,4.7472,4.3326,3.9176,3.5025,3.0874,2.6723,2.2571,1.842
3.088,3.1013,3.1144,3.1269,3.1394,3.1518,3.1643,3.1768,2.5653,2.0633,6.3618,6.3618,6.3618,6.3618,6.3618,6.3618,6.3618,6.3618,6.3618,6.3618,6.3618,6.3618,6.3618,6.3618,6.3618,6.3618,6.3618
6.3563,6.3239,6.2475,5.6333,5.0191,4.4049,3.7907,3.1764,2.5622,1.948,1.3338,0.7422,2.5978,2.5978,2.5978,2.5978,2.5978,2.5978,2.5978,2.5978,2.5978,2.5978,2.5978,2.5978,2.5978,2.5978,2.5978
2.9489,2.9489,2.9489,2.9489,2.9489,2.9489,2.9489,2.9489,2.9489,2.9489,2.9489,2.9489,2.9489,2.9489,2.9489,2.9489,2.9489,2.9489,2.9489,2.9489,2.9489,2.9489,2.9489,2.9489,2.9489,2.9489,2.9489
3.1461,3.1598,3.173,3.1858,3.1985,3.2112,3.2239,3.1688,2.5561,1.9434,1.5274,5.3459,5.3459,5.3459,5.3459,5.3459,5.3459,5.3459,5.3459,5.3459,5.3459,5.3459,5.3459,5.3459,5.3459,5.3459,5.3459
2.4805,2.4679,2.4556,2.4438,2.4319,2.4202,2.4084,2.3966,2.3848,1.941,1.3291,7.5726,7.2806,6.9933,6.7122,6.4012,6.0019,5.602,5.1865,4.771,4.3542,3.9372,3.52,3.1028,2.6856,2.2684,1.8512
3.2771,3.2771,3.2771,3.2771,3.2771,3.2771,3.2771,3.2771,3.2771,3.2771,3.2771,3.2771,3.2771,3.2771,3.2771,3.2771,3.2771,3.2771,3.2771,3.2771,3.2771,3.2771,3.2771,3.2771,3.2771,3.2771,3.2771
7.4314,6.8209,6.2103,5.5997,4.9892,4.3786,3.768,3.1575,2.5469,1.9364,1.3259,0.7348,2.4809,2.4809,2.4809,2.4809,2.4809,2.4809,2.4809,2.4809,2.4809,2.4809,2.4809,2.4809,2.4809,2.4809,2.4809
3.0125,2.9972,2.9823,2.9679,2.9535,2.9392,2.9249,2.9106,2.5439,1.9341,1.5456,4.6468,4.6468,4.6468,4.6468,4.6468,4.6468,4.6468,4.6468,4.6468,4.6468,4.6468,4.275,3.7683,3.2616,2.7549,2.2482
2.8523,2.8646,2.8767,2.8882,2.8998,2.9113,2.9228,2.9343,2.5409,1.9318,8.2539,8.4288,8.7142,8.995,9.2697,9.5737,9.9639,10.0,10.0,10.0,10.0,10.0,10.0,10.0,10.0,10.0,10.0
3.6164,3.598,3.58,3.5628,3.5456,3.5284,3.5112,3.1462,2.5378,1.9295,1.3212,0.9443,3.3051,3.3051,3.3051,3.3051,3.3051,3.3051,3.3051,3.3051,3.3051,3.3051,3.3051,3.3051,3.3051,3.3051,2.6989
2.815,2.815,2.815,2.815,2.815,2.815,2.815,2.815,2.815,2.815,2.815,2.815,2.815,2.815,2.815,2.815,2.815,2.815,2.815,2.815,2.815,2.815,2.815,2.815,2.815,2.815,2.815
4.1935,4.2117,4.2294,4.2464,4.2633,4.2803,3.7457,3.1388,2.5318,1.9249,1.318,0.9647,3.3765,3.3765,3.3765,3.3765,3.3765,3.3765,3.3765,3.3765,3.3765,3.3765,3.3765,3.3765,3.3765,3.3765,3.3765
2.4446,2.4322,2.42,2.4084,2.3967,2.3851,2.3735,2.3619,2.3503,1.9226,1.3165,7.463,7.1751,6.8921,6.615,6.3085,5.915,5.5209,5.1114,4.7019,4.2912,3.8802,3.4691,3.0579,2.6468,2.2356,1.8244
3.6475,3.6632,3.6786,3.6934,3.7082,3.7229,3.7369,3.1313,2.5258,4.6079,4.6079,4.6079,4.6079,4.6079,4.6079,4.6079,4.6079,4.6079,4.6079,4.6079,4.6079,4.6079,4.6079,4.6079,4.6079,4.6079,4.6079
7.3612,6.7564,6.1516,5.5468,4.942,4.3372,3.7324,3.1276,2.5229,1.9181,1.3134,0.7279,2.5227,2.5227,2.5227,2.5227,2.5227,2.5227,2.5227,2.5227,2.5227,2.5227,2.5227,2.5227,2.5227,2.5227,2.5227
3.3981,3.3981,3.3981,3.3981,3.3981,3.3981,3.3981,3.124,2.5199,3.3981,3.3981,3.3981,3.3981,3.3981,3.3981,3.3981,3.3981,3.3981,3.3981,3.3981,3.3981,3.3981,3.3981,3.3981,3.3981,3.3981,3.3674
2.9926,3.0055,3.0181,3.0303,3.0424,3.0545,3.0665,3.0786,2.5169,1.9996,8.6599,8.8433,9.1428,9.4374,9.7256,9.9649,9.9649,9.9649,9.9649,9.9649,9.9649,9.9649,9.9649,9.9649,9.9649,9.9649,9.9649
2.7946,2.7803,2.7665,2.7532,2.7398,2.7266,2.7133,2.7,2.5139,1.9113,1.4338,5.348,5.348,5.348,5.348,5.348,5.348,5.348,5.348,5.348,4.9055,4.4356,3.9657,3.4957,3.0257,2.5556,2.0856
3.0487,3.0487,3.0487,3.0487,3.0487,3.0487,3.0487,3.0487,3.0487,3.0487,3.0487,3.0487,3.0487,3.0487,3.0487,3.0487,3.0487,3.0487,3.0487,3.0487,3.0487,3.0487,3.0487,3.0487,3.0487,3.0487,3.0487
7.3179,6.7167,6.1155,5.5142,4.913,4.3118,3.7105,3.1093,2.508,1.9068,1.3057,0.782,2.7369,2.7369,2.7369,2.7369,2.7369,2.7369,2.7369,2.7369,2.7369,2.7369,2.7369,2.7369,2.7369,2.7369,2.7369
2.7355,2.7216,2.708,2.695,2.682,2.669,2.656,2.643,2.5051,1.9046,1.4035,6.9471,6.9471,6.9471,6.9471,6.9471,6.6189,6.1779,5.7197,5.2614,4.8018,4.3419,3.8819,3.4218,2.9617,2.5016,2.0415
3.0848,3.0982,3.1112,3.1237,3.1362,3.1486,3.1611,3.102,2.5022,2.0612,8.9268,9.1159,9.4079,9.4079,9.4079,9.4079,9.4079,9.4079,9.4079,9.4079,9.4079,9.4079,9.4079,9.4079,9.4079,9.4079,9.4079
5.0668,5.041,5.0159,4.9917,4.8958,4.2966,3.6975,3.0984,2.4992,1.9001,1.3011,0.8347,2.9214,2.9214,2.9214,2.9214,2.9214,2.9214,2.9214,2.9214,2.9214,2.9214,2.9214,2.9214,2.9214,2.9214,2.9214
2.9869,2.9869,2.9869,2.9869,2.9869,2.9869,2.9869,2.9869,2.9869,2.9869,2.9869,2.9869,2.9869,2.9869,2.9869,2.9869,2.9869,2.9869,2.9869,2.9869,2.9869,2.9869,2.9869,2.9869,2.9869,2.9869,2.9869
3.5945,3.61,3.6252,3.6397,3.6543,3.6688,3.6833,3.0911,2.4934,1.8957,1.298,4.4988,4.4988,4.4988,4.4988,4.4988,4.4988,4.4988,4.4988,4.4988,4.4988,4.4988,4.4988,4.4988,4.4988,4.4988,4.4988
2.5458,2.5328,2.5202,2.5081,2.4959,2.4838,2.4718,2.4597,2.4476,1.8935,1.3062,7.7719,7.4721,7.1773,6.8888,6.5696,6.1598,5.7494,5.323,4.8965,4.4688,4.0408,3.6127,3.1845,2.7563,2.3281,1.8999
3.8102,3.8102,3.8102,3.8102,3.8102,3.8102,3.6803,3.0839,3.8102,3.8102,3.8102,3.8102,3.8102,3.8102,3.8102,3.8102,3.8102,3.8102,3.8102,3.8102,3.8102,3.8102,3.8102,3.8102,3.8102,3.8102,3.8102
7.2498,6.6542,6.0586,5.4629,4.8673,4.2716,3.676,3.0803,2.4847,1.8891,1.2935,0.7368,2.5788,2.5788,2.5788,2.5788,2.5788,2.5788,2.5788,2.5788,2.5788,2.5788,2.5788,2.5788,2.5788,2.5788,2.5788
3.5727,3.5545,3.5368,3.5198,3.5027,3.4858,3.4688,3.0768,2.4818,1.8869,4.2017,4.2017,4.2017,4.2017,4.2017,4.2017,4.2017,4.2017,4.2017,4.2017,4.2017,4.2017,4.2017,4.2017,3.8681,3.2672,2.6663
3.0021,3.0151,3.0278,3.04,3.0521,3.0642,3.0763,3.0732,2.4789,2.006,8.6875,8.8716,9.172,9.4675,9.7567,10.0,10.0,10.0,10.0,10.0,10.0,10.0,10.0,10.0,10.0,10.0,10.0
3.3555,3.3384,3.3218,3.3058,3.2898,3.2739,3.258,3.0696,2.4761,1.8825,1.289,4.0109,4.0109,4.0109,4.0109,4.0109,4.0109,4.0109,4.0109,4.0109,4.0109,4.0109,4.0109,4.0109,3.633,3.0686,2.5042
3.0001,3.0001,3.0001,3.0001,3.0001,3.0001,3.0001,3.0001,3.0001,3.0001,3.0001,3.0001,3.0001,3.0001,3.0001,3.0001,3.0001,3.0001,3.0001,3.0001,3.0001,3.0001,3.0001,3.0001,3.0001,3.0001,3.0001
5.2308,5.2534,5.2754,5.2967,4.8391,4.2469,3.6547,3.0625,2.4703,1.8782,1.286,0.9149,3.2022,3.2022,3.2022,3.2022,3.2022,3.2022,3.2022,3.2022,3.2022,3.2022,3.2022,3.2022,3.2022,3.2022,3.2022
2.6383,2.6249,2.6118,2.5992,2.5866,2.5741,2.5616,2.549,2.4675,1.876,1.3536,8.0543,7.7436,7.4381,7.1391,6.8083,6.3836,5.9583,5.5164,5.0744,4.6311,4.1876,3.7439,3.3002,2.8564,2.4127,1.9689
3.5257,3.541,3.5558,3.5701,3.5844,3.5986,3.6128,3.0555,2.4646,5.9466,5.9466,5.9466,5.9466,5.9466,5.9466,5.9466,5.9466,5.9466,5.9466,5.9466,5.9466,5.9466,5.9466,5.9466,5.9466,5.9466,5.9466
7.183,6.5928,6.0027,5.4125,4.8224,4.2322,3.6421,3.0519,2.4618,1.8717,1.2816,0.788,2.758,2.758,2.758,2.758,2.758,2.758,2.758,2.758,2.758,2.758,2.758,2.758,2.758,2.758,2.758
3.3409,3.3409,3.3409,3.3409,3.3409,3.3409,3.3409,3.2306,3.3409,3.3409,3.3409,3.3409,3.3409,3.3409,3.3409,3.3409,3.3409,3.3409,3.3409,3.3409,3.3409,3.3409,3.3409,3.3409,3.3409,3.3409,3.3409
3.316,3.3303,3.3443,3.3578,3.3712,3.3846,3.398,3.0449,2.4561,2.0045,7.0157,7.0157,7.0157,7.0157,7.0157,7.0157,7.0157,7.0157,7.0157,7.0157,7.0157,7.0157,7.0157,7.0157,7.0157,7.0157,7.0157
2.7905,2.7763,2.7624,2.7491,2.7358,2.7226,2.7093,2.6961,2.4533,1.8652,1.4317,7.6645,7.6645,7.6645,7.5509,7.201,6.7518,6.302,5.8346,5.3671,4.8983,4.4291,3.9599,3.4906,3.0212,2.5519,2.0825
3.4266,3.4266,3.4266,3.4266,3.4266,3.4266,3.4266,3.4266,3.4266,3.4266,3.4266,3.4266,3.4266,3.4266,3.4266,3.4266,3.4266,3.4266,3.4266,3.4266,3.4266,3.4266,3.4266,3.4266,3.4266,3.4266,3.4266
7.1418,6.5551,5.9683,5.3815,4.7947,4.208,3.6212,3.0344,2.4477,1.8609,1.2742,0.7921,2.7725,2.7725,2.7725,2.7725,2.7725,2.7725,2.7725,2.7725,2.7725,2.7725,2.7725,2.7725,2.7725,2.7725,2.7725
3.1221,3.1062,3.0908,3.0759,3.061,3.0462,3.0313,3.0165,2.4449,1.8588,5.749,5.749,5.749,5.749,5.749,5.749,5.749,5.749,5.749,5.749,5.4805,4.9556,4.4305,3.9054,3.3803,2.8552,2.33
3.1677,3.1814,3.1948,3.2076,3.2205,3.2333,3.246,3.0275,2.4421,9.1487,9.1668,9.3609,9.678,9.9897,10.0,10.0,10.0,10.0,10.0,10.0,10.0,10.0,10.0,10.0,10.0,10.0,10.0
4.3909,4.3686,4.3468,4.3259,4.3049,4.1936,3.6088,3.024,2.4393,1.8546,1.2699,3.3908,3.3908,3.3908,3.3908,3.3908,3.3908,3.3908,3.3908,3.3908,3.3908,3.3908,3.3908,3.3908,3.3908,3.3908,3.2769
3.1075,3.1075,3.1075,3.1075,3.1075,3.1075,3.1075,3.1075,3.1075,3.1075,3.1075,3.1075,3.1075,3.1075,3.1075,3.1075,3.1075,3.1075,3.1075,3.1075,3.1075,3.1075,3.1075,3.1075,3.1075,3.1075,3.1075
4.2512,4.2696,4.2875,4.3047,4.3219,4.184,3.6006,3.0172,2.4337,1.8503,1.267,4.039,4.039,4.039,4.039,4.039,4.039,4.039,4.039,4.039,4.039,4.039,4.039,4.039,4.039,4.039,4.039
2.6826,2.6689,2.6556,2.6428,2.6301,2.6173,2.6046,2.5919,2.431,1.8482,1.3764,8.1895,7.8737,7.563,7.259,6.9226,6.4908,6.0584,5.609,5.1596,4.7089,4.2579,3.8068,3.3556,2.9044,2.4532,2.002
4.3102,4.3289,4.347,4.3645,4.3819,4.1745,3.5924,3.0103,4.6044,4.6044,4.6044,4.6044,4.6044,4.6044,4.6044,4.6044,4.6044,4.6044,4.6044,4.6044,4.6044,4.6044,4.6044,4.6044,4.6044,4.6044,4.6044
7.0769,6.4955,5.9141,5.3326,4.7512,4.1697,3.5883,3.0069,2.4254,1.844,1.2626,0.7862,2.7519,2.7519,2.7519,2.7519,2.7519,2.7519,2.7519,2.7519,2.7519,2.7519,2.7519,2.7519,2.7519,2.7519,2.7519
3.9743,3.9743,3.9743,3.9743,3.9743,3.9743,3.5842,3.0035,2.4227,3.9743,3.9743,3.9743,3.9743,3.9743,3.9743,3.9743,3.9743,3.9743,3.9743,3.9743,3.9743,3.9743,3.9743,3.9743,3.9743,3.9743,3.3047
3.2445,3.2586,3.2723,3.2854,3.2986,3.3116,3.3247,3.0001,2.4199,9.3705,9.389,9.5879,9.9126,10.0,10.0,10.0,10.0,10.0,10.0,10.0,10.0,10.0,10.0,10.0,10.0,10.0,10.0
3.2396,3.2231,3.207,3.1915,3.1761,3.1607,3.1453,2.9967,2.4172,1.8378,1.4648,5.1267,5.1267,5.1267,5.1267,5.1267,5.1267,5.1267,5.1267,5.1267,5.1267,5.1267,4.5972,4.0523,3.5074,2.9626,2.4177
3.2845,3.2845,3.2845,3.2845,3.2845,3.2845,3.2845,3.2845,3.2845,3.2845,3.2845,3.2845,3.2845,3.2845,3.2845,3.2845,3.2845,3.2845,3.2845,3.2845,3.2845,3.2845,3.2845,3.2845,3.2845,3.2845,3.2845
6.9517,6.4588,5.8807,5.3025,4.7244,4.1462,3.568,2.9899,2.4117,1.8336,1.2555,0.8994,3.1479,3.1479,3.1479,3.1479,3.1479,3.1479,3.1479,3.1479,3.1479,3.1479,3.1479,3.1479,3.1479,3.1479,3.1479
2.9273,2.9124,2.8979,2.8839,2.87,2.8561,2.8422,2.8283,2.409,1.8316,9.1477,8.9366,8.5919,8.2529,7.9211,7.5541,7.0829,6.611,6.1206,5.6303,5.1384,4.6463,4.154,3.6617,3.1693,2.677,2.1846
3.523,3.5383,3.5531,3.5674,3.5817,3.5959,3.56,2.9832,2.4063,8.3245,8.3245,8.3245,8.3245,8.3245,8.3245,8.3245,8.3245,8.3245,8.3245,8.3245,8.3245,8.3245,8.3245,8.3245,8.3245,8.3245,8.3245
6.5987,6.437,5.8608,5.2846,4.7084,4.1322,3.556,2.9798,2.4036,1.8274,1.2513,0.8867,3.1034,3.1034,3.1034,3.1034,3.1034,3.1034,3.1034,3.1034,3.1034,3.1034,3.1034,3.1034,3.1034,3.1034,3.1034
3.3891,3.3891,3.3891,3.3891,3.3891,3.3891,3.3891,3.3891,3.3891,3.3891,3.3891,3.3891,3.3891,3.3891,3.3891,3.3891,3.3891,3.3891,3.3891,3.3891,3.3891,3.3891,3.3891,3.3891,3.3891,3.3891,3.3891
3.7876,3.804,3.8199,3.8353,3.8506,3.8659,3.548,2.9731,2.3982,1.8233,5.6954,5.6954,5.6954,5.6954,5.6954,5.6954,5.6954,5.6954,5.6954,5.6954,5.6954,5.6954,5.6954,5.6954,5.6954,5.6954,5.6954
2.871,2.8564,2.8422,2.8285,2.8148,2.8012,2.7875,2.7739,2.3955,1.8213,1.473,8.7648,8.4267,8.0943,7.7689,7.4089,6.9467,6.4839,6.003,5.5221,5.0397,4.557,4.0742,3.5913,3.1084,2.6255,2.1426
3.9781,3.9781,3.9781,3.9781,3.9781,3.9781,3.9781,3.9781,3.9781,3.9781,3.9781,3.9781,3.9781,3.9781,3.9781,3.9781,3.9781,3.9781,3.9781,3.9781,3.9781,3.9781,3.9781,3.9781,3.9781,3.9781,3.9781
6.974,6.401,5.828,5.255,4.6821,4.1091,3.5361,2.9631,2.3901,1.8172,1.2443,0.8261,2.8914,2.8914,2.8914,2.8914,2.8914,2.8914,2.8914,2.8914,2.8914,2.8914,2.8914,2.8914,2.8914,2.8914,2.8914
3.6905,3.6717,3.6534,3.6358,3.6182,3.6007,3.5321,2.9598,2.3875,1.9182,5.1253,5.1253,5.1253,5.1253,5.1253,5.1253,5.1253,5.1253,5.1253,5.1253,5.1253,5.1253,5.1253,4.6164,3.9957,3.3749,2.7542
3.3471,3.3616,3.3757,3.3893,3.4028,3.4163,3.4298,2.9565,2.3848,9.6668,9.6858,9.891,10.0,10.0,10.0,10.0,10.0,10.0,10.0,10.0,10.0,10.0,10.0,10.0,10.0,10.0,10.0
4.0402,4.0196,3.9996,3.9803,3.9611,3.9419,3.5243,2.9532,2.3821,1.8111,1.2401,4.0905,4.0905,4.0905,4.0905,4.0905,4.0905,4.0905,4.0905,4.0905,4.0905,4.0905,4.0905,4.0905,4.0905,3.6947,3.0152
3.3261,3.3261,3.3261,3.3261,3.3261,3.3261,3.3261,3.3261,3.3261,3.3261,3.3261,3.3261,3.3261,3.3261,3.3261,3.3261,3.3261,3.3261,3.3261,3.3261,3.3261,3.3261,3.3261,3.3261,3.3261,3.3261,3.3261
5.2511,5.2738,5.2959,5.2258,4.656,4.0862,3.5164,2.9466,2.3768,1.8071,1.2374,3.8143,3.8143,3.8143,3.8143,3.8143,3.8143,3.8143,3.8143,3.8143,3.8143,3.8143,3.8143,3.8143,3.8143,3.8143,3.8143
2.9086,2.8937,2.8793,2.8654,2.8516,2.8378,2.824,2.8102,2.3742,1.8051,9.0891,8.8794,8.5369,8.2,7.8704,7.5057,7.0375,6.5687,6.0815,5.5942,5.1056,4.6165,4.1274,3.6383,3.1491,2.6598,2.1706
4.1614,4.1794,4.197,4.2138,4.2307,4.0771,3.5086,2.9401,5.8501,5.8501,5.8501,5.8501,5.8501,5.8501,5.8501,5.8501,5.8501,5.8501,5.8501,5.8501,5.8501,5.8501,5.8501,5.8501,5.8501,5.8501,5.8501
6.9121,6.3442,5.7763,5.2084,4.6405,4.0726,3.5047,2.9368,2.3689,1.8011,1.2332,0.8637,3.0228,3.0228,3.0228,3.0228,3.0228,3.0228,3.0228,3.0228,3.0228,3.0228,3.0228,3.0228,3.0228,3.0228,3.0228
3.9122,3.9122,3.9122,3.9122,3.9122,3.9122,3.5008,3.0929,3.9122,3.9122,3.9122,3.9122,3.9122,3.9122,3.9122,3.9122,3.9122,3.9122,3.9122,3.9122,3.9122,3.9122,3.9122,3.9122,3.9122,3.9122,3.9122
3.6122,3.6278,3.643,3.6577,3.6723,3.6869,3.497,2.9303,2.3941,9.9135,9.9135,9.9135,9.9135,9.9135,9.9135,9.9135,9.9135,9.9135,9.9135,9.9135,9.9135,9.9135,9.9135,9.9135,9.9135,9.9135,9.9135
3.2448,3.2283,3.2122,3.1967,3.1812,3.1658,3.1504,2.9271,2.3611,1.7951,7.058,7.058,7.058,7.058,7.058,7.058,7.058,7.058,6.7845,6.2409,5.6958,5.1502,4.6046,4.0588,3.5131,2.9673,2.4216
3.7081,3.7081,3.7081,3.7081,3.7081,3.7081,3.7081,3.7081,3.7081,3.7081,3.7081,3.7081,3.7081,3.7081,3.7081,3.7081,3.7081,3.7081,3.7081,3.7081,3.7081,3.7081,3.7081,3.7081,3.7081,3.7081,3.7081
6.8739,6.3092,5.7444,5.1797,4.6149,4.0502,3.4854,2.9206,2.3559,1.7911,1.2264,3.2035,3.2035,3.2035,3.2035,3.2035,3.2035,3.2035,3.2035,3.2035,3.2035,3.2035,3.2035,3.2035,3.2035,3.2035,3.2035
3.3541,3.337,3.3204,3.3044,3.2884,3.2725,3.2566,2.9174,2.3533,1.7892,7.482,7.482,7.482,7.482,7.482,7.482,7.482,7.482,7.013,6.4512,5.8877,5.3237,4.7597,4.1956,3.6314,3.0673,2.5031
3.6389,3.6547,3.67,3.6848,3.6995,3.7142,3.4777,2.9142,2.4119,10.0,10.0,10.0,10.0,10.0,10.0,10.0,10.0,10.0,10.0,10.0,10.0,10.0,10.0,10.0,10.0,10.0,10.0
5.5816,5.5532,5.5255,5.1626,4.5997,4.0368,3.4739,2.911,2.3481,1.7852,1.2224,3.613,3.613,3.613,3.613,3.613,3.613,3.613,3.613,3.613,3.613,3.613,3.613,3.613,3.613,3.613,3.613
3.5503,3.5503,3.5503,3.5503,3.5503,3.5503,3.5503,3.5503,3.5503,3.5503,3.5503,3.5503,3.5503,3.5503,3.5503,3.5503,3.5503,3.5503,3.5503,3.5503,3.5503,3.5503,3.5503,3.5503,3.5503,3.5503,3.5503
4.4871,4.5065,4.5254,4.5436,4.5618,4.0279,3.4663,2.9046,2.3429,1.7813,1.4411,5.044,5.044,5.044,5.044,5.044,5.044,5.044,5.044,5.044,5.044,5.044,5.044,5.044,5.044,5.044,5.044
3.0488,3.0333,3.0182,3.0037,2.9891,2.9746,2.9602,2.9014,2.3404,1.7794,9.5275,9.3076,8.9486,8.5956,8.25,7.8677,7.377,6.8855,6.3748,5.864,5.3518,4.8392,4.3265,3.8137,3.3009,2.7881,2.2753
4.8057,4.8057,4.8057,4.8057,4.5796,4.0191,3.4756,4.8057,4.8057,4.8057,4.8057,4.8057,4.8057,4.8057,4.8057,4.8057,4.8057,4.8057,4.8057,4.8057,4.8057,4.8057,4.8057,4.8057,4.8057,4.8057,4.8057
6.8138,6.254,5.6942,5.1344,4.5745,4.0147,3.4549,2.8951,2.3353,1.7755,1.2157,0.889,3.1116,3.1116,3.1116,3.1116,3.1116,3.1116,3.1116,3.1116,3.1116,3.1116,3.1116,3.1116,3.1116,3.1116,3.1116
4.5588,4.5356,4.513,4.4913,4.4695,4.0103,3.4511,2.8919,2.3985,4.8401,4.8401,4.8401,4.8401,4.8401,4.8401,4.8401,4.8401,4.8401,4.8401,4.8401,4.8401,4.8401,4.8401,4.8401,4.8401,4.169,3.4022
3.6501,3.6659,3.6813,3.6961,3.7109,3.7256,3.4474,2.8888,2.4193,10.0,10.0,10.0,10.0,10.0,10.0,10.0,10.0,10.0,10.0,10.0,10.0,10.0,10.0,10.0,10.0,10.0,10.0
3.9087,3.8888,3.8694,3.8507,3.8321,3.8136,3.4436,2.8856,2.3276,1.7697,5.1872,5.1872,5.1872,5.1872,5.1872,5.1872,5.1872,5.1872,5.1872,5.1872,5.1872,5.1872,5.1872,4.8893,4.2319,3.5744,2.917
3.6759,3.6759,3.6759,3.6759,3.6759,3.6759,3.6759,3.6759,3.6759,3.6759,3.6759,3.6759,3.6759,3.6759,3.6759,3.6759,3.6759,3.6759,3.6759,3.6759,3.6759,3.6759,3.6759,3.6759,3.6759,3.6759,3.6759
6.7768,6.22,5.6632,5.1064,4.5497,3.9929,3.4361,2.8793,2.3226,1.7658,1.2091,3.7682,3.7682,3.7682,3.7682,3.7682,3.7682,3.7682,3.7682,3.7682,3.7682,3.7682,3.7682,3.7682,3.7682,3.7682,3.7682
3.2585,3.2419,3.2258,3.2102,3.1947,3.1792,3.1637,2.8762,2.32,1.7639,10.0,9.9477,9.564,9.1866,8.8173,8.4088,7.8843,7.359,6.8132,6.2673,5.7198,5.172,4.624,4.076,3.5279,2.9799,2.4318
4.1886,4.2067,4.2243,4.2413,4.2583,3.9842,3.4287,2.8731,7.9728,7.9728,7.9728,7.9728,7.9728,7.9728,7.9728,7.9728,7.9728,7.9728,7.9728,7.9728,7.9728,7.9728,7.9728,7.9728,7.9728,7.9728,7.9728
6.7547,6.1998,5.6448,5.0898,4.5349,3.9799,3.4249,2.87,2.315,1.7601,1.2052,3.4347,3.4347,3.4347,3.4347,3.4347,3.4347,3.4347,3.4347,3.4347,3.4347,3.4347,3.4347,3.4347,3.4347,3.4347,3.4347
4.0051,4.0051,4.0051,4.0051,4.0051,4.0051,4.0051,4.0051,4.0051,4.0051,4.0051,4.0051,4.0051,4.0051,4.0051,4.0051,4.0051,4.0051,4.0051,4.0051,4.0051,4.0051,4.0051,4.0051,4.0051,4.0051,4.0051
4.1655,4.1836,4.2011,4.218,4.2349,3.9713,3.4175,2.8638,2.31,7.6684,7.6684,7.6684,7.6684,7.6684,7.6684,7.6684,7.6684,7.6684,7.6684,7.6684,7.6684,7.6684,7.6684,7.6684,7.6684,7.6684,7.6684
3.3747,3.3575,3.3408,3.3247,3.3086,3.2926,3.2765,2.8607,2.3075,1.7544,10.0,10.0,9.905,9.5142,9.1317,8.7086,8.1653,7.6214,7.0561,6.4907,5.9238,5.3564,4.7889,4.2213,3.6537,3.0861,2.5185
4.3444,4.3444,4.3444,4.3444,4.3444,4.3444,4.3444,4.3444,4.3444,4.3444,4.3444,4.3444,4.3444,4.3444,4.3444,4.3444,4.3444,4.3444,4.3444,4.3444,4.3444,4.3444,4.3444,4.3444,4.3444,4.3444,4.3444
6.7183,6.1663,5.6144,5.0624,4.5104,3.9585,3.4065,2.8545,2.3025,1.7506,1.1987,3.3818,3.3818,3.3818,3.3818,3.3818,3.3818,3.3818,3.3818,3.3818,3.3818,3.3818,3.3818,3.3818,3.3818,3.3818,3.3818
3.9977,3.9773,3.9575,3.9385,3.9194,3.9004,3.4028,2.8514,2.3,6.5895,6.5895,6.5895,6.5895,6.5895,6.5895,6.5895,6.5895,6.5895,6.5895,6.5895,6.5895,6.3453,5.673,5.0007,4.3283,3.6559,2.9835
3.8969,3.9137,3.9302,3.946,3.9617,3.9499,3.3991,2.8484,10.0,10.0,10.0,10.0,10.0,10.0,10.0,10.0,10.0,10.0,10.0,10.0,10.0,10.0,10.0,10.0,10.0,10.0,10.0
5.1182,5.0921,5.0667,5.0423,4.4959,3.9457,3.3955,2.8453,2.2951,1.7449,1.2539,4.3888,4.3888,4.3888,4.3888,4.3888,4.3888,4.3888,4.3888,4.3888,4.3888,4.3888,4.3888,4.3888,4.3888,4.3888,3.8197
3.8555,3.8555,3.8555,3.8555,3.8555,3.8555,3.8555,3.8555,3.8555,3.8555,3.8555,3.8555,3.8555,3.8555,3.8555,3.8555,3.8555,3.8555,3.8555,3.8555,3.8555,3.8555,3.8555,3.8555,3.8555,3.8555,3.8555
5.5687,5.5928,5.5843,5.0353,4.4862,3.9372,3.3882,2.8392,2.2902,1.7412,1.3646,4.7762,4.7762,4.7762,4.7762,4.7762,4.7762,4.7762,4.7762,4.7762,4.7762,4.7762,4.7762,4.7762,4.7762,4.7762,4.7762
3.357,3.3399,3.3233,3.3072,3.2912,3.2753,3.2594,2.8362,2.2877,1.7449,10.0,10.0,9.8531,9.4643,9.0838,8.663,8.1226,7.5814,7.0191,6.4567,5.8927,5.3283,4.7638,4.1992,3.6346,3.0699,2.5053
5.1625,5.1849,5.2066,5.0245,4.4766,3.9288,3.381,6.1138,6.1138,6.1138,6.1138,6.1138,6.1138,6.1138,6.1138,6.1138,6.1138,6.1138,6.1138,6.1138,6.1138,6.1138,6.1138,6.1138,6.1138,6.1138,6.1138
6.6609,6.1136,5.5664,5.0191,4.4719,3.9246,3.3773,2.8301,2.2828,1.7356,1.1884,3.474,3.474,3.474,3.474,3.474,3.474,3.474,3.474,3.474,3.474,3.474,3.474,3.474,3.474,3.474,3.474
4.8164,4.8164,4.8164,4.8164,4.4671,3.9204,3.3737,4.8164,4.8164,4.8164,4.8164,4.8164,4.8164,4.8164,4.8164,4.8164,4.8164,4.8164,4.8164,4.8164,4.8164,4.8164,4.8164,4.8164,4.8164,4.8164,4.458
4.133,4.1509,4.1683,4.1851,4.2018,3.9162,3.3701,2.8241,10.0,10.0,10.0,10.0,10.0,10.0,10.0,10.0,10.0,10.0,10.0,10.0,10.0,10.0,10.0,10.0,10.0,10.0,10.0
3.9693,3.9491,3.9294,3.9105,3.8915,3.8727,3.3665,2.821,2.2755,7.0493,7.0493,7.0493,7.0493,7.0493,7.0493,7.0493,7.0493,7.0493,7.0493,7.0493,6.9675,6.3002,5.6327,4.9651,4.2975,3.6299,2.9623
4.2231,4.2231,4.2231,4.2231,4.2231,4.2231,4.2231,4.2231,4.2231,4.2231,4.2231,4.2231,4.2231,4.2231,4.2231,4.2231,4.2231,4.2231,4.2231,4.2231,4.2231,4.2231,4.2231,4.2231,4.2231,4.2231,4.2231
6.6254,6.0811,5.5368,4.9924,4.4481,3.9037,3.3594,2.815,2.2707,1.7264,1.1821,3.8977,3.8977,3.8977,3.8977,3.8977,3.8977,3.8977,3.8977,3.8977,3.8977,3.8977,3.8977,3.8977,3.8977,3.8977,3.8977
3.8008,3.7815,3.7626,3.7445,3.7264,3.7083,3.3558,2.8121,2.2683,10.0,10.0,10.0,10.0,10.0,10.0,9.8083,9.1964,8.5838,7.9471,7.3104,6.6718,6.0328,5.3936,4.7544,4.1151,3.4758,2.8365
4.4069,4.426,4.4445,4.4624,4.4386,3.8955,3.3523,2.9031,10.0,10.0,10.0,10.0,10.0,10.0,10.0,10.0,10.0,10.0,10.0,10.0,10.0,10.0,10.0,10.0,10.0,10.0,10.0
6.6044,6.0618,5.5192,4.9766,4.4339,3.8913,3.3487,2.8061,2.2635,1.7209,1.1783,4.0712,4.0712,4.0712,4.0712,4.0712,4.0712,4.0712,4.0712,4.0712,4.0712,4.0712,4.0712,4.0712,4.0712,4.0712,4.0712
4.2822,4.2822,4.2822,4.2822,4.2822,4.2822,4.2822,4.2822,4.2822,4.2822,4.2822,4.2822,4.2822,4.2822,4.2822,4.2822,4.2822,4.2822,4.2822,4.2822,4.2822,4.2822,4.2822,4.2822,4.2822,4.2822,4.2822
5.0237,5.0454,5.0666,4.966,4.4246,3.8831,3.3416,2.8002,2.2587,1.9237,6.7328,6.7328,6.7328,6.7328,6.7328,6.7328,6.7328,6.7328,6.7328,6.7328,6.7328,6.7328,6.7328,6.7328,6.7328,6.7328,6.7328
3.6641,3.6454,3.6273,3.6098,3.5923,3.5749,3.3381,2.7972,2.2563,1.9045,10.0,10.0,10.0,10.0,9.9148,9.4555,8.8656,8.275,7.6612,7.0474,6.4318,5.8158,5.1996,4.5833,3.9671,3.3508,2.7345
5.3394,5.3394,5.3394,4.9555,4.5112,5.3394,5.3394,5.3394,5.3394,5.3394,5.3394,5.3394,5.3394,5.3394,5.3394,5.3394,5.3394,5.3394,5.3394,5.3394,5.3394,5.3394,5.3394,5.3394,5.3394,5.3394,5.3394
6.5696,6.0298,5.4901,4.9503,4.4106,3.8708,3.3311,2.7913,2.2515,1.7118,1.1721,3.7274,3.7274,3.7274,3.7274,3.7274,3.7274,3.7274,3.7274,3.7274,3.7274,3.7274,3.7274,3.7274,3.7274,3.7274,3.7274
5.0181,4.9926,4.9677,4.9438,4.4059,3.8667,3.3275,2.7884,6.2867,6.2867,6.2867,6.2867,6.2867,6.2867,6.2867,6.2867,6.2867,6.2867,6.2867,6.2867,6.2867,6.2867,6.2867,6.2771,5.4331,4.589,3.745
4.3592,4.378,4.3964,4.4141,4.4013,3.8627,3.324,2.8717,10.0,10.0,10.0,10.0,10.0,10.0,10.0,10.0,10.0,10.0,10.0,10.0,10.0,10.0,10.0,10.0,10.0,10.0,10.0
5.0315,5.0059,4.981,4.9347,4.3967,3.8586,3.3206,2.7825,2.2445,1.7064,5.6431,5.6431,5.6431,5.6431,5.6431,5.6431,5.6431,5.6431,5.6431,5.6431,5.6431,5.6431,5.6431,5.6431,5.4476,4.6013,3.755
4.3773,4.3773,4.3773,4.3773,4.3773,4.3773,4.3773,4.3773,4.3773,4.3773,4.3773,4.3773,4.3773,4.3773,4.3773,4.3773,4.3773,4.3773,4.3773,4.3773,4.3773,4.3773,4.3773,4.3773,4.3773,4.3773,4.3773
6.5351,5.9982,5.4613,4.9244,4.3874,3.8505,3.3136,2.7767,2.2397,1.7029,1.3763,4.8171,4.8171,4.8171,4.8171,4.8171,4.8171,4.8171,4.8171,4.8171,4.8171,4.8171,4.8171,4.8171,4.8171,4.8171,4.8171
3.8692,3.8495,3.8303,3.8118,3.7934,3.775,3.3101,2.7738,2.2374,10.0,10.0,10.0,10.0,10.0,10.0,9.9847,9.3619,8.7382,8.09,7.4419,6.7918,6.1413,5.4906,4.8399,4.1891,3.5383,2.8876
5.3256,5.3486,5.3711,4.9141,4.3783,3.8425,3.4868,8.3648,8.3648,8.3648,8.3648,8.3648,8.3648,8.3648,8.3648,8.3648,8.3648,8.3648,8.3648,8.3648,8.3648,8.3648,8.3648,8.3648,8.3648,8.3648,8.3648
6.5146,5.9794,5.4442,4.9089,4.3737,3.8384,3.3032,2.768,2.2327,1.6975,1.1623,4.0664,4.0664,4.0664,4.0664,4.0664,4.0664,4.0664,4.0664,4.0664,4.0664,4.0664,4.0664,4.0664,4.0664,4.0664,4.0664
5.071,5.071,5.071,4.9038,5.071,5.071,5.071,5.071,5.071,5.071,5.071,5.071,5.071,5.071,5.071,5.071,5.071,5.071,5.071,5.071,5.071,5.071,5.071,5.071,5.071,5.071,5.071
4.9163,4.9376,4.9583,4.8987,4.3645,3.8304,3.2963,10.0,10.0,10.0,10.0,10.0,10.0,10.0,10.0,10.0,10.0,10.0,10.0,10.0,10.0,10.0,10.0,10.0,10.0,10.0,10.0
4.259,4.2373,4.2161,4.1958,4.1755,3.8264,3.2929,2.7593,2.2407,10.0,10.0,10.0,10.0,10.0,10.0,10.0,10.0,9.6184,8.905,8.1915,7.476,6.7599,6.0437,5.3274,4.6111,3.8948,3.1784
5.1094,5.1094,5.1094,5.1094,5.1094,5.1094,5.1094,5.1094,5.1094,5.1094,5.1094,5.1094,5.1094,5.1094,5.1094,5.1094,5.1094,5.1094,5.1094,5.1094,5.1094,5.1094,5.1094,5.1094,5.1094,5.1094,5.1094
6.4807,5.9483,5.4158,4.8834,4.3509,3.8185,3.286,2.7536,2.2211,1.6887,1.2164,4.2576,4.2576,4.2576,4.2576,4.2576,4.2576,4.2576,4.2576,4.2576,4.2576,4.2576,4.2576,4.2576,4.2576,4.2576,4.2576
4.6826,4.6587,4.6355,4.6132,4.3464,3.8145,3.2826,2.7507,9.2578,9.2578,9.2578,9.2578,9.2578,9.2578,9.2578,9.2578,9.2578,9.2578,9.2578,9.0063,8.2196,7.4323,6.6449,5.8573,5.0698,4.2822,3.4946
4.8972,4.9184,4.9391,4.8732,4.3419,3.8105,3.2792,10.0,10.0,10.0,10.0,10.0,10.0,10.0,10.0,10.0,10.0,10.0,10.0,10.0,10.0,10.0,10.0,10.0,10.0,10.0,10.0
6.4606,5.9298,5.399,4.8682,4.3374,3.8066,3.2758,2.745,2.2142,1.6834,5.1153,5.1153,5.1153,5.1153,5.1153,5.1153,5.1153,5.1153,5.1153,5.1153,5.1153,5.1153,5.1153,5.1153,5.1153,5.1153,5.1153
4.8392,4.8392,4.8392,4.8392,4.8392,4.8392,4.8392,4.8392,4.8392,4.8392,4.8392,4.8392,4.8392,4.8392,4.8392,4.8392,4.8392,4.8392,4.8392,4.8392,4.8392,4.8392,4.8392,4.8392,4.8392,4.8392,4.8392
6.4472,5.9175,5.3878,4.8581,4.3284,3.7987,3.269,2.7393,2.2096,1.8661,6.5314,6.5314,6.5314,6.5314,6.5314,6.5314,6.5314,6.5314,6.5314,6.5314,6.5314,6.5314,6.5314,6.5314,6.5314,6.5314,6.5314
4.2102,4.1888,4.1679,4.1478,4.1278,3.7948,3.2656,2.7365,2.2151,10.0,10.0,10.0,10.0,10.0,10.0,10.0,10.0,9.5084,8.8031,8.0979,7.3905,6.6826,5.9746,5.2665,4.5584,3.8502,3.1421
6.4339,5.9053,5.3767,4.8481,4.5302,7.0251,7.0251,7.0251,7.0251,7.0251,7.0251,7.0251,7.0251,7.0251,7.0251,7.0251,7.0251,7.0251,7.0251,7.0251,7.0251,7.0251,7.0251,7.0251,7.0251,7.0251,7.0251
6.4273,5.8992,5.3712,4.8431,4.315,3.787,3.2589,2.7308,2.2028,1.6748,1.2443,4.3552,4.3552,4.3552,4.3552,4.3552,4.3552,4.3552,4.3552,4.3552,4.3552,4.3552,4.3552,4.3552,4.3552,4.3552,4.3552
6.4206,5.8931,5.3656,4.8381,4.3106,3.7831,6.5018,6.5018,6.5018,6.5018,6.5018,6.5018,6.5018,6.5018,6.5018,6.5018,6.5018,6.5018,6.5018,6.5018,6.5018,6.5018,6.5018,6.5018,6.5018,6.2094,5.0674
5.1808,5.2033,5.2251,4.8331,4.3061,3.7792,3.3921,10.0,10.0,10.0,10.0,10.0,10.0,10.0,10.0,10.0,10.0,10.0,10.0,10.0,10.0,10.0,10.0,10.0,10.0,10.0,10.0
5.3411,5.3139,5.2874,4.8281,4.3017,3.7753,3.2489,2.7224,2.2551,7.8928,7.8928,7.8928,7.8928,7.8928,7.8928,7.8928,7.8928,7.8928,7.8928,7.8928,7.8928,7.8928,7.5794,6.6811,5.7827,4.8844,3.986
5.2944,5.2944,5.2944,5.2944,5.2944,5.2944,5.2944,5.2944,5.2944,5.2944,5.2944,5.2944,5.2944,5.2944,5.2944,5.2944,5.2944,5.2944,5.2944,5.2944,5.2944,5.2944,5.2944,5.2944,5.2944,5.2944,5.2944
6.3943,5.8689,5.3436,4.8182,4.2929,3.7675,3.2422,2.7168,2.1915,1.6662,5.2363,5.2363,5.2363,5.2363,5.2363,5.2363,5.2363,5.2363,5.2363,5.2363,5.2363,5.2363,5.2363,5.2363,5.2363,5.2363,5.2363
4.766,4.7418,4.7181,4.6954,4.2885,3.7637,3.2389,2.714,10.0,10.0,10.0,10.0,10.0,10.0,10.0,10.0,10.0,10.0,9.9652,9.1669,8.3661,7.5648,6.7633,5.9617,5.1601,4.3585,3.5569
5.9188,5.8569,5.3326,4.8084,4.2841,3.8514,10.0,10.0,10.0,10.0,10.0,10.0,10.0,10.0,10.0,10.0,10.0,10.0,10.0,10.0,10.0,10.0,10.0,10.0,10.0,10.0,10.0
6.3747,5.8509,5.3272,4.8035,4.2797,3.756,3.2322,2.7085,2.1848,1.661,5.1064,5.1064,5.1064,5.1064,5.1064,5.1064,5.1064,5.1064,5.1064,5.1064,5.1064,5.1064,5.1064,5.1064,5.1064,5.1064,5.1064
5.7566,5.7566,5.7566,5.7566,5.7566,5.7566,5.7566,5.7566,5.7566,5.7566,5.7566,5.7566,5.7566,5.7566,5.7566,5.7566,5.7566,5.7566,5.7566,5.7566,5.7566,5.7566,5.7566,5.7566,5.7566,5.7566,5.7566
6.3018,5.839,5.3163,4.7936,4.271,3.7483,3.2256,10.0,10.0,10.0,10.0,10.0,10.0,10.0,10.0,10.0,10.0,10.0,10.0,10.0,10.0,10.0,10.0,10.0,10.0,10.0,10.0
4.9356,4.9105,4.886,4.7888,4.2666,3.7445,3.2223,2.7002,10.0,10.0,10.0,10.0,10.0,10.0,10.0,10.0,10.0,10.0,10.0,9.493,8.6638,7.834,7.004,6.1739,5.3437,4.5136,3.6834
6.6966,6.6966,6.6966,6.6966,6.6966,6.6966,6.6966,6.6966,6.6966,6.6966,6.6966,6.6966,6.6966,6.6966,6.6966,6.6966,6.6966,6.6966,6.6966,6.6966,6.6966,6.6966,6.6966,6.6966,6.6966,6.6966,6.6966
6.3422,5.8212,5.3001,4.779,4.2579,3.7369,3.2158,2.6947,2.1736,1.6526,5.036,5.036,5.036,5.036,5.036,5.036,5.036,5.036,5.036,5.036,5.036,5.036,5.036,5.036,5.036,5.036,5.036
6.2885,5.8152,5.2947,4.7741,4.2536,3.7331,3.3681,9.3159,9.3159,9.3159,9.3159,9.3159,9.3159,9.3159,9.3159,9.3159,9.3159,9.3159,9.3159,9.3159,9.3159,9.3159,8.9238,7.8662,6.8085,5.7508,4.6931
5.9132,5.8093,5.2893,4.7693,4.2493,3.8477,10.0,10.0,10.0,10.0,10.0,10.0,10.0,10.0,10.0,10.0,10.0,10.0,10.0,10.0,10.0,10.0,10.0,10.0,10.0,10.0,10.0
6.3229,5.8034,5.2839,4.7645,4.245,3.7255,3.206,2.6865,2.167,7.0586,7.0586,7.0586,7.0586,7.0586,7.0586,7.0586,7.0586,7.0586,7.0586,7.0586,7.0586,7.0586,7.0586,7.0586,7.0586,6.7916,5.5425
5.9673,5.9673,5.9673,5.9673,5.9673,5.9673,5.9673,5.9673,5.9673,5.9673,5.9673,5.9673,5.9673,5.9673,5.9673,5.9673,5.9673,5.9673,5.9673,5.9673,5.9673,5.9673,5.9673,5.9673,5.9673,5.9673,5.9673
6.3101,5.7917,5.2732,4.7548,4.2364,3.7179,3.1995,2.6811,2.1626,7.1068,7.1068,7.1068,7.1068,7.1068,7.1068,7.1068,7.1068,7.1068,7.1068,7.1068,7.1068,7.1068,7.1068,7.1068,7.1068,7.1068,7.1068
5.3059,5.2789,5.2525,4.75,4.2321,3.7142,3.1963,2.8167,10.0,10.0,10.0,10.0,10.0,10.0,10.0,10.0,10.0,10.0,10.0,10.0,9.3137,8.4217,7.5294,6.637,5.7446,4.8522,3.9597
6.2974,5.78,5.2626,10.0,10.0,10.0,10.0,10.0,10.0,10.0,10.0,10.0,10.0,10.0,10.0,10.0,10.0,10.0,10.0,10.0,10.0,10.0,10.0,10.0,10.0,10.0,10.0
6.291,5.7741,5.2573,4.7404,4.2235,3.7067,3.1898,2.6729,2.1561,1.6392,5.615,5.615,5.615,5.615,5.615,5.615,5.615,5.615,5.615,5.615,5.615,5.615,5.615,5.615,5.615,5.615,5.615
6.2847,5.847,7.5367,7.5367,7.5367,7.5367,7.5367,7.5367,7.5367,7.5367,7.5367,7.5367,7.5367,7.5367,7.5367,7.5367,7.5367,7.5367,7.5367,7.5367,7.5367,7.5367,7.5367,7.5367,7.5367,7.5367,7.5367
6.2783,5.7625,5.2467,4.7309,10.0,10.0,10.0,10.0,10.0,10.0,10.0,10.0,10.0,10.0,10.0,10.0,10.0,10.0,10.0,10.0,10.0,10.0,10.0,10.0,10.0,10.0,10.0
6.272,5.7567,5.2414,4.7261,4.2108,3.6955,10.0,10.0,10.0,10.0,10.0,10.0,10.0,10.0,10.0,10.0,10.0,10.0,10.0,10.0,10.0,10.0,9.0489,7.9764,6.9039,5.8314,4.7589
7.176,7.176,7.176,7.176,7.176,7.176,7.176,7.176,7.176,7.176,7.176,7.176,7.176,7.176,7.176,7.176,7.176,7.176,7.176,7.176,7.176,7.176,7.176,7.176,7.176,7.176,7.176
6.2594,5.7451,5.2309,4.7166,4.2023,3.6881,3.1738,2.6595,2.1452,6.437,6.437,6.437,6.437,6.437,6.437,6.437,6.437,6.437,6.437,6.437,6.437,6.437,6.437,6.437,6.437,6.437,6.437
6.2531,5.7394,5.2256,4.7119,4.1981,3.6844,10.0,10.0,10.0,10.0,10.0,10.0,10.0,10.0,10.0,10.0,10.0,10.0,10.0,10.0,10.0,10.0,9.4282,8.3108,7.1933,6.0759,4.9584
6.2468,5.7336,5.2204,4.8164,10.0,10.0,10.0,10.0,10.0,10.0,10.0,10.0,10.0,10.0,10.0,10.0,10.0,10.0,10.0,10.0,10.0,10.0,10.0,10.0,10.0,10.0,10.0
6.2406,5.7279,5.2152,4.7024,4.1897,3.677,3.1643,2.6515,2.1388,7.3415,7.3415,7.3415,7.3415,7.3415,7.3415,7.3415,7.3415,7.3415,7.3415,7.3415,7.3415,7.3415,7.3415,7.3415,7.3415,7.3415,7.3415
7.5171,7.5171,7.5171,7.5171,7.5171,7.5171,7.5171,7.5171,7.5171,7.5171,7.5171,7.5171,7.5171,7.5171,7.5171,7.5171,7.5171,7.5171,7.5171,7.5171,7.5171,7.5171,7.5171,7.5171,7.5171,7.5171,7.5171
6.2281,5.7164,5.2047,4.693,4.1813,3.6696,3.2169,10.0,10.0,10.0,10.0,10.0,10.0,10.0,10.0,10.0,10.0,10.0,10.0,10.0,10.0,10.0,10.0,10.0,10.0,10.0,10.0
6.2219,5.7107,5.1995,4.6883,4.1772,3.666,10.0,10.0,10.0,10.0,10.0,10.0,10.0,10.0,10.0,10.0,10.0,10.0,10.0,10.0,10.0,10.0,9.4479,8.3282,7.2084,6.0885,4.9687
10.0,10.0,10.0,10.0,10.0,10.0,10.0,10.0,10.0,10.0,10.0,10.0,10.0,10.0,10.0,10.0,10.0,10.0,10.0,10.0,10.0,10.0,10.0,10.0,10.0,10.0,10.0
6.2095,5.6993,5.1892,4.679,4.1688,3.6587,3.1485,2.6383,2.1281,7.0352,7.0352,7.0352,7.0352,7.0352,7.0352,7.0352,7.0352,7.0352,7.0352,7.0352,7.0352,7.0352,7.0352,7.0352,7.0352,7.0352,7.0352
6.2033,5.6937,10.0,10.0,10.0,10.0,10.0,10.0,10.0,10.0,10.0,10.0,10.0,10.0,10.0,10.0,10.0,10.0,10.0,10.0,10.0,10.0,10.0,10.0,10.0,9.2995,7.5891
6.1971,5.688,10.0,10.0,10.0,10.0,10.0,10.0,10.0,10.0,10.0,10.0,10.0,10.0,10.0,10.0,10.0,10.0,10.0,10.0,10.0,10.0,10.0,10.0,10.0,10.0,10.0
6.191,5.6823,5.1737,4.6651,4.1564,3.6478,10.0,10.0,10.0,10.0,10.0,10.0,10.0,10.0,10.0,10.0,10.0,10.0,10.0,10.0,10.0,10.0,10.0,10.0,10.0,8.8405,7.2145
9.0429,9.0429,9.0429,9.0429,9.0429,9.0429,9.0429,9.0429,9.0429,9.0429,9.0429,9.0429,9.0429,9.0429,9.0429,9.0429,9.0429,9.0429,9.0429,9.0429,9.0429,9.0429,9.0429,9.0429,9.0429,9.0429,9.0429
6.1787,5.6711,5.1634,4.6558,4.1482,3.6405,3.1329,2.7909,9.7683,9.7683,9.7683,9.7683,9.7683,9.7683,9.7683,9.7683,9.7683,9.7683,9.7683,9.7683,9.7683,9.7683,9.7683,9.7683,9.7683,9.7683,9.7683
6.1726,5.6655,5.1583,4.6512,10.0,10.0,10.0,10.0,10.0,10.0,10.0,10.0,10.0,10.0,10.0,10.0,10.0,10.0,10.0,10.0,10.0,10.0,10.0,10.0,9.1437,7.7232,6.3027
10.0,10.0,10.0,10.0,10.0,10.0,10.0,10.0,10.0,10.0,10.0,10.0,10.0,10.0,10.0,10.0,10.0,10.0,10.0,10.0,10.0,10.0,10.0,10.0,10.0,10.0,10.0
6.1604,5.6543,5.1481,4.642,4.1359,3.6297,3.1236,2.7046,9.4662,9.4662,9.4662,9.4662,9.4662,9.4662,9.4662,9.4662,9.4662,9.4662,9.4662,9.4662,9.4662,9.4662,9.4662,9.4662,9.4662,9.4662,9.4662
10.0,10.0,10.0,10.0,10.0,10.0,10.0,10.0,10.0,10.0,10.0,10.0,10.0,10.0,10.0,10.0,10.0,10.0,10.0,10.0,10.0,10.0,10.0,10.0,10.0,10.0,10.0
10.0,10.0,10.0,10.0,10.0,10.0,10.0,10.0,10.0,10.0,10.0,10.0,10.0,10.0,10.0,10.0,10.0,10.0,10.0,10.0,10.0,10.0,10.0,10.0,10.0,10.0,10.0
6.1422,10.0,10.0,10.0,10.0,10.0,10.0,10.0,10.0,10.0,10.0,10.0,10.0,10.0,10.0,10.0,10.0,10.0,10.0,10.0,10.0,10.0,10.0,10.0,10.0,9.8198,8.0137
10.0,10.0,10.0,10.0,10.0,10.0,10.0,10.0,10.0,10.0,10.0,10.0,10.0,10.0,10.0,10.0,10.0,10.0,10.0,10.0,10.0,10.0,10.0,10.0,10.0,10.0,10.0
6.1301,5.6264,5.1228,4.6192,4.1155,3.6119,10.0,10.0,10.0,10.0,10.0,10.0,10.0,10.0,10.0,10.0,10.0,10.0,10.0,10.0,10.0,10.0,10.0,10.0,10.0,10.0,10.0
10.0,10.0,10.0,10.0,10.0,10.0,10.0,10.0,10.0,10.0,10.0,10.0,10.0,10.0,10.0,10.0,10.0,10.0,10.0,10.0,10.0,10.0,10.0,10.0,10.0,10.0,10.0
10.0,10.0,10.0,10.0,10.0,10.0,10.0,10.0,10.0,10.0,10.0,10.0,10.0,10.0,10.0,10.0,10.0,10.0,10.0,10.0,10.0,10.0,10.0,10.0,10.0,10.0,10.0
6.112,5.6099,10.0,10.0,10.0,10.0,10.0,10.0,10.0,10.0,10.0,10.0,10.0,10.0,10.0,10.0,10.0,10.0,10.0,10.0,10.0,10.0,10.0,10.0,10.0,10.0,10.0
10.0,10.0,10.0,10.0,10.0,10.0,10.0,10.0,10.0,10.0,10.0,10.0,10.0,10.0,10.0,10.0,10.0,10.0,10.0,10.0,10.0,10.0,10.0,10.0,10.0,10.0,10.0
10.0,10.0,10.0,10.0,10.0,10.0,10.0,10.0,10.0,10.0,10.0,10.0,10.0,10.0,10.0,10.0,10.0,10.0,10.0,10.0,10.0,10.0,10.0,10.0,10.0,10.0,10.0
10.0,10.0,10.0,10.0,10.0,10.0,10.0,10.0,10.0,10.0,10.0,10.0,10.0,10.0,10.0,10.0,10.0,10.0,10.0,10.0,10.0,10.0,10.0,10.0,10.0,10.0,10.0
10.0,10.0,10.0,10.0,10.0,10.0,10.0,10.0,10.0,10.0,10.0,10.0,10.0,10.0,10.0,10.0,10.0,10.0,10.0,10.0,10.0,10.0,10.0,10.0,10.0,10.0,10.0
