1.6008,1.6008,1.6008,1.6008,1.6008,1.6008,1.6008,1.6008,1.6008,1.6008,1.6008,1.6008,1.6008,1.6008,1.6008,1.6008,1.6008,1.6008,1.6008,1.6008,1.6008,1.6008,1.6008,1.6008,1.6008,1.6008
1.6023,1.6023,1.6023,1.6023,1.6023,1.6023,1.6023,1.6023,1.6023,1.6023,1.6023,1.6023,1.6023,1.6023,1.6023,1.6023,1.6023,1.6023,1.6023,1.6023,1.6023,1.6023,1.6023,1.6023,1.6023,1.6023
1.6039,1.6039,1.6039,1.6039,1.6039,1.6039,1.6039,1.6039,1.6039,1.6039,1.6039,1.6039,1.6039,1.6039,1.6039,1.6039,1.6039,1.6039,1.6039,1.6039,1.6039,1.6039,1.6039,1.6039,1.6039,1.6039
1.6055,1.6055,1.6055,1.6055,1.6055,1.6055,1.6055,1.6055,1.6055,1.6055,1.6055,1.6055,1.6055,1.6055,1.6055,1.6055,1.6055,1.6055,1.6055,1.6055,1.6055,1.6055,1.6055,1.6055,1.6055,1.6055
1.6071,1.6071,1.6071,1.6071,1.6071,1.6071,1.6071,1.6071,1.6071,1.6071,1.6071,1.6071,1.6071,1.6071,1.6071,1.6071,1.6071,1.6071,1.6071,1.6071,1.6071,1.6071,1.6071,1.6071,1.6071,1.6071
1.6086,1.6086,1.6086,1.6086,1.6086,1.6086,1.6086,1.6086,1.6086,1.6086,1.6086,1.6086,1.6086,1.6086,1.6086,1.6086,1.6086,1.6086,1.6086,1.6086,1.6086,1.6086,1.6086,1.6086,1.6086,1.6086
1.6102,1.6102,1.6102,1.6102,1.6102,1.6102,1.6102,1.6102,1.6102,1.6102,1.6102,1.6102,1.6102,1.6102,1.6102,1.6102,1.6102,1.6102,1.6102,1.6102,1.6102,1.6102,1.6102,1.6102,1.6102,1.6102
1.6118,1.6118,1.6118,1.6118,1.6118,1.6118,1.6118,1.6118,1.6118,1.6118,1.6118,1.6118,1.6118,1.6118,1.6118,1.6118,1.6118,1.6118,1.6118,1.6118,1.6118,1.6118,1.6118,1.6118,1.6118,1.6118
1.6134,1.6134,1.6134,1.6134,1.6134,1.6134,1.6134,1.6134,1.6134,1.6134,1.6134,1.6134,1.6134,1.6134,1.6134,1.6134,1.6134,1.6134,1.6134,1.6134,1.6134,1.6134,1.6134,1.6134,1.6134,1.6134
1.615,1.615,1.615,1.615,1.615,1.615,1.615,1.615,1.615,1.615,1.615,1.615,1.615,1.615,1.615,1.615,1.615,1.615,1.615,1.615,1.615,1.615,1.615,1.615,1.615,1.615
1.6166,1.6166,1.6166,1.6166,1.6166,1.6166,1.6166,1.6166,1.6166,1.6166,1.6166,1.6166,1.6166,1.6166,1.6166,1.6166,1.6166,1.6166,1.6166,1.6166,1.6166,1.6166,1.6166,1.6166,1.6166,1.6166
1.6182,1.6182,1.6182,1.6182,1.6182,1.6182,1.6182,1.6182,1.6182,1.6182,1.6182,1.6182,1.6182,1.6182,1.6182,1.6182,1.6182,1.6182,1.6182,1.6182,1.6182,1.6182,1.6182,1.6182,1.6182,1.6182
1.6198,1.6198,1.6198,1.6198,1.6198,1.6198,1.6198,1.6198,1.6198,1.6198,1.6198,1.6198,1.6198,1.6198,1.6198,1.6198,1.6198,1.6198,1.6198,1.6198,1.6198,1.6198,1.6198,1.6198,1.6198,1.6198
1.6214,1.6214,1.6214,1.6214,1.6214,1.6214,1.6214,1.6214,1.6214,1.6214,1.6214,1.6214,1.6214,1.6214,1.6214,1.6214,1.6214,1.6214,1.6214,1.6214,1.6214,1.6214,1.6214,1.6214,1.6214,1.6214
1.623,1.623,1.623,1.623,1.623,1.623,1.623,1.623,1.623,1.623,1.623,1.623,1.623,1.623,1.623,1.623,1.623,1.623,1.623,1.623,1.623,1.623,1.623,1.623,1.623,1.623
1.6246,1.6246,1.6246,1.6246,1.6246,1.6246,1.6246,1.6246,1.6246,1.6246,1.6246,1.6246,1.6246,1.6246,1.6246,1.6246,1.6246,1.6246,1.6246,1.6246,1.6246,1.6246,1.6246,1.6246,1.6246,1.6246
1.6262,1.6262,1.6262,1.6262,1.6262,1.6262,1.6262,1.6262,1.6262,1.6262,1.6262,1.6262,1.6262,1.6262,1.6262,1.6262,1.6262,1.6262,1.6262,1.6262,1.6262,1.6262,1.6262,1.6262,1.6262,1.6262
1.6278,1.6278,1.6278,1.6278,1.6278,1.6278,1.6278,1.6278,1.6278,1.6278,1.6278,1.6278,1.6278,1.6278,1.6278,1.6278,1.6278,1.6278,1.6278,1.6278,1.6278,1.6278,1.6278,1.6278,1.6278,1.6278
1.6294,1.6294,1.6294,1.6294,1.6294,1.6294,1.6294,1.6294,1.6294,1.6294,1.6294,1.6294,1.6294,1.6294,1.6294,1.6294,1.6294,1.6294,1.6294,1.6294,1.6294,1.6294,1.6294,1.6294,1.6294,1.6294
1.6311,1.6311,1.6311,1.6311,1.6311,1.6311,1.6311,1.6311,1.6311,1.6311,1.6311,1.6311,1.6311,1.6311,1.6311,1.6311,1.6311,1.6311,1.6311,1.6311,1.6311,1.6311,1.6311,1.6311,1.6311,1.6311
1.6327,1.6327,1.6327,1.6327,1.6327,1.6327,1.6327,1.6327,1.6327,1.6327,1.6327,1.6327,1.6327,1.6327,1.6327,1.6327,1.6327,1.6327,1.6327,1.6327,1.6327,1.6327,1.6327,1.6327,1.6327,1.6327
1.6343,1.6343,1.6343,1.6343,1.6343,1.6343,1.6343,1.6343,1.6343,1.6343,1.6343,1.6343,1.6343,1.6343,1.6343,1.6343,1.6343,1.6343,1.6343,1.6343,1.6343,1.6343,1.6343,1.6343,1.6343,1.6343
1.6359,1.6359,1.6359,1.6359,1.6359,1.6359,1.6359,1.6359,1.6359,1.6359,1.6359,1.6359,1.6359,1.6359,1.6359,1.6359,1.6359,1.6359,1.6359,1.6359,1.6359,1.6359,1.6359,1.6359,1.6359,1.6359
1.6376,1.6376,1.6376,1.6376,1.6376,1.6376,1.6376,1.6376,1.6376,1.6376,1.6376,1.6376,1.6376,1.6376,1.6376,1.6376,1.6376,1.6376,1.6376,1.6376,1.6376,1.6376,1.6376,1.6376,1.6376,1.6376
1.6392,1.6392,1.6392,1.6392,1.6392,1.6392,1.6392,1.6392,1.6392,1.6392,1.6392,1.6392,1.6392,1.6392,1.6392,1.6392,1.6392,1.6392,1.6392,1.6392,1.6392,1.6392,1.6392,1.6392,1.6392,1.6392
1.6409,1.6409,1.6409,1.6409,1.6409,1.6409,1.6409,1.6409,1.6409,1.6409,1.6409,1.6409,1.6409,1.6409,1.6409,1.6409,1.6409,1.6409,1.6409,1.6409,1.6409,1.6409,1.6409,1.6409,1.6409,1.6409
1.6425,1.6425,1.6425,1.6425,1.6425,1.6425,1.6425,1.6425,1.6425,1.6425,1.6425,1.6425,1.6425,1.6425,1.6425,1.6425,1.6425,1.6425,1.6425,1.6425,1.6425,1.6425,1.6425,1.6425,1.6425,1.6425
1.6442,1.6442,1.6442,1.6442,1.6442,1.6442,1.6442,1.6442,1.6442,1.6442,1.6442,1.6442,1.6442,1.6442,1.6442,1.6442,1.6442,1.6442,1.6442,1.6442,1.6442,1.6442,1.6442,1.6442,1.6442,1.6442
1.6458,1.6458,1.6458,1.6458,1.6458,1.6458,1.6458,1.6458,1.6458,1.6458,1.6458,1.6458,1.6458,1.6458,1.6458,1.6458,1.6458,1.6458,1.6458,1.6458,1.6458,1.6458,1.6458,1.6458,1.6458,1.6458
1.6475,1.6475,1.6475,1.6475,1.6475,1.6475,1.6475,1.6475,1.6475,1.6475,1.6475,1.6475,1.6475,1.6475,1.6475,1.6475,1.6475,1.6475,1.6475,1.6475,1.6475,1.6475,1.6475,1.6475,1.6475,1.6475
1.6491,1.6491,1.6491,1.6491,1.6491,1.6491,1.6491,1.6491,1.6491,1.6491,1.6491,1.6491,1.6491,1.6491,1.6491,1.6491,1.6491,1.6491,1.6491,1.6491,1.6491,1.6491,1.6491,1.6491,1.6491,1.6491
1.6508,1.6508,1.6508,1.6508,1.6508,1.6508,1.6508,1.6508,1.6508,1.6508,1.6508,1.6508,1.6508,1.6508,1.6508,1.6508,1.6508,1.6508,1.6508,1.6508,1.6508,1.6508,1.6508,1.6508,1.6508,1.6508
1.6524,1.6524,1.6524,1.6524,1.6524,1.6524,1.6524,1.6524,1.6524,1.6524,1.6524,1.6524,1.6524,1.6524,1.6524,1.6524,1.6524,1.6524,1.6524,1.6524,1.6524,1.6524,1.6524,1.6524,1.6524,1.6524
1.6541,1.6541,1.6541,1.6541,1.6541,1.6541,1.6541,1.6541,1.6541,1.6541,1.6541,1.6541,1.6541,1.6541,1.6541,1.6541,1.6541,1.6541,1.6541,1.6541,1.6541,1.6541,1.6541,1.6541,1.6541,1.6541
1.6558,1.6558,1.6558,1.6558,1.6558,1.6558,1.6558,1.6558,1.6558,1.6558,1.6558,1.6558,1.6558,1.6558,1.6558,1.6558,1.6558,1.6558,1.6558,1.6558,1.6558,1.6558,1.6558,1.6558,1.6558,1.5167
1.6575,1.6575,1.6575,1.6575,1.6575,1.6575,1.6575,1.6575,1.6575,1.6575,1.6575,1.6575,1.6575,1.6575,1.6575,1.6575,1.6575,1.6575,1.6575,1.6575,1.6575,1.6575,1.6575,1.6575,1.6575,1.6575
1.6591,1.6591,1.6591,1.6591,1.6591,1.6591,1.6591,1.6591,1.6591,1.6591,1.6591,1.6591,1.6591,1.6591,1.6591,1.6591,1.6591,1.6591,1.6591,1.6591,1.6591,1.6591,1.6591,1.6591,1.6591,1.6591
1.6608,1.6608,1.6608,1.6608,1.6608,1.6608,1.6608,1.6608,1.6608,1.6608,1.6608,1.6608,1.6608,1.6608,1.6608,1.6608,1.6608,1.6608,1.6608,1.6608,1.6608,1.6608,1.6608,1.6608,1.6608,1.6608
1.6625,1.6625,1.6625,1.6625,1.6625,1.6625,1.6625,1.6625,1.6625,1.6625,1.6625,1.6625,1.6625,1.6625,1.6625,1.6625,1.6625,1.6625,1.6625,1.6625,1.6625,1.6625,1.6625,1.6625,1.6625,1.6625
1.6642,1.6642,1.6642,1.6642,1.6642,1.6642,1.6642,1.6642,1.6642,1.6642,1.6642,1.6642,1.6642,1.6642,1.6642,1.6642,1.6642,1.6642,1.6642,1.6642,1.6642,1.6642,1.6642,1.6642,1.6642,1.6642
1.6659,1.6659,1.6659,1.6659,1.6659,1.6659,1.6659,1.6659,1.6659,1.6659,1.6659,1.6659,1.6659,1.6659,1.6659,1.6659,1.6659,1.6659,1.6659,1.6659,1.6659,1.6659,1.6659,1.6659,1.6659,1.6659
1.6676,1.6676,1.6676,1.6676,1.6676,1.6676,1.6676,1.6676,1.6676,1.6676,1.6676,1.6676,1.6676,1.6676,1.6676,1.6676,1.6676,1.6676,1.6676,1.6676,1.6676,1.6676,1.6676,1.6676,1.6676,1.6676
1.6693,1.6693,1.6693,1.6693,1.6693,1.6693,1.6693,1.6693,1.6693,1.6693,1.6693,1.6693,1.6693,1.6693,1.6693,1.6693,1.6693,1.6693,1.6693,1.6693,1.6693,1.6693,1.6693,1.6693,1.5856,1.4149
1.671,1.671,1.671,1.671,1.671,1.671,1.671,1.671,1.671,1.671,1.671,1.671,1.671,1.671,1.671,1.671,1.671,1.671,1.671,1.671,1.671,1.671,1.671,1.671,1.671,1.671
1.6727,1.6727,1.6727,1.6727,1.6727,1.6727,1.6727,1.6727,1.6727,1.6727,1.6727,1.6727,1.6727,1.6727,1.6727,1.6727,1.6727,1.6727,1.6727,1.6727,1.6727,1.6727,1.6727,1.6727,1.6727,1.6727
1.6744,1.6744,1.6744,1.6744,1.6744,1.6744,1.6744,1.6744,1.6744,1.6744,1.6744,1.6744,1.6744,1.6744,1.6744,1.6744,1.6744,1.6744,1.6744,1.6744,1.6744,1.6744,1.6744,1.6744,1.6744,1.6744
1.6761,1.6761,1.6761,1.6761,1.6761,1.6761,1.6761,1.6761,1.6761,1.6761,1.6761,1.6761,1.6761,1.6761,1.6761,1.6761,1.6761,1.6761,1.6761,1.6761,1.6761,1.6761,1.6761,1.6761,1.6761,1.6761
1.6778,1.6778,1.6778,1.6778,1.6778,1.6778,1.6778,1.6778,1.6778,1.6778,1.6778,1.6778,1.6778,1.6778,1.6778,1.6778,1.6778,1.6778,1.6778,1.6778,1.6778,1.6778,1.6778,1.6778,1.5156,1.3524
1.6795,1.6795,1.6795,1.6795,1.6795,1.6795,1.6795,1.6795,1.6795,1.6795,1.6795,1.6795,1.6795,1.6795,1.6795,1.6795,1.6795,1.6795,1.6795,1.6795,1.6795,1.6795,1.6795,1.6795,1.6795,1.6795
1.6813,1.6813,1.6813,1.6813,1.6813,1.6813,1.6813,1.6813,1.6813,1.6813,1.6813,1.6813,1.6813,1.6813,1.6813,1.6813,1.6813,1.6813,1.6813,1.6813,1.6813,1.6813,1.6813,1.6813,1.6813,1.6813
1.683,1.683,1.683,1.683,1.683,1.683,1.683,1.683,1.683,1.683,1.683,1.683,1.683,1.683,1.683,1.683,1.683,1.683,1.683,1.683,1.683,1.683,1.683,1.683,1.683,1.5386
1.6847,1.6847,1.6847,1.6847,1.6847,1.6847,1.6847,1.6847,1.6847,1.6847,1.6847,1.6847,1.6847,1.6847,1.6847,1.6847,1.6847,1.6847,1.6847,1.6847,1.6847,1.6847,1.6847,1.6847,1.6847,1.6847
1.6865,1.6865,1.6865,1.6865,1.6865,1.6865,1.6865,1.6865,1.6865,1.6865,1.6865,1.6865,1.6865,1.6865,1.6865,1.6865,1.6865,1.6865,1.6865,1.6865,1.6865,1.6865,1.6865,1.6865,1.6865,1.6865
1.6882,1.6882,1.6882,1.6882,1.6882,1.6882,1.6882,1.6882,1.6882,1.6882,1.6882,1.6882,1.6882,1.6882,1.6882,1.6882,1.6882,1.6882,1.6882,1.6882,1.6882,1.6882,1.6882,1.6882,1.6882,1.6882
1.6899,1.6899,1.6899,1.6899,1.6899,1.6899,1.6899,1.6899,1.6899,1.6899,1.6899,1.6899,1.6899,1.6899,1.6899,1.6899,1.6899,1.6899,1.6899,1.6899,1.6899,1.6899,1.6899,1.6899,1.6899,1.6899
1.6917,1.6917,1.6917,1.6917,1.6917,1.6917,1.6917,1.6917,1.6917,1.6917,1.6917,1.6917,1.6917,1.6917,1.6917,1.6917,1.6917,1.6917,1.6917,1.6917,1.6917,1.6917,1.6338,1.4891,1.3443,1.1996
1.6934,1.6934,1.6934,1.6934,1.6934,1.6934,1.6934,1.6934,1.6934,1.6934,1.6934,1.6934,1.6934,1.6934,1.6934,1.6934,1.6934,1.6934,1.6934,1.6934,1.6934,1.6934,1.6934,1.6934,1.6934,1.6934
1.6952,1.6952,1.6952,1.6952,1.6952,1.6952,1.6952,1.6952,1.6952,1.6952,1.6952,1.6952,1.6952,1.6952,1.6952,1.6952,1.6952,1.6952,1.6952,1.6952,1.6952,1.6952,1.6952,1.6952,1.6952,1.6952
1.6969,1.6969,1.6969,1.6969,1.6969,1.6969,1.6969,1.6969,1.6969,1.6969,1.6969,1.6969,1.6969,1.6969,1.6969,1.6969,1.6969,1.6969,1.6969,1.6969,1.6969,1.6969,1.6969,1.6969,1.6969,1.6969
1.6987,1.6987,1.6987,1.6987,1.6987,1.6987,1.6987,1.6987,1.6987,1.6987,1.6987,1.6987,1.6987,1.6987,1.6987,1.6987,1.6987,1.6987,1.6987,1.6987,1.6987,1.6987,1.6987,1.6987,1.6987,1.6987
1.7005,1.7005,1.7005,1.7005,1.7005,1.7005,1.7005,1.7005,1.7005,1.7005,1.7005,1.7005,1.7005,1.4952,1.7005,1.7005,1.7005,1.7005,1.7005,1.7005,1.7005,1.7005,1.7005,1.6391,1.4798,1.3205
1.7022,1.7022,1.7022,1.7022,1.7022,1.7022,1.7022,1.7022,1.7022,1.7022,1.7022,1.7022,1.7022,1.7022,1.7022,1.7022,1.7022,1.7022,1.7022,1.7022,1.7022,1.7022,1.7022,1.7022,1.7022,1.7022
1.704,1.704,1.704,1.704,1.704,1.704,1.704,1.704,1.704,1.704,1.704,1.704,1.704,1.704,1.704,1.704,1.704,1.704,1.704,1.704,1.704,1.704,1.704,1.704,1.704,1.704
1.7058,1.7058,1.7058,1.7058,1.7058,1.7058,1.7058,1.7058,1.7058,1.7058,1.7058,1.7058,1.2613,1.7058,1.7058,1.7058,1.7058,1.7058,1.7058,1.7058,1.7058,1.7058,1.6604,1.5133,1.3662,1.2191
1.7076,1.7076,1.7076,1.7076,1.7076,1.7076,1.7076,1.7076,1.7076,1.7076,1.7076,1.7076,1.7076,1.7076,1.7076,1.7076,1.7076,1.7076,1.7076,1.7076,1.7076,1.7076,1.7076,1.7076,1.7076,1.7076
1.7093,1.7093,1.7093,1.7093,1.7093,1.7093,1.7093,1.7093,1.7093,1.7093,1.7093,1.7093,1.7093,1.7093,1.7093,1.7093,1.7093,1.7093,1.7093,1.7093,1.7093,1.7093,1.7093,1.7093,1.7093,1.7093
1.7111,1.7111,1.7111,1.7111,1.7111,1.7111,1.7111,1.7111,1.7111,1.7111,1.7111,1.7111,1.7111,1.7111,1.7111,1.7111,1.7111,1.7111,1.7111,1.7111,1.7111,1.7111,1.7111,1.7111,1.7111,1.7111
1.7129,1.7129,1.7129,1.7129,1.7129,1.7129,1.7129,1.7129,1.7129,1.7129,1.7129,1.7129,1.7129,1.7129,1.7129,1.7129,1.7129,1.7129,1.7129,1.7129,1.7129,1.7129,1.7129,1.7129,1.7129,1.7129
1.7147,1.7147,1.7147,1.7147,1.7147,1.7147,1.7147,1.7147,1.7147,1.7147,1.7147,1.7147,1.7147,1.7147,1.7147,1.7147,1.7147,1.7147,1.7147,1.7147,1.7147,1.6262,1.4939,1.3616,1.2292,1.0968
1.7165,1.7165,1.7165,1.7165,1.7165,1.7165,1.7165,1.7165,1.7165,1.7165,1.7165,1.7165,1.7165,1.7165,1.7165,1.7165,1.7165,1.7165,1.7165,1.7165,1.7165,1.7165,1.7165,1.7165,1.7165,1.7165
1.7183,1.7183,1.7183,1.7183,1.7183,1.7183,1.7183,1.7183,1.7183,1.7183,1.7183,1.7183,1.7183,1.7183,1.7183,1.7183,1.7183,1.7183,1.7183,1.7183,1.7183,1.7183,1.7183,1.7183,1.7183,1.7183
1.7201,1.7201,1.7201,1.7201,1.7201,1.7201,1.7201,1.7201,1.7201,1.7201,1.7201,1.7201,1.7201,1.7201,1.7201,1.7201,1.7201,1.7201,1.7201,1.7201,1.7201,1.7201,1.7201,1.7201,1.6252,1.4502
1.7219,1.7219,1.7219,1.7219,1.7219,1.7219,1.7219,1.7219,1.7219,1.7219,1.7219,1.7219,1.7219,1.7219,1.7219,1.7219,1.7219,1.7219,1.7219,1.7219,1.7219,1.7219,1.7219,1.7219,1.7219,1.7219
1.7237,1.7237,1.7237,1.7237,1.7237,1.7237,1.7237,1.7237,1.7237,1.7237,1.7237,1.7237,1.7237,1.7237,1.7237,1.7237,1.7237,1.7237,1.7237,1.7237,1.7237,1.7237,1.7237,1.7237,1.5754,1.4057
1.7255,1.7255,1.7255,1.7255,1.7255,1.7255,1.7255,1.7255,1.7255,1.7255,1.7255,1.7255,1.7255,1.7255,1.7255,1.7255,1.7255,1.7255,1.7255,1.7255,1.7255,1.7255,1.7255,1.7255,1.7255,1.7255
1.7274,1.7274,1.7274,1.7274,1.7274,1.7274,1.7274,1.7274,1.7274,1.7274,1.7274,1.7274,1.7274,1.7274,1.7274,1.7274,1.7274,1.7274,1.7274,1.7274,1.7274,1.7274,1.7274,1.7274,1.7274,1.7274
1.7292,1.7292,1.7292,1.7292,1.7292,1.7292,1.7292,1.7292,1.7292,1.7292,1.7292,1.7292,1.7292,1.7292,1.7292,1.7292,1.7292,1.7292,1.7292,1.7292,1.6732,1.5473,1.4214,1.2955,1.1695,1.0436
1.731,1.731,1.731,1.731,1.731,1.731,1.731,1.731,1.731,1.731,1.731,1.731,1.731,1.731,1.731,1.731,1.731,1.731,1.731,1.731,1.731,1.731,1.731,1.731,1.731,1.731
1.7328,1.7328,1.7328,1.7328,1.7328,1.7328,1.7328,1.7328,1.7328,1.7328,1.7328,1.7328,1.7328,1.7328,1.7328,1.7328,1.7328,1.7328,1.7328,1.7328,1.7328,1.7328,1.7328,1.7328,1.7328,1.7328
1.7347,1.7347,1.7347,1.7347,1.7347,1.7347,1.7347,1.7347,1.7347,1.7347,1.7347,1.7347,1.7347,1.7347,1.7347,1.7347,1.7347,1.7347,1.7347,1.7347,1.7347,1.7347,1.7347,1.7347,1.7347,1.7347
1.7365,1.7365,1.7365,1.7365,1.7365,1.7365,1.7365,1.7365,1.7365,1.7365,1.7365,1.7365,1.7365,1.7365,1.7365,1.7365,1.7365,1.7365,1.7365,1.7365,1.7365,1.7365,1.7365,1.7365,1.7365,1.7365
1.7384,1.7384,1.7384,1.7384,1.7384,1.7384,1.7384,1.7384,1.7384,1.7384,1.7384,1.7384,1.7384,1.7137,1.7384,1.7384,1.7384,1.7384,1.7384,1.7384,1.7192,1.5899,1.4605,1.3311,1.2017,1.0723
1.7402,1.7402,1.7402,1.7402,1.7402,1.7402,1.7402,1.7402,1.7402,1.7402,1.7402,1.7402,1.7402,1.7402,1.7402,1.7402,1.7402,1.7402,1.7402,1.7402,1.7402,1.7402,1.7402,1.7402,1.7402,1.7402
1.7421,1.7421,1.7421,1.7421,1.7421,1.7421,1.7421,1.7421,1.7421,1.7421,1.7421,1.7421,1.7421,1.7421,1.7421,1.7421,1.7421,1.7421,1.7421,1.7421,1.7421,1.7421,1.7421,1.7421,1.7421,1.7421
1.7439,1.7439,1.7439,1.7439,1.7439,1.7439,1.7439,1.7439,1.7439,1.7439,1.7439,1.7439,1.1763,1.7439,1.7439,1.7439,1.7439,1.7439,1.7439,1.7439,1.7439,1.6856,1.5485,1.4113,1.2741,1.1369
1.7458,1.7458,1.7458,1.7458,1.7458,1.7458,1.7458,1.7458,1.7458,1.7458,1.7458,1.7458,1.7458,1.7458,1.7458,1.7458,1.7458,1.7458,1.7458,1.7458,1.7458,1.7458,1.7458,1.7458,1.7458,1.7458
1.7476,1.7476,1.7476,1.7476,1.7476,1.7476,1.7476,1.7476,1.7476,1.7476,1.7476,1.7476,1.7476,1.7476,1.7476,1.7476,1.7476,1.7476,1.7476,1.7476,1.7476,1.7476,1.7476,1.7476,1.7476,1.6587
1.7495,1.7495,1.7495,1.7495,1.7495,1.7495,1.7495,1.7495,1.7495,1.7495,1.7495,1.7495,1.7495,1.7495,1.7495,1.7495,1.7495,1.7495,1.7495,1.7495,1.7495,1.7495,1.7495,1.7495,1.7495,1.7495
1.7514,1.7514,1.7514,1.7514,1.7514,1.7514,1.7514,1.7514,1.7514,1.7514,1.7514,1.7514,1.7514,1.7514,1.7514,1.7514,1.7514,1.7514,1.7514,1.7514,1.7514,1.7514,1.7514,1.7514,1.7514,1.7514
1.7532,1.7532,1.7532,1.7532,1.7532,1.7532,1.7532,1.7532,1.7532,1.7532,1.7532,1.7532,1.7532,1.7532,1.7532,1.7532,1.7532,1.7532,1.7532,1.6412,1.5264,1.4115,1.2967,1.1818,1.0669,0.952
1.7551,1.7551,1.7551,1.7551,1.7551,1.7551,1.7551,1.7551,1.7551,1.7551,1.7551,1.7551,1.7551,1.7551,1.7551,1.7551,1.7551,1.7551,1.7551,1.7551,1.7551,1.7551,1.7551,1.7551,1.7551,1.7551
1.757,1.757,1.757,1.757,1.757,1.757,1.757,1.757,1.757,1.757,1.757,1.757,1.757,1.757,1.757,1.757,1.757,1.757,1.757,1.757,1.757,1.757,1.757,1.757,1.757,1.757
1.7589,1.7589,1.7589,1.7589,1.7589,1.7589,1.7589,1.7589,1.7589,1.7589,1.7589,1.7589,1.7589,1.7589,1.7589,1.7589,1.7589,1.7589,1.7589,1.7589,1.7589,1.7589,1.7589,1.7589,1.6579,1.4794
1.7608,1.7608,1.7608,1.7608,1.7608,1.7608,1.7608,1.7608,1.7608,1.7608,1.7608,1.7608,1.7608,1.7608,1.7608,1.7608,1.7608,1.7608,1.7608,1.7608,1.7608,1.7608,1.7608,1.7608,1.7608,1.7608
1.7627,1.7627,1.7627,1.7627,1.7627,1.7627,1.7627,1.7627,1.7627,1.7627,1.7627,1.7627,1.7627,1.2143,1.7627,1.7627,1.7627,1.7627,1.7627,1.7627,1.7627,1.6636,1.5282,1.3928,1.2574,1.122
1.7646,1.7646,1.7646,1.7646,1.7646,1.7646,1.7646,1.7646,1.7646,1.7646,1.7646,1.7646,1.7646,1.7646,1.7646,1.7646,1.7646,1.7646,1.7646,1.7646,1.7646,1.7646,1.7646,1.7646,1.7646,1.7646
1.7665,1.7665,1.7665,1.7665,1.7665,1.7665,1.7665,1.7665,1.7665,1.7665,1.7665,1.7665,1.7665,1.7665,1.7665,1.7665,1.7665,1.7665,1.7665,1.7665,1.7665,1.7665,1.7665,1.7665,1.7665,1.7665
1.7684,1.7684,1.7684,1.7684,1.7684,1.7684,1.7684,1.7684,1.7684,1.7684,1.7684,1.7684,1.1069,1.7684,1.7684,1.7684,1.7684,1.7684,1.7684,1.6583,1.5423,1.4262,1.3102,1.1941,1.078,0.9619
1.7703,1.7703,1.7703,1.7703,1.7703,1.7703,1.7703,1.7703,1.7703,1.7703,1.7703,1.7703,1.7703,1.7703,1.7703,1.7703,1.7703,1.7703,1.7703,1.7703,1.7703,1.7703,1.7703,1.7703,1.7703,1.7703
1.7722,1.7722,1.7722,1.7722,1.7722,1.7722,1.7722,1.7722,1.7722,1.7722,1.7722,1.7722,1.7722,1.7722,1.7722,1.7722,1.7722,1.7722,1.7722,1.7722,1.7722,1.7722,1.7722,1.7722,1.7722,1.7722
1.7741,1.7741,1.7741,1.7741,1.7741,1.7741,1.7741,1.7741,1.7741,1.7741,1.7741,1.7741,1.7741,1.7741,1.7741,1.7741,1.7741,1.7741,1.7741,1.7741,1.7741,1.7741,1.7741,1.7741,1.7741,1.7741
1.776,1.776,1.776,1.776,1.776,1.776,1.776,1.776,1.776,1.776,1.776,1.776,1.776,1.5146,1.776,1.776,1.776,1.776,1.776,1.776,1.776,1.776,1.776,1.776,1.776,1.776
1.778,1.778,1.778,1.778,1.778,1.778,1.778,1.778,1.778,1.778,1.778,1.778,1.778,1.778,1.778,1.778,1.778,1.778,1.6971,1.5864,1.4755,1.3645,1.2534,1.1424,1.0313,0.9203
1.7799,1.7799,1.7799,1.7799,1.7799,1.7799,1.7799,1.7799,1.7799,1.7799,1.7799,1.7799,1.7799,1.7799,1.7799,1.7799,1.7799,1.7799,1.7799,1.7799,1.7799,1.7799,1.7799,1.7799,1.7799,1.7799
1.7818,1.7818,1.7818,1.7818,1.7818,1.7818,1.7818,1.7818,1.7818,1.7818,1.7818,1.7818,1.7818,1.7818,1.7818,1.7818,1.7818,1.7818,1.7818,1.7818,1.7818,1.7818,1.7818,1.7818,1.7818,1.7818
1.7838,1.7838,1.7838,1.7838,1.7838,1.7838,1.7838,1.7838,1.7838,1.7838,1.7838,1.7838,1.7838,1.7838,1.7838,1.7838,1.7838,1.7838,1.7838,1.7838,1.7838,1.663,1.5276,1.3923,1.257,1.1216
1.7857,1.7857,1.7857,1.7857,1.7857,1.7857,1.7857,1.7857,1.7857,1.7857,1.7857,1.7857,1.7857,1.7857,1.7857,1.7857,1.7857,1.7857,1.7857,1.7857,1.7857,1.7857,1.7857,1.7857,1.7857,1.7857
1.7877,1.7877,1.7877,1.7877,1.7877,1.7877,1.7877,1.7877,1.7877,1.7877,1.7877,1.7877,1.7877,1.7877,1.7877,1.7877,1.7877,1.7877,1.7877,1.7877,1.7877,1.7877,1.7313,1.5779,1.4245,1.2711
1.7896,1.7896,1.7896,1.7896,1.7896,1.7896,1.7896,1.7896,1.7896,1.7896,1.7896,1.7896,1.7896,1.7896,1.7896,1.7896,1.7896,1.7896,1.7896,1.7896,1.7896,1.7896,1.7896,1.7896,1.7896,1.7896
1.7916,1.7916,1.7916,1.7916,1.7916,1.7916,1.7916,1.7916,1.7916,1.7916,1.7916,1.7916,1.7916,1.7916,1.7916,1.7916,1.7916,1.7916,1.7916,1.7916,1.7916,1.7916,1.7916,1.7916,1.7916,1.7916
1.7935,1.7935,1.7935,1.7935,1.7935,1.7935,1.7935,1.7935,1.7935,1.7935,1.7935,1.7935,1.7935,1.7935,1.7935,1.7935,1.7935,1.7002,1.5961,1.492,1.3877,1.2833,1.1788,1.0744,0.97,0.8655
1.7955,1.7955,1.7955,1.7955,1.7955,1.7955,1.7955,1.7955,1.7955,1.7955,1.7955,1.7955,1.7955,1.7955,1.7955,1.7955,1.7955,1.7955,1.7955,1.7955,1.7955,1.7955,1.7955,1.7955,1.7955,1.7955
1.7975,1.7975,1.7975,1.7975,1.7975,1.7975,1.7975,1.7975,1.7975,1.7975,1.7975,1.7975,1.7975,1.7975,1.7975,1.7975,1.7975,1.7975,1.7975,1.7975,1.7975,1.7975,1.7975,1.7975,1.7975,1.7975
1.7995,1.7995,1.7995,1.7995,1.7995,1.7995,1.7995,1.7995,1.7995,1.7995,1.7995,1.6501,1.7995,1.7995,1.7995,1.7995,1.7995,1.7995,1.7995,1.7995,1.7995,1.7995,1.7995,1.7995,1.7995,1.6215
1.8014,1.8014,1.8014,1.8014,1.8014,1.8014,1.8014,1.8014,1.8014,1.8014,1.8014,1.8014,1.8014,1.8014,1.8014,1.8014,1.8014,1.8014,1.8014,1.8014,1.8014,1.8014,1.8014,1.8014,1.8014,1.8014
1.8034,1.8034,1.8034,1.8034,1.8034,1.8034,1.8034,1.8034,1.8034,1.8034,1.8034,1.8034,1.8034,1.2079,1.8034,1.8034,1.8034,1.8034,1.7393,1.6258,1.5121,1.3983,1.2845,1.1707,1.0569,0.9431
1.8054,1.8054,1.8054,1.8054,1.8054,1.8054,1.8054,1.8054,1.8054,1.8054,1.8054,1.8054,1.8054,1.8054,1.8054,1.8054,1.8054,1.8054,1.8054,1.8054,1.8054,1.8054,1.8054,1.8054,1.8054,1.8054
1.8074,1.8074,1.8074,1.8074,1.8074,1.8074,1.8074,1.8074,1.8074,1.8074,1.8074,1.8074,1.8074,1.8074,1.8074,1.8074,1.8074,1.8074,1.8074,1.8074,1.8074,1.8074,1.8074,1.8074,1.8074,1.8074
1.8094,1.8094,1.8094,1.8094,1.8094,1.8094,1.8094,1.8094,1.8094,1.8094,1.8094,1.8094,0.9584,1.8094,1.8094,1.8094,1.8094,1.8094,1.7082,1.5968,1.4851,1.3734,1.2616,1.1499,1.0381,0.9263
1.8114,1.8114,1.8114,1.8114,1.8114,1.8114,1.8114,1.8114,1.8114,1.8114,1.8114,1.8114,1.3297,1.8114,1.8114,1.8114,1.8114,1.8114,1.8114,1.8114,1.8114,1.8114,1.8114,1.8114,1.8114,1.8114
1.8134,1.8134,1.8134,1.8134,1.8134,1.8134,1.8134,1.8134,1.8134,1.8134,1.8134,1.8134,1.8134,1.8134,1.8134,1.8134,1.8134,1.8134,1.8134,1.8134,1.8134,1.8134,1.8134,1.8134,1.8023,1.6082
1.8154,1.8154,1.8154,1.8154,1.8154,1.8154,1.8154,1.8154,1.8154,1.8154,1.8154,1.8154,1.8154,1.8154,1.8154,1.8154,1.8154,1.8154,1.8154,1.8154,1.8154,1.8154,1.8154,1.8154,1.8154,1.8154
1.8174,1.8174,1.8174,1.8174,1.8174,1.8174,1.8174,1.8174,1.8174,1.8174,1.8174,1.8174,1.8174,1.8174,1.8174,1.8174,1.8174,1.8174,1.8174,1.8174,1.8174,1.8174,1.8174,1.8174,1.8174,1.8174
1.8194,1.8194,1.8194,1.8194,1.8194,1.8194,1.8194,1.8194,1.8194,1.8194,1.8194,1.8194,1.8194,1.8194,1.8194,1.8083,1.7123,1.6158,1.5169,1.4179,1.3187,1.2195,1.1203,1.021,0.9218,0.8225
1.8215,1.8215,1.8215,1.8215,1.8215,1.8215,1.8215,1.8215,1.8215,1.8215,1.8215,1.8215,1.8215,1.8215,1.8215,1.8215,1.8215,1.8215,1.8215,1.8215,1.8215,1.8215,1.8215,1.8215,1.8215,1.8215
1.8235,1.8235,1.8235,1.8235,1.8235,1.8235,1.8235,1.8235,1.8235,1.8235,1.8235,1.8235,1.8235,1.8235,1.8235,1.8235,1.8235,1.8235,1.8235,1.8235,1.8235,1.8235,1.8235,1.8235,1.8235,1.8235
1.8255,1.8255,1.8255,1.8255,1.8255,1.8255,1.8255,1.8255,1.8255,1.8255,1.8255,1.8255,1.8255,1.8255,1.8255,1.8255,1.8255,1.8255,1.8255,1.8255,1.8255,1.724,1.5837,1.4434,1.3031,1.1628
1.8276,1.8276,1.8276,1.8276,1.8276,1.8276,1.8276,1.8276,1.8276,1.8276,1.8276,1.8276,1.8276,1.8276,1.8276,1.8276,1.8276,1.8276,1.8276,1.8276,1.8276,1.8276,1.8276,1.8276,1.8276,1.8276
1.8296,1.8296,1.8296,1.8296,1.8296,1.8296,1.8296,1.8296,1.8296,1.8296,1.8296,1.8296,1.8296,1.1172,1.8296,1.8296,1.8296,1.8296,1.8296,1.7795,1.655,1.5305,1.406,1.2814,1.1568,1.0323
1.8316,1.8316,1.8316,1.8316,1.8316,1.8316,1.8316,1.8316,1.8316,1.8316,1.8316,1.8316,1.8316,1.8316,1.8316,1.8316,1.8316,1.8316,1.8316,1.8316,1.8316,1.8316,1.8316,1.8316,1.8316,1.8316
1.8337,1.8337,1.8337,1.8337,1.8337,1.8337,1.8337,1.8337,1.8337,1.8337,1.8337,1.8337,1.8337,1.8337,1.8337,1.8337,1.8337,1.8337,1.8337,1.8337,1.8337,1.8337,1.8337,1.8337,1.8337,1.8337
1.8357,1.8357,1.8357,1.8357,1.8357,1.8357,1.8357,1.8357,1.8357,1.8357,1.8357,1.8357,1.2885,1.8357,1.8357,1.7944,1.6991,1.6033,1.5052,1.407,1.3086,1.2101,1.1116,1.0132,0.9147,0.8162
1.8378,1.8378,1.8378,1.8378,1.8378,1.8378,1.8378,1.8378,1.8378,1.8378,1.8378,1.8378,1.8378,1.8378,1.8378,1.8378,1.8378,1.8378,1.8378,1.8378,1.8378,1.8378,1.8378,1.8378,1.8378,1.8378
1.8399,1.8399,1.8399,1.8399,1.8399,1.8399,1.8399,1.8399,1.8399,1.8399,1.8399,1.8399,1.8399,1.8399,1.8399,1.8399,1.8399,1.8399,1.8399,1.8399,1.8399,1.8399,1.8399,1.8399,1.8399,1.8399
1.8419,1.8419,1.8419,1.8419,1.8419,1.8419,1.8419,1.8419,1.8419,1.8419,1.8419,1.8419,1.8419,1.8419,1.8419,1.8419,1.8419,1.8419,1.8419,1.8419,1.8419,1.8419,1.8419,1.8419,1.8419,1.8419
1.844,1.844,1.844,1.844,1.844,1.844,1.844,1.844,1.844,1.844,1.844,1.844,1.844,1.2704,1.844,1.844,1.844,1.844,1.844,1.844,1.844,1.844,1.844,1.844,1.844,1.844
1.8461,1.8461,1.8461,1.8461,1.8461,1.8461,1.8461,1.8461,1.8461,1.8461,1.8461,1.8461,1.8461,1.5412,1.8461,1.8128,1.7165,1.6198,1.5207,1.4215,1.322,1.2226,1.1231,1.0236,0.9241,0.8246
1.8482,1.8482,1.8482,1.8482,1.8482,1.8482,1.8482,1.8482,1.8482,1.8482,1.8482,1.8482,1.8482,1.8482,1.8482,1.8482,1.8482,1.8482,1.8482,1.8482,1.8482,1.8482,1.8482,1.8482,1.8482,1.8482
1.8503,1.8503,1.8503,1.8503,1.8503,1.8503,1.8503,1.8503,1.8503,1.8503,1.8503,1.8503,1.8503,1.8503,1.8503,1.8503,1.8503,1.8503,1.8503,1.8503,1.8503,1.8503,1.8503,1.8503,1.8503,1.8503
1.8523,1.8523,1.8523,1.8523,1.8523,1.8523,1.8523,1.8523,1.8523,1.8523,1.8523,1.8523,1.8523,1.8523,1.8523,1.8523,1.8523,1.8205,1.7091,1.5976,1.4858,1.3741,1.2622,1.1504,1.0386,0.9268
1.8544,1.8544,1.8544,1.8544,1.8544,1.8544,1.8544,1.8544,1.8544,1.8544,1.8544,1.8544,1.8544,1.8544,1.8544,1.8544,1.8544,1.8544,1.8544,1.8544,1.8544,1.8544,1.8544,1.8544,1.8544,1.8544
1.8565,1.8565,1.8565,1.8565,1.8565,1.8565,1.8565,1.8565,1.8565,1.8565,1.8565,1.8565,1.8565,1.8565,1.8565,1.8565,1.8565,1.8565,1.8565,1.8565,1.8565,1.823,1.6747,1.5263,1.378,1.2296
1.8587,1.8587,1.8587,1.8587,1.8587,1.8587,1.8587,1.8587,1.8587,1.8587,1.8587,1.8587,1.8587,1.8587,1.8587,1.8587,1.8587,1.8587,1.8587,1.8587,1.8587,1.8587,1.8587,1.8587,1.8587,1.8587
1.8608,1.8608,1.8608,1.8608,1.8608,1.8608,1.8608,1.8608,1.8608,1.8608,1.8608,1.8608,1.8608,1.8608,1.8608,1.8608,1.8608,1.8608,1.8608,1.8608,1.8608,1.8608,1.8608,1.8608,1.8608,1.8608
1.8629,1.8629,1.8629,1.8629,1.8629,1.8629,1.8629,1.8629,1.8629,1.8629,1.8629,1.8629,1.8629,1.7987,1.74,1.6703,1.5816,1.4925,1.4011,1.3097,1.2181,1.1265,1.0348,0.9431,0.8514,0.7598
1.865,1.865,1.865,1.865,1.865,1.865,1.865,1.865,1.865,1.865,1.865,1.865,1.865,1.865,1.865,1.865,1.865,1.865,1.865,1.865,1.865,1.865,1.865,1.865,1.865,1.865
1.8671,1.8671,1.8671,1.8671,1.8671,1.8671,1.8671,1.8671,1.8671,1.8671,1.8671,1.8671,1.8671,1.8671,1.8671,1.8671,1.8671,1.8671,1.8671,1.8671,1.8671,1.8671,1.8671,1.8671,1.8671,1.8671
1.8693,1.8693,1.8693,1.8693,1.8693,1.8693,1.8693,1.8693,1.8693,1.8693,1.8693,1.5442,1.8693,1.8693,1.8693,1.8693,1.8693,1.8693,1.8693,1.8693,1.8693,1.8693,1.7287,1.5755,1.4224,1.2692
1.8714,1.8714,1.8714,1.8714,1.8714,1.8714,1.8714,1.8714,1.8714,1.8714,1.8714,1.8714,1.8714,1.8714,1.8714,1.8714,1.8714,1.8714,1.8714,1.8714,1.8714,1.8714,1.8714,1.8714,1.8714,1.8714
1.8735,1.8735,1.8735,1.8735,1.8735,1.8735,1.8735,1.8735,1.8735,1.8735,1.8735,1.8735,1.8735,0.9476,1.8735,1.8735,1.8227,1.72,1.6147,1.5094,1.4038,1.2982,1.1925,1.0869,0.9812,0.8756
1.8757,1.8757,1.8757,1.8757,1.8757,1.8757,1.8757,1.8757,1.8757,1.8757,1.8757,1.8757,1.8757,1.8757,1.8757,1.8757,1.8757,1.8757,1.8757,1.8757,1.8757,1.8757,1.8757,1.8757,1.8757,1.8757
1.8778,1.8778,1.8778,1.8778,1.8778,1.8778,1.8778,1.8778,1.8778,1.8778,1.8778,1.8778,1.8778,1.8778,1.8778,1.8778,1.8778,1.8778,1.8778,1.8778,1.8778,1.8778,1.8778,1.8778,1.8778,1.8778
1.88,1.88,1.88,1.88,1.88,1.88,1.88,1.88,1.88,1.88,1.88,1.88,0.8222,1.88,1.8199,1.747,1.6543,1.5611,1.4655,1.3699,1.2741,1.1782,1.0823,0.9864,0.8906,0.7947
1.8821,1.8821,1.8821,1.8821,1.8821,1.8821,1.8821,1.8821,1.8821,1.8821,1.8821,1.8821,1.2178,1.8821,1.8821,1.8821,1.8821,1.8821,1.8821,1.8821,1.8821,1.8821,1.8821,1.8821,1.8821,1.8821
1.8843,1.8843,1.8843,1.8843,1.8843,1.8843,1.8843,1.8843,1.8843,1.8843,1.8843,1.8843,1.8843,1.8843,1.6768,1.8843,1.8843,1.8843,1.8843,1.8843,1.8843,1.8843,1.8843,1.8843,1.8699,1.6685
1.8865,1.8865,1.8865,1.8865,1.8865,1.8865,1.8865,1.8865,1.8865,1.8865,1.8865,1.8865,1.8865,1.8865,1.8865,1.8865,1.8865,1.8865,1.8865,1.8865,1.8865,1.8865,1.8865,1.8865,1.8865,1.8865
1.8886,1.8886,1.8886,1.8886,1.8886,1.8886,1.8886,1.8886,1.8886,1.8886,1.8886,1.8886,1.8886,1.8886,1.8886,1.8886,1.8886,1.8886,1.8886,1.8886,1.8886,1.8886,1.8886,1.8886,1.8886,1.8886
1.8908,1.8908,1.8908,1.8908,1.8908,1.8908,1.8908,1.8908,1.8908,1.8908,1.8908,1.8908,1.8908,1.7625,1.7049,1.6367,1.5498,1.4625,1.3729,1.2834,1.1936,1.1038,1.014,0.9241,0.8343,0.7445
1.893,1.893,1.893,1.893,1.893,1.893,1.893,1.893,1.893,1.893,1.893,1.893,1.893,1.893,1.893,1.893,1.893,1.893,1.893,1.893,1.893,1.893,1.893,1.893,1.893,1.893
1.8952,1.8952,1.8952,1.8952,1.8952,1.8952,1.8952,1.8952,1.8952,1.8952,1.8952,1.8952,1.8952,1.8952,1.8952,1.8952,1.8952,1.8952,1.8952,1.8952,1.8952,1.8952,1.8952,1.8952,1.8952,1.8952
1.8974,1.8974,1.8974,1.8974,1.8974,1.8974,1.8974,1.8974,1.8974,1.8974,1.8974,1.8146,1.8974,1.8974,1.8974,1.8974,1.8974,1.891,1.7752,1.6594,1.5433,1.4272,1.3111,1.1949,1.0788,0.9626
1.8996,1.8996,1.8996,1.8996,1.8996,1.8996,1.8996,1.8996,1.8996,1.8996,1.8996,1.8996,1.8996,1.8996,1.8996,1.8996,1.8996,1.8996,1.8996,1.8996,1.8996,1.8996,1.8996,1.8996,1.8996,1.8996
1.9018,1.9018,1.9018,1.9018,1.9018,1.9018,1.9018,1.9018,1.9018,1.9018,1.9018,1.9018,1.9018,1.9018,1.9018,1.9018,1.9018,1.9018,1.8372,1.7174,1.5972,1.477,1.3568,1.2366,1.1164,0.9962
1.904,1.904,1.904,1.904,1.904,1.904,1.904,1.904,1.904,1.904,1.904,1.904,1.904,1.904,1.904,1.904,1.904,1.904,1.904,1.904,1.904,1.904,1.904,1.904,1.904,1.904
1.9062,1.9062,1.9062,1.9062,1.9062,1.9062,1.9062,1.9062,1.9062,1.9062,1.9062,1.9062,1.9062,1.9062,1.7909,1.9062,1.9062,1.9062,1.9062,1.9062,1.9062,1.9062,1.9062,1.9062,1.9062,1.9062
1.9084,1.9084,1.9084,1.9084,1.9084,1.9084,1.9084,1.9084,1.9084,1.9084,1.9084,1.9084,1.7743,1.7098,1.6539,1.5877,1.5034,1.4187,1.3319,1.245,1.1579,1.0708,0.9836,0.8965,0.8094,0.7222
1.9107,1.9107,1.9107,1.9107,1.9107,1.9107,1.9107,1.9107,1.9107,1.9107,1.9107,1.9107,1.9107,1.9107,1.9107,1.9107,1.9107,1.9107,1.9107,1.9107,1.9107,1.9107,1.9107,1.9107,1.9107,1.9107
1.9129,1.9129,1.9129,1.9129,1.9129,1.9129,1.9129,1.9129,1.9129,1.9129,1.9129,1.9129,1.9129,1.9129,1.9129,1.9129,1.9129,1.9129,1.9129,1.9129,1.9129,1.9129,1.9129,1.9129,1.9129,1.9129
1.9151,1.9151,1.9151,1.9151,1.9151,1.9151,1.9151,1.9151,1.9151,1.9151,1.9151,1.3338,1.9151,1.9151,1.9151,1.9151,1.9151,1.9151,1.9151,1.9151,1.9151,1.9151,1.9151,1.8302,1.6523,1.4744
1.9174,1.9174,1.9174,1.9174,1.9174,1.9174,1.9174,1.9174,1.9174,1.9174,1.9174,1.9174,1.9174,1.4046,1.9174,1.9174,1.9174,1.9174,1.9174,1.9174,1.9174,1.9174,1.9174,1.9174,1.9174,1.9174
1.9196,1.9196,1.9196,1.9196,1.9196,1.9196,1.9196,1.9196,1.9196,1.9196,1.9196,1.9196,1.9196,1.1247,1.7608,1.6903,1.6006,1.5104,1.4179,1.3254,1.2327,1.14,1.0472,0.9544,0.8616,0.7689
1.9219,1.9219,1.9219,1.9219,1.9219,1.9219,1.9219,1.9219,1.9219,1.9219,1.9219,1.9219,1.9219,1.9219,1.9219,1.9219,1.9219,1.9219,1.9219,1.9219,1.9219,1.9219,1.9219,1.9219,1.9219,1.9219
1.9241,1.9241,1.9241,1.9241,1.9241,1.9241,1.9241,1.9241,1.9241,1.9241,1.9241,1.9241,1.9241,1.9241,1.9241,1.9241,1.9241,1.9241,1.9241,1.9241,1.9241,1.9241,1.9241,1.9241,1.9241,1.9241
1.9264,1.9264,1.9264,1.9264,1.9264,1.9264,1.9264,1.9264,1.9264,1.9264,1.9264,1.9264,0.8251,1.888,1.8264,1.7533,1.6602,1.5667,1.4707,1.3748,1.2786,1.1824,1.0862,0.99,0.8937,0.7975
1.9287,1.9287,1.9287,1.9287,1.9287,1.9287,1.9287,1.9287,1.9287,1.9287,1.9287,1.9287,1.1205,1.9287,1.9287,1.9287,1.9287,1.9287,1.9287,1.9287,1.9287,1.9287,1.9287,1.9287,1.9287,1.9287
1.9309,1.9309,1.9309,1.9309,1.9309,1.9309,1.9309,1.9309,1.9309,1.9309,1.9309,1.9309,1.9309,1.9309,1.6105,1.9309,1.9309,1.9309,1.9309,1.9309,1.9309,1.8494,1.6989,1.5484,1.3979,1.2473
1.9332,1.9332,1.9332,1.9332,1.9332,1.9332,1.9332,1.9332,1.9332,1.9332,1.9332,1.9332,1.9332,1.9332,1.9332,1.9332,1.9332,1.9332,1.9332,1.9332,1.9332,1.9332,1.9332,1.9332,1.9332,1.9332
1.9355,1.9355,1.9355,1.9355,1.9355,1.9355,1.9355,1.9355,1.9355,1.9355,1.9355,1.9355,1.9355,1.9355,1.9355,1.9355,1.9355,1.9355,1.9355,1.9355,1.9355,1.9355,1.9355,1.9355,1.9355,1.9355
1.9378,1.9378,1.9378,1.9378,1.9378,1.9378,1.9378,1.9378,1.9378,1.9378,1.9378,1.9378,1.9378,1.6359,1.5825,1.5192,1.4385,1.3575,1.2743,1.1912,1.1079,1.0245,0.9412,0.8578,0.7744,0.691
1.9401,1.9401,1.9401,1.9401,1.9401,1.9401,1.9401,1.9401,1.9401,1.9401,1.9401,1.6975,1.9401,1.9401,1.9401,1.9401,1.9401,1.9401,1.9401,1.9401,1.9401,1.9401,1.9401,1.9401,1.9401,1.9401
1.9424,1.9424,1.9424,1.9424,1.9424,1.9424,1.9424,1.9424,1.9424,1.9424,1.9424,1.9424,1.9424,1.9424,1.9424,1.9424,1.9424,1.9424,1.9424,1.9424,1.9424,1.9424,1.9424,1.9424,1.9424,1.9424
1.9447,1.9447,1.9447,1.9447,1.9447,1.9447,1.9447,1.9447,1.9447,1.9447,1.9447,1.501,1.9447,1.9447,1.9447,1.9447,1.9447,1.9447,1.9204,1.7951,1.6695,1.5439,1.4183,1.2926,1.167,1.0413
1.947,1.947,1.947,1.947,1.947,1.947,1.947,1.947,1.947,1.947,1.947,1.947,1.947,1.9055,1.947,1.947,1.947,1.947,1.947,1.947,1.947,1.947,1.947,1.947,1.947,1.947
1.9493,1.9493,1.9493,1.9493,1.9493,1.9493,1.9493,1.9493,1.9493,1.9493,1.9493,1.9493,1.9493,0.912,1.9299,1.8527,1.7543,1.6555,1.5541,1.4528,1.3511,1.2495,1.1478,1.0461,0.9444,0.8427
1.9516,1.9516,1.9516,1.9516,1.9516,1.9516,1.9516,1.9516,1.9516,1.9516,1.9516,1.9516,1.9516,1.9516,1.9516,1.9516,1.9516,1.9516,1.9516,1.9516,1.9516,1.9516,1.9516,1.9516,1.9516,1.9516
1.954,1.954,1.954,1.954,1.954,1.954,1.954,1.954,1.954,1.954,1.954,1.954,1.954,1.954,1.954,1.954,1.954,1.954,1.954,1.954,1.954,1.954,1.954,1.954,1.954,1.954
1.9563,1.9563,1.9563,1.9563,1.9563,1.9563,1.9563,1.9563,1.9563,1.9563,1.9563,1.9563,0.9064,1.669,1.6145,1.5499,1.4675,1.3849,1.3001,1.2153,1.1303,1.0452,0.9602,0.8751,0.79,0.705
1.9586,1.9586,1.9586,1.9586,1.9586,1.9586,1.9586,1.9586,1.9586,1.9586,1.9586,1.9586,1.9586,1.9586,1.9586,1.9586,1.9586,1.9586,1.9586,1.9586,1.9586,1.9586,1.9586,1.9586,1.9586,1.9586
1.961,1.961,1.961,1.961,1.961,1.961,1.961,1.961,1.961,1.961,1.961,1.961,1.961,1.961,1.961,1.961,1.961,1.961,1.961,1.961,1.961,1.961,1.961,1.961,1.961,1.8393
1.9633,1.9633,1.9633,1.9633,1.9633,1.9633,1.9633,1.9633,1.9633,1.9633,1.9633,1.9633,1.9633,1.9633,1.9633,1.9633,1.9633,1.9633,1.9633,1.9633,1.9633,1.9633,1.9633,1.9633,1.9633,1.8705
1.9657,1.9657,1.9657,1.9657,1.9657,1.9657,1.9657,1.9657,1.9657,1.9657,1.9657,1.9657,1.9657,1.1134,1.9657,1.9657,1.9657,1.9657,1.9657,1.9657,1.9657,1.9657,1.9657,1.9657,1.9657,1.9657
1.968,1.968,1.968,1.968,1.968,1.968,1.968,1.968,1.968,1.968,1.968,1.968,1.968,1.5535,1.5919,1.5282,1.4471,1.3655,1.2819,1.1983,1.1145,1.0306,0.9468,0.8629,0.779,0.6951
1.9704,1.9704,1.9704,1.9704,1.9704,1.9704,1.9704,1.9704,1.9704,1.9704,1.9704,1.9704,1.9704,1.9704,1.9704,1.9704,1.9704,1.9704,1.9704,1.9704,1.9704,1.9704,1.9704,1.9704,1.9704,1.9704
1.9728,1.9728,1.9728,1.9728,1.9728,1.9728,1.9728,1.9728,1.9728,1.9728,1.9728,1.9728,1.9728,1.9728,1.9728,1.9728,1.9728,1.9728,1.9728,1.9728,1.9728,1.9728,1.9728,1.9728,1.9728,1.9728
1.9752,1.9752,1.9752,1.9752,1.9752,1.9752,1.9752,1.9752,1.9752,1.9752,1.9752,1.8433,1.915,1.9542,1.8905,1.8148,1.7184,1.6216,1.5223,1.423,1.3235,1.2239,1.1243,1.0247,0.9251,0.8255
1.9775,1.9775,1.9775,1.9775,1.9775,1.9775,1.9775,1.9775,1.9775,1.9775,1.9775,1.9775,1.9775,1.846,1.8974,1.9584,1.9775,1.9775,1.9775,1.9775,1.9775,1.9775,1.9775,1.9775,1.9775,1.9775
1.9799,1.9799,1.9799,1.9799,1.9799,1.9799,1.9799,1.9799,1.9799,1.9799,1.9799,1.9799,1.9799,1.9799,1.6976,1.9799,1.9799,1.9573,1.8374,1.7176,1.5974,1.4772,1.357,1.2368,1.1166,0.9963
1.9823,1.9823,1.9823,1.9823,1.9823,1.9823,1.9823,1.9823,1.9823,1.9823,1.9823,1.9823,1.9823,1.9823,1.9823,1.9823,1.9823,1.9823,1.9823,1.9823,1.9823,1.9823,1.9823,1.9823,1.9823,1.9823
1.9847,1.9847,1.9847,1.9847,1.9847,1.9847,1.9847,1.9847,1.9847,1.9847,1.9847,1.9847,1.9847,1.9847,1.7432,1.9847,1.9847,1.9847,1.9847,1.9847,1.9847,1.9847,1.9847,1.9847,1.9847,1.9847
1.9871,1.9871,1.9871,1.9871,1.9871,1.9871,1.9871,1.9871,1.9871,1.9871,1.9871,1.9871,1.9871,1.557,1.5061,1.4459,1.3691,1.2919,1.2128,1.1337,1.0544,0.9751,0.8957,0.8164,0.737,0.6577
1.9896,1.9896,1.9896,1.9896,1.9896,1.9896,1.9896,1.9896,1.9896,1.9896,1.9896,1.7398,1.9896,1.9896,1.9896,1.9896,1.9896,1.9896,1.9896,1.9896,1.9896,1.9896,1.9896,1.9896,1.9896,1.9896
1.992,1.992,1.992,1.992,1.992,1.992,1.992,1.992,1.992,1.992,1.992,1.992,1.992,1.992,1.992,1.992,1.992,1.992,1.992,1.992,1.992,1.992,1.992,1.992,1.992,1.992
1.9944,1.9944,1.9944,1.9944,1.9944,1.9944,1.9944,1.9944,1.9944,1.9944,1.9944,1.2906,1.9944,1.9944,1.9944,1.9944,1.9944,1.9944,1.9944,1.9944,1.8964,1.7538,1.611,1.4683,1.3256,1.1829
1.9968,1.9968,1.9968,1.9968,1.9968,1.9968,1.9968,1.9968,1.9968,1.9968,1.9968,1.9968,1.9968,1.7152,1.911,1.9724,1.9968,1.9968,1.9968,1.9968,1.9968,1.9968,1.9968,1.9968,1.9968,1.9968
1.9993,1.9993,1.9993,1.9993,1.9993,1.9993,1.9993,1.9993,1.9993,1.9993,1.9993,1.9993,1.9993,0.8747,1.6895,1.6219,1.5357,1.4492,1.3605,1.2717,1.1828,1.0938,1.0048,0.9158,0.8267,0.7377
2.0017,2.0017,2.0017,2.0017,2.0017,2.0017,2.0017,2.0017,2.0017,2.0017,2.0017,2.0017,2.0017,2.0017,2.0017,2.0017,2.0017,2.0017,2.0017,2.0017,2.0017,2.0017,2.0017,2.0017,2.0017,2.0017
2.0042,2.0042,2.0042,2.0042,2.0042,2.0042,2.0042,2.0042,2.0042,2.0042,2.0042,2.0042,2.0042,2.0042,2.0042,2.0042,2.0042,2.0042,2.0042,2.0042,2.0042,2.0042,2.0042,2.0042,2.0042,2.0042
2.0066,2.0066,2.0066,2.0066,2.0066,2.0066,2.0066,2.0066,2.0066,2.0066,2.0066,2.0066,0.7307,1.672,1.6174,1.5527,1.4702,1.3874,1.3024,1.2175,1.1323,1.0471,0.9619,0.8767,0.7915,0.7063
2.0091,2.0091,2.0091,2.0091,2.0091,2.0091,2.0091,2.0091,2.0091,2.0091,2.0091,2.0091,1.0411,1.88,1.9324,1.9945,2.0091,2.0091,2.0091,2.0091,2.0091,2.0091,2.0091,2.0091,2.0091,2.0091
2.0115,2.0115,2.0115,2.0115,2.0115,2.0115,2.0115,2.0115,2.0115,2.0115,2.0115,2.0115,2.0115,2.0115,1.4141,2.0115,2.0115,2.0115,2.0115,2.0115,2.0115,1.9556,1.7964,1.6373,1.4781,1.319
2.014,2.014,2.014,2.014,2.014,2.014,2.014,2.014,2.014,2.014,1.925,2.014,2.014,2.014,2.014,2.014,2.014,2.014,2.014,2.014,2.014,2.014,2.014,2.014,2.014,2.014
2.0165,2.0165,2.0165,2.0165,2.0165,2.0165,2.0165,2.0165,2.0165,2.0165,2.0165,2.0165,2.0165,2.0165,2.0165,2.0165,2.0165,2.0165,2.0165,2.0165,2.0165,2.0165,2.0165,2.0165,2.0165,2.0165
2.019,2.019,2.019,2.019,2.019,2.019,2.019,2.019,2.019,2.019,2.019,2.019,2.019,1.5264,1.4765,1.4174,1.3421,1.2665,1.189,1.1114,1.0337,0.9559,0.8781,0.8003,0.7225,0.6447
2.0215,2.0215,2.0215,2.0215,2.0215,2.0215,2.0215,2.0215,2.0215,2.0215,2.0215,2.0215,2.0215,2.0215,2.0215,2.0215,2.0215,2.0215,2.0215,2.0215,2.0215,2.0215,2.0215,2.0215,2.0215,2.0215
2.024,2.024,2.024,2.024,2.024,2.024,2.024,2.024,2.024,2.024,2.024,2.024,2.024,2.024,2.024,2.024,2.024,2.024,2.024,2.024,2.024,2.024,2.024,2.024,2.024,2.024
2.0265,2.0265,2.0265,2.0265,2.0265,2.0265,2.0265,2.0265,2.0265,2.0265,2.0265,1.5037,2.0265,2.0265,2.0241,1.9431,1.8399,1.7362,1.6299,1.5236,1.417,1.3104,1.2038,1.0971,0.9905,0.8838
2.029,2.029,2.029,2.029,2.029,2.029,2.029,2.029,2.029,2.029,2.029,2.029,2.029,1.7553,1.8042,1.8623,1.9362,2.0104,2.029,2.029,2.029,2.029,2.029,2.029,2.029,2.029
2.0315,2.0315,2.0315,2.0315,2.0315,2.0315,2.0315,2.0315,2.0315,2.0315,2.0315,2.0315,2.0315,2.0315,1.8589,1.8341,1.7367,1.6388,1.5385,1.4381,1.3375,1.2369,1.1363,1.0356,0.9349,0.8343
2.034,2.034,2.034,2.034,2.034,2.034,2.034,2.034,2.034,2.034,2.034,2.034,2.034,2.034,2.034,2.034,2.034,2.034,2.034,2.034,2.034,2.034,2.034,2.034,2.034,2.034
2.0365,2.0365,2.0365,2.0365,2.0365,2.0365,2.0365,2.0365,2.0365,2.0365,2.0365,2.0365,2.0365,2.0365,1.6829,2.0365,2.0365,2.0365,2.0365,2.0365,2.0365,2.0365,2.0365,2.0365,2.0365,2.0365
2.0391,2.0391,2.0391,2.0391,2.0391,2.0391,2.0391,2.0391,2.0391,2.0391,2.0391,2.0391,1.1737,1.5173,1.4678,1.409,1.3342,1.259,1.182,1.1049,1.0276,0.9503,0.8729,0.7956,0.7183,0.6409
2.0416,2.0416,2.0416,2.0416,2.0416,2.0416,2.0416,2.0416,2.0416,2.0416,2.0416,2.0225,2.0416,2.0219,2.0416,2.0416,2.0416,2.0416,2.0416,2.0416,2.0416,2.0416,2.0416,2.0416,2.0416,2.0416
2.0442,2.0442,2.0442,2.0442,2.0442,2.0442,2.0442,2.0442,2.0442,2.0442,2.0442,2.0442,2.0442,2.0442,2.0442,2.0442,2.0442,2.0442,2.0442,2.0442,2.0442,2.0442,2.0442,2.0442,2.0442,2.0442
2.0467,2.0467,2.0467,2.0467,2.0467,2.0467,2.0467,2.0467,2.0467,2.0467,2.0254,1.2335,2.0467,2.0467,2.0467,2.0467,2.0467,2.0467,2.0467,2.0467,2.0467,2.0467,1.9545,1.7814,1.6082,1.4351
2.0493,2.0493,2.0493,2.0493,2.0493,2.0493,2.0493,2.0493,2.0493,2.0493,2.0493,2.0493,2.0493,1.0785,1.9108,1.9723,2.0493,2.0493,2.0493,2.0493,2.0493,2.0493,2.0493,2.0493,2.0493,2.0493
2.0518,2.0518,2.0518,2.0518,2.0518,2.0518,2.0518,2.0518,2.0518,2.0518,2.0518,2.0518,2.0518,1.1251,1.5219,1.461,1.3834,1.3055,1.2255,1.1456,1.0655,0.9853,0.9051,0.8249,0.7448,0.6646
2.0544,2.0544,2.0544,2.0544,2.0544,2.0544,2.0544,2.0544,2.0544,2.0544,2.0544,2.0544,2.0544,2.0544,2.0544,2.0544,2.0544,2.0544,2.0544,2.0544,2.0544,2.0544,2.0544,2.0544,2.0544,2.0544
2.057,2.057,2.057,2.057,2.057,2.057,2.057,2.057,2.057,2.057,2.057,2.057,2.057,2.057,2.057,2.057,2.057,2.057,2.057,2.057,2.057,2.057,2.057,2.057,2.057,2.057
2.0596,2.0596,2.0596,2.0596,2.0596,2.0596,2.0596,2.0596,2.0596,2.0596,2.0596,1.9394,1.6859,1.7205,1.6643,1.5977,1.5129,1.4276,1.3402,1.2528,1.1652,1.0775,0.9898,0.9021,0.8144,0.7267
2.0622,2.0622,2.0622,2.0622,2.0622,2.0622,2.0622,2.0622,2.0622,2.0622,2.0622,2.0622,1.2579,1.7406,1.7891,1.8467,1.9199,1.9936,2.0622,2.0622,2.0622,2.0622,2.0622,2.0622,2.0622,2.0622
2.0648,2.0648,2.0648,2.0648,2.0648,2.0648,2.0648,2.0648,2.0648,2.0648,2.0648,2.0648,2.0648,2.0648,1.479,2.0648,2.0648,2.0192,1.8955,1.7719,1.6479,1.524,1.3999,1.2759,1.1519,1.0279
2.0674,2.0674,2.0674,2.0674,2.0674,2.0674,2.0674,2.0674,2.0674,2.0674,2.0674,2.0674,2.0674,2.0674,2.0674,2.0674,2.0674,2.0674,2.0674,2.0674,2.0674,2.0674,2.0674,2.0674,2.0674,2.0674
2.07,2.07,2.07,2.07,2.07,2.07,2.07,2.07,2.07,2.07,2.07,2.07,2.07,2.07,1.7703,2.07,2.07,2.07,2.07,2.07,2.07,2.07,2.07,2.07,2.07,2.07
2.0726,2.0726,2.0726,2.0726,2.0726,2.0726,2.0726,2.0726,2.0726,2.0726,2.0726,2.0726,2.0726,1.4491,1.4018,1.3457,1.2742,1.2024,1.1288,1.0552,0.9813,0.9075,0.8337,0.7598,0.686,0.6121
2.0752,2.0752,2.0752,2.0752,2.0752,2.0752,2.0752,2.0752,2.0752,2.0752,2.0752,1.4754,2.0752,2.0752,2.0752,2.0752,2.0752,2.0752,2.0752,2.0752,2.0752,2.0752,2.0752,2.0752,2.0752,2.0752
2.0779,2.0779,2.0779,2.0779,2.0779,2.0779,2.0779,2.0779,2.0779,2.0779,2.0779,2.0779,2.0779,2.0779,2.0779,2.0779,2.0779,2.0779,2.0779,2.0779,2.0779,2.0779,2.0779,2.0779,2.0779,2.0779
2.0805,2.0805,2.0805,2.0805,2.0805,2.0805,2.0805,2.0805,2.0805,2.0805,2.0805,1.2795,2.0805,2.0805,2.0805,2.0805,2.0503,1.9348,1.8164,1.6979,1.5791,1.4603,1.3415,1.2226,1.1038,0.9849
2.0832,2.0832,2.0832,2.0832,2.0832,2.0832,2.0832,2.0832,2.0832,2.0832,2.0832,2.0832,2.0832,1.7075,1.7551,1.8116,1.8834,1.9557,2.0297,2.0832,2.0832,2.0832,2.0832,2.0832,2.0832,2.0832
2.0858,2.0858,2.0858,2.0858,2.0858,2.0858,2.0858,2.0858,2.0858,2.0858,2.0858,2.0858,2.0858,0.7839,1.6588,1.5924,1.5079,1.4229,1.3358,1.2487,1.1613,1.0739,0.9865,0.8991,0.8117,0.7243
2.0885,2.0885,2.0885,2.0885,2.0885,2.0885,2.0885,2.0885,2.0885,2.0885,2.0885,2.0885,2.0885,2.0885,2.0885,2.0885,2.0885,2.0885,2.0885,2.0885,2.0885,2.0885,2.0885,2.0885,2.0885,2.0885
2.0911,2.0911,2.0911,2.0911,2.0911,2.0911,2.0911,2.0911,2.0911,2.0911,2.0911,2.0911,2.0911,2.0911,2.0911,2.0911,2.0911,2.0911,2.0911,2.0911,2.0911,2.0911,2.0911,2.0911,2.0911,2.0911
2.0938,2.0938,2.0938,2.0938,2.0938,2.0938,2.0938,2.0938,2.0938,2.0938,2.0938,2.0938,0.6901,1.5136,1.4642,1.4056,1.3309,1.256,1.1791,1.1022,1.0251,0.9479,0.8708,0.7936,0.7165,0.6393
2.0965,2.0965,2.0965,2.0965,2.0965,2.0965,2.0965,2.0965,2.0965,2.0965,2.0965,2.0965,1.8467,1.8156,1.8662,1.9262,2.0026,2.0794,2.0965,2.0965,2.0965,2.0965,2.0965,2.0965,2.0965,2.0965
2.0992,2.0992,2.0992,2.0992,2.0992,2.0992,2.0992,2.0992,2.0992,2.0992,2.0992,2.0992,2.0992,2.0992,2.0992,2.0992,2.0992,2.0992,2.0992,2.0992,2.0992,2.0992,1.9825,1.8069,1.6312,1.4556
2.1019,2.1019,2.1019,2.1019,2.1019,2.1019,2.1019,2.1019,2.1019,2.1019,1.8454,2.1019,2.1019,2.1019,2.1019,2.1019,2.1019,2.1019,2.1019,2.1019,2.1019,2.1019,2.1019,2.1019,2.1019,1.9305
2.1046,2.1046,2.1046,2.1046,2.1046,2.1046,2.1046,2.1046,2.1046,2.1046,2.1046,2.1046,2.1046,1.023,1.9596,2.0226,2.1029,2.1046,2.1046,2.1046,2.1046,2.1046,2.1046,2.1046,2.1046,2.1046
2.1073,2.1073,2.1073,2.1073,2.1073,2.1073,2.1073,2.1073,2.1073,2.1073,2.1073,2.1073,2.1073,1.4531,1.4056,1.3494,1.2777,1.2057,1.1319,1.0581,0.9841,0.91,0.836,0.7619,0.6878,0.6138
2.11,2.11,2.11,2.11,2.11,2.11,2.11,2.11,2.11,2.11,2.11,2.11,2.11,2.11,2.11,2.11,2.11,2.11,2.11,2.11,2.11,2.11,2.11,2.11,2.11,2.11
2.1127,2.1127,2.1127,2.1127,2.1127,2.1127,2.1127,2.1127,2.1127,2.1127,2.1127,2.1127,2.1127,2.1127,2.1127,2.1127,2.1127,2.1127,2.1127,2.1127,2.1127,2.1127,2.1127,2.1127,2.1127,2.1127
2.1154,2.1154,2.1154,2.1154,2.1154,2.1154,2.1154,2.1154,2.1154,2.1154,2.1154,1.5474,1.7863,1.8229,1.7634,1.6928,1.6029,1.5126,1.42,1.3274,1.2345,1.1416,1.0487,0.9558,0.8629,0.77
2.1182,2.1182,2.1182,2.1182,2.1182,2.1182,2.1182,2.1182,2.1182,2.1182,2.1182,2.1182,2.1182,1.6489,1.6948,1.7493,1.8187,1.8885,1.96,2.0315,2.1032,2.1182,2.1182,2.1182,2.1182,2.1182
2.1209,2.1209,2.1209,2.1209,2.1209,2.1209,2.1209,2.1209,2.1209,2.1209,2.1209,2.1209,2.1209,2.1209,1.5977,1.8607,1.7619,1.6626,1.5608,1.459,1.357,1.2549,1.1527,1.0506,0.9485,0.8464
2.1237,2.1237,2.1237,2.1237,2.1237,2.1237,2.1237,2.1237,2.1237,2.1237,2.1237,2.1237,2.1237,2.1237,2.1237,2.1237,2.1237,2.1237,2.1237,2.1237,2.1237,2.1237,2.1237,2.1237,2.1237,2.1237
2.1264,2.1264,2.1264,2.1264,2.1264,2.1264,2.1264,2.1264,2.1264,2.1264,2.1264,2.1264,2.1264,2.1264,1.4956,2.1264,2.1264,2.1264,2.1264,2.1264,2.1264,2.1264,2.1264,2.1264,2.1264,2.1264
2.1292,2.1292,2.1292,2.1292,2.1292,2.1292,2.1292,2.1292,2.1292,2.1292,2.1292,2.1292,1.8435,1.4064,1.3605,1.306,1.2367,1.167,1.0955,1.0241,0.9525,0.8808,0.8091,0.7374,0.6658,0.5941
2.1319,2.1319,2.1319,2.1319,2.1319,2.1319,2.1319,2.1319,2.1319,2.1319,2.1319,1.6746,2.0403,2.0059,2.0618,2.1281,2.1319,2.1319,2.1319,2.1319,2.1319,2.1319,2.1319,2.1319,2.1319,2.1319
2.1347,2.1347,2.1347,2.1347,2.1347,2.1347,2.1347,2.1347,2.1347,2.1347,2.1347,2.1347,2.1347,2.1347,2.1347,2.1347,2.1347,2.1347,2.1347,2.1347,2.1347,2.1347,2.1347,2.1347,2.1347,2.1347
2.1375,2.1375,2.1375,2.1375,2.1375,2.1375,2.1375,2.1375,2.1375,2.1375,1.9909,1.1254,2.1375,2.1375,2.1375,2.1375,2.1375,2.1375,2.1316,1.9925,1.8531,1.7137,1.5743,1.4348,1.2953,1.1558
2.1403,2.1403,2.1403,2.1403,2.1403,2.1403,2.1403,2.1403,2.1403,2.1403,2.1403,2.1403,2.1403,1.285,1.746,1.8022,1.8737,1.9455,2.0192,2.0929,2.1403,2.1403,2.1403,2.1403,2.1403,2.1403
2.1431,2.1431,2.1431,2.1431,2.1431,2.1431,2.1431,2.1431,2.1431,2.1431,2.1431,2.1431,2.1431,0.8718,1.4836,1.4242,1.3486,1.2726,1.1947,1.1168,1.0387,0.9605,0.8824,0.8042,0.726,0.6478
2.1459,2.1459,2.1459,2.1459,2.1459,2.1459,2.1459,2.1459,2.1459,2.1459,2.1459,2.1459,2.1459,2.1459,2.1459,2.1459,2.1459,2.1459,2.1459,2.1459,2.1459,2.1459,2.1459,2.1459,2.1459,2.1459
2.1487,2.1487,2.1487,2.1487,2.1487,2.1487,2.1487,2.1487,2.1487,2.1487,2.1487,2.1487,2.1487,2.1487,2.1487,2.1487,2.1487,2.1487,2.1487,2.1487,2.1487,2.1487,2.1487,2.1487,2.1487,2.1487
2.1515,2.1515,2.1515,2.1515,2.1515,2.1515,2.1515,2.1515,2.1515,2.1515,2.1515,2.1159,0.6759,1.5466,1.4961,1.4363,1.36,1.2834,1.2048,1.1262,1.0474,0.9686,0.8898,0.811,0.7321,0.6533
2.1544,2.1544,2.1544,2.1544,2.1544,2.1544,2.1544,2.1544,2.1544,2.1544,2.1544,2.1544,0.9257,1.6717,1.7183,1.7735,1.8439,1.9146,1.9871,2.0596,2.1323,2.1544,2.1544,2.1544,2.1544,2.1544
2.1572,2.1572,2.1572,2.1572,2.1572,2.1572,2.1572,2.1572,2.1572,2.1572,2.1572,2.1572,2.1572,2.1572,1.3169,2.1572,2.1572,2.1472,2.0158,1.8843,1.7525,1.6206,1.4887,1.3569,1.225,1.0931
2.1601,2.1601,2.1601,2.1601,2.1601,2.1601,2.1601,2.1601,2.1601,2.1601,2.1601,2.1601,2.1601,2.1601,2.1601,2.1601,2.1601,2.1601,2.1601,2.1601,2.1601,2.1601,2.1601,2.1601,2.1601,2.1601
2.1629,2.1629,2.1629,2.1629,2.1629,2.1629,2.1629,2.1629,2.1629,2.1629,2.1629,2.1629,2.1629,2.1629,1.846,2.1319,2.1629,2.1629,2.1629,2.1629,2.1629,2.1629,2.1629,2.1629,2.1629,2.1629
2.1658,2.1658,2.1658,2.1658,2.1658,2.1658,2.1658,2.1658,2.1658,2.1658,2.1658,2.1658,2.1658,1.3728,1.328,1.2748,1.2071,1.1391,1.0694,0.9996,0.9297,0.8597,0.7898,0.7198,0.6498,0.5799
2.1686,2.1686,2.1686,2.1686,2.1686,2.1686,2.1686,2.1686,2.1686,2.1686,2.1686,1.4713,2.1686,2.1686,2.1686,2.1686,2.1686,2.1686,2.1686,2.1686,2.1686,2.1686,2.1686,2.1686,2.1686,2.1686
2.1715,2.1715,2.1715,2.1715,2.1715,2.1715,2.1715,2.1715,2.1715,2.1715,2.1715,2.1715,2.1715,2.1715,2.1715,2.1715,2.1715,2.1715,2.1715,2.1715,2.1715,2.1715,2.1715,2.1715,2.1715,2.1715
2.1744,2.1744,2.1744,2.1744,2.1744,2.1744,2.1744,2.1744,2.1744,2.1744,2.1744,1.2963,1.9578,1.998,1.9328,1.8554,1.7569,1.6579,1.5564,1.4549,1.3531,1.2513,1.1495,1.0476,0.9458,0.844
2.1773,2.1773,2.1773,2.1773,2.1773,2.1773,2.1773,2.1773,2.1773,2.1773,2.1773,2.1773,2.1773,1.596,1.6405,1.6933,1.7605,1.8279,1.8972,1.9664,2.0358,2.1052,2.1746,2.1773,2.1773,2.1773
2.1802,2.1802,2.1802,2.1802,2.1802,2.1802,2.1802,2.1802,2.1802,2.1802,2.1802,2.1802,2.1802,0.7854,1.662,1.5955,1.5107,1.4256,1.3383,1.251,1.1635,1.076,0.9884,0.9009,0.8133,0.7257
2.1831,2.1831,2.1831,2.1831,2.1831,2.1831,2.1831,2.1831,2.1831,2.1831,2.1831,2.1831,2.1831,2.1831,2.1831,2.1831,2.1831,2.1831,2.1831,2.1831,2.1831,2.1831,2.1831,2.1831,2.1831,2.1831
2.186,2.186,2.186,2.186,2.186,2.186,2.186,2.186,2.186,2.186,2.186,2.186,2.186,2.186,2.186,2.1796,2.186,2.186,2.186,2.186,2.186,2.186,2.186,2.186,2.186,2.186
2.1889,2.1889,2.1889,2.1889,2.1889,2.1889,2.1889,2.1889,2.1889,2.1889,2.1889,2.1889,0.8563,1.3949,1.3494,1.2954,1.2266,1.1575,1.0866,1.0157,0.9447,0.8736,0.8025,0.7314,0.6603,0.5892
2.1918,2.1918,2.1918,2.1918,2.1918,2.1918,2.1918,2.1918,2.1918,2.1918,2.1918,2.0133,1.8162,1.7856,1.8353,1.8943,1.9695,2.045,2.1225,2.1918,2.1918,2.1918,2.1918,2.1918,2.1918,2.1918
2.1948,2.1948,2.1948,2.1948,2.1948,2.1948,2.1948,2.1948,2.1948,2.1948,2.1948,2.1948,2.1948,2.1948,2.1948,1.9349,2.1948,2.1948,2.1948,2.1948,2.1948,2.1948,2.1948,2.098,1.8941,1.6901
2.1977,2.1977,2.1977,2.1977,2.1977,2.1977,2.1977,2.1977,2.1977,2.1977,1.8004,2.1977,2.1977,2.1977,2.1977,2.1977,2.1977,2.1977,2.1977,2.1977,2.1977,2.1675,1.9912,1.8148,1.6384,1.4619
2.2007,2.2007,2.2007,2.2007,2.2007,2.2007,2.2007,2.2007,2.2007,2.2007,2.2007,2.2007,2.2007,0.9279,1.7775,1.8346,1.9074,1.9806,2.0556,2.1305,2.2007,2.2007,2.2007,2.2007,2.2007,2.2007
2.2036,2.2036,2.2036,2.2036,2.2036,2.2036,2.2036,2.2036,2.2036,2.2036,2.2036,2.2036,2.2036,1.1857,1.3611,1.3066,1.2372,1.1675,1.096,1.0245,0.9529,0.8812,0.8095,0.7378,0.666,0.5943
2.2066,2.2066,2.2066,2.2066,2.2066,2.2066,2.2066,2.2066,2.2066,2.2066,2.2066,2.2066,2.2066,2.2066,2.2066,2.2066,2.2066,2.2066,2.2066,2.2066,2.2066,2.2066,2.2066,2.2066,2.2066,2.2066
2.2096,2.2096,2.2096,2.2096,2.2096,2.2096,2.2096,2.2096,2.2096,2.2096,2.2096,2.2096,2.2096,2.2096,2.2096,2.2096,2.2096,2.2096,2.2096,2.2096,2.2096,2.2096,2.2096,2.2096,2.2096,2.2096
2.2126,2.2126,2.2126,2.2126,2.2126,2.2126,2.2126,2.2126,2.2126,2.2126,2.2126,1.6354,1.5893,1.6219,1.569,1.5062,1.4262,1.3458,1.2634,1.181,1.0984,1.0158,0.9331,0.8504,0.7678,0.6851
2.2156,2.2156,2.2156,2.2156,2.2156,2.2156,2.2156,2.2156,2.2156,2.2156,2.2156,2.2156,1.5737,1.5744,1.6182,1.6703,1.7366,1.8031,1.8714,1.9397,2.0082,2.0766,2.1451,2.2136,2.2156,2.2156
2.2186,2.2186,2.2186,2.2186,2.2186,2.2186,2.2186,2.2186,2.2186,2.2186,2.2186,2.2186,2.2186,2.2186,1.4049,1.9324,1.8298,1.7267,1.621,1.5152,1.4092,1.3032,1.1972,1.0911,0.985,0.879
2.2216,2.2216,2.2216,2.2216,2.2216,2.2216,2.2216,2.2216,2.2216,2.2216,2.2216,2.2216,2.2216,2.2216,2.2216,2.2216,2.2216,2.2216,2.2216,2.2216,2.2216,2.2216,2.2216,2.2216,2.2216,2.2216
2.2246,2.2246,2.2246,2.2246,2.2246,2.2246,2.2246,2.2246,2.2246,2.2246,2.2246,2.2246,2.2246,2.2246,1.5312,2.2246,2.2246,2.2246,2.2246,2.2246,2.2246,2.2246,2.2246,2.2246,2.2246,2.2246
2.2276,2.2276,2.2276,2.2276,2.2276,2.2276,2.2276,2.2276,2.2276,2.2276,2.2276,2.2276,2.2276,1.3248,1.2815,1.2302,1.1649,1.0993,1.032,0.9647,0.8972,0.8297,0.7622,0.6946,0.6271,0.5596
2.2306,2.2306,2.2306,2.2306,2.2306,2.2306,2.2306,2.2306,2.2306,2.2306,2.2306,1.428,2.0639,2.029,2.0856,2.1527,2.2306,2.2306,2.2306,2.2306,2.2306,2.2306,2.2306,2.2306,2.2306,2.2306
2.2337,2.2337,2.2337,2.2337,2.2337,2.2337,2.2337,2.2337,2.2337,2.2337,2.2337,2.2337,2.2337,2.2337,2.2337,2.2337,2.2337,2.2337,2.2337,2.2337,2.2337,2.2337,2.2337,2.2337,2.2337,2.2337
2.2367,2.2367,2.2367,2.2367,2.2367,2.2367,2.2367,2.2367,2.2367,2.2367,1.993,1.1266,2.2367,2.2367,2.2097,2.1213,2.0086,1.8955,1.7794,1.6633,1.547,1.4306,1.3142,1.1978,1.0813,0.9649
2.2398,2.2398,2.2398,2.2398,2.2398,2.2398,2.2398,2.2398,2.2398,2.2398,2.2398,2.2398,2.2398,1.5779,1.6218,1.674,1.7404,1.8072,1.8756,1.944,2.0126,2.0813,2.1499,2.2186,2.2398,2.2398
2.2428,2.2428,2.2428,2.2428,2.2428,2.2428,2.2428,2.2428,2.2428,2.2428,2.2428,2.2428,2.2428,0.7075,1.4714,1.4125,1.3375,1.2622,1.1849,1.1076,1.0301,0.9526,0.8751,0.7976,0.72,0.6425
2.2459,2.2459,2.2459,2.2459,2.2459,2.2459,2.2459,2.2459,2.2459,2.2459,2.2459,2.2459,2.2459,2.2459,2.2459,2.2459,2.2459,2.2459,2.2459,2.2459,2.2459,2.2459,2.2459,2.2459,2.2459,2.2459
2.249,2.249,2.249,2.249,2.249,2.249,2.249,2.249,2.249,2.249,2.249,2.249,2.249,2.249,2.249,2.249,2.249,2.249,2.249,2.249,2.249,2.249,2.249,2.249,2.249,2.249
2.2521,2.2521,2.2521,2.2521,2.2521,2.2521,2.2521,2.2521,2.2521,2.2521,2.2521,2.2521,0.6182,1.4145,1.3684,1.3136,1.2438,1.1738,1.1019,1.03,0.958,0.8859,0.8138,0.7417,0.6696,0.5975
2.2552,2.2552,2.2552,2.2552,2.2552,2.2552,2.2552,2.2552,2.2552,2.2552,2.2552,2.2552,0.9033,1.6313,1.6768,1.7307,1.7994,1.8683,1.9391,2.0098,2.0808,2.1517,2.2227,2.2552,2.2552,2.2552
2.2583,2.2583,2.2583,2.2583,2.2583,2.2583,2.2583,2.2583,2.2583,2.2583,2.2583,2.2583,2.2583,2.2583,1.2074,1.9893,2.2583,2.2583,2.2156,2.0711,1.9262,1.7813,1.6363,1.4914,1.3464,1.2014
2.2614,2.2614,2.2614,2.2614,2.2614,2.2614,2.2614,2.2614,2.2614,2.2614,1.6677,2.2614,2.2614,2.2614,2.2614,2.2614,2.2614,2.2614,2.2614,2.2614,2.2614,2.2614,2.2614,2.2614,2.2614,2.1026
2.2645,2.2645,2.2645,2.2645,2.2645,2.2645,2.2645,2.2645,2.2645,2.2645,2.2645,2.2645,2.2645,2.2645,1.8546,1.9143,1.9902,2.0665,2.1448,2.2231,2.2645,2.2645,2.2645,2.2645,2.2645,2.2645
2.2677,2.2677,2.2677,2.2677,2.2677,2.2677,2.2677,2.2677,2.2677,2.2677,2.2677,2.2677,2.2677,1.3204,1.2773,1.2262,1.1611,1.0957,1.0286,0.9615,0.8942,0.827,0.7597,0.6924,0.6251,0.5578
2.2708,2.2708,2.2708,2.2708,2.2708,2.2708,2.2708,2.2708,2.2708,2.2708,2.0162,2.2708,2.2708,2.2708,2.2708,2.2708,2.2708,2.2708,2.2708,2.2708,2.2708,2.2708,2.2708,2.2708,2.2708,2.2708
2.274,2.274,2.274,2.274,2.274,2.274,2.274,2.274,2.274,2.274,2.274,2.274,2.274,2.274,2.274,2.274,2.274,2.274,2.274,2.274,2.274,2.274,2.274,2.274,2.274,2.274
2.2771,2.2771,2.2771,2.2771,2.2771,2.2771,2.2771,2.2771,2.2771,2.2771,2.2771,1.3411,1.7165,1.7518,1.6946,1.6268,1.5404,1.4536,1.3646,1.2756,1.1863,1.0971,1.0078,0.9185,0.8292,0.7399
2.2803,2.2803,2.2803,2.2803,2.2803,2.2803,2.2803,2.2803,2.2803,2.2803,2.2803,2.2803,2.2803,1.5143,1.5565,1.6066,1.6703,1.7343,1.8,1.8657,1.9315,1.9974,2.0633,2.1292,2.1951,2.261
2.2835,2.2835,2.2835,2.2835,2.2835,2.2835,2.2835,2.2835,2.2835,2.2835,2.2835,2.2835,2.2835,2.2835,1.5496,1.6292,1.5427,1.4558,1.3667,1.2775,1.1881,1.0988,1.0093,0.9199,0.8305,0.7411
2.2867,2.2867,2.2867,2.2867,2.2867,2.2867,2.2867,2.2867,2.2867,2.2867,2.2867,2.2867,2.2867,2.2867,2.2867,2.2867,2.2867,2.2867,2.2867,2.2867,2.2867,2.2867,2.2867,2.2867,2.2867,2.2867
2.2899,2.2899,2.2899,2.2899,2.2899,2.2899,2.2899,2.2899,2.2899,2.2899,2.2899,2.2899,2.2899,2.2899,1.395,2.201,2.2899,2.2899,2.2899,2.2899,2.2899,2.2899,2.2899,2.2899,2.2899,2.2899
2.2931,2.2931,2.2931,2.2931,2.2931,2.2931,2.2931,2.2931,2.2931,2.2931,2.2931,2.2931,1.1989,1.3052,1.2626,1.2121,1.1477,1.083,1.0167,0.9504,0.8839,0.8174,0.7509,0.6844,0.6178,0.5513
2.2963,2.2963,2.2963,2.2963,2.2963,2.2963,2.2963,2.2963,2.2963,2.2963,2.2963,1.6641,1.816,1.7854,1.8351,1.8942,1.9693,2.0448,2.1223,2.1997,2.2773,2.2963,2.2963,2.2963,2.2963,2.2963
2.2995,2.2995,2.2995,2.2995,2.2995,2.2995,2.2995,2.2995,2.2995,2.2995,2.2995,2.2995,2.2995,2.2995,2.2995,1.9221,2.2995,2.2995,2.2995,2.2995,2.2995,2.2995,2.2995,2.2995,2.2995,2.1046
2.3027,2.3027,2.3027,2.3027,2.3027,2.3027,2.3027,2.3027,2.3027,2.3027,1.7843,1.0086,2.3027,2.3027,2.3027,2.3027,2.3027,2.2955,2.1549,2.0144,1.8735,1.7325,1.5915,1.4505,1.3095,1.1685
2.306,2.306,2.306,2.306,2.306,2.306,2.306,2.306,2.306,2.306,2.306,2.306,2.306,1.0168,1.6382,1.6908,1.7579,1.8253,1.8945,1.9636,2.0329,2.1022,2.1715,2.2409,2.306,2.306
2.3092,2.3092,2.3092,2.3092,2.3092,2.3092,2.3092,2.3092,2.3092,2.3092,2.3092,2.3092,2.3092,0.9021,1.3381,1.2845,1.2163,1.1478,1.0775,1.0072,0.9367,0.8663,0.7958,0.7253,0.6548,0.5843
2.3125,2.3125,2.3125,2.3125,2.3125,2.3125,2.3125,2.3125,2.3125,2.3125,2.3125,2.3125,2.3125,2.3125,2.3125,2.3125,2.3125,2.3125,2.3125,2.3125,2.3125,2.3125,2.3125,2.3125,2.3125,2.3125
2.3158,2.3158,2.3158,2.3158,2.3158,2.3158,2.3158,2.3158,2.3158,2.3158,2.3158,2.3158,2.3158,2.3158,2.3158,2.3158,2.3158,2.3158,2.3158,2.3158,2.3158,2.3158,2.3158,2.3158,2.3158,2.3158
2.319,2.319,2.319,2.319,2.319,2.319,2.319,2.319,2.319,2.319,2.319,1.7786,0.6418,1.4687,1.4207,1.3639,1.2914,1.2187,1.144,1.0694,0.9946,0.9198,0.8449,0.7701,0.6952,0.6204
2.3223,2.3223,2.3223,2.3223,2.3223,2.3223,2.3223,2.3223,2.3223,2.3223,2.3223,2.3223,0.9389,1.525,1.5675,1.6179,1.6821,1.7466,1.8127,1.8788,1.9451,2.0115,2.0778,2.1442,2.2105,2.2769
2.3256,2.3256,2.3256,2.3256,2.3256,2.3256,2.3256,2.3256,2.3256,2.3256,2.3256,2.3256,2.3256,2.3256,1.259,2.056,1.9468,1.8371,1.7246,1.6121,1.4994,1.3865,1.2737,1.1609,1.048,0.9352
2.3289,2.3289,2.3289,2.3289,2.3289,2.3289,2.3289,2.3289,2.3289,2.2634,2.3289,2.3289,2.3289,2.3289,2.3289,2.3289,2.3289,2.3289,2.3289,2.3289,2.3289,2.3289,2.3289,2.3289,2.3289,2.3289
2.3322,2.3322,2.3322,2.3322,2.3322,2.3322,2.3322,2.3322,2.3322,2.3322,2.3322,2.3322,2.3322,2.3322,1.6011,2.0536,2.1351,2.2169,2.3009,2.3322,2.3322,2.3322,2.3322,2.3322,2.3322,2.3322
2.3356,2.3356,2.3356,2.3356,2.3356,2.3356,2.3356,2.3356,2.3356,2.3356,2.3356,2.3356,2.3356,1.2655,1.2242,1.1752,1.1128,1.0501,0.9858,0.9215,0.857,0.7926,0.7281,0.6636,0.5991,0.5346
2.3389,2.3389,2.3389,2.3389,2.3389,2.3389,2.3389,2.3389,2.3389,2.3389,2.2056,1.2903,2.1276,2.0917,2.15,2.2191,2.3071,2.3389,2.3389,2.3389,2.3389,2.3389,2.3389,2.3389,2.3389,2.3389
2.3422,2.3422,2.3422,2.3422,2.3422,2.3422,2.3422,2.3422,2.3422,2.3422,2.3422,2.3422,2.3422,2.3422,2.3422,2.3422,2.3422,2.3422,2.3422,2.3422,2.3422,2.3422,2.3422,2.3422,2.3422,2.3422
2.3456,2.3456,2.3456,2.3456,2.3456,2.3456,2.3456,2.3456,2.3456,2.3456,2.0299,1.1475,1.9211,1.9605,1.8965,1.8206,1.7239,1.6268,1.5272,1.4276,1.3277,1.2278,1.1279,1.028,0.928,0.8281
2.349,2.349,2.349,2.349,2.349,2.349,2.349,2.349,2.349,2.349,2.349,2.349,2.349,1.4865,1.5279,1.5771,1.6397,1.7025,1.767,1.8315,1.8961,1.9608,2.0254,2.0901,2.1548,2.2195
2.3523,2.3523,2.3523,2.3523,2.3523,2.3523,2.3523,2.3523,2.3523,2.3523,2.3523,2.3523,2.3523,0.7008,1.4831,1.4237,1.3481,1.2721,1.1943,1.1164,1.0383,0.9602,0.882,0.8039,0.7257,0.6476
2.3557,2.3557,2.3557,2.3557,2.3557,2.3557,2.3557,2.3557,2.3557,2.3557,2.3557,2.3557,2.3557,2.3557,2.3557,2.3557,2.3557,2.3557,2.3557,2.3557,2.3557,2.3557,2.3557,2.3557,2.3557,2.3557
2.3591,2.3591,2.3591,2.3591,2.3591,2.3591,2.3591,2.3591,2.3591,2.3591,2.3591,2.3591,2.3591,2.3591,2.3591,1.9589,2.3591,2.3591,2.3591,2.3591,2.3591,2.3591,2.3591,2.3591,2.3591,2.3591
2.3625,2.3625,2.3625,2.3625,2.3625,2.3625,2.3625,2.3625,2.3625,2.3625,2.3625,2.3625,0.665,1.313,1.2702,1.2193,1.1546,1.0895,1.0228,0.9561,0.8892,0.8223,0.7554,0.6885,0.6216,0.5546
2.3659,2.3659,2.3659,2.3659,2.3659,2.3659,2.3659,2.3659,2.3659,2.3659,2.3659,2.0707,1.6429,1.6152,1.6602,1.7136,1.7816,1.8499,1.9199,1.99,2.0602,2.1305,2.2007,2.271,2.3413,2.3659
2.3693,2.3693,2.3693,2.3693,2.3693,2.3693,2.3693,2.3693,2.3693,2.3693,2.3693,2.3693,2.3693,2.3693,2.3693,1.8316,2.3693,2.3693,2.3693,2.3684,2.2027,2.037,1.8713,1.7055,1.5397,1.3739
2.3728,2.3728,2.3728,2.3728,2.3728,2.3728,2.3728,2.3728,2.3728,2.3485,1.6383,2.3728,2.3728,2.3728,2.3728,2.3728,2.3728,2.3728,2.3728,2.3728,2.3728,2.2933,2.1067,1.92,1.7334,1.5468
2.3762,2.3762,2.3762,2.3762,2.3762,2.3762,2.3762,2.3762,2.3762,2.3762,2.3762,2.3762,2.3762,0.8836,1.6925,1.747,1.8163,1.8859,1.9573,2.0288,2.1004,2.172,2.2436,2.3153,2.3762,2.3762
2.3797,2.3797,2.3797,2.3797,2.3797,2.3797,2.3797,2.3797,2.3797,2.3797,2.3797,2.3797,2.3797,1.2876,1.2455,1.1957,1.1322,1.0684,1.003,0.9376,0.872,0.8064,0.7408,0.6751,0.6095,0.5439
2.3831,2.3831,2.3831,2.3831,2.3831,2.3831,2.3831,2.3831,2.3831,2.3831,1.8516,2.3831,2.3831,2.3831,2.3831,2.3831,2.3831,2.3831,2.3831,2.3831,2.3831,2.3831,2.3831,2.3831,2.3831,2.3831
2.3866,2.3866,2.3866,2.3866,2.3866,2.3866,2.3866,2.3866,2.3866,2.3866,2.3866,2.3866,2.3866,2.3866,2.3866,2.3866,2.3866,2.3866,2.3866,2.3866,2.3866,2.3866,2.3866,2.3866,2.3866,2.3866
2.3901,2.3901,2.3901,2.3901,2.3901,2.3901,2.3901,2.3901,2.3901,2.3901,2.3901,1.4178,1.5339,1.5654,1.5143,1.4537,1.3765,1.2989,1.2194,1.1399,1.0601,0.9804,0.9006,0.8208,0.741,0.6612
2.3936,2.3936,2.3936,2.3936,2.3936,2.3936,2.3936,2.3936,2.3936,2.3936,2.3936,2.3936,2.3393,1.456,1.4965,1.5446,1.6059,1.6675,1.7307,1.7938,1.8571,1.9204,1.9838,2.0471,2.1105,2.1738
2.3971,2.3971,2.3971,2.3971,2.3971,2.3971,2.3971,2.3971,2.3971,2.3971,2.3971,2.3971,2.3971,2.3971,1.3668,1.6957,1.6056,1.5152,1.4224,1.3296,1.2366,1.1436,1.0505,0.9575,0.8644,0.7713
2.4006,2.4006,2.4006,2.4006,2.4006,2.4006,2.4006,2.4006,2.4006,2.4006,2.4006,2.4006,2.4006,2.4006,2.4006,2.4006,2.4006,2.4006,2.4006,2.4006,2.4006,2.4006,2.4006,2.4006,2.4006,2.4006
2.4041,2.4041,2.4041,2.4041,2.4041,2.4041,2.4041,2.4041,2.4041,2.4041,2.4041,2.4041,2.4041,2.4041,1.3572,2.2611,2.3672,2.4041,2.4041,2.4041,2.4041,2.4041,2.4041,2.4041,2.4041,2.4041
2.4076,2.4076,2.4076,2.4076,2.4076,2.4076,2.4076,2.4076,2.4076,2.4076,2.4076,2.4076,2.1956,1.2376,1.1972,1.1493,1.0883,1.0269,0.9641,0.9012,0.8381,0.7751,0.712,0.6489,0.5859,0.5228
2.4112,2.4112,2.4112,2.4112,2.4112,2.4112,2.4112,2.4112,2.4112,2.4112,2.4112,1.4174,1.8449,1.8138,1.8643,1.9243,2.0006,2.0773,2.156,2.2346,2.3135,2.3924,2.4112,2.4112,2.4112,2.4112
2.4147,2.4147,2.4147,2.4147,2.4147,2.4147,2.4147,2.4147,2.4147,2.4147,2.4147,2.4147,2.4147,2.4147,2.4147,2.4147,2.3675,2.4147,2.4147,2.4147,2.4147,2.4147,2.4147,2.4147,2.4147,2.4147
2.4183,2.4183,2.4183,2.4183,2.4183,2.4183,2.4183,2.4183,2.4183,2.4183,1.7949,1.0146,2.2516,2.2978,2.2228,2.1339,2.0205,1.9067,1.79,1.6732,1.5562,1.4391,1.322,1.2049,1.0877,0.9706
2.4219,2.4219,2.4219,2.4219,2.4219,2.4219,2.4219,2.4219,2.4219,2.4219,2.4219,2.4219,2.4219,1.2685,1.5308,1.5801,1.6428,1.7057,1.7703,1.8349,1.8997,1.9645,2.0293,2.0941,2.1589,2.2237
2.4255,2.4255,2.4255,2.4255,2.4255,2.4255,2.4255,2.4255,2.4255,2.4255,2.4255,2.4255,2.4255,0.7241,1.3341,1.2807,1.2127,1.1443,1.0743,1.0042,0.934,0.8637,0.7934,0.7231,0.6528,0.5825
2.4291,2.4291,2.4291,2.4291,2.4291,2.4291,2.4291,2.4291,2.4291,2.4291,2.4291,2.4291,2.4291,2.4291,2.4291,2.4291,2.4291,2.4291,2.4291,2.4291,2.4291,2.4291,2.4291,2.4291,2.4291,2.4291
2.4327,2.4327,2.4327,2.4327,2.4327,2.4327,2.4327,2.4327,2.4327,2.4327,2.4327,2.4327,2.4327,2.4327,2.4327,2.4327,2.4327,2.4327,2.4327,2.4327,2.4327,2.4327,2.4327,2.4327,2.4327,2.4327
2.4363,2.4363,2.4363,2.4363,2.4363,2.4363,2.4363,2.4363,2.4363,2.4363,2.4363,2.0006,0.59,1.3501,1.306,1.2537,1.1872,1.1203,1.0517,0.9831,0.9143,0.8455,0.7767,0.7079,0.6391,0.5703
2.4399,2.4399,2.4399,2.4399,2.4399,2.4399,2.4399,2.4399,2.4399,2.4399,2.4399,2.4399,0.8287,1.4966,1.5383,1.5878,1.6508,1.7141,1.779,1.8439,1.909,1.974,2.0392,2.1043,2.1694,2.2345
2.4435,2.4435,2.4435,2.4435,2.4435,2.4435,2.4435,2.4435,2.4435,2.4435,2.4435,2.4435,2.4435,2.4435,1.1466,1.9103,2.1276,2.0078,1.8848,1.7619,1.6386,1.5154,1.392,1.2687,1.1454,1.0221
2.4472,2.4472,2.4472,2.4472,2.4472,2.4472,2.4472,2.4472,2.4472,2.2051,1.6225,2.4472,2.4472,2.4472,2.4472,2.4472,2.4472,2.4472,2.4472,2.4472,2.4472,2.4472,2.4472,2.4472,2.4472,2.423
2.4509,2.4509,2.4509,2.4509,2.4509,2.4509,2.4509,2.4509,2.4509,2.4509,2.4509,2.4509,2.4509,2.4509,1.7122,1.8506,1.924,1.9978,2.0734,2.1491,2.2249,2.3008,2.3767,2.4509,2.4509,2.4509
2.4545,2.4545,2.4545,2.4545,2.4545,2.4545,2.4545,2.4545,2.4545,2.4545,2.4545,2.4545,2.4545,1.2243,1.1843,1.1369,1.0765,1.0159,0.9537,0.8915,0.8291,0.7667,0.7044,0.642,0.5795,0.5171
2.4582,2.4582,2.4582,2.4582,2.4582,2.4582,2.4582,2.4582,2.4582,2.4582,1.9637,2.3751,2.2363,2.1986,2.2599,2.3325,2.4251,2.4582,2.4582,2.4582,2.4582,2.4582,2.4582,2.4582,2.4582,2.4582
2.4619,2.4619,2.4619,2.4619,2.4619,2.4619,2.4619,2.4619,2.4619,2.4619,2.4619,2.4619,2.4619,2.4619,2.4619,2.4619,2.4619,2.4619,2.4619,2.4619,2.4619,2.4619,2.4619,2.4619,2.4619,2.4619
2.4656,2.4656,2.4656,2.4656,2.4656,2.4656,2.4656,2.4656,2.4656,2.4656,2.1037,1.1892,1.686,1.7206,1.6644,1.5978,1.513,1.4277,1.3403,1.2529,1.1652,1.0776,0.9899,0.9022,0.8145,0.7268
2.4693,2.4693,2.4693,2.4693,2.4693,2.4693,2.4693,2.4693,2.4693,2.4693,2.4693,2.4693,2.4693,1.4182,1.4578,1.5046,1.5643,1.6243,1.6858,1.7473,1.809,1.8707,1.9324,1.9941,2.0558,2.1175
2.4731,2.4731,2.4731,2.4731,2.4731,2.4731,2.4731,2.4731,2.4731,2.4731,2.4731,2.4731,2.4731,0.7176,1.5186,1.4578,1.3804,1.3026,1.2229,1.1431,1.0632,0.9832,0.9032,0.8231,0.7431,0.6631
2.4768,2.4768,2.4768,2.4768,2.4768,2.4768,2.4768,2.4768,2.4768,2.4768,2.4768,2.4768,2.4768,2.4768,2.4768,2.4768,2.4768,2.4768,2.4768,2.4768,2.4768,2.4768,2.4768,2.4768,2.4768,2.4768
2.4805,2.4805,2.4805,2.4805,2.4805,2.4805,2.4805,2.4805,2.4805,2.4805,2.4805,2.4805,2.4805,2.4805,2.4805,1.985,2.4805,2.4805,2.4805,2.4805,2.4805,2.4805,2.4805,2.4805,2.4805,2.4805
2.4843,2.4843,2.4843,2.4843,2.4843,2.4843,2.4843,2.4843,2.4843,2.4843,2.4843,2.4843,0.8694,1.2348,1.1945,1.1467,1.0858,1.0246,0.9619,0.8991,0.8362,0.7733,0.7104,0.6475,0.5845,0.5216
2.4881,2.4881,2.4881,2.4881,2.4881,2.4881,2.4881,2.4881,2.4881,2.4881,2.4881,1.6964,1.6493,1.6214,1.6666,1.7202,1.7885,1.8571,1.9274,1.9977,2.0682,2.1387,2.2093,2.2798,2.3504,2.4209
2.4919,2.4919,2.4919,2.4919,2.4919,2.4919,2.4919,2.4919,2.4919,2.4919,2.4919,2.4919,2.4919,2.4919,2.4919,1.7093,2.3916,2.4919,2.4919,2.4919,2.4919,2.4558,2.2559,2.0561,1.8562,1.6563
2.4957,2.4957,2.4957,2.4957,2.4957,2.4957,2.4957,2.4957,2.4957,2.3377,1.6307,1.0448,2.4957,2.4957,2.4957,2.4957,2.4957,2.3876,2.2415,2.0953,1.9487,1.8021,1.6554,1.5088,1.3621,1.2154
2.4995,2.4995,2.4995,2.4995,2.4995,2.4995,2.4995,2.4995,2.4995,2.4995,2.4995,2.4995,2.4995,0.8364,1.5666,1.6169,1.6811,1.7456,1.8117,1.8778,1.944,2.0103,2.0766,2.1429,2.2092,2.2756
2.5033,2.5033,2.5033,2.5033,2.5033,2.5033,2.5033,2.5033,2.5033,2.5033,2.5033,2.5033,2.5033,0.9658,1.23,1.1808,1.1181,1.0551,0.9905,0.9259,0.8611,0.7963,0.7315,0.6667,0.6019,0.5371
2.5071,2.5071,2.5071,2.5071,2.5071,2.5071,2.5071,2.5071,2.5071,2.3958,2.5071,2.5071,2.5071,2.5071,2.5071,2.5071,2.5071,2.5071,2.5071,2.5071,2.5071,2.5071,2.5071,2.5071,2.5071,2.5071
2.511,2.511,2.511,2.511,2.511,2.511,2.511,2.511,2.511,2.511,2.511,2.511,2.511,2.511,2.511,2.511,2.511,2.511,2.511,2.511,2.511,2.511,2.511,2.511,2.511,2.511
2.5148,2.5148,2.5148,2.5148,2.5148,2.5148,2.5148,2.5148,2.5148,2.5148,2.5148,1.5348,1.3931,1.4217,1.3753,1.3202,1.2501,1.1797,1.1075,1.0352,0.9628,0.8904,0.8179,0.7455,0.673,0.6005
2.5187,2.5187,2.5187,2.5187,2.5187,2.5187,2.5187,2.5187,2.5187,2.5187,2.5187,2.5187,1.1459,1.4169,1.4564,1.5032,1.5629,1.6228,1.6843,1.7457,1.8073,1.869,1.9306,1.9923,2.0539,2.1156
2.5226,2.5226,2.5226,2.5226,2.5226,2.5226,2.5226,2.5226,2.5226,2.5226,2.5226,2.5226,2.5226,2.5226,1.2273,1.8009,1.7052,1.6091,1.5106,1.4121,1.3133,1.2145,1.1157,1.0168,0.918,0.8191
2.5264,2.5264,2.5264,2.5264,2.5264,2.5264,2.5264,2.5264,2.5264,2.5264,2.5264,2.5264,2.5264,2.5264,2.5264,2.5264,2.5264,2.5264,2.5264,2.5264,2.5264,2.5264,2.5264,2.5264,2.5264,2.5264
2.5303,2.5303,2.5303,2.5303,2.5303,2.5303,2.5303,2.5303,2.5303,2.5303,2.5303,2.5303,2.5303,2.5303,1.4192,2.0177,2.0978,2.1782,2.2607,2.3431,2.4258,2.5086,2.5303,2.5303,2.5303,2.5303
2.5343,2.5343,2.5343,2.5343,2.5343,2.5343,2.5343,2.5343,2.5343,2.5343,2.5343,2.5343,2.5343,1.1877,1.1489,1.1029,1.0444,0.9855,0.9252,0.8649,0.8043,0.7438,0.6833,0.6228,0.5622,0.5017
2.5382,2.5382,2.5382,2.5382,2.5382,2.5382,2.5382,2.5382,2.5382,2.5382,2.187,1.2363,1.9043,1.8722,1.9244,1.9862,2.0651,2.1442,2.2254,2.3066,2.388,2.4695,2.5382,2.5382,2.5382,2.5382
2.5421,2.5421,2.5421,2.5421,2.5421,2.5421,2.5421,2.5421,2.5421,2.5421,2.5421,2.5421,2.5421,2.5421,2.5421,2.5421,2.5421,2.5421,2.5421,2.5421,2.5421,2.5421,2.5421,2.5421,2.5421,2.5421
2.5461,2.5461,2.5461,2.5461,2.5461,2.5461,2.5461,2.5461,2.5461,2.5461,1.8321,1.0357,1.9257,1.9652,1.901,1.825,1.728,1.6307,1.5308,1.431,1.3309,1.2308,1.1306,1.0304,0.9303,0.8301
2.55,2.55,2.55,2.55,2.55,2.55,2.55,2.55,2.55,2.55,2.55,2.55,2.55,1.4091,1.4483,1.4949,1.5542,1.6138,1.6749,1.736,1.7973,1.8586,1.9199,1.9812,2.0425,2.1038
2.554,2.554,2.554,2.554,2.554,2.554,2.554,2.554,2.554,2.554,2.554,2.554,2.554,0.6372,1.3484,1.2944,1.2257,1.1566,1.0858,1.015,0.944,0.873,0.8019,0.7309,0.6598,0.5888
2.558,2.558,2.558,2.558,2.558,2.558,2.558,2.558,2.558,2.558,2.558,2.558,2.558,2.558,2.558,2.558,2.558,2.558,2.558,2.558,2.558,2.558,2.558,2.558,2.558,2.558
2.562,2.562,2.562,2.562,2.562,2.562,2.562,2.562,2.562,2.562,2.562,2.562,2.562,2.562,2.562,1.817,2.5084,2.562,2.562,2.562,2.562,2.562,2.562,2.562,2.562,2.562
2.566,2.566,2.566,2.566,2.566,2.566,2.566,2.566,2.566,2.566,2.566,2.3496,0.5496,1.2577,1.2166,1.1679,1.1059,1.0436,0.9797,0.9158,0.8517,0.7877,0.7236,0.6595,0.5953,0.5312
2.57,2.57,2.57,2.57,2.57,2.57,2.57,2.57,2.57,2.57,2.57,2.193,0.8235,1.487,1.5285,1.5776,1.6402,1.7031,1.7676,1.8321,1.8968,1.9614,2.0261,2.0908,2.1555,2.2202
2.5741,2.5741,2.5741,2.5741,2.5741,2.5741,2.5741,2.5741,2.5741,2.5741,2.5741,2.5741,2.5741,2.5741,1.1591,1.7643,2.4011,2.2658,2.1271,1.9884,1.8493,1.7101,1.571,1.4318,1.2926,1.1534
2.5781,2.5781,2.5781,2.5781,2.5781,2.5781,2.5781,2.5781,2.5781,2.1743,1.5168,2.5781,2.5781,2.5781,2.5781,2.5781,2.5781,2.5781,2.5781,2.5781,2.5781,2.5179,2.313,2.1081,1.9031,1.6982
2.5822,2.5822,2.5822,2.5822,2.5822,2.5822,2.5822,2.5822,2.5822,2.5822,2.5822,2.5822,2.5822,0.8563,1.6402,1.693,1.7601,1.8276,1.8968,1.966,2.0354,2.1048,2.1742,2.2437,2.3131,2.3825
2.5863,2.5863,2.5863,2.5863,2.5863,2.5863,2.5863,2.5863,2.5863,2.5863,2.5863,2.5863,2.5863,1.1984,1.1593,1.1129,1.0538,0.9944,0.9335,0.8726,0.8116,0.7505,0.6894,0.6284,0.5673,0.5062
2.5904,2.5904,2.5904,2.5904,2.5904,2.5904,2.5904,2.5904,2.5904,2.5479,1.7774,2.5501,2.401,2.3605,2.4263,2.5043,2.5904,2.5904,2.5904,2.5904,2.5904,2.5904,2.5904,2.5904,2.5904,2.5904
2.5945,2.5945,2.5945,2.5945,2.5945,2.5945,2.5945,2.5945,2.5945,2.5945,2.5945,2.5945,2.5945,2.5945,2.5945,2.5945,2.5945,2.5945,2.5945,2.5945,2.5945,2.5945,2.5945,2.5945,2.5945,2.5945
2.5986,2.5986,2.5986,2.5986,2.5986,2.5986,2.5986,2.5986,2.5986,2.5986,2.2204,1.2551,1.5074,1.5384,1.4881,1.4286,1.3527,1.2765,1.1983,1.1202,1.0418,0.9634,0.885,0.8066,0.7282,0.6498
2.6027,2.6027,2.6027,2.6027,2.6027,2.6027,2.6027,2.6027,2.6027,2.6027,2.6027,2.6027,2.6027,1.3688,1.4069,1.4521,1.5098,1.5677,1.627,1.6864,1.7459,1.8054,1.865,1.9245,1.9841,2.0436
2.6068,2.6068,2.6068,2.6068,2.6068,2.6068,2.6068,2.6068,2.6068,2.6068,2.6068,2.6068,2.6068,2.6068,1.3546,1.5172,1.4366,1.3557,1.2727,1.1897,1.1064,1.0232,0.9399,0.8567,0.7734,0.6901
2.611,2.611,2.611,2.611,2.611,2.611,2.611,2.611,2.611,2.611,2.611,2.611,2.611,2.611,2.611,2.611,2.611,2.611,2.611,2.611,2.611,2.611,2.611,2.611,2.611,2.611
2.6152,2.6152,2.6152,2.6152,2.6152,2.6152,2.6152,2.6152,2.6152,2.6152,2.6152,2.6152,2.6152,2.6152,1.2252,2.0412,2.3695,2.4604,2.5535,2.6152,2.6152,2.6152,2.6152,2.6152,2.6152,2.6152
2.6193,2.6193,2.6193,2.6193,2.6193,2.6193,2.6193,2.6193,2.6193,2.6193,2.6193,2.6193,1.3251,1.175,1.1366,1.0911,1.0332,0.975,0.9153,0.8556,0.7957,0.7359,0.676,0.6161,0.5562,0.4963
2.6235,2.6235,2.6235,2.6235,2.6235,2.6235,2.6235,2.6235,2.6235,2.6235,2.5403,1.436,1.6784,1.6501,1.696,1.7506,1.82,1.8898,1.9614,2.0329,2.1047,2.1765,2.2483,2.32,2.3918,2.4636
2.6277,2.6277,2.6277,2.6277,2.6277,2.6277,2.6277,2.6277,2.6277,2.6277,2.6277,2.6277,2.6277,2.6277,2.6277,2.6277,2.259,2.6277,2.6277,2.6277,2.6277,2.6277,2.6277,2.6277,2.424,2.163
2.632,2.632,2.632,2.632,2.632,2.632,2.632,2.632,2.632,2.3568,1.6441,0.9294,2.3164,2.364,2.2868,2.1953,2.0787,1.9616,1.8415,1.7214,1.6009,1.4805,1.36,1.2395,1.119,0.9985
2.6362,2.6362,2.6362,2.6362,2.6362,2.6362,2.6362,2.6362,2.6362,2.6362,2.6362,2.6362,2.6362,1.0097,1.4683,1.5155,1.5756,1.636,1.698,1.7599,1.822,1.8842,1.9463,2.0085,2.0706,2.1328
2.6405,2.6405,2.6405,2.6405,2.6405,2.6405,2.6405,2.6405,2.6405,2.6405,2.6405,2.6405,2.6405,0.7603,1.2296,1.1804,1.1177,1.0547,0.9901,0.9256,0.8608,0.796,0.7313,0.6665,0.6017,0.5369
2.6447,2.6447,2.6447,2.6447,2.6447,2.6447,2.6447,2.6447,2.6447,2.6447,2.6447,2.6447,2.6447,2.6447,2.6447,2.6447,2.6447,2.6447,2.6447,2.6447,2.6447,2.6447,2.6447,2.6447,2.6447,2.6447
2.649,2.649,2.649,2.649,2.649,2.649,2.649,2.649,2.649,2.649,2.649,2.649,2.649,2.649,2.649,2.649,2.649,2.649,2.649,2.649,2.649,2.649,2.649,2.649,2.649,2.649
2.6533,2.6533,2.6533,2.6533,2.6533,2.6533,2.6533,2.6533,2.6533,2.6533,2.6533,1.7084,0.5723,1.3095,1.2668,1.2161,1.1515,1.0866,1.0201,0.9535,0.8868,0.8201,0.7534,0.6866,0.6199,0.5531
2.6576,2.6576,2.6576,2.6576,2.6576,2.6576,2.6576,2.6576,2.6576,2.6576,2.6576,2.6576,0.7724,1.3948,1.4336,1.4797,1.5384,1.5974,1.6579,1.7184,1.7791,1.8397,1.9004,1.9611,2.0218,2.0825
2.6619,2.6619,2.6619,2.6619,2.6619,2.6619,2.6619,2.6619,2.6619,2.6619,2.6619,2.6619,2.6619,2.6619,1.1191,1.8646,1.8523,1.748,1.6409,1.5339,1.4266,1.3193,1.2119,1.1045,0.9972,0.8898
2.6662,2.6662,2.6662,2.6662,2.6662,2.6662,2.6662,2.6662,2.6662,2.0657,2.6662,2.6662,2.6662,2.6662,2.6662,2.6662,2.6662,2.6662,2.6662,2.6662,2.6662,2.6662,2.6662,2.6662,2.6662,2.6662
2.6706,2.6706,2.6706,2.6706,2.6706,2.6706,2.6706,2.6706,2.6706,2.6706,2.6706,2.6706,2.6706,2.6706,1.5126,1.8188,1.891,1.9635,2.0379,2.1122,2.1868,2.2613,2.3359,2.4105,2.4851,2.5597
2.6749,2.6749,2.6749,2.6749,2.6749,2.6749,2.6749,2.6749,2.6749,2.6749,2.6749,2.6749,2.6749,1.1526,1.1149,1.0703,1.0135,0.9564,0.8978,0.8393,0.7805,0.7218,0.6631,0.6043,0.5456,0.4868
2.6793,2.6793,2.6793,2.6793,2.6793,2.6793,2.6793,2.6793,2.6793,2.6793,1.9452,1.2122,1.9988,1.9651,2.0198,2.0848,2.1675,2.2506,2.3358,2.421,2.5065,2.592,2.6774,2.6793,2.6793,2.6793
2.6837,2.6837,2.6837,2.6837,2.6837,2.6837,2.6837,2.6837,2.6837,2.6837,2.6837,2.6837,2.6837,2.6837,2.6837,2.6837,2.6837,2.6837,2.6837,2.6837,2.6837,2.6837,2.6837,2.6837,2.6837,2.6837
2.6881,2.6881,2.6881,2.6881,2.6881,2.6881,2.6881,2.6881,2.6881,2.6881,1.8983,1.0731,1.6855,1.7201,1.664,1.5974,1.5125,1.4273,1.3399,1.2525,1.1649,1.0773,0.9896,0.9019,0.8143,0.7266
2.6925,2.6925,2.6925,2.6925,2.6925,2.6925,2.6925,2.6925,2.6925,2.6925,2.6925,2.6925,2.6925,1.3482,1.3858,1.4304,1.4871,1.5441,1.6026,1.6611,1.7197,1.7783,1.837,1.8957,1.9543,2.013
2.697,2.697,2.697,2.697,2.697,2.697,2.697,2.697,2.697,2.697,2.697,2.697,2.697,0.6529,1.3817,1.3264,1.2559,1.1852,1.1126,1.0401,0.9673,0.8945,0.8217,0.7489,0.6761,0.6033
2.7014,2.7014,2.7014,2.7014,2.7014,2.7014,2.7014,2.7014,2.7014,2.7014,2.7014,2.7014,2.7014,2.7014,2.7014,2.7014,2.7014,2.7014,2.7014,2.7014,2.7014,2.7014,2.7014,2.7014,2.7014,2.7014
2.7059,2.7059,2.7059,2.7059,2.7059,2.7059,2.7059,2.7059,2.7059,2.7059,2.7059,2.7059,2.7059,2.7059,2.7059,1.819,2.5452,2.7059,2.7059,2.7059,2.7059,2.7059,2.7059,2.7059,2.7059,2.7059
2.7103,2.7103,2.7103,2.7103,2.7103,2.7103,2.7103,2.7103,2.7103,2.7103,2.7103,2.7103,0.6737,1.1856,1.1469,1.101,1.0425,0.9838,0.9236,0.8633,0.8029,0.7425,0.6821,0.6217,0.5612,0.5008
2.7148,2.7148,2.7148,2.7148,2.7148,2.7148,2.7148,2.7148,2.7148,2.7148,2.7148,1.7689,1.5211,1.4955,1.5371,1.5866,1.6495,1.7128,1.7776,1.8425,1.9075,1.9726,2.0376,2.1027,2.1678,2.2328
2.7193,2.7193,2.7193,2.7193,2.7193,2.7193,2.7193,2.7193,2.7193,2.7193,2.7193,2.7193,2.7193,2.7193,2.7193,1.6498,2.3084,2.6655,2.5023,2.3391,2.1755,2.0118,1.8481,1.6844,1.5206,1.3569
2.7239,2.7239,2.7239,2.7239,2.7239,2.7239,2.7239,2.7239,2.7239,2.1688,1.5129,2.7239,2.7239,2.7239,2.7239,2.7239,2.7037,2.5514,2.3952,2.239,2.0824,1.9257,1.769,1.6123,1.4555,1.2988
2.7284,2.7284,2.7284,2.7284,2.7284,2.7284,2.7284,2.7284,2.7284,2.7284,2.7284,2.7284,2.7284,0.7938,1.5206,1.5694,1.6317,1.6943,1.7584,1.8226,1.8869,1.9513,2.0156,2.08,2.1444,2.2087
2.7329,2.7329,2.7329,2.7329,2.7329,2.7329,2.7329,2.7329,2.7329,2.7329,2.7329,2.7329,2.7329,1.0708,1.1474,1.1015,1.043,0.9843,0.924,0.8637,0.8033,0.7429,0.6824,0.622,0.5615,0.501
2.7375,2.7375,2.7375,2.7375,2.7375,2.7375,2.7375,2.7375,2.7375,2.3395,2.7375,2.7375,2.6415,2.5969,2.6693,2.7375,2.7375,2.7375,2.7375,2.7375,2.7375,2.7375,2.7375,2.7375,2.7375,2.7375
2.7421,2.7421,2.7421,2.7421,2.7421,2.7421,2.7421,2.7421,2.7421,2.7421,2.7421,2.7421,2.7421,2.7421,2.7421,2.7421,2.7421,2.7421,2.7421,2.7421,2.7421,2.7421,2.7421,2.7421,2.7421,2.7421
2.7467,2.7467,2.7467,2.7467,2.7467,2.7467,2.7467,2.7467,2.7467,2.7467,2.3914,1.3518,1.3693,1.3974,1.3518,1.2977,1.2287,1.1595,1.0885,1.0175,0.9463,0.8751,0.8039,0.7327,0.6615,0.5903
2.7513,2.7513,2.7513,2.7513,2.7513,2.7513,2.7513,2.7513,2.7513,2.7513,2.7513,2.7513,1.5609,1.3353,1.3726,1.4167,1.4729,1.5294,1.5873,1.6452,1.7033,1.7614,1.8195,1.8776,1.9357,1.9938
2.7559,2.7559,2.7559,2.7559,2.7559,2.7559,2.7559,2.7559,2.7559,2.7559,2.7559,2.7559,2.7559,2.7559,1.2153,1.6067,1.5213,1.4356,1.3477,1.2598,1.1717,1.0835,0.9954,0.9072,0.819,0.7308
2.7606,2.7606,2.7606,2.7606,2.7606,2.7606,2.7606,2.7606,2.7606,2.7606,2.7606,2.7606,2.7606,2.7606,2.7606,2.7606,2.7606,2.7606,2.7606,2.7606,2.7606,2.7606,2.7606,2.7606,2.7606,2.7606
2.7652,2.7652,2.7652,2.7652,2.7652,2.7652,2.7652,2.7652,2.7652,2.7652,2.7652,2.7652,2.7652,2.7652,1.2794,2.0148,2.0948,2.1751,2.2574,2.3398,2.4224,2.505,2.5876,2.6702,2.7529,2.7652
2.7699,2.7699,2.7699,2.7699,2.7699,2.7699,2.7699,2.7699,2.7699,2.7699,2.7699,2.7699,2.7699,1.1303,1.0934,1.0496,0.9939,0.9379,0.8804,0.823,0.7654,0.7079,0.6503,0.5926,0.535,0.4774
2.7746,2.7746,2.7746,2.7746,2.7746,2.7746,2.7746,2.7746,2.7746,2.7746,2.2057,1.2469,1.7319,1.7027,1.7502,1.8064,1.8781,1.9501,2.024,2.0978,2.1718,2.2459,2.32,2.3941,2.4682,2.5422
2.7793,2.7793,2.7793,2.7793,2.7793,2.7793,2.7793,2.7793,2.7793,2.7793,2.7793,2.7793,2.7793,2.7793,2.7793,2.7793,2.7793,2.7729,2.7793,2.7793,2.7793,2.7793,2.7793,2.7793,2.7793,2.7793
2.784,2.784,2.784,2.784,2.784,2.784,2.784,2.784,2.784,2.4068,1.679,0.9491,1.966,2.0063,1.9408,1.8631,1.7642,1.6648,1.5629,1.4609,1.3587,1.2565,1.1543,1.052,0.9497,0.8475
2.7888,2.7888,2.7888,2.7888,2.7888,2.7888,2.7888,2.7888,2.7888,2.7888,2.7888,2.7888,2.7888,1.3164,1.3919,1.4366,1.4936,1.5509,1.6096,1.6683,1.7272,1.7861,1.845,1.9039,1.9629,2.0218
2.7935,2.7935,2.7935,2.7935,2.7935,2.7935,2.7935,2.7935,2.7935,2.7935,2.7935,2.7935,2.7935,0.6259,1.244,1.1942,1.1308,1.0671,1.0018,0.9364,0.8709,0.8054,0.7399,0.6743,0.6088,0.5432
2.7983,2.7983,2.7983,2.7983,2.7983,2.7983,2.7983,2.7983,2.7983,2.7983,2.7983,2.7983,2.7983,2.7983,2.7983,2.7983,2.7983,2.7983,2.7983,2.7983,2.7983,2.7983,2.7983,2.7983,2.7983,2.7983
2.8031,2.8031,2.8031,2.8031,2.8031,2.8031,2.8031,2.8031,2.8031,2.8031,2.8031,2.8031,2.8031,2.8031,2.8031,2.8031,2.3284,2.8031,2.8031,2.8031,2.8031,2.8031,2.8031,2.8031,2.8031,2.8031
2.8079,2.8079,2.8079,2.8079,2.8079,2.8079,2.8079,2.8079,2.8079,2.8079,2.8079,1.9689,0.5338,1.2214,1.1815,1.1342,1.074,1.0135,0.9514,0.8894,0.8272,0.7649,0.7027,0.6404,0.5782,0.5159
2.8127,2.8127,2.8127,2.8127,2.8127,2.8127,2.8127,2.8127,2.8127,2.8127,2.8127,2.3921,0.7687,1.3881,1.4268,1.4727,1.5311,1.5898,1.65,1.7102,1.7706,1.831,1.8914,1.9518,2.0122,2.0726
2.8175,2.8175,2.8175,2.8175,2.8175,2.8175,2.8175,2.8175,2.8175,2.8175,2.8175,2.8175,2.8175,2.8175,1.0343,1.7233,2.0666,1.9502,1.8308,1.7114,1.5916,1.4719,1.3521,1.2323,1.1125,0.9927
2.8224,2.8224,2.8224,2.8224,2.8224,2.8224,2.8224,2.8224,2.6575,2.0404,1.4234,2.8224,2.8224,2.8224,2.8224,2.8224,2.8224,2.8224,2.8224,2.8224,2.8224,2.8224,2.6476,2.4131,2.1785,1.9439
2.8273,2.8273,2.8273,2.8273,2.8273,2.8273,2.8273,2.8273,2.8273,2.8273,2.8273,2.8273,2.8273,2.8273,1.6121,1.664,1.73,1.7963,1.8643,1.9324,2.0006,2.0688,2.137,2.2053,2.2735,2.3418
2.8322,2.8322,2.8322,2.8322,2.8322,2.8322,2.8322,2.8322,2.8322,2.8322,2.8322,2.8322,2.8322,1.1303,1.0934,1.0496,0.9939,0.9379,0.8805,0.823,0.7655,0.7079,0.6503,0.5927,0.5351,0.4774
2.8371,2.8371,2.8371,2.8371,2.8371,2.8371,2.8371,2.8371,2.8371,2.5217,1.7591,2.2692,2.1366,2.1006,2.1591,2.2285,2.317,2.4058,2.4969,2.588,2.6793,2.7707,2.8371,2.8371,2.8371,2.8371
2.842,2.842,2.842,2.842,2.842,2.842,2.842,2.842,2.842,2.842,2.842,2.842,2.842,2.842,2.842,2.842,2.842,2.842,2.842,2.842,2.842,2.842,2.842,2.842,2.842,2.842
2.8469,2.8469,2.8469,2.8469,2.8469,2.8469,2.8469,2.8469,2.8469,2.8469,1.9986,1.1298,1.5037,1.5346,1.4845,1.4251,1.3494,1.2734,1.1954,1.1174,1.0393,0.9611,0.8829,0.8046,0.7264,0.6482
2.8519,2.8519,2.8519,2.8519,2.8519,2.8519,2.8519,2.8519,2.8519,2.8519,2.8519,2.8519,2.8519,1.3036,1.3399,1.383,1.4379,1.493,1.5496,1.6061,1.6628,1.7195,1.7762,1.8329,1.8896,1.9464
2.8568,2.8568,2.8568,2.8568,2.8568,2.8568,2.8568,2.8568,2.8568,2.8568,2.8568,2.8568,2.8568,2.8568,1.3637,1.3786,1.3054,1.2319,1.1564,1.081,1.0054,0.9297,0.8541,0.7784,0.7027,0.6271
2.8618,2.8618,2.8618,2.8618,2.8618,2.8618,2.8618,2.8618,2.8618,2.8618,2.8618,2.8618,2.8618,2.8618,2.8618,2.8618,2.8618,2.8618,2.8618,2.8618,2.8618,2.8618,2.8618,2.8618,2.8618,2.8618
2.8668,2.8668,2.8668,2.8668,2.8668,2.8668,2.8668,2.8668,2.8668,2.8668,2.8668,2.8668,2.8668,2.8668,1.2342,1.8698,2.4118,2.5042,2.5991,2.6939,2.789,2.8668,2.8668,2.8668,2.8668,2.8668
2.8719,2.8719,2.8719,2.8719,2.8719,2.8719,2.8719,2.8719,2.8719,2.8719,2.8719,2.8719,0.9304,1.1299,1.0931,1.0493,0.9936,0.9376,0.8802,0.8228,0.7652,0.7077,0.6501,0.5925,0.5349,0.4773
2.8769,2.8769,2.8769,2.8769,2.8769,2.8769,2.8769,2.8769,2.8769,2.8769,2.6212,1.4818,1.5484,1.5222,1.5647,1.615,1.679,1.7434,1.8094,1.8755,1.9417,2.0079,2.0741,2.1403,2.2065,2.2728
2.882,2.882,2.882,2.882,2.882,2.882,2.882,2.882,2.882,2.882,2.882,2.882,2.882,2.882,2.882,1.5604,2.1833,2.8062,2.882,2.882,2.7154,2.5111,2.3067,2.1024,1.898,1.6936
2.887,2.887,2.887,2.887,2.887,2.887,2.887,2.887,2.8498,2.1881,1.5264,0.9017,2.4334,2.4834,2.4023,2.3062,2.1837,2.0607,1.9345,1.8083,1.6818,1.5553,1.4287,1.3021,1.1756,1.049
2.8921,2.8921,2.8921,2.8921,2.8921,2.8921,2.8921,2.8921,2.8921,2.8921,2.8921,2.8921,2.8921,0.8342,1.4265,1.4724,1.5308,1.5895,1.6497,1.7098,1.7702,1.8306,1.8909,1.9513,2.0117,2.0721
2.8973,2.8973,2.8973,2.8973,2.8973,2.8973,2.8973,2.8973,2.8973,2.8973,2.8973,2.8973,2.8973,0.8189,1.1482,1.1023,1.0437,0.9849,0.9246,0.8643,0.8038,0.7434,0.6829,0.6224,0.5619,0.5014
2.9024,2.9024,2.9024,2.9024,2.9024,2.9024,2.9024,2.9024,2.8335,2.2431,2.9024,2.9024,2.9024,2.9024,2.9024,2.9024,2.9024,2.9024,2.9024,2.9024,2.9024,2.9024,2.9024,2.9024,2.9024,2.9024
2.9075,2.9075,2.9075,2.9075,2.9075,2.9075,2.9075,2.9075,2.9075,2.9075,2.9075,2.9075,2.9075,2.9075,2.9075,2.9075,2.9075,2.9075,2.9075,2.9075,2.9075,2.9075,2.9075,2.9075,2.9075,2.9075
2.9127,2.9127,2.9127,2.9127,2.9127,2.9127,2.9127,2.9127,2.9127,2.9127,2.6369,1.4906,0.5624,1.287,1.245,1.1951,1.1317,1.0679,1.0025,0.9371,0.8716,0.806,0.7404,0.6748,0.6092,0.5436
2.9179,2.9179,2.9179,2.9179,2.9179,2.9179,2.9179,2.9179,2.9179,2.9179,2.9179,2.9179,0.8922,1.3163,1.3529,1.3964,1.4519,1.5075,1.5646,1.6217,1.6789,1.7362,1.7934,1.8507,1.908,1.9652
2.9231,2.9231,2.9231,2.9231,2.9231,2.9231,2.9231,2.9231,2.9231,2.9231,2.9231,2.9231,2.9231,2.9231,1.1071,1.7348,1.6427,1.5501,1.4552,1.3603,1.2651,1.17,1.0747,0.9795,0.8843,0.7891
2.9283,2.9283,2.9283,2.9283,2.9283,2.9283,2.9283,2.9283,2.5515,1.959,2.9283,2.9283,2.9283,2.9283,2.9283,2.9283,2.9283,2.9283,2.9283,2.9283,2.9283,2.9283,2.9283,2.9283,2.9283,2.9283
2.9336,2.9336,2.9336,2.9336,2.9336,2.9336,2.9336,2.9336,2.9336,2.9336,2.9336,2.9336,2.9336,2.9336,1.3585,1.8126,1.8845,1.9568,2.0309,2.105,2.1793,2.2536,2.3279,2.4023,2.4766,2.5509
2.9388,2.9388,2.9388,2.9388,2.9388,2.9388,2.9388,2.9388,2.9388,2.9388,2.9388,2.9388,2.9388,1.0984,1.0625,1.02,0.9658,0.9114,0.8556,0.7998,0.7438,0.6879,0.6319,0.5759,0.5199,0.464
2.9441,2.9441,2.9441,2.9441,2.9441,2.9441,2.9441,2.9441,2.9441,2.8026,1.9551,1.1052,1.8137,1.7831,1.8327,1.8917,1.9667,2.0421,2.1195,2.1968,2.2743,2.3519,2.4295,2.507,2.5846,2.6622
2.9494,2.9494,2.9494,2.9494,2.9494,2.9494,2.9494,2.9494,2.9494,2.9494,2.9494,2.9494,2.9494,2.9494,2.9494,2.9494,2.9494,2.9494,2.9494,2.9494,2.9494,2.9494,2.9494,2.9494,2.9494,2.9494
2.9547,2.9547,2.9547,2.9547,2.9547,2.9547,2.9547,2.9547,2.9547,2.4907,1.7375,0.9822,1.7111,1.7462,1.6892,1.6216,1.5355,1.449,1.3602,1.2715,1.1826,1.0936,1.0046,0.9156,0.8266,0.7376
2.9601,2.9601,2.9601,2.9601,2.9601,2.9601,2.9601,2.9601,2.9601,2.9601,2.9601,2.9601,2.9601,1.2972,1.3334,1.3762,1.4308,1.4857,1.542,1.5982,1.6546,1.711,1.7675,1.8239,1.8804,1.9368
2.9654,2.9654,2.9654,2.9654,2.9654,2.9654,2.9654,2.9654,2.9654,2.9654,2.9654,2.9654,2.9654,0.6021,1.2741,1.2231,1.1581,1.0929,1.026,0.9591,0.892,0.8249,0.7577,0.6906,0.6235,0.5563
2.9708,2.9708,2.9708,2.9708,2.9708,2.9708,2.9708,2.9708,2.9708,2.9708,2.9708,2.9708,2.9708,2.9708,2.9708,2.9708,2.9708,2.9708,2.9708,2.9708,2.9708,2.9708,2.9708,2.9708,2.9708,2.9708
2.9762,2.9762,2.9762,2.9762,2.9762,2.9762,2.9762,2.9762,2.9762,2.9762,2.9762,2.9762,2.9762,2.9762,2.9762,1.6886,2.3626,2.9762,2.9762,2.9762,2.9762,2.9762,2.9762,2.9762,2.9762,2.9762
2.9816,2.9816,2.9816,2.9816,2.9816,2.9816,2.9816,2.9816,2.9816,2.9816,2.9816,2.3791,0.5463,1.1522,1.1146,1.07,1.0132,0.9561,0.8975,0.839,0.7803,0.7216,0.6629,0.6042,0.5454,0.4867
2.9871,2.9871,2.9871,2.9871,2.9871,2.9871,2.9871,2.9871,2.9871,2.9871,2.9871,1.8859,1.4206,1.3966,1.4355,1.4817,1.5405,1.5995,1.6601,1.7207,1.7814,1.8422,1.9029,1.9637,2.0244,2.0852
2.9925,2.9925,2.9925,2.9925,2.9925,2.9925,2.9925,2.9925,2.9925,2.9925,2.9925,2.9925,2.9925,2.9925,2.9925,1.6119,2.2554,2.2504,2.1126,1.9748,1.8367,1.6985,1.5603,1.422,1.2838,1.1456
2.998,2.998,2.998,2.998,2.998,2.998,2.998,2.998,2.6526,2.0367,1.4208,2.998,2.998,2.998,2.998,2.998,2.9722,2.8048,2.633,2.4613,2.2891,2.1169,1.9446,1.7724,1.6001,1.4278
3.0035,3.0035,3.0035,3.0035,3.0035,3.0035,3.0035,3.0035,3.0035,3.0035,3.0035,3.0035,3.0035,0.78,1.4942,1.5422,1.6034,1.6649,1.7279,1.791,1.8542,1.9174,1.9806,2.0439,2.1071,2.1704
3.009,3.009,3.009,3.009,3.009,3.009,3.009,3.009,3.009,3.009,3.009,3.009,3.009,1.1198,1.0832,1.0399,0.9846,0.9292,0.8723,0.8154,0.7583,0.7013,0.6442,0.5871,0.5301,0.473
3.0145,3.0145,3.0145,3.0145,3.0145,3.0145,3.0145,3.0145,3.0128,2.3132,1.6137,2.477,2.3322,2.2929,2.3568,2.4325,2.5291,2.626,2.7255,2.8249,2.9246,3.0145,3.0145,3.0145,3.0145,3.0145
3.0201,3.0201,3.0201,3.0201,3.0201,3.0201,3.0201,3.0201,3.0201,3.0201,3.0201,3.0201,3.0201,3.0201,3.0201,3.0201,3.0201,3.0201,3.0201,3.0201,3.0201,3.0201,3.0201,3.0201,3.0201,3.0201
3.0257,3.0257,3.0257,3.0257,3.0257,3.0257,3.0257,3.0257,3.0257,3.0257,2.1414,1.2105,1.3633,1.3913,1.3459,1.292,1.2234,1.1545,1.0838,1.0131,0.9422,0.8713,0.8004,0.7295,0.6586,0.5877
3.0313,3.0313,3.0313,3.0313,3.0313,3.0313,3.0313,3.0313,3.0313,3.0313,3.0313,3.0313,2.6579,1.2731,1.3085,1.3506,1.4042,1.458,1.5133,1.5685,1.6238,1.6792,1.7346,1.79,1.8454,1.9008
3.0369,3.0369,3.0369,3.0369,3.0369,3.0369,3.0369,3.0369,3.0369,3.0369,3.0369,3.0369,3.0369,3.0369,1.2196,1.455,1.3777,1.3001,1.2205,1.1409,1.0611,0.9813,0.9014,0.8216,0.7417,0.6618
3.0425,3.0425,3.0425,3.0425,3.0425,3.0425,3.0425,3.0425,3.0425,3.0425,3.0425,3.0425,3.0425,3.0425,3.0425,3.0425,3.0425,3.0425,3.0425,3.0425,3.0425,3.0425,3.0425,3.0425,3.0425,3.0425
3.0482,3.0482,3.0482,3.0482,3.0482,3.0482,3.0482,3.0482,3.0482,3.0482,3.0482,3.0482,3.0482,3.0482,1.1695,1.9485,2.1216,2.2029,2.2864,2.3698,2.4534,2.5371,2.6208,2.7044,2.7881,2.8718
3.0486,3.0539,3.0539,3.0539,3.0539,3.0539,3.0539,3.0539,3.0539,3.0539,3.0539,3.0539,1.5844,1.0879,1.0524,1.0102,0.9566,0.9027,0.8474,0.7921,0.7367,0.6813,0.6259,0.5704,0.515,0.4595
3.0596,3.0596,3.0596,3.0596,3.0596,3.0596,3.0596,3.0596,3.0596,3.0596,2.2589,1.2769,1.5958,1.5689,1.6126,1.6645,1.7305,1.7968,1.8649,1.9329,2.0012,2.0694,2.1376,2.2059,2.2742,2.3424
3.0653,3.0653,3.0653,3.0653,3.0653,3.0653,3.0653,3.0653,3.0653,3.0653,3.0653,3.0653,3.0653,3.0653,3.0653,3.0653,2.0866,2.6819,3.0653,3.0653,3.0653,3.0653,3.0653,2.8904,2.6094,2.3285
3.071,3.071,3.071,3.071,3.071,3.071,3.071,3.071,2.9086,2.2332,1.5578,0.8806,2.0414,2.0833,2.0153,1.9346,1.8319,1.7287,1.6228,1.517,1.4109,1.3047,1.1985,1.0924,0.9862,0.88
3.0768,3.0768,3.0768,3.0768,3.0768,3.0768,3.0768,3.0768,3.0768,3.0768,3.0768,3.0768,3.0768,1.0403,1.3528,1.3963,1.4518,1.5074,1.5645,1.6216,1.6788,1.7361,1.7933,1.8506,1.9079,1.9651
3.0826,3.0826,3.0826,3.0826,3.0826,3.0826,3.0826,3.0826,3.0826,3.0826,3.0826,3.0826,3.0826,0.6618,1.1615,1.1151,1.0558,0.9963,0.9353,0.8743,0.8132,0.752,0.6908,0.6296,0.5684,0.5072
3.0884,3.0884,3.0884,3.0884,3.0884,3.0884,3.0884,3.0884,3.0884,3.0884,3.0884,3.0884,3.0884,3.0884,3.0884,3.0884,3.0884,3.0884,3.0884,3.0884,3.0884,3.0884,3.0884,3.0884,3.0884,3.0884
3.0942,3.0942,3.0942,3.0942,3.0942,3.0942,3.0942,3.0942,3.0942,3.0942,3.0942,3.0942,3.0942,3.0942,3.0942,3.0942,2.2331,2.8103,3.0942,3.0942,3.0942,3.0942,3.0942,3.0942,3.0942,3.0942
3.1001,3.1001,3.1001,3.1001,3.1001,3.1001,3.1001,3.1001,3.1001,3.1001,2.9926,1.6917,0.5244,1.1999,1.1608,1.1143,1.0551,0.9957,0.9347,0.8738,0.8126,0.7515,0.6903,0.6292,0.568,0.5069
3.106,3.106,3.106,3.106,3.106,3.106,3.106,3.106,3.106,3.106,3.106,2.6972,0.7257,1.3105,1.3471,1.3904,1.4456,1.501,1.5578,1.6147,1.6716,1.7286,1.7857,1.8427,1.8997,1.9567
3.1119,3.1119,3.1119,3.1119,3.1119,3.1119,3.1119,3.1119,3.1119,3.1119,3.1119,3.1119,3.1119,3.1119,1.0222,1.7031,1.8145,1.7123,1.6074,1.5026,1.3975,1.2923,1.1872,1.082,0.9768,0.8716
3.1178,3.1178,3.1178,3.1178,3.1178,3.1178,3.1178,3.1073,2.5218,1.9362,3.1178,3.1178,3.1178,3.1178,3.1178,3.1178,3.1178,3.1178,3.1178,3.1178,3.1178,3.1178,3.1178,2.914,2.6308,2.3475
3.1237,3.1237,3.1237,3.1237,3.1237,3.1237,3.1237,3.1237,3.1237,3.1237,3.1237,3.1237,3.1237,3.1237,1.4699,1.6553,1.721,1.787,1.8547,1.9223,1.9902,2.058,2.1259,2.1938,2.2617,2.3296
3.0205,3.0375,3.0799,3.1297,3.1297,3.1297,3.1297,3.1297,3.1297,3.1297,3.1297,3.1297,3.1297,1.0778,1.0426,1.0009,0.9477,0.8943,0.8396,0.7848,0.7299,0.675,0.6201,0.5651,0.5102,0.4553
3.1357,3.1357,3.1357,3.1357,3.1357,3.1357,3.1357,3.1357,3.1357,2.5271,1.7629,2.0498,1.93,1.8975,1.9504,2.0131,2.093,2.1732,2.2555,2.3378,2.4203,2.5028,2.5854,2.6679,2.7505,2.833
3.1417,3.1417,3.1417,3.1417,3.1417,3.1417,3.1417,3.1417,3.1417,3.1417,3.1417,3.1417,3.1417,3.1417,3.1417,3.1417,3.1417,3.1417,3.1417,3.1417,3.1417,3.1417,3.1417,3.1417,3.1417,3.1417
3.1477,3.1477,3.1477,3.1477,3.1477,3.1477,3.1477,3.1477,3.1477,2.6143,1.8237,1.0309,1.5198,1.551,1.5004,1.4403,1.3638,1.287,1.2082,1.1294,1.0504,0.9714,0.8923,0.8133,0.7342,0.6552
3.1538,3.1538,3.1538,3.1538,3.1538,3.1538,3.1538,3.1538,3.1538,3.1538,3.1538,3.1538,3.1538,1.255,1.2899,1.3314,1.3843,1.4373,1.4918,1.5462,1.6008,1.6553,1.7099,1.7645,1.8191,1.8738
3.1599,3.1599,3.1599,3.1599,3.1599,3.1599,3.1599,3.1599,3.1599,3.1599,3.1599,3.1599,3.1599,0.6246,1.3217,1.2688,1.2014,1.1337,1.0643,0.9949,0.9253,0.8557,0.786,0.7164,0.6468,0.5771
3.166,3.166,3.166,3.166,3.166,3.166,3.166,3.166,3.166,3.166,3.166,3.166,3.166,3.166,3.166,3.166,3.166,3.166,3.166,3.166,3.166,3.166,3.166,3.166,3.166,3.166
3.1721,3.1721,3.1721,3.1721,3.1721,3.1721,3.1721,3.1721,3.1721,3.1721,3.1721,3.1721,3.1721,3.1721,3.1721,1.7336,2.4257,2.5886,2.6866,2.7846,2.8829,2.9812,3.0795,3.1721,3.1721,3.1721
3.078,3.0953,3.1386,3.1783,3.1783,3.1783,3.1783,3.1783,3.1783,3.1783,3.1783,3.0881,0.7091,1.0983,1.0625,1.02,0.9658,0.9114,0.8556,0.7998,0.7438,0.6879,0.6319,0.5759,0.5199,0.4639
3.1845,3.1845,3.1845,3.1845,3.1845,3.1845,3.1845,3.1845,3.1845,3.1845,2.7528,1.5561,1.445,1.4206,1.4602,1.5072,1.567,1.6271,1.6887,1.7503,1.8121,1.8739,1.9357,1.9975,2.0593,2.1211
3.1907,3.1907,3.1907,3.1907,3.1907,3.1907,3.1907,3.1907,3.1907,3.1907,3.1907,3.1907,3.1907,3.1907,3.1907,1.5244,2.133,2.7188,2.5524,2.3859,2.219,2.052,1.8851,1.7181,1.551,1.384
3.1969,3.1969,3.1969,3.1969,3.1969,3.1969,3.1969,3.1969,2.6755,2.0542,1.433,2.4139,2.611,2.6645,2.5776,2.4744,2.343,2.211,2.0756,1.9402,1.8045,1.6687,1.5329,1.3971,1.2613,1.1255
3.2031,3.2031,3.2031,3.2031,3.2031,3.2031,3.2031,3.2031,3.2031,3.2031,3.2031,3.2031,3.2031,0.7314,1.4011,1.4461,1.5035,1.5611,1.6203,1.6794,1.7386,1.7979,1.8572,1.9165,1.9758,2.0351
3.1401,3.1578,3.2019,3.2094,3.2094,3.2094,3.2094,3.2094,3.2094,3.2094,3.2094,3.2094,3.2094,0.9066,1.0839,1.0405,0.9853,0.9298,0.8728,0.8159,0.7588,0.7017,0.6446,0.5875,0.5304,0.4733
3.2157,3.2157,3.2157,3.2157,3.2157,3.2157,3.2157,3.2157,2.7989,2.149,2.9482,2.7725,2.6105,2.5664,2.6379,2.7228,2.8308,2.9393,3.0506,3.1619,3.2157,3.2157,3.2157,3.2157,3.2157,3.2157
3.222,3.222,3.222,3.222,3.222,3.222,3.222,3.222,3.222,3.222,3.222,3.222,3.222,3.222,3.222,3.222,3.222,3.222,3.222,3.222,3.222,3.222,3.222,3.222,3.222,3.222
3.2284,3.2284,3.2284,3.2284,3.2284,3.2284,3.2284,3.2284,3.2284,3.2284,2.3415,1.3237,1.2535,1.2792,1.2375,1.1879,1.1248,1.0615,0.9965,0.9315,0.8663,0.8011,0.7359,0.6707,0.6055,0.5403
3.2347,3.2347,3.2347,3.2347,3.2347,3.2347,3.2347,3.2347,3.2347,3.2347,3.2347,3.2347,1.1512,1.2552,1.2902,1.3317,1.3845,1.4376,1.492,1.5465,1.601,1.6556,1.7103,1.7649,1.8195,1.8741
3.2411,3.2411,3.2411,3.2411,3.2411,3.2411,3.2411,3.2411,3.2411,3.2411,3.2411,3.2411,3.2411,3.2411,1.1081,1.5621,1.4791,1.3958,1.3103,1.2249,1.1392,1.0535,0.9677,0.882,0.7963,0.7105
3.2476,3.2476,3.2476,3.2476,3.2476,3.2476,3.2476,3.0126,2.4449,3.2476,3.2476,3.2476,3.2476,3.2476,3.2476,3.2476,3.2476,3.2476,3.2476,3.2476,3.2476,3.2476,3.2476,3.2476,3.2476,3.2476
3.254,3.254,3.254,3.254,3.254,3.254,3.254,3.254,3.254,3.254,3.254,3.254,3.254,3.254,1.2369,1.8286,1.9012,1.9741,2.0488,2.1236,2.1985,2.2735,2.3485,2.4235,2.4985,2.5735
2.9634,2.9801,3.0218,3.097,3.1771,3.2605,3.2605,3.2605,3.2605,3.2605,3.2605,3.2605,3.2605,1.0575,1.0229,0.982,0.9298,0.8775,0.8237,0.77,0.7161,0.6623,0.6084,0.5545,0.5006,0.4467
3.267,3.267,3.267,3.267,3.267,3.267,3.267,3.267,3.267,2.8536,1.9907,1.1253,1.6666,1.6384,1.6841,1.7382,1.8072,1.8765,1.9476,2.0186,2.0899,2.1611,2.2324,2.3037,2.375,2.4463
3.2735,3.2735,3.2735,3.2735,3.2735,3.2735,3.2735,3.2735,3.2735,3.2735,3.2735,3.2735,3.2735,3.2735,3.2735,3.2735,3.2735,2.6512,3.1626,3.2735,3.2735,3.2735,3.2735,3.2735,3.2735,3.2735
3.2801,3.2801,3.2801,3.2801,3.2801,3.2801,3.2801,3.2801,3.0044,2.3068,1.6092,0.9096,1.7618,1.798,1.7393,1.6697,1.581,1.4919,1.4006,1.3092,1.2176,1.126,1.0344,0.9427,0.8511,0.7595
3.2867,3.2867,3.2867,3.2867,3.2867,3.2867,3.2867,3.2867,3.2867,3.2867,3.2867,3.2867,3.2867,1.2609,1.296,1.3377,1.3907,1.4441,1.4987,1.5534,1.6083,1.6631,1.718,1.7728,1.8277,1.8825
3.2933,3.2933,3.2933,3.2933,3.2933,3.2933,3.2933,3.2933,3.2933,3.2933,3.2933,3.2933,3.2933,0.5615,1.1882,1.1406,1.08,1.0192,0.9568,0.8944,0.8318,0.7692,0.7066,0.644,0.5814,0.5188
3.2999,3.2999,3.2999,3.2999,3.2999,3.2999,3.2999,3.2999,3.2999,3.2999,3.2999,3.2999,3.2999,3.2999,3.2999,3.2999,3.2999,3.2999,3.2999,3.2999,3.2999,3.2999,3.2999,3.2999,3.2999,3.2999
3.3066,3.3066,3.3066,3.3066,3.3066,3.3066,3.3066,3.3066,3.3066,3.3066,3.3066,3.3066,3.3066,3.3066,3.3066,1.6865,2.217,2.8495,3.3066,3.3066,3.3066,3.3066,3.3066,3.3066,3.3066,3.3066
3.1704,3.1883,3.2328,3.3132,3.3132,3.3132,3.3132,3.3132,3.3132,3.3132,3.3132,1.994,0.4944,1.1313,1.0944,1.0506,0.9948,0.9387,0.8813,0.8238,0.7662,0.7085,0.6509,0.5932,0.5355,0.4779
3.32,3.32,3.32,3.32,3.32,3.32,3.32,3.32,3.32,3.32,3.32,2.0584,0.7298,1.318,1.3547,1.3983,1.4538,1.5095,1.5667,1.6238,1.6811,1.7385,1.7958,1.8531,1.9105,1.9678
3.3267,3.3267,3.3267,3.3267,3.3267,3.3267,3.3267,3.3267,3.3267,3.3267,3.3267,3.3267,3.3267,3.3267,0.9951,1.5914,2.0614,1.9453,1.8262,1.7071,1.5876,1.4682,1.3487,1.2292,1.1097,0.9902
3.3335,3.3335,3.3335,3.3335,3.3335,3.3335,3.3335,3.101,2.5166,1.9323,1.3479,3.3335,3.3335,3.3335,3.3335,3.3335,3.3335,3.1859,2.9908,2.7958,2.6002,2.4045,2.2089,2.0132,1.8175,1.6218
3.3403,3.3403,3.3403,3.3403,3.3403,3.3403,3.3403,3.3403,3.3403,3.3403,3.3403,3.3403,3.3403,3.3403,1.4839,1.5317,1.5924,1.6535,1.7161,1.7787,1.8415,1.9043,1.9671,2.0299,2.0927,2.1556
2.9922,3.009,3.0511,3.1271,3.2079,3.302,3.3471,3.3471,3.3471,3.3471,3.3471,3.3471,3.3471,1.0677,1.0329,0.9915,0.9389,0.886,0.8317,0.7775,0.7231,0.6687,0.6143,0.5598,0.5054,0.451
3.3539,3.3539,3.3539,3.3539,3.3539,3.3539,3.3539,3.3539,3.0119,2.3125,1.6132,2.2216,2.0918,2.0565,2.1138,2.1817,2.2683,2.3553,2.4445,2.5336,2.6231,2.7125,2.802,2.8915,2.9809,3.0704
3.3608,3.3608,3.3608,3.3608,3.3608,3.3608,3.3608,3.3608,3.3608,3.3608,3.3608,3.3608,3.3608,3.3608,3.3608,3.3608,3.3608,3.3608,3.3608,3.3608,3.3608,3.3608,3.3608,3.3608,3.3608,3.3608
3.3677,3.3677,3.3677,3.3677,3.3677,3.3677,3.3677,3.3677,3.3677,2.7872,1.9443,1.0991,1.3731,1.4012,1.3555,1.3012,1.2321,1.1627,1.0915,1.0203,0.949,0.8776,0.8061,0.7347,0.6633,0.5919
3.3747,3.3747,3.3747,3.3747,3.3747,3.3747,3.3747,3.3747,3.3747,3.3747,3.3747,3.3747,3.3747,1.2256,1.2597,1.3002,1.3518,1.4037,1.4568,1.51,1.5633,1.6166,1.6699,1.7232,1.7765,1.8299
3.3816,3.3816,3.3816,3.3816,3.3816,3.3816,3.3816,3.3816,3.3816,3.3816,3.3816,3.3816,3.3816,3.3816,1.2388,1.3343,1.2635,1.1923,1.1193,1.0463,0.9731,0.8999,0.8267,0.7534,0.6802,0.6069
3.3886,3.3886,3.3886,3.3886,3.3886,3.3886,3.3886,3.3886,3.3886,3.3886,3.3886,3.3886,3.3886,3.3886,3.3886,3.3886,3.3886,3.3886,3.3886,3.3886,3.3886,3.3886,3.3886,3.3886,3.3886,3.3886
3.3956,3.3956,3.3956,3.3956,3.3956,3.3956,3.3956,3.3956,3.3956,3.3956,3.3956,3.3956,3.3956,3.3956,1.1141,1.802,2.1771,2.2605,2.3461,2.4317,2.5176,2.6034,2.6893,2.7751,2.861,2.9469
2.9628,2.9795,3.0212,3.0964,3.1764,3.2696,3.3629,3.4027,3.4027,3.4027,3.4027,3.4027,1.0454,1.0572,1.0227,0.9818,0.9296,0.8773,0.8236,0.7698,0.716,0.6621,0.6082,0.5544,0.5005,0.4466
3.4098,3.4098,3.4098,3.4098,3.4098,3.4098,3.4098,3.4098,3.4098,3.3646,2.3471,1.3268,1.4867,1.4616,1.5023,1.5506,1.6122,1.674,1.7374,1.8007,1.8643,1.9279,1.9915,2.055,2.1186,2.1822
3.4169,3.4169,3.4169,3.4169,3.4169,3.4169,3.4169,3.4169,3.4169,3.4169,3.4169,3.4169,3.4169,3.4169,3.4169,3.4169,2.0377,2.619,3.2002,3.0892,2.8731,2.6569,2.4407,2.2245,2.0082,1.792
3.424,3.424,3.424,3.424,3.424,3.424,3.424,3.3606,2.7273,2.094,1.4608,0.8258,2.1554,2.1997,2.1279,2.0427,1.9342,1.8252,1.7135,1.6017,1.4897,1.3776,1.2655,1.1534,1.0413,0.9291
3.4312,3.4312,3.4312,3.4312,3.4312,3.4312,3.4312,3.4312,3.4312,3.4312,3.4312,3.4312,3.4312,0.8562,1.3278,1.3705,1.4249,1.4795,1.5356,1.5916,1.6478,1.704,1.7602,1.8164,1.8726,1.9288
3.1739,3.1918,3.2364,3.317,3.4028,3.4384,3.4384,3.4384,3.4384,3.4384,3.4384,3.4384,3.4384,0.7142,1.0956,1.0517,0.9959,0.9398,0.8822,0.8247,0.767,0.7093,0.6516,0.5939,0.5361,0.4784
3.4456,3.4456,3.4456,3.4456,3.4456,3.4456,3.4456,3.2407,2.63,3.4456,3.4068,3.2038,3.0165,2.9656,3.0483,3.1463,3.2712,3.3966,3.4456,3.4456,3.4456,3.4456,3.4456,3.4456,3.4456,3.4456
3.4529,3.4529,3.4529,3.4529,3.4529,3.4529,3.4529,3.4529,3.4529,3.4529,3.4529,3.4529,3.4529,3.4529,3.4529,3.4529,3.4529,2.6653,3.2567,3.4529,3.4529,3.4529,3.4529,3.4529,3.4529,3.4529
3.3371,3.3559,3.4028,3.4602,3.4602,3.4602,3.4602,3.4602,3.4602,3.4602,2.6237,1.4832,0.5204,1.1908,1.1519,1.1058,1.0471,0.9881,0.9276,0.8671,0.8064,0.7458,0.6851,0.6244,0.5637,0.503
3.4675,3.4675,3.4675,3.4675,3.4675,3.4675,3.4675,3.4675,3.4675,3.4675,3.4675,3.1687,0.7276,1.2493,1.2841,1.3254,1.378,1.4308,1.485,1.5392,1.5935,1.6478,1.7022,1.7565,1.8109,1.8653
3.4749,3.4749,3.4749,3.4749,3.4749,3.4749,3.4749,3.4749,3.4749,3.4749,3.4749,3.4749,3.4749,3.4749,1.0208,1.7007,1.6196,1.5284,1.4348,1.3412,1.2474,1.1535,1.0597,0.9658,0.8719,0.778
3.4823,3.4823,3.4823,3.4823,3.4823,3.4823,3.4823,2.9767,2.4157,1.8548,3.4823,3.4823,3.4823,3.4823,3.4823,3.4823,3.4823,3.4823,3.4823,3.4823,3.4823,3.4823,3.4823,3.4823,3.439,3.0687
3.4897,3.4897,3.4897,3.4897,3.4897,3.4897,3.4897,3.4897,3.4897,3.4897,3.4897,3.4897,3.4897,3.4897,1.33,1.6645,1.7306,1.7969,1.865,1.933,2.0012,2.0695,2.1377,2.206,2.2743,2.3425
2.9073,2.9237,2.9645,3.0384,3.1169,3.2084,3.2999,3.393,3.486,3.4971,3.4971,3.4971,3.4971,1.0374,1.0036,0.9634,0.9122,0.8608,0.8081,0.7554,0.7026,0.6497,0.5968,0.544,0.4911,0.4382
3.5046,3.5046,3.5046,3.5046,3.5046,3.5046,3.5046,3.5046,3.3361,2.5614,1.7868,1.0708,1.7657,1.7359,1.7842,1.8416,1.9147,1.9881,2.0634,2.1387,2.2142,2.2897,2.3652,2.4407,2.5162,2.5918
3.5121,3.5121,3.5121,3.5121,3.5121,3.5121,3.5121,3.5121,3.5121,3.5121,3.5121,3.5121,3.5121,3.5121,3.5121,3.5121,3.5121,3.5121,3.5121,3.5121,3.5121,3.5121,3.5121,3.5121,3.5121,3.5121
3.5197,3.5197,3.5197,3.5197,3.5197,3.5197,3.5197,3.5197,3.1433,2.4135,1.6836,0.9517,1.5549,1.5868,1.535,1.4736,1.3953,1.3167,1.2361,1.1555,1.0746,0.9938,0.9129,0.832,0.7511,0.6703
3.5272,3.5272,3.5272,3.5272,3.5272,3.5272,3.5272,3.5272,3.5272,3.5272,3.5272,3.5272,3.5272,1.2194,1.2533,1.2936,1.345,1.3965,1.4494,1.5023,1.5553,1.6084,1.6614,1.7145,1.7675,1.8206
3.5348,3.5348,3.5348,3.5348,3.5348,3.5348,3.5348,3.5348,3.5348,3.5348,3.5348,3.5348,3.5348,0.5811,1.2297,1.1804,1.1178,1.0548,0.9902,0.9256,0.8609,0.7961,0.7313,0.6665,0.6017,0.5369
3.5425,3.5425,3.5425,3.5425,3.5425,3.5425,3.5425,3.5425,3.5425,3.5425,3.5425,3.5425,3.5425,3.5425,3.5425,3.5425,3.5425,3.5425,3.5425,3.5425,3.5425,3.5425,3.5425,3.5425,3.5425,3.5425
3.5502,3.5502,3.5502,3.5502,3.5502,3.5502,3.5502,3.5502,3.5502,3.5502,3.5502,3.5502,3.5502,3.5502,3.5502,1.624,2.2723,2.7165,2.8193,2.9222,3.0254,3.1285,3.2317,3.3349,3.4381,3.5413
3.0198,3.0369,3.0793,3.156,3.2376,3.3326,3.4276,3.5243,3.5579,3.5579,3.5579,2.4805,0.5696,1.0776,1.0424,1.0007,0.9475,0.8942,0.8394,0.7847,0.7298,0.6749,0.6199,0.565,0.5101,0.4552
3.5656,3.5656,3.5656,3.5656,3.5656,3.5656,3.5656,3.5656,3.5656,3.5656,2.9434,1.6639,1.362,1.339,1.3763,1.4206,1.4769,1.5336,1.5916,1.6497,1.7079,1.7662,1.8244,1.8827,1.9409,1.9992
3.5734,3.5734,3.5734,3.5734,3.5734,3.5734,3.5734,3.5734,3.5734,3.5734,3.5734,3.5734,3.5734,3.5734,3.5734,1.5034,2.1035,2.2929,2.1525,2.0121,1.8714,1.7306,1.5897,1.4489,1.3081,1.1672
3.5812,3.5812,3.5812,3.5812,3.5812,3.5812,3.5812,3.1248,2.536,1.9471,1.3583,2.6502,2.8665,2.9253,2.8298,2.7165,2.5723,2.4273,2.2787,2.1301,1.9811,1.832,1.683,1.5339,1.3848,1.2357
3.589,3.589,3.589,3.589,3.589,3.589,3.589,3.589,3.589,3.589,3.589,3.589,3.589,0.7253,1.3893,1.434,1.4909,1.548,1.6067,1.6653,1.7241,1.7828,1.8416,1.9005,1.9593,2.0181
2.992,3.0089,3.051,3.127,3.2078,3.3019,3.3961,3.4919,3.5877,3.5969,3.5969,3.5969,3.5969,1.0369,1.0328,0.9915,0.9388,0.8859,0.8317,0.7774,0.7231,0.6687,0.6142,0.5598,0.5054,0.451
3.6048,3.6048,3.6048,3.6048,3.6048,3.6048,3.6048,3.4403,2.792,2.1437,1.5608,2.4602,2.3165,2.2774,2.3409,2.4161,2.512,2.6083,2.7071,2.8058,2.9049,3.0039,3.103,3.2021,3.3012,3.4003
3.6128,3.6128,3.6128,3.6128,3.6128,3.6128,3.6128,3.6128,3.6128,3.6128,3.6128,3.6128,3.6128,3.6128,3.6128,3.6128,3.6128,3.6128,3.6128,3.6128,3.6128,3.6128,3.6128,3.6128,3.6128,3.6128
3.5996,3.6199,3.6208,3.6208,3.6208,3.6208,3.6208,3.6208,3.6208,3.0249,2.1101,1.1928,1.2586,1.2845,1.2425,1.1928,1.1295,1.0658,1.0006,0.9353,0.8699,0.8044,0.739,0.6735,0.608,0.5426
3.6288,3.6288,3.6288,3.6288,3.6288,3.6288,3.6288,3.6288,3.6288,3.6288,3.6288,3.6288,1.6981,1.2078,1.2415,1.2814,1.3322,1.3833,1.4357,1.4881,1.5406,1.5931,1.6457,1.6982,1.7508,1.8033
3.6368,3.6368,3.6368,3.6368,3.6368,3.6368,3.6368,3.6368,3.6368,3.6368,3.6368,3.6368,3.6368,3.6368,1.1209,1.4248,1.3491,1.2731,1.1952,1.1172,1.0391,0.9609,0.8827,0.8045,0.7263,0.6481
3.6449,3.6449,3.6449,3.6449,3.6449,3.6449,3.4613,2.9125,3.6449,3.6449,3.6449,3.6449,3.6449,3.6449,3.6449,3.6449,3.6449,3.6449,3.6449,3.6449,3.6449,3.6449,3.6449,3.6449,3.6449,3.6449
3.6531,3.6531,3.6531,3.6531,3.6531,3.6531,3.6531,3.6531,3.6531,3.6531,3.6531,3.6531,3.6531,3.6531,1.1394,1.8658,1.9398,2.0142,2.0905,2.1667,2.2432,2.3197,2.3962,2.4727,2.5493,2.6258
2.8784,2.8947,2.9351,3.0082,3.086,3.1765,3.2672,3.3593,3.4515,3.5437,3.6361,3.6612,2.1052,1.0271,0.9936,0.9538,0.9032,0.8523,0.8001,0.7479,0.6956,0.6433,0.5909,0.5386,0.4862,0.4339
3.6694,3.6694,3.6694,3.6694,3.6694,3.6694,3.6694,3.6694,3.6694,2.9416,2.052,1.16,1.548,1.5219,1.5643,1.6146,1.6787,1.743,1.809,1.875,1.9412,2.0074,2.0736,2.1398,2.2061,2.2723
3.6777,3.6777,3.6777,3.6777,3.6777,3.6777,3.6777,3.6777,3.6777,3.6777,3.6777,3.6777,3.6777,3.6777,3.6777,3.6777,3.6777,2.5259,3.0864,3.647,3.6777,3.6777,3.5702,3.2539,2.9376,2.6213
3.6859,3.6859,3.6859,3.6859,3.6859,3.6859,3.6859,3.4636,2.8109,2.1582,1.5056,0.8511,1.8392,1.8769,1.8157,1.743,1.6504,1.5575,1.4621,1.3667,1.2711,1.1755,1.0798,0.9842,0.8885,0.7928
3.6943,3.6943,3.6943,3.6943,3.6943,3.6943,3.6943,3.6943,3.6943,3.6943,3.6943,3.6943,3.6943,1.1057,1.2709,1.3118,1.3638,1.4161,1.4697,1.5234,1.5771,1.6309,1.6847,1.7385,1.7923,1.8461
3.2413,3.2596,3.3051,3.3874,3.475,3.577,3.679,3.7026,3.7026,3.7026,3.7026,3.7026,3.7026,0.5897,1.1188,1.0741,1.017,0.9597,0.901,0.8422,0.7833,0.7244,0.6654,0.6065,0.5475,0.4886
3.711,3.711,3.711,3.711,3.711,3.711,3.6569,3.711,3.711,3.711,3.711,3.711,3.6405,3.5791,3.6788,3.711,3.711,3.711,3.711,3.711,3.711,3.711,3.711,3.711,3.711,3.711
3.7194,3.7194,3.7194,3.7194,3.7194,3.7194,3.7194,3.7194,3.7194,3.7194,3.7194,3.7194,3.7194,3.7194,3.7194,3.7194,2.0999,2.6989,3.2979,3.7194,3.7194,3.7194,3.7194,3.7194,3.7194,3.7194
3.1414,3.1591,3.2032,3.283,3.3679,3.4667,3.5656,3.6662,3.7279,3.7279,3.0328,1.7144,0.4899,1.1209,1.0844,1.041,0.9857,0.9301,0.8732,0.8162,0.7591,0.702,0.6449,0.5878,0.5306,0.4735
3.7364,3.7364,3.7364,3.7364,3.7364,3.7364,3.7364,3.7364,3.7364,3.7364,3.7364,2.3077,0.695,1.2551,1.2901,1.3316,1.3844,1.4375,1.4919,1.5464,1.6009,1.6555,1.7101,1.7647,1.8194,1.874
3.7449,3.7449,3.7449,3.7449,3.7449,3.7449,3.7449,3.7449,3.7449,3.7449,3.7449,3.7449,3.7449,3.7449,0.9519,1.5859,1.8163,1.714,1.609,1.5041,1.3989,1.2936,1.1884,1.0831,0.9778,0.8725
3.7535,3.7535,3.7535,3.7535,3.7535,3.7535,3.5275,2.9682,2.4088,1.8495,1.2902,3.7535,3.7535,3.7535,3.7535,3.7535,3.7535,3.7535,3.5412,3.3102,3.0787,2.847,2.6154,2.3837,2.152,1.9202
3.7621,3.7621,3.7621,3.7621,3.7621,3.7621,3.7621,3.7621,3.7621,3.7621,3.7621,3.7621,3.7621,3.7621,1.4581,1.5359,1.5968,1.6581,1.7208,1.7836,1.8466,1.9095,1.9725,2.0355,2.0985,2.1615
2.878,2.8942,2.9346,3.0077,3.0855,3.176,3.2666,3.3588,3.4509,3.5432,3.6355,3.7179,3.7708,1.027,0.9934,0.9537,0.903,0.8521,0.8,0.7478,0.6955,0.6432,0.5908,0.5385,0.4861,0.4338
3.7795,3.7795,3.7795,3.7795,3.7795,3.7795,3.7795,3.7476,3.0414,2.3352,1.629,2.0192,1.9012,1.8691,1.9212,1.983,2.0617,2.1407,2.2218,2.3028,2.3841,2.4654,2.5467,2.6281,2.7094,2.7907
3.7882,3.7882,3.7882,3.7882,3.7882,3.7882,3.7882,3.7882,3.7882,3.7882,3.7882,3.7882,3.7882,3.7882,3.7882,3.7882,3.7882,3.7882,3.7882,3.7882,3.7882,3.7882,3.7882,3.7882,3.7882,3.7882
3.797,3.797,3.797,3.797,3.797,3.797,3.797,3.797,3.3352,2.5608,1.7864,1.0098,1.3976,1.4263,1.3797,1.3245,1.2542,1.1835,1.111,1.0386,0.9659,0.8932,0.8206,0.7479,0.6752,0.6025
3.8058,3.8058,3.8058,3.8058,3.8058,3.8058,3.8058,3.8058,3.8058,3.8058,3.8058,3.8058,3.8058,1.19,1.2231,1.2624,1.3125,1.3629,1.4145,1.4661,1.5178,1.5696,1.6213,1.6731,1.7249,1.7767
3.733,3.7541,3.8065,3.8147,3.8147,3.8147,3.8147,3.8147,3.8147,3.8147,3.8147,3.8147,3.8147,3.8147,1.2728,1.237,1.1713,1.1053,1.0376,0.97,0.9021,0.8342,0.7664,0.6985,0.6306,0.5627
3.8236,3.8236,3.8236,3.8236,3.8236,3.8236,3.8236,3.8236,3.8236,3.8236,3.8236,3.8236,3.8236,3.8236,3.8236,3.8236,3.8236,3.8236,3.8236,3.8236,3.8236,3.8236,3.8236,3.8236,3.8236,3.8236
3.8325,3.8325,3.8325,3.8325,3.8325,3.8325,3.8325,3.8325,3.8325,3.8325,3.8325,3.8325,3.8325,3.8325,3.8325,1.6835,2.2624,2.3492,2.4381,2.5271,2.6163,2.7055,2.7947,2.884,2.9732,3.0625
2.904,2.9204,2.9612,3.0349,3.1134,3.2048,3.2962,3.3892,3.4821,3.5752,3.6684,3.3644,0.7725,1.0363,1.0024,0.9623,0.9112,0.8599,0.8072,0.7546,0.7018,0.649,0.5962,0.5434,0.4905,0.4377
3.8505,3.8505,3.8505,3.8505,3.8505,3.8505,3.8505,3.8505,3.8505,3.547,2.4744,1.3987,1.3983,1.3747,1.413,1.4584,1.5163,1.5745,1.6341,1.6937,1.7535,1.8133,1.8731,1.9329,1.9927,2.0525
3.8596,3.8596,3.8596,3.8596,3.8596,3.8596,3.8596,3.8596,3.8596,3.8596,3.8596,3.8596,3.8596,3.8596,3.8596,1.4345,2.0071,2.5797,2.6736,2.4992,2.3244,2.1495,1.9746,1.7996,1.6247,1.4498
3.8687,3.8687,3.8687,3.8687,3.8687,3.8687,3.7794,3.1801,2.5808,1.9816,1.3823,0.8581,2.316,2.3635,2.2863,2.1948,2.0783,1.9612,1.8411,1.721,1.6006,1.4802,1.3598,1.2393,1.1188,0.9983
3.8779,3.8779,3.8779,3.8779,3.8779,3.8779,3.8779,3.8779,3.8779,3.8779,3.8779,3.8779,3.8779,0.7262,1.3146,1.3569,1.4108,1.4649,1.5203,1.5758,1.6314,1.687,1.7427,1.7983,1.854,1.9096
3.0203,3.0373,3.0797,3.1564,3.238,3.3331,3.4281,3.5248,3.6215,3.7184,3.8152,3.8871,3.8871,0.7884,1.0426,1.0008,0.9477,0.8943,0.8395,0.7848,0.7299,0.675,0.62,0.5651,0.5102,0.4552
3.8963,3.8963,3.8963,3.8963,3.8963,3.8963,3.8342,3.2262,2.6182,2.0103,2.9758,2.7984,2.6349,2.5904,2.6626,2.7482,2.8573,2.9668,3.0792,3.1915,3.3041,3.4168,3.5295,3.6422,3.7549,3.8676
3.9056,3.9056,3.9056,3.9056,3.9056,3.9056,3.9056,3.9056,3.9056,3.9056,3.9056,3.9056,3.9056,3.9056,3.9056,3.9056,3.9056,3.9056,3.9056,3.6811,3.9056,3.9056,3.9056,3.9056,3.9056,3.9056
3.342,3.3609,3.4079,3.4927,3.583,3.6882,3.7934,3.9004,3.9149,3.3529,2.3389,1.3222,1.1686,1.1926,1.1536,1.1075,1.0486,0.9896,0.929,0.8684,0.8076,0.7469,0.6861,0.6253,0.5645,0.5037
3.9243,3.9243,3.9243,3.9243,3.9243,3.9243,3.9243,3.9243,3.9243,3.9243,3.9243,3.9243,0.9048,1.201,1.2344,1.2741,1.3247,1.3755,1.4276,1.4796,1.5319,1.5841,1.6364,1.6886,1.7409,1.7931
3.9337,3.9337,3.9337,3.9337,3.9337,3.9337,3.9337,3.9337,3.9337,3.9337,3.9337,3.9337,3.9337,3.9337,1.0291,1.5481,1.4659,1.3833,1.2986,1.2139,1.129,1.044,0.9591,0.8741,0.7891,0.7042
3.9432,3.9432,3.9432,3.9432,3.9432,3.9432,3.4171,2.8752,2.3334,3.9432,3.9432,3.9432,3.9432,3.9432,3.9432,3.9432,3.9432,3.9432,3.9432,3.9432,3.9432,3.9432,3.9432,3.9432,3.9432,3.9432
3.9527,3.9527,3.9527,3.9527,3.9527,3.9527,3.9527,3.9527,3.9527,3.9527,3.9527,3.9527,3.9527,3.9527,1.2182,1.6906,1.7577,1.8251,1.8942,1.9633,2.0326,2.1019,2.1712,2.2405,2.3099,2.3792
2.8214,2.8373,2.877,2.9486,3.0249,3.1136,3.2025,3.2928,3.3831,3.4736,3.5641,3.6448,3.7193,1.0068,0.9739,0.9349,0.8853,0.8354,0.7843,0.7331,0.6818,0.6305,0.5792,0.5279,0.4766,0.4253
3.9719,3.9719,3.9719,3.9719,3.9719,3.9719,3.9719,3.9719,3.4177,2.6241,1.8306,1.0348,1.6331,1.6055,1.6502,1.7033,1.7709,1.8388,1.9084,1.978,2.0479,2.1177,2.1875,2.2574,2.3272,2.3971
3.9815,3.9815,3.9815,3.9815,3.9815,3.9815,3.9815,3.9815,3.9815,3.9815,3.9815,3.9815,3.9815,3.9815,3.9815,3.9815,3.9815,3.9815,3.0037,3.5492,3.9815,3.9815,3.9815,3.9815,3.9815,3.9815
3.9912,3.9912,3.9912,3.9912,3.9912,3.9912,3.9912,3.612,2.9313,2.2507,1.57,0.8875,1.6095,1.6425,1.5889,1.5253,1.4443,1.3629,1.2795,1.196,1.1124,1.0287,0.945,0.8612,0.7775,0.6938
4.001,4.001,4.001,4.001,4.001,4.001,4.001,4.001,4.001,4.001,4.001,4.001,3.9827,1.1945,1.2278,1.2673,1.3176,1.3681,1.4199,1.4717,1.5236,1.5756,1.6275,1.6795,1.7315,1.7835
3.3459,3.3648,3.4118,3.4968,3.5872,3.6924,3.7977,3.9049,4.0108,4.0108,4.0108,4.0108,4.0108,0.5458,1.155,1.1087,1.0498,0.9907,0.93,0.8694,0.8086,0.7477,0.6869,0.626,0.5652,0.5043
4.0206,4.0206,4.0206,4.0206,4.0206,4.0206,4.0206,4.0206,4.0206,4.0206,4.0206,4.0206,4.0206,4.0206,4.0206,4.0206,4.0206,4.0206,4.0206,4.0206,4.0206,4.0206,4.0206,4.0206,4.0206,4.0206
4.0305,4.0305,4.0305,4.0305,4.0305,4.0305,4.0305,4.0305,4.0305,4.0305,4.0305,4.0305,4.0305,4.0305,4.0305,1.5351,2.1479,2.7606,3.0051,3.1148,3.2247,3.3347,3.4446,3.5546,3.6646,3.7746
2.9875,3.0044,3.0463,3.1222,3.2029,3.2969,3.391,3.4866,3.5823,3.678,3.6571,2.0673,0.4747,1.066,1.0312,0.99,0.9374,0.8846,0.8304,0.7763,0.722,0.6676,0.6133,0.559,0.5046,0.4503
4.0504,4.0504,4.0504,4.0504,4.0504,4.0504,4.0504,4.0504,4.0504,4.0504,3.2092,1.8141,1.2949,1.273,1.3085,1.3506,1.4042,1.458,1.5132,1.5684,1.6238,1.6792,1.7346,1.7899,1.8453,1.9007
4.0605,4.0605,4.0605,4.0605,4.0605,4.0605,4.0605,4.0605,4.0605,4.0605,4.0605,4.0605,4.0605,4.0605,1.0136,1.4952,2.0921,1.9814,1.8601,1.7388,1.6171,1.4955,1.3738,1.2521,1.1304,1.0086
4.0706,4.0706,4.0706,4.0706,4.0706,4.0706,3.5498,2.9869,2.424,1.8612,1.2983,2.9882,3.2321,3.2985,3.1908,3.0631,2.9004,2.737,2.5694,2.4018,2.2338,2.0658,1.8976,1.7295,1.5614,1.3933
4.0807,4.0807,4.0807,4.0807,4.0807,4.0807,4.0807,4.0807,4.0807,4.0807,4.0807,4.0807,4.0807,0.7255,1.3897,1.4344,1.4913,1.5485,1.6071,1.6657,1.7245,1.7833,1.8421,1.901,1.9598,2.0186
2.8745,2.8907,2.9311,3.0041,3.0817,3.1721,3.2626,3.3547,3.4467,3.5389,3.631,3.7133,3.7892,1.0257,0.9922,0.9525,0.9019,0.8511,0.799,0.7469,0.6946,0.6424,0.5901,0.5378,0.4855,0.4333
4.1011,4.1011,4.1011,4.1011,4.1011,4.1011,4.1011,3.4629,2.8103,2.1577,1.5052,2.2156,2.0861,2.0509,2.1081,2.1759,2.2622,2.349,2.4379,2.5269,2.616,2.7052,2.7945,2.8837,2.9729,3.0622
4.1114,4.1114,4.1114,4.1114,4.1114,4.1114,4.1114,4.1114,4.1114,4.1114,4.1114,4.1114,4.1114,4.1114,4.1114,4.1114,4.1114,4.1114,4.1114,4.1114,4.1114,4.1114,4.1114,4.1114,4.1114,4.1114
3.6487,3.6693,3.7205,3.8132,3.9118,4.0266,4.1218,4.1218,3.5954,2.7605,1.9257,1.0886,1.2758,1.302,1.2595,1.2091,1.1449,1.0804,1.0142,0.9481,0.8817,0.8154,0.749,0.6827,0.6163,0.55
4.1322,4.1322,4.1322,4.1322,4.1322,4.1322,4.1322,4.1322,4.1322,4.1322,4.0601,3.9799,3.4873,1.1715,1.2041,1.2428,1.2922,1.3417,1.3925,1.4433,1.4943,1.5452,1.5962,1.6471,1.6981,1.7491
3.966,3.9883,4.0441,4.1426,4.1426,4.1426,4.1426,4.1426,4.1426,4.1426,4.1426,4.1426,4.1426,4.1426,1.1454,1.3142,1.2444,1.1743,1.1024,1.0305,0.9584,0.8863,0.8142,0.742,0.6699,0.5978
4.1531,4.1531,4.1531,4.1531,4.1531,3.908,4.1531,4.1531,4.1531,4.1531,4.1531,4.1531,4.1531,4.1531,4.1531,4.1531,4.1531,4.1531,4.1531,4.1531,4.1531,4.1531,4.1531,4.1531,4.1531,4.1531
4.1637,4.1637,4.1637,4.1637,4.1637,4.1637,4.1637,4.1637,4.1637,4.1637,4.1637,4.1637,4.1637,4.1637,1.0603,1.7665,2.001,2.0777,2.1563,2.235,2.3139,2.3928,2.4717,2.5507,2.6296,2.7085
2.818,2.8339,2.8735,2.9451,3.0212,3.1099,3.1986,3.2888,3.379,3.4694,3.5598,3.6405,1.2413,1.0056,0.9728,0.9338,0.8842,0.8344,0.7833,0.7322,0.681,0.6298,0.5785,0.5273,0.476,0.4248
4.1849,4.1849,4.1849,4.1849,4.1849,4.1849,4.1849,4.1849,3.9976,3.0694,2.1411,1.2104,1.4516,1.4271,1.4669,1.514,1.5741,1.6345,1.6963,1.7582,1.8203,1.8824,1.9444,2.0065,2.0686,2.1307
4.1956,4.1956,4.1956,4.1956,4.1956,4.1956,4.1956,4.1956,4.1956,4.1956,4.1956,4.1956,4.1956,4.1956,4.1956,4.1956,1.9332,2.4847,3.0361,3.3746,3.1386,2.9024,2.6662,2.43,2.1938,1.9576
4.2064,4.2064,4.2064,4.2064,4.2064,4.2064,3.8859,3.2697,2.6535,2.0374,1.4213,0.8034,1.9472,1.9871,1.9223,1.8453,1.7473,1.6489,1.5479,1.447,1.3457,1.2445,1.1432,1.0419,0.9407,0.8394
4.2172,4.2172,4.2172,4.2172,4.2172,4.2172,4.2172,4.2172,4.2172,4.2172,4.2172,4.1525,4.0753,0.9006,1.2563,1.2967,1.3482,1.3999,1.4529,1.5059,1.559,1.6122,1.6654,1.7186,1.7717,1.8249
3.0783,3.0957,3.1389,3.2171,3.3003,3.3971,3.494,3.5926,3.6912,3.7899,3.8886,3.9767,4.0579,0.6365,1.0626,1.0201,0.9659,0.9115,0.8557,0.7999,0.7439,0.6879,0.632,0.576,0.52,0.464
4.2391,4.2391,4.2391,4.2391,4.2391,4.21,3.6336,3.0574,2.5597,3.7398,3.5056,3.2967,3.104,3.0516,3.1367,3.2375,3.366,3.4951,3.6274,3.7598,3.8925,4.0252,4.158,4.2391,4.2391,4.2391
4.2501,4.2501,4.2501,4.2501,4.2501,4.2501,4.2501,4.2501,4.2501,4.2501,4.2501,4.2501,4.2501,4.2501,4.2501,4.2501,4.2501,2.5775,3.1495,3.7215,4.2501,4.2501,4.2501,4.2501,4.2501,4.2501
3.1386,3.1563,3.2004,3.2801,3.3649,3.4636,3.5624,3.6629,3.7634,3.815,2.6613,1.5044,0.4895,1.1199,1.0834,1.04,0.9848,0.9293,0.8724,0.8155,0.7585,0.7014,0.6443,0.5872,0.5302,0.4731
4.2722,4.2722,4.2722,4.2722,4.2722,4.2722,4.2722,4.2722,4.2722,4.2683,4.1759,2.6739,0.6672,1.2049,1.2384,1.2783,1.329,1.3799,1.4322,1.4845,1.5368,1.5893,1.6417,1.6941,1.7465,1.7989
4.2834,4.2834,4.2834,4.2834,4.2834,4.2834,4.2834,4.2834,4.2834,4.2834,4.2834,4.2834,4.2834,4.2834,0.9567,1.594,1.626,1.5344,1.4404,1.3465,1.2523,1.1581,1.0638,0.9696,0.8753,0.7811
4.2946,4.2946,4.2946,4.2946,4.2946,3.9429,3.403,2.8634,2.3238,1.7842,4.2946,4.2946,4.2946,4.2946,4.2946,4.2946,4.2946,4.2946,4.2946,4.1555,3.8648,3.574,3.2832,2.9923,2.7014,2.4106
4.3059,4.3059,4.3059,4.3059,4.3059,4.3059,4.3059,4.3059,4.3059,4.3059,4.3059,4.3059,4.3059,4.3059,1.3249,1.554,1.6156,1.6776,1.7411,1.8046,1.8683,1.932,1.9957,2.0595,2.1232,2.1869
2.7896,2.8054,2.8446,2.9154,2.9908,3.0785,3.1664,3.2557,3.345,3.4344,3.5239,3.6038,3.6774,0.9954,0.9629,0.9244,0.8753,0.826,0.7754,0.7249,0.6741,0.6234,0.5727,0.522,0.4712,0.4205
4.3287,4.3287,4.3287,4.3287,4.3287,4.3287,4.3287,3.8202,3.1003,2.3804,1.6606,1.0601,1.748,1.7185,1.7664,1.8232,1.8956,1.9682,2.0428,2.1173,2.192,2.2668,2.3415,2.4163,2.4911,2.5659
4.3401,4.3401,4.3401,4.3401,4.3401,4.3401,4.3401,4.3401,4.3401,4.3401,4.3401,4.3401,4.3401,4.3401,4.3401,4.3401,4.3401,4.3401,4.3401,4.3401,4.3401,4.3401,4.3401,4.3401,4.3401,4.3401
4.1102,4.1334,4.1911,4.2955,4.3517,4.3517,4.3517,3.8151,3.0962,2.3773,1.6583,0.9374,1.4372,1.4667,1.4188,1.362,1.2897,1.217,1.1425,1.068,0.9933,0.9185,0.8438,0.769,0.6943,0.6195
4.3632,4.3632,4.3632,4.3632,4.3632,4.3632,4.3632,4.3028,4.2136,4.1243,4.035,3.9553,3.8818,1.1642,1.1967,1.2352,1.2842,1.3334,1.3839,1.4344,1.485,1.5357,1.5863,1.637,1.6876,1.7383
3.4938,3.5135,3.5626,3.6513,3.7457,3.8556,3.9656,4.0775,4.1893,4.3013,4.3749,4.3749,4.3749,0.5699,1.206,1.1577,1.0963,1.0345,0.9712,0.9078,0.8443,0.7808,0.7172,0.6537,0.5902,0.5266
4.3866,4.3866,4.3866,4.3866,4.3866,4.3866,4.3866,4.3866,4.3866,4.3866,4.3866,4.3866,4.3866,4.3866,4.3866,4.3866,4.3866,4.3866,4.3866,4.3866,4.3866,4.3866,4.3866,4.3866,4.3866,4.3866
4.3984,4.3984,4.3984,4.3984,4.3984,4.3984,4.3984,4.3984,4.3984,4.3984,4.3984,4.3984,4.3984,4.3984,4.3984,1.5868,2.2202,2.4728,2.5664,2.66,2.7539,2.8478,2.9417,3.0357,3.1296,3.2236
2.8684,2.8846,2.9249,2.9977,3.0752,3.1655,3.2558,3.3476,3.4394,3.5314,3.6234,2.6552,0.6097,1.0235,0.9901,0.9505,0.9,0.8493,0.7973,0.7453,0.6932,0.641,0.5889,0.5367,0.4845,0.4323
4.4221,4.4221,4.4221,4.4221,4.4221,4.4221,4.4221,4.4221,4.4221,3.7968,2.6486,1.4972,1.3264,1.304,1.3403,1.3834,1.4383,1.4934,1.55,1.6066,1.6633,1.72,1.7767,1.8334,1.8902,1.9469
4.4341,4.4341,4.4341,4.4341,4.4341,4.4341,4.4341,4.4341,4.4341,4.4341,4.4341,4.4341,4.4341,4.4341,4.4341,1.424,1.9924,2.3871,2.2409,2.0948,1.9482,1.8016,1.655,1.5084,1.3618,1.2152
4.4461,4.4461,4.4461,4.4461,4.4461,4.1776,3.6056,3.0339,2.4621,1.8904,1.3187,2.3454,2.5369,2.5889,2.5044,2.4042,2.2765,2.1482,2.0167,1.8852,1.7533,1.6214,1.4895,1.3575,1.2255,1.0936
4.4582,4.4582,4.4582,4.4582,4.4582,4.4582,4.4582,4.4582,4.4582,4.4582,4.4239,4.3365,4.2559,0.6849,1.312,1.3542,1.4079,1.4619,1.5173,1.5726,1.6281,1.6837,1.7392,1.7947,1.8503,1.9058
2.8968,2.9131,2.9538,3.0274,3.1057,3.1968,3.288,3.3807,3.4735,3.5664,3.6593,3.7422,3.8186,0.8939,0.9999,0.9599,0.9089,0.8577,0.8052,0.7527,0.7,0.6474,0.5947,0.542,0.4893,0.4366
4.4826,4.4826,4.4826,4.4826,4.4826,4.459,3.8484,3.2382,2.628,2.0178,2.6451,2.4874,2.342,2.3025,2.3667,2.4428,2.5397,2.6371,2.7369,2.8368,2.9369,3.0371,3.1372,3.2374,3.3376,3.4378
4.4949,4.4949,4.4949,4.4949,4.4949,4.4949,4.4949,4.4949,4.4949,4.4949,4.4949,4.4949,4.4949,4.4949,4.4949,4.4949,4.4949,4.4949,4.4949,4.4949,4.4949,4.4949,4.4949,4.4949,4.4949,4.4949
3.3756,3.3947,3.4421,3.5278,3.619,3.7252,3.8315,3.9396,3.9482,3.0314,2.1147,1.1954,1.1803,1.2045,1.1652,1.1186,1.0592,0.9995,0.9383,0.8771,0.8158,0.7544,0.693,0.6316,0.5702,0.5088
4.5197,4.5197,4.5197,4.5197,4.5197,4.476,4.3883,4.2993,4.2102,4.1209,4.0317,3.952,1.231,1.1633,1.1957,1.2341,1.2831,1.3323,1.3828,1.4332,1.4838,1.5344,1.585,1.6356,1.6862,1.7368
4.2794,4.3036,4.3637,4.4724,4.5322,4.5322,4.5322,4.5322,4.5322,4.5322,4.5322,4.5322,4.5322,4.5322,1.0467,1.4181,1.3428,1.2671,1.1895,1.112,1.0342,0.9564,0.8785,0.8007,0.7229,0.645
4.5448,4.5448,4.5448,4.5448,4.3805,3.8529,3.3254,2.7981,4.5448,4.5448,4.5448,4.5448,4.5448,4.5448,4.5448,4.5448,4.5448,4.5448,4.5448,4.5448,4.5448,4.5448,4.5448,4.5448,4.5448,4.5448
4.5574,4.5574,4.5574,4.5574,4.5574,4.5574,4.5574,4.5574,4.5574,4.5574,4.5574,4.5574,4.5574,4.5574,1.1277,1.7336,1.8024,1.8715,1.9423,2.0132,2.0843,2.1553,2.2264,2.2975,2.3686,2.4397
2.7585,2.7741,2.8128,2.8829,2.9574,3.0442,3.131,3.2193,3.3077,3.3961,3.4846,3.5635,3.3924,0.9843,0.9522,0.9141,0.8655,0.8168,0.7668,0.7168,0.6666,0.6165,0.5663,0.5161,0.466,0.4158
4.5829,4.5829,4.5829,4.5829,4.5829,4.5829,4.5829,4.3598,3.5382,2.7167,1.8951,1.0713,1.525,1.4993,1.5411,1.5906,1.6538,1.7172,1.7822,1.8472,1.9124,1.9776,2.0429,2.1081,2.1733,2.2386
4.5958,4.5958,4.5958,4.5958,4.5958,4.5958,4.5958,4.5958,4.5958,4.5958,4.5958,4.5958,4.5958,4.5958,4.5958,4.5958,4.5958,2.4145,2.9504,3.4862,4.022,4.5578,4.2304,3.8556,3.4808,3.106
4.6087,4.6087,4.6087,4.6087,4.6087,4.6087,4.0391,3.3986,2.7582,2.1177,1.4773,0.8351,1.6857,1.7203,1.6641,1.5975,1.5127,1.4275,1.3401,1.2527,1.165,1.0774,0.9897,0.902,0.8143,0.7267
4.6217,4.6217,4.6217,4.6217,4.6217,4.5361,4.4473,4.357,4.2667,4.1763,4.0858,4.0051,3.9307,1.1789,1.2117,1.2507,1.3003,1.3502,1.4013,1.4524,1.5037,1.555,1.6063,1.6576,1.7089,1.7602
3.1692,3.1871,3.2316,3.3121,3.3978,3.4975,3.5972,3.6987,3.8002,3.9018,4.0034,4.0941,4.1778,0.5351,1.094,1.0502,0.9944,0.9384,0.8809,0.8235,0.7659,0.7083,0.6506,0.593,0.5353,0.4777
4.6479,4.6479,4.6479,4.6479,4.5803,4.032,4.6479,4.6479,4.6479,4.6297,4.3399,4.0811,3.8427,3.7778,3.8831,4.008,4.167,4.3268,4.4906,4.6479,4.6479,4.6479,4.6479,4.6479,4.6479,4.6479
4.6612,4.6612,4.6612,4.6612,4.6612,4.6612,4.6612,4.6612,4.6612,4.6612,4.6612,4.6612,4.6612,4.6612,4.6612,4.6612,2.0467,2.6306,3.2143,3.3764,3.4956,3.6148,3.734,3.8533,3.9725,4.0918
2.9783,2.9951,3.0369,3.1126,3.193,3.2867,3.3805,3.4758,3.5712,3.6667,3.1336,1.7714,0.4645,1.0628,1.0281,0.9869,0.9345,0.8819,0.8279,0.7739,0.7197,0.6656,0.6114,0.5572,0.5031,0.4489
4.6878,4.6878,4.6878,4.6878,4.6878,4.6878,4.6015,4.508,4.4146,4.3211,3.5781,2.0227,0.6754,1.2198,1.2538,1.2941,1.3454,1.397,1.4499,1.5028,1.5558,1.6089,1.662,1.715,1.7681,1.8212
4.7013,4.7013,4.7013,4.7013,4.7013,4.7013,4.7013,4.7013,4.7013,4.7013,4.7013,4.7013,4.7013,4.7013,0.8996,1.4988,1.8504,1.7461,1.6392,1.5323,1.4251,1.3179,1.2107,1.1034,0.9961,0.8889
4.7148,4.7148,4.7148,4.7148,4.5035,3.9611,3.4188,2.8767,2.3346,1.7925,1.2504,3.4837,3.7681,3.8454,3.7199,3.571,3.3813,3.1908,2.9955,2.8001,2.6042,2.4083,2.2123,2.0163,1.8203,1.6243
4.7284,4.7284,4.7284,4.7284,4.7284,4.7284,4.7284,4.7284,4.7284,4.7284,4.7253,4.6319,4.5459,4.5225,1.4014,1.4465,1.5039,1.5615,1.6206,1.6798,1.7391,1.7984,1.8577,1.917,1.9763,2.0356
2.782,2.7977,2.8368,2.9074,2.9826,3.0701,3.1577,3.2468,3.3358,3.425,3.5142,3.5939,3.6673,0.9927,0.9603,0.9219,0.8729,0.8237,0.7733,0.7229,0.6723,0.6217,0.5711,0.5205,0.4699,0.4193
4.7559,4.7559,4.7559,4.7559,4.7559,4.7559,4.1778,3.5154,2.8529,2.1905,1.528,2.0207,1.9027,1.8705,1.9227,1.9845,2.0633,2.1424,2.2235,2.3046,2.3859,2.4673,2.5487,2.6301,2.7115,2.7928
4.7697,4.7697,4.7697,4.7697,4.7697,4.7697,4.7697,4.7697,4.7697,4.7697,4.7697,4.7697,4.7697,4.7697,4.7697,4.7697,4.7697,4.7697,4.7697,4.7697,4.7697,4.7697,4.7697,4.7697,4.7697,4.7697
3.732,3.7531,3.8055,3.9003,4.0012,4.1186,4.2361,4.0877,3.3174,2.5471,1.7768,1.0044,1.305,1.3317,1.2883,1.2367,1.171,1.105,1.0374,0.9697,0.9019,0.834,0.7662,0.6983,0.6304,0.5625
4.6873,4.6718,4.6333,4.5638,4.4898,4.4037,4.3175,4.2299,4.1422,4.0544,3.9666,3.8882,3.816,1.1445,1.1764,1.2142,1.2624,1.3108,1.3604,1.4101,1.4598,1.5096,1.5594,1.6092,1.659,1.7088
3.6943,3.7151,3.767,3.8609,3.9607,4.0769,4.1932,4.3115,4.4297,4.5482,4.6667,4.7724,4.8117,4.8117,1.1819,1.2242,1.1592,1.0939,1.0269,0.9599,0.8928,0.8256,0.7584,0.6912,0.624,0.5568
4.8259,4.8259,4.8259,4.8259,4.8259,4.8259,4.8259,4.8259,4.8259,4.8259,4.8259,4.8259,4.8259,4.8259,4.8259,4.8259,4.8259,4.8259,4.8259,4.8259,4.8259,4.8259,4.8259,4.8259,4.8259,4.8259
4.8402,4.8402,4.8402,4.8402,4.8402,4.8402,4.8402,4.8402,4.8402,4.8402,4.8402,4.8402,4.8402,4.8402,1.0678,1.6589,2.0866,2.1666,2.2486,2.3306,2.4129,2.4952,2.5775,2.6598,2.7421,2.8244
2.7789,2.7946,2.8336,2.9042,2.9793,3.0667,3.1542,3.2432,3.3321,3.4212,3.5103,3.5899,0.8724,0.9916,0.9592,0.9208,0.8719,0.8228,0.7724,0.7221,0.6715,0.621,0.5705,0.5199,0.4694,0.4189
4.8689,4.8689,4.8689,4.8689,4.8689,4.8689,4.8689,4.8689,4.2236,3.2429,2.2622,1.2788,1.3727,1.3495,1.3872,1.4318,1.4886,1.5456,1.6042,1.6627,1.7214,1.7801,1.8388,1.8975,1.9562,2.015
4.8835,4.8835,4.8835,4.8835,4.8835,4.8835,4.8835,4.8835,4.8835,4.8835,4.8835,4.8835,4.8835,4.8835,4.8835,1.4214,1.9155,2.462,2.8702,2.683,2.4953,2.3076,2.1198,1.932,1.7442,1.5564
4.8981,4.8981,4.8981,4.8981,4.8711,4.2845,3.6979,3.1115,2.5251,1.9388,1.3525,0.7754,2.0926,2.1355,2.0658,1.9831,1.8778,1.772,1.6635,1.555,1.4462,1.3374,1.2286,1.1197,1.0109,0.902
4.9127,4.9127,4.9127,4.8537,4.7751,4.6835,4.5918,4.4986,4.4054,4.312,4.2186,4.1352,4.0584,0.7588,1.2511,1.2914,1.3426,1.3941,1.4469,1.4996,1.5526,1.6055,1.6585,1.7114,1.7644,1.8174
2.9461,2.9628,3.0042,3.079,3.1586,3.2513,3.344,3.4383,3.5327,3.6271,3.7216,3.8059,3.8837,0.7003,1.017,0.9763,0.9244,0.8723,0.8189,0.7655,0.712,0.6584,0.6048,0.5512,0.4977,0.4441
4.9424,4.9424,4.9424,4.9424,4.792,4.2149,3.6378,3.061,2.4841,3.2614,3.0572,2.8749,2.7069,2.6613,2.7354,2.8234,2.9354,3.048,3.1634,3.2788,3.3945,3.5103,3.6261,3.7419,3.8576,3.9734
4.9573,4.9573,4.9573,4.9573,4.9573,4.9573,4.9573,4.9573,4.9573,4.9573,4.9573,4.9573,4.9573,4.9573,4.9573,4.9573,4.9573,4.9573,3.0303,3.5806,4.1309,4.6812,4.9573,4.9573,4.9573,4.9573
3.1603,3.1781,3.2225,3.3028,3.3882,3.4876,3.5871,3.6883,3.7894,3.4044,2.3748,1.3425,0.4928,1.1277,1.0909,1.0472,0.9916,0.9357,0.8785,0.8212,0.7637,0.7063,0.6488,0.5913,0.5338,0.4763
4.7715,4.7558,4.7166,4.6459,4.5706,4.4829,4.3951,4.3059,4.2167,4.1273,4.0379,3.2375,0.7434,1.1651,1.1975,1.236,1.2851,1.3344,1.3849,1.4354,1.4861,1.5368,1.5874,1.6381,1.6888,1.7395
4.7023,4.7289,4.7949,4.9144,5.0027,5.0027,5.0027,5.0027,5.0027,5.0027,5.0027,5.0027,5.0027,5.0027,0.9694,1.5582,1.4755,1.3923,1.3071,1.2218,1.1364,1.0509,0.9653,0.8798,0.7943,0.7088
5.0181,5.0181,5.0181,4.8818,4.3555,3.8309,3.3064,2.7821,2.2578,1.7336,5.0181,5.0181,5.0181,5.0181,5.0181,5.0181,5.0181,5.0181,5.0181,5.0181,5.0181,4.9318,4.5305,4.1291,3.7277,3.3263
5.0335,5.0335,5.0335,5.0335,5.0335,5.0335,5.0335,5.0335,5.0335,5.0335,5.0335,5.0335,4.9838,4.9582,1.2179,1.5858,1.6487,1.7119,1.7768,1.8416,1.9066,1.9716,2.0366,2.1017,2.1667,2.2317
2.7232,2.7385,2.7768,2.846,2.9195,3.0052,3.0909,3.1781,3.2653,3.3526,3.44,3.5179,3.5898,0.9717,0.94,0.9024,0.8545,0.8063,0.7569,0.7076,0.6581,0.6086,0.559,0.5095,0.46,0.4105
5.0646,5.0646,5.0646,5.0646,5.0646,5.0646,4.671,3.9304,3.1897,2.4491,1.7084,0.9846,1.6236,1.5962,1.6407,1.6934,1.7606,1.8281,1.8973,1.9666,2.036,2.1054,2.1748,2.2443,2.3137,2.3832
5.0803,5.0803,5.0803,5.0803,5.0803,5.0803,5.0803,5.0803,5.0803,5.0803,5.0803,5.0803,5.0803,5.0803,5.0803,5.0803,5.0803,5.0803,5.0803,3.5029,3.9421,4.4673,4.9925,5.0803,5.0803,5.0803
4.2695,4.2936,4.3536,4.462,4.5774,4.7117,4.248,3.5744,2.9008,2.2273,1.5537,0.8783,1.4929,1.5235,1.4738,1.4148,1.3397,1.2642,1.1868,1.1094,1.0318,0.9541,0.8765,0.7988,0.7212,0.6435
4.6979,4.6824,4.6438,4.5741,4.5,4.4137,4.3273,4.2394,4.1516,4.0636,3.9756,3.897,3.8246,1.1471,1.179,1.217,1.2653,1.3138,1.3635,1.4133,1.4631,1.513,1.5629,1.6128,1.6628,1.7127
3.2979,3.3165,3.3628,3.4466,3.5357,3.6394,3.7433,3.8488,3.9544,4.0602,4.1659,4.2603,4.3474,0.538,1.1384,1.0928,1.0348,0.9765,0.9167,0.8569,0.797,0.737,0.677,0.617,0.5571,0.4971
5.1441,5.1441,5.1441,5.1441,5.1441,5.1441,5.1441,5.1441,5.1441,5.1441,5.1441,5.1441,5.1436,5.0568,5.1441,5.1441,5.1441,5.1441,5.1441,5.1441,5.1441,5.1441,5.1441,5.1441,5.1441,5.1441
5.1603,5.1603,5.1603,5.1603,5.1603,5.1603,5.1603,5.1603,5.1603,5.1603,5.1603,5.1603,5.1603,5.1603,5.1603,1.5077,2.1096,2.6381,2.738,2.8379,2.938,3.0382,3.1384,3.2386,3.3389,3.4391
2.8535,2.8696,2.9097,2.9822,3.0593,3.149,3.2389,3.3302,3.4216,3.5131,3.6046,2.1891,0.5027,1.0182,0.985,0.9456,0.8954,0.8449,0.7932,0.7414,0.6896,0.6377,0.5858,0.5339,0.482,0.4301
5.1045,5.0877,5.0458,4.9701,4.8895,4.7958,4.7019,4.6064,4.511,4.1325,2.8828,1.6296,1.2678,1.2464,1.2811,1.3223,1.3748,1.4275,1.4815,1.5356,1.5898,1.644,1.6982,1.7525,1.8067,1.8609
5.2095,5.2095,5.2095,5.2095,5.2095,5.2095,5.2095,5.2095,5.2095,5.2095,5.2095,5.2095,5.2095,5.2095,5.2095,1.4239,1.9924,2.0549,1.9291,1.8033,1.6771,1.5509,1.4247,1.2985,1.1723,1.0461
5.2262,5.2262,5.2262,5.1164,4.5647,4.015,3.4653,2.9158,2.3663,1.8169,1.2674,2.6274,2.8418,2.9002,2.8055,2.6932,2.5502,2.4065,2.2591,2.1118,1.9641,1.8163,1.6685,1.5207,1.3729,1.225
5.2429,5.239,5.1959,5.1179,5.035,4.9384,4.8417,4.7434,4.6451,4.5467,4.4482,4.3603,4.2793,0.6887,1.3192,1.3616,1.4157,1.4699,1.5256,1.5813,1.6371,1.6929,1.7487,1.8046,1.8604,1.9163
2.7983,2.8141,2.8534,2.9245,3.0001,3.0881,3.1762,3.2658,3.3554,3.4451,3.5349,3.615,3.6888,0.9985,0.9659,0.9273,0.878,0.8286,0.7778,0.7271,0.6762,0.6254,0.5745,0.5236,0.4727,0.4218
5.2767,5.2767,5.2767,5.2767,5.1281,4.5105,3.8929,3.2756,2.6583,2.0411,1.4238,2.2437,2.1126,2.0769,2.1348,2.2035,2.2909,2.3787,2.4688,2.5589,2.6492,2.7395,2.8299,2.9202,3.0106,3.101
5.2937,5.2937,5.2937,5.2937,5.2937,5.2937,5.2937,5.2937,5.2937,5.2937,5.2937,5.2937,5.2937,5.2937,5.2937,5.2937,5.2937,5.2937,5.2937,5.2937,5.2937,5.2937,5.2937,5.2937,5.2937,5.2937
3.4375,3.4569,3.5052,3.5925,3.6854,3.7935,3.9017,4.0118,3.6133,2.7743,1.9353,1.094,1.202,1.2266,1.1866,1.1391,1.0786,1.0178,0.9555,0.8932,0.8307,0.7682,0.7057,0.6432,0.5807,0.5181
4.6466,4.6313,4.5932,4.5242,4.4509,4.3655,4.2801,4.1932,4.1063,4.0193,3.9322,3.8545,1.999,1.1346,1.1662,1.2037,1.2515,1.2994,1.3486,1.3978,1.4472,1.4965,1.5459,1.5953,1.6446,1.694
3.9616,3.9839,4.0396,4.1402,4.2472,4.3718,4.4966,4.6234,4.7502,4.8772,5.0043,5.1177,5.2222,5.2507,1.074,1.3127,1.243,1.173,1.1012,1.0294,0.9573,0.8853,0.8133,0.7412,0.6692,0.5971
5.363,5.363,5.3304,4.811,4.2923,3.7754,3.2584,5.363,5.363,5.363,5.363,5.363,5.363,5.363,5.363,5.363,5.363,5.363,5.363,5.363,5.363,5.363,5.363,5.363,5.363,5.363
5.3806,5.3806,5.3806,5.3806,5.3806,5.3806,5.3806,5.3806,5.3806,5.3806,5.3806,5.3806,5.3806,5.3806,1.0538,1.7557,1.8658,1.9374,2.0107,2.0841,2.1577,2.2312,2.3048,2.3784,2.452,2.5256
2.7155,2.7308,2.769,2.8379,2.9113,2.9967,3.0822,3.1691,3.2561,3.3431,3.4302,3.508,1.587,0.969,0.9373,0.8998,0.852,0.804,0.7548,0.7056,0.6562,0.6068,0.5575,0.5081,0.4587,0.4093
5.4162,5.4162,5.4162,5.4162,5.4162,5.4162,5.3278,4.5616,3.702,2.8424,1.9828,1.1209,1.4365,1.4123,1.4517,1.4983,1.5578,1.6175,1.6788,1.74,1.8014,1.8629,1.9243,1.9857,2.0472,2.1086
5.4342,5.4342,5.4342,5.4342,5.4342,5.4342,5.4342,5.4342,5.4342,5.4342,5.4342,5.4342,5.4342,5.4342,5.4342,5.4342,1.858,2.388,2.918,3.4479,3.5463,3.2795,3.0126,2.7457,2.4788,2.2119
5.1113,5.1402,5.212,5.3418,5.0469,4.4391,3.8313,3.2238,2.6163,2.0088,1.4013,0.7921,1.7872,1.8239,1.7644,1.6937,1.6038,1.5134,1.4208,1.3281,1.2352,1.1423,1.0493,0.9564,0.8634,0.7704
4.7982,4.7823,4.743,4.6718,4.5961,4.5079,4.4197,4.3299,4.2402,4.1503,4.0605,3.9802,3.9063,0.9693,1.2042,1.2429,1.2923,1.3418,1.3926,1.4434,1.4944,1.5453,1.5963,1.6473,1.6983,1.7492
3.0249,3.042,3.0845,3.1613,3.2431,3.3382,3.4335,3.5303,3.6271,3.7241,3.8211,3.9077,3.9876,0.5773,1.0442,1.0024,0.9491,0.8957,0.8408,0.786,0.731,0.676,0.621,0.566,0.511,0.4559
5.5072,5.5072,5.5072,5.1277,4.5748,4.0239,3.4729,2.9286,4.1662,3.9208,3.6754,3.4563,3.2543,3.1994,3.2885,3.3943,3.529,3.6643,3.803,3.9418,4.0809,4.2201,4.3593,4.4985,4.6377,4.7769
5.5258,5.5258,5.5258,5.5258,5.5258,5.5258,5.5258,5.5258,5.5258,5.5258,5.5258,5.5258,5.5258,5.5258,5.5258,5.5258,1.9646,2.5251,3.0854,3.6458,3.8624,3.9941,4.1258,4.2576,4.3893,4.5211
2.9906,3.0075,3.0495,3.1254,3.2062,3.3003,3.3944,3.4902,3.5859,3.6818,2.7442,1.5513,0.4664,1.0671,1.0323,0.991,0.9384,0.8855,0.8313,0.7771,0.7227,0.6683,0.6139,0.5596,0.5052,0.4508
4.8205,4.8046,4.7651,4.6935,4.6175,4.5289,4.4402,4.3501,4.26,4.1697,4.0794,2.3174,0.6518,1.177,1.2098,1.2487,1.2983,1.3481,1.3991,1.4502,1.5013,1.5525,1.6037,1.6549,1.7062,1.7574
5.2821,5.3119,5.3861,5.5202,5.5823,5.5823,5.5823,5.5823,5.5823,5.5823,5.5823,5.5823,5.5823,5.5823,0.9085,1.5137,1.6574,1.564,1.4682,1.3725,1.2765,1.1804,1.0844,0.9883,0.8922,0.7962
5.6014,5.6014,5.4236,4.8952,4.3674,3.8414,3.3155,2.7897,2.264,1.7383,3.8728,4.2491,4.5959,4.6902,4.5371,4.3555,4.1242,3.8918,3.6535,3.4152,3.1763,2.9373,2.6983,2.4593,2.2202,1.9811
5.6206,5.6206,5.6098,5.5256,5.436,5.3317,5.2274,5.1213,5.0151,4.9088,4.8025,4.7076,4.6202,4.5964,1.3389,1.4701,1.5284,1.587,1.6471,1.7072,1.7675,1.8278,1.888,1.9483,2.0086,2.0689
2.7108,2.7261,2.7642,2.8331,2.9063,2.9916,3.0769,3.1637,3.2505,3.3374,3.4244,3.502,3.5735,0.9673,0.9357,0.8983,0.8506,0.8027,0.7535,0.7044,0.6551,0.6058,0.5565,0.5072,0.4579,0.4086
5.6594,5.6594,5.6594,5.6594,5.6333,4.9548,4.2764,3.5983,2.9202,2.2422,1.5641,1.8635,1.7546,1.725,1.7731,1.8301,1.9027,1.9757,2.0505,2.1253,2.2003,2.2753,2.3504,2.4254,2.5005,2.5755
5.679,5.679,5.679,5.679,5.679,5.679,5.679,5.679,5.679,5.679,5.679,5.679,5.679,5.679,5.679,5.679,5.679,5.679,5.679,5.679,5.679,5.679,5.679,5.679,5.679,5.679
3.8516,3.8733,3.9274,4.0252,4.1293,4.2505,4.3717,3.8086,3.0909,2.3732,1.6555,0.9358,1.3467,1.3744,1.3295,1.2763,1.2085,1.1404,1.0706,1.0008,0.9308,0.8607,0.7907,0.7206,0.6506,0.5805
4.61,4.5948,4.5569,4.4886,4.4158,4.3311,4.2463,4.1601,4.0739,3.9876,3.9012,3.8241,3.7531,1.1256,1.157,1.1942,1.2416,1.2892,1.338,1.3868,1.4358,1.4847,1.5337,1.5827,1.6316,1.6806
3.4717,3.4913,3.5401,3.6283,3.7221,3.8313,3.9406,4.0517,4.1629,4.2742,4.3855,4.4849,4.5765,0.5663,1.1984,1.1504,1.0893,1.028,0.965,0.9021,0.839,0.7759,0.7127,0.6496,0.5864,0.5233
5.7589,5.7589,5.7589,5.7589,5.7589,5.7589,5.7589,5.7589,5.7589,5.7589,5.7589,5.7589,5.7589,5.7589,5.7589,5.7589,5.7589,5.7589,5.7589,5.7589,5.7589,5.7589,5.7589,5.7589,5.7589,5.7589
5.7792,5.7792,5.7792,5.7792,5.7792,5.7792,5.7792,5.7792,5.7792,5.7792,5.7792,5.7792,5.7792,5.7792,5.7792,1.5705,2.1974,2.2847,2.3712,2.4578,2.5445,2.6313,2.7181,2.8048,2.8916,2.9784
2.7588,2.7744,2.8132,2.8832,2.9578,3.0445,3.1314,3.2197,3.308,3.3965,3.485,2.9179,0.67,0.9844,0.9523,0.9142,0.8656,0.8169,0.7669,0.7168,0.6667,0.6165,0.5664,0.5162,0.466,0.4158
5.267,5.2496,5.2064,5.1283,5.0452,4.9484,4.8515,4.753,4.5219,3.4719,2.422,1.3691,1.3081,1.2861,1.3219,1.3644,1.4185,1.4729,1.5287,1.5845,1.6404,1.6963,1.7523,1.8082,1.8642,1.9202
5.841,5.841,5.841,5.841,5.841,5.841,5.841,5.841,5.841,5.841,5.841,5.841,5.841,5.841,5.841,1.3658,1.911,2.4562,2.3798,2.2246,2.069,1.9133,1.7576,1.6019,1.4462,1.2905
5.8619,5.8619,5.7987,5.2337,4.6694,4.1071,3.5447,2.9827,2.4206,1.8585,1.2965,2.1139,2.2865,2.3334,2.2572,2.1669,2.0518,1.9362,1.8177,1.6991,1.5803,1.4614,1.3424,1.2235,1.1046,0.9856
4.9991,4.9826,4.9416,4.8674,4.7886,4.6967,4.6048,4.5113,4.4178,4.3242,4.2305,4.1469,4.0699,0.6561,1.2547,1.295,1.3464,1.398,1.4509,1.5039,1.557,1.6101,1.6632,1.7163,1.7694,1.8225
2.8395,2.8556,2.8955,2.9676,3.0443,3.1336,3.223,3.3139,3.4048,3.4959,3.587,3.6682,3.7432,0.7881,0.9802,0.9409,0.891,0.8408,0.7893,0.7378,0.6862,0.6346,0.5829,0.5313,0.4796,0.428
5.9255,5.9255,5.9255,5.4161,4.8322,4.2502,3.6683,3.0866,2.505,1.9233,2.7153,2.5535,2.4042,2.3637,2.4295,2.5077,2.6072,2.7071,2.8096,2.9122,3.0149,3.1178,3.2206,3.3234,3.4263,3.5291
5.947,5.947,5.947,5.947,5.947,5.947,5.947,5.947,5.947,5.947,5.947,5.947,5.947,5.947,5.947,5.947,5.947,5.947,5.947,3.512,4.0018,4.5349,5.068,5.6012,5.947,5.947
3.2061,3.2242,3.2692,3.3506,3.4373,3.5381,3.639,3.7417,3.8443,3.0815,2.1496,1.2151,1.121,1.144,1.1067,1.0624,1.006,0.9493,0.8912,0.8331,0.7748,0.7165,0.6582,0.5999,0.5416,0.4832
4.6449,4.6296,4.5915,4.5226,4.4493,4.3639,4.2785,4.1916,4.1048,4.0178,3.9308,3.8531,0.9607,1.1342,1.1658,1.2032,1.251,1.299,1.3481,1.3973,1.4466,1.496,1.5453,1.5947,1.644,1.6934
4.3174,4.3418,4.4025,4.5121,4.6288,4.7646,4.9005,5.0387,5.177,5.3154,5.4539,5.5775,5.6914,5.7224,0.9901,1.4307,1.3547,1.2784,1.2001,1.1218,1.0434,0.9649,0.8863,0.8078,0.7293,0.6508
6.0346,5.808,5.2901,4.7747,4.2599,3.7469,3.2338,2.7211,2.2083,6.0346,6.0346,6.0346,6.0346,6.0346,6.0346,6.0346,6.0346,6.0346,6.0346,6.0346,6.0346,6.0346,6.0346,6.0346,6.0346,5.5603
6.0569,6.0569,6.0569,6.0569,6.0348,5.9191,5.8032,5.6854,5.5676,5.4496,5.3315,5.2262,5.1291,5.1027,1.1309,1.632,1.6968,1.7619,1.8286,1.8953,1.9622,2.0291,2.096,2.1629,2.2299,2.2968
2.6758,2.6909,2.7284,2.7964,2.8687,2.9529,3.0371,3.1228,3.2084,3.2942,3.38,3.4566,3.5273,0.9548,0.9236,0.8867,0.8396,0.7923,0.7438,0.6953,0.6466,0.598,0.5493,0.5006,0.452,0.4033
6.102,6.102,6.0566,5.9657,5.869,5.6197,4.8503,4.0812,3.3121,2.543,1.774,1.0028,1.5217,1.496,1.5377,1.5872,1.6502,1.7134,1.7783,1.8432,1.9083,1.9733,2.0384,2.1035,2.1686,2.2337
6.1249,6.1249,6.1249,6.1249,6.1249,6.1249,6.1249,6.1249,6.1249,6.1249,6.1249,6.1249,6.1249,6.1249,6.1249,6.1249,6.1249,6.1249,2.8546,3.373,3.8914,4.4098,4.9283,4.8923,4.4168,3.9412
4.4813,4.5065,4.5695,4.6833,4.8044,4.6498,4.0132,3.3768,2.7404,2.1041,1.4678,0.8297,1.5669,1.5991,1.5469,1.485,1.4061,1.3269,1.2456,1.1644,1.0829,1.0015,0.92,0.8385,0.757,0.6755
4.6592,4.6438,4.6056,4.5364,4.4629,4.3773,4.2916,4.2045,4.1174,4.0301,3.9428,3.8649,3.7931,1.1376,1.1693,1.2069,1.2548,1.3029,1.3523,1.4016,1.4511,1.5006,1.5501,1.5996,1.6491,1.6986
3.1372,3.1549,3.1989,3.2786,3.3634,3.4621,3.5608,3.6613,3.7617,3.8623,3.9629,4.0527,4.1355,0.5117,1.0829,1.0396,0.9844,0.9289,0.872,0.8152,0.7581,0.7011,0.644,0.587,0.5299,0.4729
6.2178,6.01,5.4741,4.9407,6.2178,6.2178,5.9313,5.6192,5.3071,4.9945,4.6818,4.4027,4.1454,4.0755,4.189,4.3237,4.4953,4.6677,4.8444,5.0212,5.1984,5.3756,5.5529,5.7303,5.9076,6.0849
6.2415,6.2415,6.2415,6.2415,6.2415,6.2415,6.2415,6.2415,6.2415,6.2415,6.2415,6.2415,6.2415,6.2415,6.2415,1.49,2.0192,2.5953,2.9642,3.0724,3.1808,3.2893,3.3978,3.5063,3.6148,3.7233
2.858,2.8741,2.9143,2.9869,3.0641,3.154,3.2439,3.3354,3.4269,3.5186,3.2954,1.8628,0.4457,1.0198,0.9865,0.9471,0.8968,0.8462,0.7944,0.7426,0.6907,0.6387,0.5867,0.5347,0.4828,0.4308
4.9135,4.8973,4.857,4.7841,4.7065,4.6162,4.5259,4.434,4.3421,4.2501,3.1983,1.808,0.6644,1.1997,1.2332,1.2728,1.3233,1.3741,1.4261,1.4781,1.5303,1.5825,1.6347,1.6869,1.7391,1.7913
6.1016,6.136,6.2218,6.3137,6.3137,6.3137,6.3137,6.3137,6.3137,6.3137,6.3137,6.3137,6.3137,6.3137,0.9242,1.4338,1.9145,1.8067,1.696,1.5854,1.4745,1.3636,1.2526,1.1416,1.0307,0.9197
6.3381,6.0222,5.4852,4.9507,4.4169,3.885,3.3531,2.8214,2.2897,1.758,1.2264,3.0255,3.2724,3.3396,3.2306,3.1012,2.9365,2.7711,2.6014,2.4318,2.2617,2.0915,1.9213,1.7511,1.5809,1.4106
5.3234,5.3059,5.2622,5.1832,5.0992,5.0014,4.9035,4.8039,4.7044,4.6047,4.5049,4.4159,4.3339,0.6975,1.336,1.379,1.4337,1.4887,1.5451,1.6014,1.658,1.7145,1.771,1.8276,1.8842,1.9407
2.7212,2.7365,2.7748,2.8439,2.9174,3.003,3.0887,3.1758,3.2629,3.3502,3.4374,3.5153,3.5871,0.971,0.9393,0.9017,0.8538,0.8057,0.7564,0.7071,0.6576,0.6081,0.5586,0.5091,0.4597,0.4102
6.4125,6.4125,6.4125,5.8582,5.2266,4.5972,3.9677,3.3386,2.7094,2.0803,1.4512,2.0496,1.9298,1.8973,1.9502,2.0129,2.0927,2.173,2.2553,2.3375,2.42,2.5026,2.5851,2.6677,2.7502,2.8328
6.4377,6.4377,6.4377,6.4377,6.4377,6.4377,6.4377,6.4377,6.4377,6.4377,6.4377,6.4377,6.4377,6.4377,6.4377,6.4377,6.4377,6.4377,6.4377,6.4377,6.4377,6.4377,6.4377,6.4377,6.4377,6.4377
3.5288,3.5487,3.5982,3.6879,3.7832,3.8942,4.0053,4.1183,3.3424,2.5663,1.7902,1.012,1.2339,1.2592,1.2181,1.1693,1.1072,1.0448,0.9809,0.9169,0.8528,0.7886,0.7244,0.6602,0.5961,0.5319
4.5613,4.5462,4.5088,4.4411,4.3691,4.2853,4.2014,4.1161,4.0309,3.9454,3.86,3.7837,3.7134,1.1137,1.1448,1.1816,1.2285,1.2756,1.3239,1.3722,1.4206,1.469,1.5175,1.5659,1.6144,1.6629
3.702,3.7229,3.7749,3.8689,3.9689,4.0854,4.2019,4.3204,4.4389,4.5576,4.6764,4.7823,4.88,4.9066,1.1117,1.2267,1.1616,1.0961,1.029,0.9619,0.8946,0.8273,0.76,0.6927,0.6253,0.558
6.2876,5.7712,5.2566,4.7444,6.5405,6.5405,6.5405,6.5405,6.5405,6.5405,6.5405,6.5405,6.5405,6.5405,6.5405,6.5405,6.5405,6.5405,6.5405,6.5405,6.5405,6.5405,6.5405,6.5405,6.5405,6.5405
6.5667,6.5667,6.5667,6.5667,6.5667,6.5667,6.5667,6.5347,6.3993,6.2636,6.128,6.0069,5.8953,5.8649,0.998,1.6547,1.9503,2.025,2.1017,2.1784,2.2553,2.3322,2.4091,2.486,2.563,2.6399
2.6903,2.7055,2.7433,2.8116,2.8843,2.969,3.0537,3.1398,3.2259,3.3122,3.3985,3.4755,1.0276,0.96,0.9287,0.8915,0.8442,0.7966,0.7478,0.699,0.6501,0.6012,0.5523,0.5034,0.4544,0.4055
5.4914,5.4733,5.4282,5.3467,5.2601,5.1592,5.0582,4.8256,3.9163,3.0069,2.0976,1.1857,1.3638,1.3408,1.3782,1.4225,1.479,1.5357,1.5938,1.652,1.7103,1.7686,1.8269,1.8853,1.9436,2.0019
6.6467,6.6467,6.6467,6.6467,6.6467,6.6467,6.6467,6.6467,6.6467,6.6467,6.6467,6.6467,6.6467,6.6467,6.6467,6.6467,1.8495,2.3772,2.9047,2.953,2.7464,2.5398,2.3331,2.1264,1.9197,1.713
5.4909,5.5219,5.5991,5.4055,4.8227,4.2419,3.6611,3.0806,2.5,1.9195,1.339,0.7569,1.92,1.9594,1.8954,1.8195,1.7229,1.6258,1.5263,1.4267,1.3269,1.2271,1.1272,1.0274,0.9275,0.8276
4.7998,4.784,4.7446,4.6734,4.5976,4.5094,4.4212,4.3314,4.2417,4.1518,4.0618,3.9816,3.9076,0.808,1.2046,1.2434,1.2927,1.3423,1.3931,1.4439,1.4949,1.5459,1.5968,1.6478,1.6988,1.7498
2.9076,2.924,2.9648,3.0387,3.1172,3.2087,3.3002,3.3933,3.4864,3.5796,3.6729,3.7561,3.8328,0.6331,1.0037,0.9635,0.9123,0.8609,0.8082,0.7555,0.7026,0.6498,0.5969,0.544,0.4911,0.4383
6.7563,6.2719,5.7126,5.156,4.6001,4.0461,3.4921,2.9384,2.3847,3.4044,3.1913,3.001,2.8257,2.778,2.8554,2.9472,3.0642,3.1816,3.3021,3.4226,3.5434,3.6642,3.7851,3.9059,4.0268,4.1477
6.7843,6.7843,6.7843,6.7843,6.7843,6.7843,6.7843,6.7843,6.7843,6.7843,6.7843,6.7843,6.7843,6.7843,6.7843,6.7843,6.7843,2.4403,2.9818,3.5234,4.0649,4.5146,4.6635,4.8124,4.9613,5.1103
3.0238,3.0409,3.0834,3.1602,3.2419,3.337,3.4322,3.529,3.6258,3.5066,2.4461,1.3828,0.4716,1.079,1.0438,1.002,0.9488,0.8953,0.8405,0.7857,0.7307,0.6758,0.6208,0.5658,0.5108,0.4558
4.6823,4.6669,4.6284,4.559,4.4851,4.399,4.3129,4.2254,4.1378,4.0501,3.9624,2.7504,0.6331,1.1433,1.1751,1.2129,1.2611,1.3094,1.359,1.4086,1.4583,1.508,1.5578,1.6075,1.6572,1.707
4.7968,4.8238,4.8912,5.0131,5.1427,5.2935,5.4446,5.5981,5.7517,5.9055,6.0593,6.1967,6.3232,6.3576,0.9242,1.5398,1.5051,1.4203,1.3333,1.2464,1.1592,1.072,0.9847,0.8975,0.8103,0.723
6.332,5.8119,5.2937,4.7779,4.2627,3.7494,3.236,2.7229,2.2098,1.6967,5.055,5.5462,5.9989,6.1219,5.9221,5.6851,5.3831,5.0799,4.7688,4.4578,4.146,3.834,3.522,3.21,2.898,2.5859
5.8121,5.793,5.7453,5.6591,5.5673,5.4605,5.3537,5.245,5.1363,5.0274,4.9185,4.8214,4.7318,4.7074,1.2331,1.5056,1.5654,1.6254,1.6869,1.7485,1.8102,1.8719,1.9336,1.9954,2.0571,2.1189
2.6583,2.6733,2.7107,2.7782,2.85,2.9336,3.0173,3.1024,3.1875,3.2728,3.358,3.4341,3.5043,0.9486,0.9176,0.8809,0.8341,0.7871,0.7389,0.6907,0.6424,0.5941,0.5457,0.4974,0.449,0.4007
6.5795,6.5578,6.5038,6.4062,5.8139,5.1137,4.4135,3.7137,3.0139,2.3141,1.6143,0.991,1.6341,1.6065,1.6513,1.7044,1.772,1.84,1.9096,1.9793,2.0492,2.119,2.1889,2.2588,2.3287,2.3986
7.0167,7.0167,7.0167,7.0167,7.0167,7.0167,7.0167,7.0167,7.0167,7.0167,7.0167,7.0167,7.0167,7.0167,7.0167,7.0167,7.0167,7.0167,7.0167,7.0167,7.0167,4.3498,4.8612,5.3725,5.8839,6.3953
4.011,4.0336,4.09,4.1919,4.3002,4.4264,4.2544,3.5798,2.9052,2.2306,1.556,0.8796,1.4025,1.4313,1.3845,1.3291,1.2585,1.1876,1.1149,1.0422,0.9693,0.8964,0.8234,0.7505,0.6775,0.6046
4.5626,4.5475,4.5101,4.4424,4.3704,4.2866,4.2026,4.1173,4.032,3.9466,3.8611,3.7848,3.7145,1.114,1.1451,1.1819,1.2288,1.2759,1.3242,1.3726,1.421,1.4695,1.5179,1.5664,1.6149,1.6633
3.2889,3.3074,3.3536,3.4372,3.526,3.6295,3.733,3.8383,3.9436,4.049,4.1545,4.2487,4.3355,0.5365,1.1353,1.0898,1.032,0.9738,0.9142,0.8546,0.7948,0.735,0.6752,0.6154,0.5555,0.4957
7.139,7.139,7.139,7.139,7.139,7.139,7.139,7.139,7.139,7.0071,6.5684,6.1768,5.8159,5.7177,5.8771,6.0661,6.3068,6.5486,6.7966,7.0445,7.139,7.139,7.139,7.139,7.139,7.139
7.1702,7.1702,7.1702,7.1702,7.1702,7.1702,7.1702,7.1702,7.1702,7.1702,7.1702,7.1702,7.0981,7.0616,7.1209,1.498,2.096,2.4382,2.5305,2.6229,2.7154,2.808,2.9007,2.9933,3.0859,3.1785
2.7565,2.772,2.8108,2.8808,2.9552,3.0419,3.1287,3.217,3.3052,3.3936,3.482,2.3666,0.5434,0.9836,0.9515,0.9134,0.8649,0.8162,0.7662,0.7162,0.6661,0.616,0.5659,0.5157,0.4656,0.4155
5.0548,5.0381,4.9967,4.9217,4.8419,4.749,4.6561,4.5615,4.467,3.7719,2.6313,1.4874,1.2554,1.2342,1.2686,1.3094,1.3614,1.4136,1.4671,1.5206,1.5743,1.628,1.6817,1.7354,1.7891,1.8428
7.2656,7.2656,7.2656,7.2656,7.2656,7.2656,7.2656,7.2656,7.2656,7.2656,7.2656,7.2656,7.2656,7.2656,7.2656,1.3715,1.919,2.167,2.0343,1.9017,1.7686,1.6356,1.5025,1.3694,1.2362,1.1031
6.694,6.1442,5.5964,5.0511,4.5065,3.9638,3.421,2.8786,2.3361,1.7937,1.2512,2.3547,2.5469,2.5992,2.5143,2.4137,2.2855,2.1567,2.0247,1.8926,1.7602,1.6278,1.4953,1.3629,1.2304,1.0979
5.047,5.0304,4.989,4.9141,4.8344,4.7417,4.6489,4.5545,4.4601,4.3656,4.271,4.1867,4.1089,0.6613,1.2667,1.3074,1.3593,1.4114,1.4648,1.5183,1.5719,1.6255,1.6791,1.7327,1.7863,1.8399
2.7548,2.7703,2.809,2.879,2.9534,3.0401,3.1268,3.215,3.3032,3.3915,3.4799,3.5587,3.6314,0.9121,0.9509,0.9129,0.8644,0.8157,0.7657,0.7158,0.6657,0.6156,0.5655,0.5154,0.4653,0.4152
7.2887,6.6901,6.0935,5.4998,4.9068,4.3159,3.725,3.1343,2.5437,1.953,1.461,2.3028,2.1683,2.1317,2.1911,2.2615,2.3513,2.4414,2.5339,2.6263,2.719,2.8117,2.9045,2.9972,3.09,3.1827
7.4304,7.4304,7.4304,7.4304,7.4304,7.4304,7.4304,7.4304,7.4304,7.4304,7.4304,7.4304,7.4304,7.4304,7.4304,7.4304,7.4304,7.4304,7.4304,7.4304,7.4304,7.4304,7.4304,5.4608,5.9806,6.5004
3.2765,3.295,3.341,3.4242,3.5127,3.6158,3.719,3.8239,3.6776,2.8236,1.9697,1.1135,1.1457,1.1692,1.131,1.0857,1.0281,0.9701,0.9107,0.8513,0.7918,0.7322,0.6726,0.613,0.5535,0.4939
4.5501,4.5351,4.4977,4.4302,4.3584,4.2748,4.1911,4.1061,4.021,3.9358,3.8505,3.7744,1.3882,1.111,1.142,1.1787,1.2255,1.2724,1.3206,1.3688,1.4171,1.4654,1.5138,1.5621,1.6104,1.6588
4.0055,4.0281,4.0844,4.1861,4.2943,4.4203,4.5464,4.6746,4.8029,4.9313,5.0598,5.1744,5.2801,5.3089,1.0192,1.3273,1.2568,1.186,1.1134,1.0408,0.968,0.8951,0.8223,0.7494,0.6766,0.6037
6.2274,5.7159,5.2062,4.699,4.1923,3.6874,3.1826,2.6779,7.5677,7.5677,7.5677,7.5677,7.5677,7.5677,7.5677,7.5677,7.5677,7.5677,7.5677,7.5677,7.5677,7.5677,7.5677,7.5677,7.5677,7.5677
6.5393,6.5178,6.4641,6.3671,6.2639,6.1437,6.0235,5.9012,5.7789,5.6564,5.5339,5.4246,5.3238,5.2964,1.0598,1.694,1.7612,1.8287,1.898,1.9672,2.0367,2.1061,2.1756,2.245,2.3145,2.384
2.6455,2.6604,2.6976,2.7647,2.8362,2.9194,3.0027,3.0874,3.1721,3.2569,3.3418,3.4175,2.2897,0.944,0.9132,0.8766,0.8301,0.7833,0.7353,0.6874,0.6393,0.5912,0.5431,0.495,0.4469,0.3987
5.7902,5.7711,5.7236,5.6377,5.5463,5.4399,5.0844,4.2782,3.472,2.6658,1.8596,1.0512,1.4381,1.4138,1.4532,1.4999,1.5595,1.6192,1.6806,1.7419,1.8033,1.8648,1.9263,1.9879,2.0494,2.1109
7.7101,7.7101,7.7101,7.7101,7.7101,7.7101,7.7101,7.7101,7.7101,7.7101,7.7101,7.7101,7.7101,7.7101,7.7101,7.7101,7.7101,2.3204,2.8354,3.3503,3.8652,3.8558,3.542,3.2282,2.9144,2.6006
4.7551,4.7819,4.8487,4.9695,5.0323,4.4263,3.8202,3.2145,2.6087,2.003,1.3972,0.7899,1.6627,1.6968,1.6414,1.5757,1.492,1.4079,1.3217,1.2355,1.1491,1.0627,0.9762,0.8897,0.8032,0.7167
4.6498,4.6344,4.5963,4.5273,4.4539,4.3685,4.283,4.196,4.1091,4.022,3.9349,3.8571,3.7854,1.0682,1.167,1.2045,1.2523,1.3003,1.3495,1.3988,1.4482,1.4975,1.5469,1.5963,1.6457,1.6951
3.0057,3.0226,3.0649,3.1412,3.2224,3.3169,3.4116,3.5078,3.604,3.7004,3.7968,3.8828,3.9622,0.5313,1.0375,0.996,0.9431,0.89,0.8355,0.781,0.7263,0.6717,0.617,0.5624,0.5077,0.453
6.5668,6.0274,5.49,4.955,4.4208,3.8884,3.3874,4.7083,4.4468,4.1849,3.9229,3.689,3.4734,3.4148,3.51,3.6229,3.7666,3.911,4.0591,4.2072,4.3557,4.5042,4.6528,4.8014,4.95,5.0985
7.8959,7.8959,7.8959,7.8959,7.8959,7.8959,7.8959,7.8959,7.8959,7.8959,7.8959,7.8959,7.8959,7.8959,7.8959,7.8959,1.9459,2.501,3.0561,3.382,3.5014,3.6208,3.7402,3.8597,3.9791,4.0985
2.8812,2.8974,2.9379,3.0111,3.0889,3.1796,3.2703,3.3625,3.4547,3.5471,2.8728,1.624,0.4493,1.0281,0.9945,0.9547,0.904,0.8531,0.8009,0.7486,0.6963,0.6439,0.5915,0.5391,0.4867,0.4343
4.7606,4.7449,4.7058,4.6352,4.5601,4.4726,4.385,4.296,4.207,4.1178,3.6309,2.0525,0.6437,1.1624,1.1948,1.2332,1.2821,1.3313,1.3817,1.4321,1.4827,1.5332,1.5838,1.6344,1.6849,1.7355
5.4578,5.4886,5.5652,5.7039,5.8513,6.023,6.1948,6.3695,6.5443,6.7193,6.8943,7.0506,7.1946,7.2337,0.8724,1.4535,1.7125,1.616,1.5171,1.4181,1.3189,1.2197,1.1204,1.0212,0.9219,0.8226
6.389,5.8643,5.3414,4.821,4.3012,3.7832,3.2652,2.7474,2.2297,1.712,1.1942,3.612,3.9069,3.987,3.8569,3.7025,3.5059,3.3084,3.1058,2.9032,2.7001,2.497,2.2938,2.0906,1.8874,1.6841
5.4295,5.4116,5.367,5.2865,5.2008,5.101,5.0012,4.8996,4.7981,4.6964,4.5947,4.5039,4.4202,4.3975,1.3627,1.4065,1.4623,1.5184,1.5759,1.6333,1.691,1.7487,1.8063,1.864,1.9217,1.9794
2.6627,2.6777,2.7151,2.7827,2.8547,2.9384,3.0223,3.1075,3.1927,3.2781,3.3635,3.4397,3.51,0.9501,0.9191,0.8823,0.8355,0.7884,0.7401,0.6919,0.6435,0.595,0.5466,0.4982,0.4498,0.4013
7.1773,7.1536,6.665,6.0156,5.367,4.7207,4.0743,3.4283,2.7822,2.1362,1.4902,1.8932,1.7826,1.7525,1.8013,1.8592,1.933,2.0071,2.0831,2.1591,2.2354,2.3116,2.3878,2.4641,2.5403,2.6166
8.2125,8.2125,8.2125,8.2125,8.2125,8.2125,8.2125,8.2125,8.2125,8.2125,8.2125,8.2125,8.2125,8.2125,8.2125,8.2125,8.2125,8.2125,8.2125,8.2125,8.2125,8.2125,8.2125,8.2125,8.2125,8.2125
3.6518,3.6724,3.7237,3.8164,3.9151,4.0299,4.1449,3.8464,3.1216,2.3967,1.6719,0.9451,1.2769,1.3031,1.2605,1.2101,1.1458,1.0813,1.0151,0.9489,0.8825,0.8161,0.7497,0.6833,0.6168,0.5504
4.5048,4.4899,4.453,4.3861,4.3151,4.2323,4.1494,4.0652,3.981,3.8966,3.8122,3.7369,3.6674,1.0999,1.1306,1.1669,1.2133,1.2598,1.3075,1.3552,1.403,1.4508,1.4987,1.5466,1.5944,1.6423
3.489,3.5087,3.5577,3.6463,3.7406,3.8503,3.9602,4.0719,4.1836,4.2954,4.4073,4.5072,4.5993,4.6243,1.1609,1.1562,1.0947,1.0331,0.9698,0.9066,0.8431,0.7797,0.7163,0.6528,0.5893,0.5259
8.3806,8.3806,8.3806,8.3806,8.3806,8.3806,8.3806,8.3806,8.3806,8.3806,8.3806,8.3806,8.3806,8.3806,8.3806,8.3806,8.3806,8.3806,8.3806,8.3806,8.3806,8.3806,8.3806,8.3806,8.3806,8.3806
7.6455,7.6203,7.5576,7.4442,7.3235,7.183,7.0424,6.8995,6.7565,6.6133,6.4701,6.3422,6.2244,6.1923,1.0537,1.5717,2.0591,2.1381,2.219,2.3,2.3812,2.4624,2.5436,2.6248,2.706,2.7873
2.6818,2.6969,2.7346,2.8027,2.8752,2.9595,3.044,3.1298,3.2157,3.3017,3.3877,3.3001,0.7578,0.957,0.9257,0.8887,0.8415,0.7941,0.7455,0.6968,0.6481,0.5993,0.5506,0.5018,0.453,0.4042
5.2514,5.2341,5.191,5.1131,5.0302,4.9337,4.8372,4.739,4.1923,3.2188,2.2454,1.2693,1.3043,1.2822,1.318,1.3604,1.4143,1.4686,1.5242,1.5798,1.6355,1.6913,1.7471,1.8029,1.8587,1.9145
8.5556,8.5556,8.5556,8.5556,8.5556,8.5556,8.5556,8.5556,8.5556,8.5556,8.5556,8.5556,8.5556,8.5556,8.5556,1.324,1.8525,2.3811,2.5776,2.4095,2.241,2.0724,1.9037,1.7351,1.5664,1.3977
5.9857,6.0194,5.7624,5.2009,4.6402,4.0813,3.5225,2.964,2.4054,1.8469,1.2884,0.7755,2.093,2.1359,2.0662,1.9835,1.8781,1.7723,1.6638,1.5553,1.4465,1.3377,1.2288,1.1199,1.0111,0.9022
4.832,4.8161,4.7764,4.7047,4.6285,4.5397,4.4508,4.3605,4.2701,4.1796,4.0891,4.0083,3.9338,0.6937,1.2127,1.2517,1.3014,1.3513,1.4024,1.4536,1.5049,1.5562,1.6076,1.6589,1.7102,1.7616
2.8132,2.829,2.8686,2.94,3.016,3.1045,3.1931,3.2831,3.3732,3.4634,3.5536,3.6342,3.7084,0.708,0.9711,0.9322,0.8827,0.833,0.782,0.731,0.6798,0.6287,0.5775,0.5264,0.4752,0.424
6.916,6.3479,5.7819,5.2185,4.6559,4.0952,3.5345,2.974,2.4136,1.8751,2.8266,2.658,2.5027,2.4605,2.5291,2.6104,2.714,2.818,2.9247,3.0314,3.1384,3.2455,3.3525,3.4596,3.5666,3.6737
8.785,8.785,8.785,8.785,8.785,8.785,8.785,8.785,8.785,8.785,8.785,8.785,8.785,8.785,8.785,8.785,8.785,8.785,2.9,3.4267,3.9533,4.48,5.0067,5.5333,5.7701,5.9433
3.0784,3.0957,3.139,3.2172,3.3003,3.3972,3.4941,3.5926,3.6912,3.1726,2.2132,1.2511,0.4801,1.0985,1.0626,1.0201,0.9659,0.9115,0.8557,0.7999,0.7439,0.6879,0.632,0.576,0.52,0.464
4.5763,4.5612,4.5236,4.4557,4.3835,4.2994,4.2153,4.1297,4.0441,3.9584,3.8727,3.4302,0.7876,1.1174,1.1485,1.1855,1.2325,1.2798,1.3282,1.3767,1.4253,1.4739,1.5225,1.5711,1.6197,1.6683
4.4085,4.4333,4.4953,4.6072,4.7263,4.865,5.0038,5.145,5.2861,5.4274,5.5688,5.695,5.8114,5.843,0.947,1.4608,1.3833,1.3053,1.2254,1.1455,1.0653,0.9852,0.905,0.8248,0.7447,0.6645
6.2179,5.7072,5.1983,4.6918,4.186,3.6818,3.1777,2.6738,2.17,1.7366,7.4306,8.1526,8.818,8.9775,8.7052,8.3567,7.9129,7.4671,7.0099,6.5527,6.0943,5.6358,5.1772,4.7185,4.2599,3.8012
5.9984,5.9786,5.9294,5.8404,5.7458,5.6356,5.5252,5.4131,5.3009,5.1886,5.0762,4.9759,4.8834,4.8583,1.1472,1.5539,1.6155,1.6775,1.741,1.8045,1.8682,1.9319,1.9956,2.0593,2.1231,2.1868
2.6226,2.6374,2.6742,2.7408,2.8117,2.8942,2.9767,3.0607,3.1446,3.2287,3.3128,3.3879,3.4571,0.9358,0.9053,0.869,0.8229,0.7765,0.729,0.6814,0.6338,0.5861,0.5384,0.4907,0.443,0.3953
6.1822,6.1619,6.1111,6.0194,5.9218,5.3221,4.5934,3.865,3.1367,2.4083,1.68,0.9497,1.5354,1.5095,1.5516,1.6015,1.665,1.7289,1.7943,1.8598,1.9254,1.9911,2.0568,2.1224,2.1881,2.2538
9.1787,9.1787,9.1787,9.1787,9.1787,9.1787,9.1787,9.1787,9.1787,9.1787,9.1787,9.1787,9.1787,9.1787,9.1787,9.1787,9.1787,9.1787,9.1787,3.2974,3.8043,4.3111,4.8179,5.3247,5.8315,5.5796
4.2164,4.2402,4.2994,4.4065,4.5204,4.653,4.031,3.3918,2.7526,2.1135,1.4743,0.8334,1.4743,1.5045,1.4554,1.3972,1.323,1.2484,1.172,1.0956,1.0189,0.9423,0.8656,0.7889,0.7122,0.6355
4.5429,4.5279,4.4906,4.4232,4.3515,4.2681,4.1845,4.0996,4.0146,3.9295,3.8444,3.7685,3.6984,1.1092,1.1402,1.1768,1.2235,1.2704,1.3185,1.3666,1.4149,1.4631,1.5114,1.5596,1.6079,1.6562
3.1388,3.1565,3.2006,3.2803,3.3651,3.4638,3.5626,3.6631,3.7636,3.8642,3.9649,4.0548,4.1376,0.512,1.0835,1.0401,0.9849,0.9294,0.8725,0.8156,0.7585,0.7014,0.6444,0.5873,0.5302,0.4731
6.3671,5.8534,7.7863,7.5131,7.2224,6.884,6.5452,6.2008,5.8564,5.5114,5.1664,4.8584,4.5745,4.4973,4.6226,4.7713,4.9606,5.1508,5.3458,5.5409,5.7364,5.932,6.1277,6.3234,6.519,6.7147
9.4268,9.3957,9.3184,9.1785,9.0297,8.8565,8.6832,8.5069,8.3306,8.1541,7.9774,7.8198,7.6745,7.635,7.6992,1.4388,2.0132,2.5875,2.736,2.8359,2.936,3.0361,3.1362,3.2363,3.3365,3.4367
2.7712,2.7869,2.8258,2.8962,2.9711,3.0582,3.1455,3.2342,3.3229,3.4118,3.5007,1.9928,0.4576,0.9889,0.9566,0.9183,0.8695,0.8205,0.7703,0.7201,0.6697,0.6193,0.5689,0.5185,0.4681,0.4177
4.8833,4.8672,4.8271,4.7547,4.6776,4.5879,4.4981,4.4068,4.3154,4.167,2.9068,1.6432,1.2128,1.1924,1.2256,1.265,1.3152,1.3656,1.4173,1.469,1.5209,1.5728,1.6246,1.6765,1.7284,1.7803
6.405,6.4411,6.5311,6.6938,6.8668,7.0683,7.27,7.475,7.6801,7.8854,8.0909,8.2742,8.4432,8.4892,8.4146,1.3861,1.9394,1.8965,1.7804,1.6643,1.5478,1.4314,1.3149,1.1984,1.0819,0.9654
6.5016,5.9676,5.4355,4.9059,4.3769,3.8498,3.3227,2.7958,2.269,1.7421,1.2153,2.6848,2.9039,2.9635,2.8667,2.752,2.6058,2.459,2.3085,2.1579,2.007,1.856,1.7049,1.5539,1.4028,1.2518
5.129,5.1121,5.07,4.9939,4.913,4.8188,4.7244,4.6285,4.5326,4.4365,4.3405,4.2547,4.1756,0.672,1.2873,1.3287,1.3814,1.4343,1.4886,1.543,1.5974,1.6519,1.7064,1.7609,1.8154,1.8698
2.6891,2.7043,2.742,2.8103,2.883,2.9676,3.0522,3.1383,3.2244,3.3106,3.3969,3.4739,3.5448,0.9596,0.9282,0.8911,0.8438,0.7962,0.7475,0.6987,0.6498,0.601,0.552,0.5031,0.4542,0.4053
7.4526,6.8405,6.2305,5.6235,5.0171,4.4129,3.8087,3.2048,2.6008,1.9969,1.393,2.1042,1.9812,1.9478,2.0021,2.0664,2.1484,2.2308,2.3153,2.3997,2.4844,2.5692,2.6539,2.7386,2.8234,2.9081
9.8997,9.8997,9.8997,9.8997,9.8997,9.8997,9.8997,9.8997,9.8997,9.8997,9.8997,9.8997,9.8997,9.8997,9.8997,9.8997,9.8997,9.8997,9.8997,9.8997,9.8997,9.8997,9.8997,9.8997,9.8997,9.8997
3.3731,3.3921,3.4395,3.5252,3.6163,3.7224,3.8286,3.9366,3.4065,2.6155,1.8245,1.0314,1.1794,1.2036,1.1643,1.1177,1.0584,0.9988,0.9376,0.8765,0.8151,0.7538,0.6925,0.6311,0.5698,0.5084
4.4838,4.4691,4.4323,4.3657,4.295,4.2126,4.1301,4.0463,3.9624,3.8785,3.7945,3.7195,2.5803,1.0948,1.1253,1.1615,1.2076,1.2539,1.3014,1.3489,1.3965,1.4441,1.4917,1.5394,1.587,1.6346
3.7509,3.772,3.8247,3.92,4.0213,4.1393,4.2574,4.3775,4.4976,4.6178,4.7381,4.8455,4.9445,4.9714,1.0574,1.2429,1.1769,1.1106,1.0426,0.9746,0.9064,0.8382,0.77,0.7018,0.6336,0.5654
6.165,5.6587,5.1541,4.6519,4.1503,3.6505,10.0,10.0,10.0,10.0,10.0,10.0,10.0,10.0,10.0,10.0,10.0,10.0,10.0,10.0,10.0,10.0,10.0,10.0,10.0,10.0
6.8474,6.8248,6.7686,6.667,6.5589,6.4331,6.3072,6.1792,6.0511,5.9229,5.7946,5.6801,5.5746,5.5459,1.0014,1.6684,1.8442,1.9149,1.9874,2.0599,2.1326,2.2053,2.278,2.3508,2.4235,2.4963
2.631,2.6459,2.6829,2.7497,2.8208,2.9035,2.9864,3.0706,3.1548,3.2392,3.3236,3.3989,1.2796,0.9388,0.9082,0.8719,0.8255,0.779,0.7313,0.6836,0.6358,0.588,0.5401,0.4923,0.4444,0.3966
5.5136,5.4954,5.4502,5.3684,5.2814,5.1801,5.0787,4.5297,3.6761,2.8225,1.969,1.113,1.3694,1.3463,1.3838,1.4283,1.4849,1.5419,1.6003,1.6587,1.7172,1.7758,1.8343,1.8929,1.9515,2.01
10.0,10.0,10.0,10.0,10.0,10.0,10.0,10.0,10.0,10.0,10.0,10.0,10.0,10.0,10.0,10.0,1.8039,2.3186,2.8331,3.3404,3.1068,2.873,2.6392,2.4054,2.1716,1.9378
5.1055,5.1343,5.206,5.3357,4.8244,4.2434,3.6624,3.0816,2.5009,1.9202,1.3395,0.7572,1.7852,1.8218,1.7623,1.6918,1.602,1.5117,1.4191,1.3266,1.2338,1.141,1.0481,0.9553,0.8624,0.7695
4.6685,4.6532,4.6148,4.5456,4.4719,4.3861,4.3003,4.213,4.1257,4.0382,3.9508,3.8727,3.8007,0.8767,1.1717,1.2094,1.2574,1.3056,1.355,1.4044,1.454,1.5036,1.5532,1.6028,1.6524,1.702
2.899,2.9153,2.9561,3.0297,3.108,3.1992,3.2905,3.3833,3.4761,3.569,3.662,3.745,3.8215,0.5811,1.0007,0.9606,0.9096,0.8584,0.8058,0.7533,0.7006,0.6479,0.5951,0.5424,0.4897,0.437
6.6267,6.0824,5.5401,5.0003,4.4612,3.9239,3.3866,2.8496,3.8342,3.6083,3.3824,3.1808,2.9949,2.9444,3.0264,3.1238,3.2477,3.3722,3.4999,3.6276,3.7557,3.8837,4.0118,4.1399,4.268,4.3961
10.0,10.0,10.0,10.0,10.0,10.0,10.0,10.0,10.0,10.0,10.0,10.0,10.0,10.0,10.0,10.0,1.971,2.4256,2.9639,3.5022,3.9306,4.0646,4.1987,4.3327,4.4668,4.6009
2.9232,2.9397,2.9807,3.055,3.1339,3.2259,3.3179,3.4115,3.5051,3.5988,2.5534,1.4434,0.4559,1.0431,1.009,0.9687,0.9172,0.8655,0.8125,0.7595,0.7064,0.6533,0.6001,0.5469,0.4938,0.4406
4.641,4.6257,4.5876,4.5188,4.4455,4.3603,4.2749,4.1881,4.1013,4.0144,3.9275,2.3989,0.6275,1.1332,1.1648,1.2022,1.2499,1.2979,1.347,1.3962,1.4454,1.4947,1.544,1.5933,1.6426,1.6919
4.9532,4.9812,5.0508,5.1766,5.3104,5.4662,5.6222,5.7807,5.9393,6.0981,6.257,6.3988,6.5295,6.565,0.8903,1.4833,1.5542,1.4666,1.3768,1.287,1.197,1.1069,1.0169,0.9268,0.8367,0.7466
6.2592,5.7451,5.2328,4.7229,4.2137,3.7063,3.1988,2.6916,2.1844,1.6772,4.1375,4.5395,4.91,5.0107,4.8472,4.6532,4.406,4.1578,3.9032,3.6487,3.3934,3.1381,2.8827,2.6273,2.372,2.1165
5.5768,5.5584,5.5126,5.4299,5.3419,5.2394,5.1369,5.0326,4.9283,4.8239,4.7194,4.6261,4.5402,4.5168,1.263,1.4446,1.502,1.5596,1.6186,1.6777,1.7369,1.7961,1.8553,1.9146,1.9738,2.0331
2.6209,2.6357,2.6725,2.7391,2.8099,2.8923,2.9748,3.0587,3.1426,3.2267,3.3107,3.3858,3.4549,0.9352,0.9047,0.8685,0.8224,0.776,0.7285,0.681,0.6334,0.5857,0.538,0.4904,0.4427,0.395
6.6954,6.6733,6.6184,6.2242,5.5531,4.8843,4.2156,3.5471,2.8787,2.2102,1.5418,1.7661,1.6629,1.6348,1.6804,1.7344,1.8032,1.8724,1.9433,2.0142,2.0853,2.1564,2.2275,2.2986,2.3698,2.4409
10.0,10.0,10.0,10.0,10.0,10.0,10.0,10.0,10.0,10.0,10.0,10.0,10.0,10.0,10.0,10.0,10.0,10.0,10.0,10.0,10.0,10.0,10.0,10.0,10.0,6.2889
3.8104,3.8319,3.8855,3.9823,4.0852,4.2051,4.3064,3.6235,2.9407,2.2579,1.5751,0.8904,1.3324,1.3597,1.3153,1.2627,1.1956,1.1283,1.0592,0.9901,0.9208,0.8515,0.7823,0.713,0.6436,0.5743
4.4751,4.4604,4.4236,4.3573,4.2866,4.2044,4.1221,4.0384,3.9547,3.8709,3.7871,3.7122,3.6433,1.0927,1.1231,1.1593,1.2053,1.2515,1.2989,1.3462,1.3938,1.4413,1.4888,1.5364,1.5839,1.6315
3.3141,3.3328,3.3794,3.4636,3.5531,3.6573,3.7617,3.8678,3.9739,4.0801,4.1864,4.2813,4.3688,0.5406,1.144,1.0982,1.0399,0.9813,0.9212,0.8611,0.8009,0.7406,0.6804,0.6201,0.5598,0.4995
10.0,10.0,10.0,10.0,10.0,10.0,9.7518,9.2387,8.7255,8.2115,7.6974,7.2385,6.8156,6.7006,6.8873,7.1088,7.3909,7.6742,7.9648,8.2554,8.5468,8.8382,9.1297,9.4213,9.7128,10.0
8.1598,8.1329,8.0659,7.9449,7.8161,7.6662,7.5161,7.3635,7.211,7.0581,6.9053,6.7688,6.643,6.6088,6.6644,1.5036,2.1039,2.2819,2.3683,2.4547,2.5414,2.628,2.7147,2.8014,2.8881,2.9748
2.6892,2.7044,2.7422,2.8105,2.8831,2.9677,3.0524,3.1385,3.2246,3.3108,3.3971,2.6146,0.6004,0.9596,0.9283,0.8911,0.8438,0.7963,0.7475,0.6988,0.6499,0.601,0.5521,0.5032,0.4543,0.4053
5.0561,5.0394,4.9979,4.9229,4.8431,4.7502,4.6573,4.5627,4.4682,3.491,2.4353,1.3766,1.2557,1.2346,1.269,1.3098,1.3617,1.4139,1.4675,1.521,1.5747,1.6284,1.6821,1.7358,1.7895,1.8433
7.8459,7.8901,8.0004,8.1996,8.4116,8.6584,8.9054,9.1566,9.4078,9.6594,9.911,10.0,10.0,10.0,10.0,1.3342,1.8669,2.3231,2.1809,2.0386,1.896,1.7534,1.6107,1.468,1.3253,1.1826
6.6357,6.1264,5.5801,5.0364,4.4934,3.9522,3.4111,2.8702,2.3293,1.7885,1.2476,2.1452,2.3203,2.3679,2.2906,2.1989,2.0821,1.9648,1.8445,1.7242,1.6036,1.4829,1.3623,1.2416,1.1209,1.0002
4.8947,4.8786,4.8384,4.7658,4.6886,4.5986,4.5086,4.4171,4.3256,4.2339,4.1422,4.0603,3.9849,0.6413,1.2285,1.268,1.3183,1.3688,1.4207,1.4725,1.5245,1.5764,1.6284,1.6804,1.7324,1.7844
2.7387,2.7542,2.7927,2.8622,2.9362,3.0224,3.1086,3.1963,3.2839,3.3718,3.4596,3.538,3.6103,0.8107,0.9454,0.9075,0.8593,0.8109,0.7613,0.7116,0.6618,0.612,0.5622,0.5124,0.4626,0.4128
7.0452,6.4665,5.8899,5.316,4.7429,4.1717,3.6005,3.0296,2.4587,1.8878,2.5449,2.3932,2.2533,2.2153,2.2771,2.3503,2.4435,2.5372,2.6333,2.7294,2.8257,2.9221,3.0184,3.1148,3.2112,3.3076
10.0,10.0,10.0,10.0,10.0,10.0,10.0,10.0,10.0,10.0,10.0,10.0,10.0,10.0,10.0,10.0,10.0,10.0,10.0,10.0,3.9058,4.3834,4.8987,5.414,5.9293,6.4446
3.1552,3.173,3.2173,3.2975,3.3827,3.482,3.5813,3.6823,3.7833,2.9073,2.0281,1.1465,1.1032,1.1259,1.0891,1.0455,0.99,0.9342,0.877,0.8198,0.7625,0.7051,0.6477,0.5904,0.533,0.4756
4.4991,4.4842,4.4473,4.3806,4.3096,4.2269,4.1442,4.06,3.9759,3.8916,3.8073,3.7321,1.0617,1.0985,1.1292,1.1655,1.2117,1.2582,1.3058,1.3535,1.4012,1.449,1.4968,1.5446,1.5924,1.6402
4.0947,4.1178,4.1753,4.2793,4.3899,4.5187,4.6476,4.7787,4.9098,5.0411,5.1724,5.2896,5.3977,5.4271,0.9773,1.3569,1.2848,1.2124,1.1382,1.0639,0.9895,0.9151,0.8406,0.7661,0.6917,0.6172
6.1416,5.6372,5.1345,4.6342,4.1346,3.6366,3.1387,2.641,2.1433,10.0,10.0,10.0,10.0,10.0,10.0,10.0,10.0,10.0,10.0,10.0,10.0,10.0,10.0,9.1676,8.2764,7.3852
6.2394,6.2188,6.1676,6.0751,5.9766,5.862,5.7472,5.6305,5.5139,5.397,5.2801,5.1758,5.0796,5.0535,1.0771,1.6163,1.6804,1.7449,1.8109,1.877,1.9432,2.0095,2.0758,2.1421,2.2084,2.2746
2.6023,2.617,2.6535,2.7196,2.7899,2.8718,2.9537,3.037,3.1203,3.2038,3.2872,3.3617,3.4304,0.9286,0.8983,0.8623,0.8165,0.7705,0.7233,0.6762,0.6289,0.5816,0.5342,0.4869,0.4396,0.3922
5.8564,5.8371,5.789,5.7021,5.6097,5.5021,4.8223,4.0577,3.293,2.5284,1.7638,0.997,1.4545,1.43,1.4698,1.5171,1.5773,1.6377,1.6998,1.7618,1.824,1.8862,1.9484,2.0106,2.0728,2.135
10.0,10.0,10.0,10.0,10.0,10.0,10.0,10.0,10.0,10.0,10.0,10.0,10.0,10.0,10.0,10.0,10.0,2.2766,2.7818,3.287,3.7922,4.2975,4.3877,3.9989,3.6102,3.2215
4.4765,4.5018,4.5646,4.6783,4.7993,4.4582,3.8478,3.2377,2.6275,2.0174,1.4073,0.7956,1.5653,1.5974,1.5452,1.4834,1.4046,1.3255,1.2443,1.1632,1.0818,1.0004,0.919,0.8376,0.7562,0.6747
4.5498,4.5348,4.4974,4.4299,4.3581,4.2745,4.1909,4.1058,4.0207,3.9355,3.8503,3.7742,3.7041,1.1109,1.1419,1.1786,1.2254,1.2723,1.3205,1.3687,1.417,1.4653,1.5137,1.562,1.6103,1.6587
3.0163,3.0333,3.0757,3.1523,3.2338,3.3286,3.4236,3.5202,3.6167,3.7134,3.8102,3.8965,3.9761,0.4954,1.0412,0.9995,0.9464,0.8931,0.8384,0.7837,0.7289,0.6741,0.6192,0.5644,0.5095,0.4546
6.4076,5.8814,5.3569,4.835,4.3137,5.6816,5.402,5.1178,4.8335,4.5488,4.264,4.0098,3.7755,3.7118,3.8152,3.9379,4.0942,4.2511,4.4121,4.5731,4.7345,4.8959,5.0574,5.2189,5.3804,5.5419
10.0,10.0,10.0,10.0,9.908,9.718,9.5277,9.3343,9.1409,8.9471,8.7534,8.5804,8.421,8.3776,8.448,8.5315,1.9463,2.5016,3.0022,3.1117,3.2215,3.3314,3.4412,3.5511,3.661,3.7709
2.803,2.8188,2.8582,2.9294,3.0051,3.0933,3.1816,3.2713,3.361,3.4509,3.052,1.7253,0.4371,1.0002,0.9676,0.9288,0.8795,0.83,0.7791,0.7283,0.6774,0.6264,0.5754,0.5245,0.4735,0.4225
4.7472,4.7315,4.6925,4.6221,4.5472,4.46,4.3727,4.2839,4.1951,4.1062,3.2756,1.8516,0.6419,1.1591,1.1914,1.2297,1.2785,1.3275,1.3778,1.4281,1.4785,1.5289,1.5793,1.6298,1.6802,1.7306
5.7122,5.7445,5.8247,5.9698,6.1241,6.3038,6.4836,6.6665,6.8494,7.0325,7.2158,7.3793,7.53,7.571,0.8653,1.4096,1.7923,1.6914,1.5878,1.4842,1.3804,1.2766,1.1727,1.0688,0.9649,0.861
6.3529,5.8312,5.3112,4.7937,4.2769,3.7618,3.2467,2.7319,2.2171,1.7023,1.1875,3.1535,3.4109,3.4809,3.3672,3.2325,3.0608,2.8884,2.7115,2.5347,2.3573,2.18,2.0026,1.8252,1.6478,1.4703
5.2467,5.2294,5.1863,5.1085,5.0257,4.9293,4.8328,4.7347,4.6366,4.5383,4.44,4.3523,4.2714,4.2494,1.3168,1.3591,1.4131,1.4672,1.5228,1.5784,1.6341,1.6898,1.7455,1.8013,1.857,1.9127
2.6405,2.6554,2.6925,2.7595,2.8309,2.9139,2.997,3.0816,3.1661,3.2508,3.3355,3.411,3.4807,0.9422,0.9115,0.875,0.8285,0.7818,0.734,0.6861,0.6381,0.5901,0.5421,0.494,0.446,0.398
7.3727,7.043,6.415,5.7899,5.1657,4.5436,3.9215,3.2997,2.6778,2.0561,1.4343,1.9447,1.8311,1.8002,1.8504,1.9099,1.9857,2.0618,2.1399,2.2179,2.2962,2.3745,2.4528,2.5311,2.6095,2.6878
10.0,10.0,10.0,10.0,10.0,10.0,10.0,10.0,10.0,10.0,10.0,10.0,10.0,10.0,10.0,10.0,10.0,10.0,10.0,10.0,10.0,10.0,10.0,10.0,10.0,10.0
3.4986,3.5183,3.5675,3.6563,3.7509,3.8609,3.9711,3.9259,3.1861,2.4463,1.7065,0.9647,1.2233,1.2484,1.2077,1.1593,1.0978,1.0359,0.9725,0.9091,0.8455,0.7819,0.7182,0.6546,0.591,0.5273
4.444,4.4293,4.3929,4.3269,4.2568,4.1752,4.0934,4.0103,3.9272,3.844,3.7607,3.6864,3.6179,1.0851,1.1153,1.1512,1.1969,1.2428,1.2898,1.3369,1.3841,1.4313,1.4785,1.5257,1.5729,1.6201
3.5424,3.5624,3.6122,3.7022,3.7979,3.9093,4.0208,4.1342,4.2476,4.3612,4.4748,4.5762,4.6697,4.6951,1.1062,1.1739,1.1115,1.0489,0.9847,0.9205,0.8561,0.7917,0.7272,0.6628,0.5984,0.5339
10.0,10.0,10.0,10.0,10.0,10.0,10.0,10.0,10.0,10.0,10.0,10.0,10.0,10.0,10.0,10.0,10.0,10.0,10.0,10.0,10.0,10.0,10.0,10.0,10.0,10.0
7.2364,7.2126,7.1532,7.0458,6.9316,6.7987,6.6656,6.5303,6.395,6.2594,6.1239,6.0029,5.8913,5.861,0.9974,1.5886,1.949,2.0237,2.1003,2.1769,2.2538,2.3306,2.4075,2.4844,2.5612,2.6381
2.6318,2.6467,2.6836,2.7505,2.8216,2.9044,2.9872,3.0715,3.1557,3.2401,3.3245,3.3999,0.8868,0.9391,0.9085,0.8721,0.8258,0.7793,0.7316,0.6838,0.636,0.5882,0.5403,0.4924,0.4446,0.3967
5.2875,5.27,5.2266,5.1482,5.0648,4.9676,4.8704,4.7715,3.9344,3.0208,2.1073,1.1912,1.3132,1.291,1.327,1.3697,1.424,1.4786,1.5346,1.5906,1.6468,1.7029,1.7591,1.8153,1.8714,1.9276
10.0,10.0,10.0,10.0,10.0,10.0,10.0,10.0,10.0,10.0,10.0,10.0,10.0,10.0,10.0,10.0,1.813,2.3303,2.8474,2.6651,2.4786,2.2921,2.1056,1.9191,1.7325,1.546
5.5541,5.5854,5.6635,5.2185,4.6558,4.0951,3.5344,2.974,2.4135,1.8531,1.2927,0.7308,1.942,1.9819,1.9172,1.8405,1.7427,1.6445,1.5438,1.4432,1.3422,1.2412,1.1402,1.0392,0.9382,0.8372
4.7154,4.6998,4.6611,4.5912,4.5167,4.4301,4.3434,4.2552,4.167,4.0787,3.9904,3.9115,3.8389,0.7452,1.1834,1.2215,1.27,1.3187,1.3686,1.4185,1.4686,1.5187,1.5688,1.6188,1.6689,1.719
2.8138,2.8296,2.8692,2.9406,3.0167,3.1052,3.1938,3.2838,3.3739,3.4641,3.5544,3.6349,3.7092,0.6464,0.9713,0.9324,0.8829,0.8331,0.7821,0.7311,0.68,0.6288,0.5776,0.5265,0.4753,0.4241
6.7282,6.1756,5.6249,5.0769,4.5295,3.984,3.4385,2.8933,2.3481,3.1813,2.9821,2.8043,2.6404,2.5959,2.6682,2.754,2.8633,2.9731,3.0857,3.1983,3.3111,3.424,3.537,3.6499,3.7629,3.8758
10.0,10.0,10.0,10.0,10.0,10.0,10.0,10.0,10.0,10.0,10.0,10.0,10.0,10.0,10.0,10.0,10.0,2.4164,2.8921,3.4174,3.9426,4.4679,4.8283,4.9825,5.1366,5.2908
2.9847,3.0015,3.0435,3.1193,3.1999,3.2938,3.3878,3.4833,3.5789,3.306,2.3062,1.3037,0.4655,1.065,1.0303,0.989,0.9365,0.8838,0.8296,0.7755,0.7213,0.667,0.6127,0.5585,0.5042,0.4499
4.5512,4.5362,4.4989,4.4314,4.3595,4.2759,4.1922,4.1071,4.022,3.9367,3.8515,2.9161,0.6696,1.1113,1.1422,1.179,1.2258,1.2728,1.3209,1.3691,1.4175,1.4658,1.5141,1.5625,1.6108,1.6592
4.552,4.5777,4.6416,4.7573,4.8802,5.0234,5.1667,5.3125,5.4582,5.6041,5.7501,5.8805,6.0006,6.0332,0.9147,1.5084,1.4283,1.3478,1.2653,1.1828,1.1,1.0173,0.9345,0.8517,0.7689,0.6861
6.1675,5.6609,5.1561,4.6538,4.152,3.652,3.1519,2.6522,2.1524,1.6526,5.6421,6.1903,6.6955,6.8329,6.6099,6.3453,6.0083,5.6698,5.3227,4.9755,4.6275,4.2793,3.9311,3.5828,3.2345,2.8862
5.7692,5.7502,5.7028,5.6173,5.5262,5.4202,5.3141,5.2062,5.0983,4.9903,4.8822,4.7857,4.6968,4.6726,1.1762,1.4945,1.5538,1.6134,1.6745,1.7356,1.7968,1.8581,1.9194,1.9807,2.0419,2.1032
2.5945,2.6092,2.6456,2.7115,2.7816,2.8632,2.9449,3.028,3.111,3.1942,3.2774,3.3517,3.4202,0.9258,0.8956,0.8597,0.8141,0.7682,0.7212,0.6742,0.627,0.5798,0.5326,0.4854,0.4383,0.3911
6.302,6.2812,6.2295,6.136,5.7904,5.0931,4.3957,3.6987,3.0017,2.3047,1.6077,0.9492,1.5652,1.5388,1.5816,1.6325,1.6973,1.7624,1.8291,1.8958,1.9627,2.0297,2.0966,2.1636,2.2305,2.2975
10.0,10.0,10.0,10.0,10.0,10.0,10.0,10.0,10.0,10.0,10.0,10.0,10.0,10.0,10.0,10.0,10.0,10.0,10.0,10.0,3.7539,4.2539,4.754,5.2541,5.7542,6.2543
4.0106,4.0332,4.0896,4.1914,4.2998,4.4259,4.0894,3.4409,2.7925,2.1441,1.4957,0.8455,1.4023,1.4311,1.3844,1.329,1.2584,1.1875,1.1148,1.0421,0.9692,0.8963,0.8233,0.7504,0.6775,0.6045
4.471,4.4563,4.4196,4.3532,4.2827,4.2005,4.1183,4.0347,3.9511,3.8674,3.7836,3.7088,3.6399,1.0917,1.1221,1.1582,1.2042,1.2503,1.2977,1.345,1.3925,1.44,1.4875,1.535,1.5825,1.63
3.171,3.1889,3.2335,3.314,3.3997,3.4994,3.5993,3.7008,3.8023,3.904,4.0057,4.0965,4.1801,0.5173,1.0946,1.0508,0.995,0.9389,0.8814,0.824,0.7663,0.7087,0.651,0.5933,0.5356,0.478
9.0516,8.9829,8.8118,8.5026,8.1736,7.7906,7.4073,7.0175,6.6277,6.2373,5.8468,5.4982,5.177,5.0896,5.2314,5.3997,5.6139,5.8292,6.0499,6.2706,6.492,6.7133,6.9348,7.1562,7.3776,7.5991
8.8122,8.7832,8.7108,8.5801,8.441,8.2791,8.1171,7.9523,7.7875,7.6224,7.4574,7.31,7.1742,7.1372,7.1972,1.4483,2.0265,2.4643,2.5577,2.651,2.7445,2.8381,2.9317,3.0254,3.119,3.2126
2.7124,2.7277,2.7659,2.8347,2.908,2.9934,3.0788,3.1656,3.2524,3.3394,3.4264,2.1696,0.4982,0.9679,0.9363,0.8988,0.8511,0.8031,0.754,0.7048,0.6555,0.6062,0.5568,0.5075,0.4582,0.4088
4.8993,4.8832,4.843,4.7703,4.693,4.603,4.5129,4.4212,4.3296,3.8429,2.6807,1.5154,1.2168,1.1963,1.2296,1.2692,1.3195,1.3701,1.422,1.4739,1.5259,1.5779,1.63,1.682,1.7341,1.7861
6.8199,6.8583,6.9542,7.1274,7.3116,7.5261,7.7409,7.9592,8.1775,8.3962,8.6149,8.8102,8.9901,9.0391,8.9596,1.3526,1.8926,2.0193,1.8957,1.772,1.6481,1.5241,1.4001,1.276,1.152,1.0279
6.5032,5.9691,5.4368,4.9071,4.378,3.8508,3.3235,2.7965,2.2695,1.7426,1.2156,2.4265,2.6245,2.6784,2.591,2.4873,2.3552,2.2225,2.0864,1.9503,1.8139,1.6774,1.5409,1.4044,1.2679,1.1314
4.9891,4.9727,4.9317,4.8577,4.779,4.6873,4.5956,4.5023,4.409,4.3155,4.2221,4.1386,4.0617,0.6537,1.2521,1.2924,1.3437,1.3952,1.448,1.5009,1.5538,1.6068,1.6598,1.7128,1.7658,1.8188
2.6821,2.6973,2.7349,2.8031,2.8755,2.9599,3.0443,3.1302,3.2161,3.3021,3.3881,3.4649,3.5357,0.957,0.9258,0.8888,0.8416,0.7942,0.7455,0.6969,0.6482,0.5994,0.5506,0.5018,0.4531,0.4043
7.2234,6.6302,6.039,5.4506,4.8629,4.2772,3.6916,3.1062,2.5209,1.9355,1.3861,2.1849,2.0572,2.0225,2.0789,2.1457,2.2309,2.3164,2.4041,2.4918,2.5798,2.6677,2.7557,2.8437,2.9317,3.0197
10.0,10.0,10.0,10.0,10.0,10.0,10.0,10.0,10.0,10.0,10.0,10.0,10.0,10.0,10.0,10.0,10.0,10.0,10.0,10.0,10.0,10.0,10.0,10.0,10.0,6.3422
3.2562,3.2746,3.3204,3.4031,3.491,3.5935,3.696,3.8002,3.5091,2.6943,1.8795,1.0625,1.1386,1.1619,1.124,1.079,1.0217,0.9642,0.9051,0.8461,0.7869,0.7277,0.6685,0.6093,0.55,0.4908
4.4484,4.4338,4.3973,4.3313,4.2611,4.1793,4.0975,4.0143,3.9312,3.8478,3.7645,3.6901,1.655,1.0862,1.1164,1.1523,1.1981,1.244,1.2911,1.3382,1.3855,1.4327,1.48,1.5272,1.5745,1.6217
3.8395,3.8612,3.9151,4.0127,4.1164,4.2372,4.3581,4.481,4.6039,4.727,4.8501,4.9601,5.0614,5.0889,1.0161,1.2723,1.2047,1.1369,1.0673,0.9977,0.9279,0.858,0.7882,0.7184,0.6486,0.5787
6.1005,5.5995,5.1002,4.6032,4.1069,3.6123,3.1177,10.0,10.0,10.0,10.0,10.0,10.0,10.0,10.0,10.0,10.0,10.0,10.0,10.0,10.0,10.0,10.0,10.0,10.0,10.0
6.5432,6.5217,6.468,6.3709,6.2676,6.1474,6.0271,5.9047,5.7824,5.6598,5.5372,5.4278,5.327,5.2995,1.0197,1.695,1.7623,1.8298,1.8991,1.9684,2.0379,2.1074,2.1769,2.2464,2.3159,2.3854
2.5968,2.6114,2.6479,2.7138,2.784,2.8657,2.9474,3.0306,3.1137,3.197,3.2803,3.3546,1.7329,0.9266,0.8964,0.8605,0.8148,0.7689,0.7218,0.6747,0.6275,0.5803,0.5331,0.4859,0.4386,0.3914
5.5897,5.5713,5.5254,5.4425,5.3543,5.2516,5.1095,4.2993,3.4891,2.679,1.8688,1.0564,1.3883,1.3648,1.4029,1.448,1.5054,1.5632,1.6224,1.6816,1.7409,1.8003,1.8596,1.919,1.9784,2.0378
10.0,10.0,10.0,10.0,10.0,10.0,10.0,10.0,10.0,10.0,10.0,10.0,10.0,10.0,10.0,10.0,1.8038,2.2823,2.7888,3.2953,3.6308,3.3576,3.0844,2.8111,2.5379,2.2646
4.8042,4.8313,4.8988,5.0208,4.8721,4.2853,3.6986,3.1121,2.5256,1.9392,1.3528,0.7647,1.6798,1.7143,1.6583,1.592,1.5074,1.4225,1.3354,1.2483,1.161,1.0736,0.9863,0.8989,0.8115,0.7241
4.5829,4.5678,4.5302,4.4622,4.3899,4.3057,4.2214,4.1357,4.05,3.9642,3.8783,3.8017,3.731,0.9708,1.1502,1.1872,1.2343,1.2816,1.3302,1.3787,1.4273,1.476,1.5247,1.5734,1.6221,1.6708
2.9175,2.934,2.975,3.0491,3.1279,3.2197,3.3115,3.405,3.4984,3.5919,3.6855,3.769,3.846,0.5405,1.0071,0.9668,0.9154,0.8639,0.811,0.7581,0.7051,0.652,0.5989,0.5459,0.4928,0.4398
6.4864,5.9536,5.4228,4.8944,4.3667,3.8408,3.3149,4.3696,4.1269,3.8838,3.6407,3.4236,3.2236,3.1692,3.2575,3.3623,3.4957,3.6297,3.7671,3.9046,4.0424,4.1802,4.3181,4.456,4.5939,4.7318
10.0,10.0,10.0,10.0,10.0,10.0,10.0,10.0,10.0,9.9877,9.7714,9.5783,9.4004,9.352,9.4305,9.5237,1.8934,2.4335,2.9736,3.4736,3.5962,3.7188,3.8415,3.9641,4.0868,4.2095
2.8524,2.8685,2.9086,2.981,3.0581,3.1478,3.2376,3.3289,3.4202,3.5117,2.7004,1.5265,0.4448,1.0178,0.9846,0.9452,0.895,0.8446,0.7929,0.7412,0.6893,0.6374,0.5856,0.5337,0.4818,0.4299
4.6425,4.6272,4.5891,4.5202,4.4469,4.3616,4.2763,4.1894,4.1026,4.0157,3.7829,2.1384,0.6277,1.1336,1.1651,1.2026,1.2503,1.2983,1.3474,1.3966,1.4459,1.4952,1.5445,1.5938,1.6431,1.6925
5.1749,5.2041,5.2768,5.4083,5.5481,5.7109,5.8738,6.0395,6.2051,6.3711,6.537,6.6852,6.8217,6.8589,0.8658,1.4425,1.6238,1.5323,1.4385,1.3446,1.2506,1.1565,1.0624,0.9683,0.8741,0.78
6.2439,5.731,5.22,4.7114,4.2034,3.6972,3.191,2.685,2.179,1.6731,1.2043,3.857,4.1718,4.2574,4.1185,3.9536,3.7436,3.5327,3.3164,3.1001,2.8833,2.6663,2.4494,2.2324,2.0154,1.7984
5.4028,5.3849,5.3406,5.2605,5.1752,5.0759,4.9766,4.8755,4.7745,4.6733,4.5721,4.4818,4.3985,4.3758,1.3077,1.3996,1.4551,1.5109,1.5681,1.6253,1.6827,1.7401,1.7974,1.8548,1.9122,1.9696
2.6075,2.6222,2.6589,2.7251,2.7955,2.8776,2.9597,3.0431,3.1266,3.2102,3.2939,3.3685,3.4373,0.9305,0.9001,0.8641,0.8182,0.7721,0.7248,0.6775,0.6301,0.5827,0.5353,0.4879,0.4405,0.393
6.8839,6.8612,6.652,6.0038,5.3565,4.7114,4.0663,3.4216,2.7768,2.132,1.4873,1.8158,1.7097,1.6808,1.7277,1.7832,1.854,1.9251,1.998,2.0709,2.144,2.2171,2.2902,2.3633,2.4365,2.5096
10.0,10.0,10.0,10.0,10.0,10.0,10.0,10.0,10.0,10.0,10.0,10.0,10.0,10.0,10.0,10.0,10.0,10.0,10.0,10.0,10.0,10.0,10.0,10.0,10.0,10.0
3.6569,3.6776,3.729,3.8218,3.9206,4.0357,4.1508,3.7044,3.0063,2.3083,1.6102,0.9102,1.2787,1.3049,1.2623,1.2118,1.1474,1.0828,1.0165,0.9502,0.8837,0.8172,0.7507,0.6842,0.6177,0.5512
4.4292,4.4146,4.3783,4.3126,4.2427,4.1613,4.0798,3.997,3.9142,3.8312,3.7482,3.6742,3.6059,1.0815,1.1116,1.1474,1.1929,1.2386,1.2855,1.3324,1.3795,1.4265,1.4736,1.5206,1.5677,1.6147
3.3719,3.391,3.4384,3.524,3.6151,3.7212,3.8273,3.9353,4.0432,4.1513,4.2595,4.356,4.445,4.4692,1.164,1.1174,1.058,0.9984,0.9373,0.8762,0.8149,0.7536,0.6922,0.6309,0.5696,0.5082
10.0,10.0,10.0,10.0,10.0,10.0,10.0,10.0,10.0,10.0,9.4496,8.8863,8.367,8.2258,8.455,8.7269,9.0732,9.4211,9.7778,10.0,10.0,10.0,10.0,10.0,10.0,10.0
7.7239,7.6985,7.6351,7.5205,7.3986,7.2567,7.1146,6.9702,6.8258,6.6811,6.5364,6.4072,6.2882,6.2558,6.3084,1.5236,2.0802,2.16,2.2418,2.3236,2.4056,2.4876,2.5697,2.6517,2.7338,2.8158
2.6475,2.6625,2.6997,2.7669,2.8384,2.9217,3.0051,3.0898,3.1746,3.2595,3.3444,2.9597,0.6796,0.9447,0.9139,0.8773,0.8307,0.7839,0.7359,0.6879,0.6398,0.5917,0.5435,0.4954,0.4472,0.3991
5.1046,5.0878,5.0459,4.9702,4.8896,4.7958,4.7019,4.6065,4.2611,3.2717,2.2823,1.2901,1.2678,1.2464,1.2811,1.3223,1.3748,1.4275,1.4816,1.5356,1.5898,1.644,1.6983,1.7525,1.8067,1.8609
8.556,8.6043,8.7245,8.9418,9.173,9.4421,9.7115,9.9854,10.0,10.0,10.0,10.0,10.0,10.0,10.0,1.3099,1.8327,2.3556,2.3783,2.2232,2.0676,1.9121,1.7565,1.6009,1.4453,1.2896
6.1334,6.1649,5.6152,5.0681,4.5216,3.9771,3.4325,2.8883,2.344,1.7997,1.2555,0.7947,2.1446,2.1886,2.1172,2.0324,1.9245,1.8161,1.7049,1.5937,1.4822,1.3707,1.2591,1.1476,1.036,0.9245
4.7909,4.7751,4.7358,4.6647,4.5891,4.5011,4.413,4.3234,4.2338,4.1441,4.0543,3.9742,3.9004,0.6503,1.2024,1.2411,1.2903,1.3398,1.3905,1.4412,1.4921,1.543,1.5939,1.6448,1.6957,1.7466
2.7476,2.7631,2.8017,2.8715,2.9457,3.0322,3.1187,3.2066,3.2946,3.3827,3.4708,3.5495,3.622,0.734,0.9484,0.9105,0.8621,0.8136,0.7637,0.7139,0.664,0.614,0.5641,0.5141,0.4641,0.4141
6.8733,6.3088,5.7463,5.1864,4.6272,4.0699,3.5127,2.9557,2.3987,1.8417,2.677,2.5174,2.3703,2.3303,2.3952,2.4723,2.5704,2.6689,2.77,2.871,2.9724,3.0737,3.1751,3.2765,3.3779,3.4793
10.0,10.0,10.0,10.0,10.0,10.0,10.0,10.0,10.0,10.0,10.0,10.0,10.0,10.0,10.0,10.0,10.0,10.0,10.0,3.3541,3.8697,4.3852,4.9007,5.4162,5.9317,6.2773
3.0672,3.0845,3.1276,3.2055,3.2884,3.3848,3.4814,3.5796,3.6778,3.0269,2.1115,1.1936,1.0725,1.0945,1.0588,1.0164,0.9624,0.9082,0.8526,0.797,0.7412,0.6854,0.6297,0.5739,0.5181,0.4623
4.4887,4.4739,4.4371,4.3705,4.2997,4.2172,4.1346,4.0507,3.9668,3.8827,3.7986,3.7235,0.8622,1.096,1.1266,1.1628,1.2089,1.2553,1.3028,1.3503,1.398,1.4457,1.4934,1.541,1.5887,1.6364
4.2297,4.2536,4.313,4.4204,4.5347,4.6677,4.8009,4.9363,5.0717,5.2073,5.343,5.4641,5.5757,5.606,0.9462,1.4016,1.3272,1.2524,1.1757,1.099,1.0221,0.9452,0.8683,0.7914,0.7145,0.6375
6.1114,5.6095,5.1093,4.6114,4.1143,3.6188,3.1233,2.628,2.1328,8.0178,8.9971,9.8713,10.0,10.0,10.0,10.0,9.5811,9.0413,8.4878,7.9342,7.3791,6.824,6.2687,5.7133,5.1579,4.6025
6.0125,5.9927,5.9433,5.8541,5.7592,5.6488,5.5382,5.4258,5.3133,5.2007,5.0881,4.9875,4.8949,4.8697,1.1057,1.5575,1.6193,1.6814,1.7451,1.8087,1.8726,1.9364,2.0003,2.0642,2.128,2.1919
2.5828,2.5974,2.6336,2.6992,2.769,2.8503,2.9316,3.0143,3.097,3.1798,3.2626,3.3365,3.4047,0.9216,0.8915,0.8559,0.8104,0.7647,0.7179,0.6711,0.6242,0.5772,0.5302,0.4833,0.4363,0.3893
5.9808,5.9611,5.912,5.8233,5.7289,5.3541,4.6211,3.8883,3.1556,2.4229,1.6901,0.9554,1.4854,1.4603,1.501,1.5493,1.6108,1.6725,1.7359,1.7992,1.8627,1.9262,1.9897,2.0533,2.1168,2.1804
10.0,10.0,10.0,10.0,10.0,10.0,10.0,10.0,10.0,10.0,10.0,10.0,10.0,10.0,10.0,10.0,10.0,10.0,2.7538,3.2539,3.7541,4.2542,4.7543,5.2544,4.8331,4.3127
4.2603,4.2844,4.3442,4.4524,4.5675,4.5329,3.9123,3.2919,2.6716,2.0512,1.4309,0.8089,1.4897,1.5202,1.4706,1.4118,1.3368,1.2615,1.1842,1.107,1.0295,0.9521,0.8746,0.7971,0.7196,0.6422
4.492,4.4772,4.4403,4.3737,4.3028,4.2203,4.1377,4.0537,3.9697,3.8855,3.8014,3.7263,3.657,1.0968,1.1274,1.1636,1.2098,1.2562,1.3038,1.3513,1.399,1.4467,1.4944,1.5422,1.5899,1.6376
3.055,3.0723,3.1152,3.1928,3.2753,3.3714,3.4676,3.5654,3.6632,3.7612,3.8592,3.9466,4.0272,0.4983,1.0546,1.0123,0.9586,0.9046,0.8492,0.7938,0.7383,0.6827,0.6272,0.5716,0.516,0.4605
6.3089,5.7907,5.2744,6.8735,6.6076,6.298,5.9881,5.673,5.3578,5.0423,4.7266,4.4448,4.1851,4.1145,4.2291,4.3651,4.5383,4.7123,4.8908,5.0692,5.2481,5.4271,5.6061,5.7851,5.9641,6.1431
9.6442,9.6124,9.5333,9.3902,9.238,9.0608,8.8834,8.7031,8.5227,8.3421,8.1614,8.0002,7.8515,7.8111,7.8767,1.407,1.9646,2.525,2.7991,2.9013,3.0037,3.1061,3.2085,3.311,3.4135,3.5159
2.7518,2.7673,2.806,2.8759,2.9502,3.0368,3.1234,3.2115,3.2996,3.3879,3.2914,1.8606,0.4291,0.9819,0.9499,0.9119,0.8634,0.8148,0.7649,0.715,0.665,0.615,0.5649,0.5149,0.4648,0.4148
4.7767,4.7609,4.7217,4.6509,4.5755,4.4877,4.3999,4.3105,4.2212,4.1318,3.0029,1.6975,0.6459,1.1663,1.1988,1.2374,1.2865,1.3358,1.3864,1.437,1.4877,1.5384,1.5891,1.6399,1.6906,1.7414
6.055,6.0892,6.1743,6.328,6.4916,6.6821,6.8727,7.0666,7.2604,7.4546,7.6488,7.8221,7.9819,8.0253,0.9172,1.3795,1.8999,1.7929,1.6831,1.5733,1.4633,1.3532,1.243,1.1329,1.0228,0.9127
6.3738,5.8503,5.3287,4.8095,4.2909,3.7742,3.2574,2.7409,2.2244,1.7079,1.1914,2.8145,3.0442,3.1066,3.0052,2.8849,2.7317,2.5778,2.42,2.2622,2.1039,1.9456,1.7873,1.629,1.4706,1.3123
5.1172,5.1003,5.0583,4.9824,4.9017,4.8076,4.7135,4.6178,4.5221,4.4263,4.3304,4.2449,4.166,0.6705,1.2843,1.3256,1.3782,1.431,1.4852,1.5394,1.5937,1.6481,1.7024,1.7568,1.8112,1.8655
2.6418,2.6567,2.6939,2.7609,2.8323,2.9154,2.9986,3.0832,3.1678,3.2525,3.3372,3.4128,3.4825,0.9427,0.9119,0.8754,0.8289,0.7822,0.7343,0.6864,0.6384,0.5904,0.5423,0.4943,0.4462,0.3982
7.4553,6.843,6.2328,5.6255,5.019,4.4145,3.8101,3.2059,2.6018,1.9977,1.3935,2.019,1.901,1.8689,1.921,1.9828,2.0615,2.1405,2.2215,2.3026,2.3839,2.4652,2.5465,2.6278,2.7091,2.7904
10.0,10.0,10.0,10.0,10.0,10.0,10.0,10.0,10.0,10.0,10.0,10.0,10.0,10.0,10.0,10.0,10.0,10.0,10.0,10.0,10.0,10.0,10.0,10.0,10.0,10.0
3.3844,3.4035,3.451,3.537,3.6284,3.7349,3.8414,3.9498,3.2849,2.5221,1.7594,0.9946,1.1834,1.2077,1.1682,1.1215,1.0619,1.0021,0.9407,0.8794,0.8179,0.7563,0.6948,0.6332,0.5717,0.5101
4.4229,4.4084,4.3721,4.3064,4.2367,4.1554,4.074,3.9913,3.9086,3.8258,3.7429,3.669,3.6008,1.08,1.11,1.1457,1.1912,1.2369,1.2837,1.3306,1.3775,1.4245,1.4715,1.5185,1.5654,1.6124
3.6317,3.6522,3.7032,3.7955,3.8936,4.0078,4.1222,4.2384,4.3547,4.4712,4.5876,4.6916,4.7874,4.8135,1.0646,1.2034,1.1395,1.0753,1.0095,0.9437,0.8776,0.8116,0.7456,0.6795,0.6135,0.5474
6.0934,5.5929,5.0942,4.5979,4.1021,10.0,10.0,10.0,10.0,10.0,10.0,10.0,10.0,10.0,10.0,10.0,10.0,10.0,10.0,10.0,10.0,10.0,10.0,10.0,10.0,10.0
6.9214,6.8986,6.8418,6.7391,6.6298,6.5027,6.3754,6.246,6.1165,5.9869,5.8572,5.7415,5.6348,5.6058,0.9729,1.621,1.8641,1.9356,2.0089,2.0822,2.1556,2.2292,2.3027,2.3762,2.4497,2.5233
2.6057,2.6204,2.657,2.7232,2.7936,2.8756,2.9576,3.041,3.1244,3.208,3.2916,3.3661,1.0844,0.9298,0.8995,0.8635,0.8176,0.7715,0.7243,0.6771,0.6297,0.5823,0.5349,0.4875,0.4401,0.3928
5.3731,5.3554,5.3113,5.2316,5.1468,5.0481,4.9493,4.601,3.734,2.867,1.9999,1.1305,1.3345,1.312,1.3485,1.3919,1.4471,1.5026,1.5595,1.6164,1.6735,1.7305,1.7876,1.8447,1.9018,1.9588
10.0,10.0,10.0,10.0,10.0,10.0,10.0,10.0,10.0,10.0,10.0,10.0,10.0,10.0,10.0,10.0,1.7902,2.3009,2.8116,3.0178,2.8067,2.5955,2.3843,2.1731,1.9618,1.7506
5.2179,5.2473,5.3206,5.2839,4.7142,4.1465,3.5787,3.0113,2.4438,1.8764,1.3089,0.7399,1.8245,1.8619,1.8011,1.7291,1.6372,1.545,1.4504,1.3558,1.2609,1.1661,1.0712,0.9763,0.8814,0.7865
4.6428,4.6275,4.5894,4.5205,4.4473,4.362,4.2766,4.1898,4.1029,4.016,3.929,3.8514,3.7798,0.814,1.1652,1.2027,1.2504,1.2984,1.3475,1.3967,1.446,1.4953,1.5446,1.5939,1.6433,1.6926
2.8397,2.8558,2.8957,2.9678,3.0445,3.1338,3.2232,3.3142,3.4051,3.4961,3.5872,3.6685,3.7434,0.5988,0.9802,0.941,0.891,0.8408,0.7894,0.7379,0.6862,0.6346,0.583,0.5313,0.4797,0.428
6.6048,6.0623,5.5217,4.9837,4.4464,3.9109,3.3754,2.8402,2.3285,3.402,3.189,2.9989,2.8237,2.776,2.8534,2.9451,3.062,3.1794,3.2998,3.4202,3.5409,3.6617,3.7824,3.9032,4.024,4.1448
10.0,10.0,10.0,10.0,10.0,10.0,10.0,10.0,10.0,10.0,10.0,10.0,10.0,10.0,10.0,10.0,10.0,2.3815,2.91,3.4386,3.967,4.2387,4.3785,4.5183,4.6581,4.7979
2.9204,2.9369,2.9779,3.0521,3.131,3.2228,3.3148,3.4083,3.5017,3.486,2.4318,1.3747,0.4554,1.0421,1.0081,0.9677,0.9163,0.8647,0.8118,0.7588,0.7057,0.6526,0.5995,0.5464,0.4933,0.4402
4.5665,4.5514,4.514,4.4462,4.3742,4.2902,4.2063,4.1209,4.0355,3.95,3.8644,2.5502,0.6174,1.115,1.1461,1.1829,1.2299,1.277,1.3254,1.3737,1.4222,1.4707,1.5192,1.5677,1.6163,1.6648
4.7515,4.7783,4.8451,4.9658,5.0941,5.2436,5.3932,5.5453,5.6974,5.8498,6.0022,6.1382,6.2636,6.2977,0.8917,1.4857,1.4909,1.4069,1.3208,1.2346,1.1482,1.0619,0.9755,0.889,0.8026,0.7162
6.1715,5.6646,5.1595,4.6568,4.1547,3.6543,3.154,2.6539,2.1538,1.6537,4.5658,5.0094,5.4183,5.5295,5.349,5.1349,4.8622,4.5883,4.3074,4.0264,3.7447,3.463,3.1812,2.8994,2.6175,2.3357
5.6015,5.583,5.5371,5.454,5.3656,5.2626,5.1596,5.0549,4.9501,4.8452,4.7403,4.6466,4.5603,4.5368,1.2183,1.451,1.5086,1.5665,1.6258,1.6851,1.7446,1.8041,1.8636,1.9231,1.9826,2.0421
2.5894,2.604,2.6404,2.7061,2.7761,2.8576,2.9391,3.022,3.1049,3.1879,3.2709,3.3451,3.4134,0.924,0.8938,0.858,0.8125,0.7667,0.7198,0.6728,0.6257,0.5787,0.5316,0.4845,0.4374,0.3903
6.4872,6.4658,6.4126,6.2717,5.5955,4.9216,4.2477,3.5742,2.9006,2.2271,1.5536,0.9771,1.6112,1.584,1.6281,1.6805,1.7472,1.8142,1.8829,1.9515,2.0204,2.0893,2.1582,2.2271,2.2961,2.365
10.0,10.0,10.0,10.0,10.0,10.0,10.0,10.0,10.0,10.0,10.0,10.0,10.0,10.0,10.0,10.0,10.0,10.0,10.0,10.0,10.0,10.0,4.7323,5.2301,5.7279,6.2257
3.8537,3.8755,3.9296,4.0275,4.1316,4.2528,4.188,3.524,2.8599,2.1958,1.5318,0.8659,1.3475,1.3752,1.3303,1.277,1.2092,1.1411,1.0712,1.0013,0.9313,0.8612,0.7911,0.7211,0.651,0.5809
4.439,4.4244,4.3879,4.3221,4.252,4.1705,4.0888,4.0058,3.9228,3.8397,3.7565,3.6823,3.6139,1.0839,1.1141,1.1499,1.1955,1.2414,1.2884,1.3354,1.3825,1.4297,1.4768,1.524,1.5711,1.6183
3.2334,3.2516,3.2971,3.3792,3.4665,3.5683,3.6701,3.7736,3.8771,3.9808,4.0845,4.177,4.2623,0.5274,1.1161,1.0715,1.0145,0.9574,0.8988,0.8402,0.7814,0.7226,0.6638,0.605,0.5462,0.4874
10.0,10.0,10.0,9.9156,9.532,9.0853,8.6383,8.1837,7.7291,7.2739,6.8184,6.412,6.0373,5.9354,6.1008,6.297,6.5469,6.7979,7.0553,7.3127,7.5708,7.829,8.0872,8.3454,8.6037,8.862
8.3345,8.307,8.2386,8.115,7.9835,7.8303,7.6771,7.5212,7.3653,7.2092,7.0531,6.9137,6.7853,6.7503,6.8071,1.4712,2.0584,2.3308,2.419,2.5073,2.5958,2.6843,2.7728,2.8614,2.9499,3.0384
2.6784,2.6936,2.7312,2.7992,2.8716,2.9558,3.0402,3.1259,3.2117,3.2975,3.3835,2.4077,0.5529,0.9558,0.9246,0.8876,0.8404,0.7931,0.7445,0.696,0.6473,0.5986,0.5499,0.5012,0.4524,0.4037
4.9596,4.9433,4.9026,4.829,4.7507,4.6596,4.5684,4.4757,4.3829,3.5913,2.5052,1.4162,1.2318,1.211,1.2447,1.2848,1.3358,1.387,1.4395,1.492,1.5447,1.5973,1.65,1.7027,1.7554,1.8081
7.3689,7.4105,7.514,7.7011,7.9002,8.132,8.364,8.5999,8.8358,9.0721,9.3085,9.5194,9.7138,9.7667,9.6809,1.3318,1.8634,2.1819,2.0483,1.9147,1.7808,1.6468,1.5128,1.3787,1.2447,1.1107
6.5627,6.0237,5.4866,4.952,4.4181,3.886,3.3539,2.8221,2.2903,1.7585,1.2267,2.2287,2.4106,2.4601,2.3798,2.2845,2.1632,2.0413,1.9164,1.7914,1.6661,1.5407,1.4153,1.2899,1.1645,1.0392
4.8968,4.8807,4.8405,4.7679,4.6906,4.6006,4.5105,4.419,4.3274,4.2357,4.1439,4.0621,3.9866,0.6416,1.229,1.2685,1.3188,1.3694,1.4213,1.4731,1.5251,1.5771,1.6291,1.6811,1.7332,1.7852
2.6988,2.714,2.752,2.8205,2.8934,2.9783,3.0633,3.1497,3.2361,3.3226,3.4092,3.4864,3.5576,0.8551,0.9316,0.8943,0.8468,0.7991,0.7502,0.7013,0.6522,0.6031,0.554,0.505,0.4559,0.4068
7.0655,6.4852,5.9069,5.3314,4.7565,4.1837,3.6109,3.0383,2.4657,1.8932,2.4397,2.2943,2.1602,2.1237,2.1829,2.2531,2.3425,2.4323,2.5245,2.6166,2.7089,2.8013,2.8937,2.9861,3.0785,3.1709
10.0,10.0,10.0,10.0,10.0,10.0,10.0,10.0,10.0,10.0,10.0,10.0,10.0,10.0,10.0,10.0,10.0,10.0,10.0,10.0,10.0,10.0,4.8375,5.3464,5.8552,6.3641
3.1728,3.1907,3.2353,3.3158,3.4016,3.5014,3.6013,3.7028,3.6528,2.8046,1.9564,1.106,1.1094,1.1322,1.0952,1.0514,0.9955,0.9394,0.8819,0.8244,0.7667,0.709,0.6513,0.5936,0.5359,0.4782
4.4519,4.4373,4.4007,4.3347,4.2644,4.1826,4.1007,4.0175,3.9342,3.8509,3.7675,3.693,1.2219,1.087,1.1173,1.1533,1.199,1.245,1.2921,1.3393,1.3865,1.4338,1.4811,1.5284,1.5757,1.623
3.9694,3.9918,4.0476,4.1484,4.2556,4.3805,4.5054,4.6325,4.7596,4.8869,5.0142,5.1278,5.2326,5.261,0.9857,1.3153,1.2455,1.1753,1.1034,1.0314,0.9592,0.8871,0.8149,0.7427,0.6705,0.5983
6.0894,5.5893,5.0909,4.5949,4.0995,3.6057,3.1121,2.6186,10.0,10.0,10.0,10.0,10.0,10.0,10.0,10.0,10.0,10.0,10.0,10.0,10.0,10.0,10.0,10.0,10.0,10.0
6.3146,6.2938,6.242,6.1483,6.0487,5.9326,5.8165,5.6984,5.5803,5.4621,5.3438,5.2382,5.1409,5.1144,1.0483,1.6358,1.7007,1.7659,1.8328,1.8996,1.9667,2.0337,2.1008,2.1679,2.235,2.3021
2.5853,2.5999,2.6362,2.7019,2.7717,2.8531,2.9345,3.0172,3.1,3.1829,3.2658,3.3398,2.7393,0.9225,0.8924,0.8567,0.8112,0.7655,0.7186,0.6718,0.6248,0.5778,0.5307,0.4837,0.4367,0.3897
5.7197,5.7008,5.6539,5.569,5.4788,5.3737,4.9002,4.1232,3.3462,2.5692,1.7923,1.0131,1.4206,1.3966,1.4355,1.4817,1.5405,1.5995,1.6601,1.7207,1.7814,1.8421,1.9029,1.9637,2.0244,2.0852
10.0,10.0,10.0,10.0,10.0,10.0,10.0,10.0,10.0,10.0,10.0,10.0,10.0,10.0,10.0,10.0,10.0,2.2663,2.7692,3.2721,3.7751,4.0918,3.7588,3.4258,3.0928,2.7598
4.5712,4.597,4.6612,4.7773,4.9008,4.3672,3.7693,3.1716,2.5739,1.9763,1.3786,0.7793,1.5984,1.6312,1.5779,1.5148,1.4343,1.3535,1.2706,1.1878,1.1047,1.0216,0.9384,0.8553,0.7722,0.689
4.5384,4.5235,4.4862,4.4189,4.3473,4.2639,4.1804,4.0955,4.0107,3.9257,3.8407,3.7648,3.6948,1.0997,1.139,1.1757,1.2223,1.2692,1.3172,1.3653,1.4135,1.4617,1.5099,1.5581,1.6063,1.6545
2.9626,2.9793,3.021,3.0962,3.1763,3.2694,3.3627,3.4576,3.5524,3.6474,3.7424,3.8272,3.9054,0.509,1.0227,0.9817,0.9296,0.8772,0.8235,0.7698,0.7159,0.6621,0.6082,0.5543,0.5004,0.4466
6.4052,5.8791,5.3549,4.8331,4.312,3.7927,5.046,4.7804,4.5149,4.249,3.9829,3.7455,3.5266,3.4671,3.5637,3.6783,3.8243,3.9709,4.1213,4.2717,4.4224,4.5732,4.7241,4.8749,5.0258,5.1766
10.0,10.0,10.0,10.0,10.0,10.0,9.8729,9.6725,9.472,9.2713,9.0705,8.8912,8.726,8.6811,8.754,8.8405,1.9164,2.4631,3.0097,3.2244,3.3382,3.452,3.5659,3.6798,3.7936,3.9075
2.8082,2.824,2.8635,2.9348,3.0106,3.099,3.1874,3.2773,3.3672,3.4572,2.8939,1.6359,0.4379,1.0021,0.9693,0.9305,0.8811,0.8315,0.7806,0.7297,0.6786,0.6276,0.5765,0.5254,0.4743,0.4233
4.6848,4.6694,4.6309,4.5614,4.4875,4.4014,4.3153,4.2277,4.1401,4.0523,3.4358,1.9422,0.6334,1.1439,1.1758,1.2136,1.2617,1.3101,1.3597,1.4093,1.4591,1.5088,1.5586,1.6084,1.6581,1.7079
5.47,5.5009,5.5777,5.7166,5.8644,6.0365,6.2087,6.3838,6.5589,6.7343,6.9098,7.0663,7.2107,7.2499,0.8496,1.4155,1.7163,1.6196,1.5205,1.4213,1.3219,1.2224,1.1229,1.0235,0.924,0.8245
6.283,5.767,5.2528,4.741,4.2298,3.7204,3.211,2.7019,2.1927,1.6836,1.1744,3.374,3.6494,3.7242,3.6027,3.4585,3.2748,3.0903,2.9011,2.7119,2.5222,2.3324,2.1426,1.9528,1.763,1.5731
5.2822,5.2648,5.2215,5.1431,5.0598,4.9627,4.8656,4.7668,4.668,4.5691,4.4701,4.3818,4.3004,4.2782,1.3257,1.3683,1.4226,1.4772,1.5331,1.5891,1.6451,1.7012,1.7573,1.8135,1.8696,1.9257
2.6168,2.6316,2.6684,2.7348,2.8055,2.8878,2.9702,3.054,3.1378,3.2217,3.3056,3.3805,3.4496,0.9338,0.9033,0.8671,0.8211,0.7748,0.7274,0.6799,0.6324,0.5848,0.5372,0.4896,0.442,0.3944
7.1493,7.1109,6.4768,5.8457,5.2155,4.5874,3.9593,3.3315,2.7036,2.0759,1.4481,1.8858,1.7756,1.7457,1.7943,1.852,1.9255,1.9993,2.075,2.1507,2.2266,2.3026,2.3785,2.4545,2.5304,2.6064
10.0,10.0,10.0,10.0,10.0,10.0,10.0,10.0,10.0,10.0,10.0,10.0,10.0,10.0,10.0,10.0,10.0,10.0,10.0,10.0,10.0,10.0,10.0,10.0,10.0,10.0
3.5436,3.5636,3.6134,3.7034,3.7992,3.9106,4.0222,3.8238,3.1032,2.3826,1.6621,0.9396,1.2391,1.2645,1.2232,1.1743,1.1119,1.0493,0.985,0.9208,0.8564,0.7919,0.7275,0.663,0.5986,0.5341
4.4219,4.4073,4.371,4.3054,4.2356,4.1544,4.0731,3.9904,3.9077,3.8249,3.742,3.6681,3.5999,1.0797,1.1098,1.1455,1.1909,1.2366,1.2834,1.3302,1.3772,1.4241,1.4711,1.5181,1.5651,1.612
3.463,3.4825,3.5312,3.6191,3.7127,3.8216,3.9307,4.0415,4.1524,4.2634,4.3745,4.4736,4.565,4.5898,1.1246,1.1475,1.0866,1.0254,0.9626,0.8998,0.8369,0.7739,0.7109,0.6479,0.585,0.522
10.0,10.0,10.0,10.0,10.0,10.0,10.0,10.0,10.0,10.0,10.0,10.0,10.0,10.0,10.0,10.0,10.0,10.0,10.0,10.0,10.0,10.0,10.0,10.0,10.0,10.0
7.3898,7.3655,7.3048,7.1952,7.0786,6.9428,6.8069,6.6687,6.5305,6.3921,6.2537,6.1301,6.0162,5.9852,1.0185,1.5579,1.9903,2.0666,2.1448,2.2231,2.3015,2.38,2.4585,2.537,2.6155,2.6941
2.6292,2.6441,2.681,2.7478,2.8188,2.9015,2.9843,3.0685,3.1526,3.2369,3.3213,3.3965,0.7919,0.9382,0.9076,0.8712,0.825,0.7785,0.7308,0.6832,0.6354,0.5876,0.5398,0.4919,0.4441,0.3963
5.2,5.1828,5.1402,5.063,4.9809,4.8854,4.7898,4.6925,4.0401,3.102,2.1639,1.2232,1.2915,1.2697,1.3051,1.347,1.4005,1.4542,1.5092,1.5643,1.6195,1.6747,1.73,1.7852,1.8405,1.8957
9.5058,9.5595,9.693,9.9345,10.0,10.0,10.0,10.0,10.0,10.0,10.0,10.0,10.0,10.0,10.0,1.3086,1.815,2.3328,2.6423,2.47,2.2972,2.1243,1.9515,1.7786,1.6057,1.4328
5.7448,5.7772,5.7006,5.1452,4.5905,4.0376,3.4848,2.9322,2.3797,1.8271,1.2746,0.7443,2.0087,2.05,1.983,1.9037,1.8026,1.701,1.5969,1.4927,1.3883,1.2838,1.1794,1.0749,0.9704,0.8659
4.7307,4.7151,4.6763,4.6061,4.5315,4.4445,4.3575,4.2691,4.1806,4.092,4.0034,3.9243,3.8514,0.704,1.1873,1.2255,1.2741,1.3229,1.373,1.4231,1.4734,1.5236,1.5739,1.6241,1.6744,1.7246
2.7808,2.7965,2.8355,2.9062,2.9813,3.0688,3.1563,3.2454,3.3344,3.4235,3.5127,3.5923,3.6657,0.6754,0.9599,0.9215,0.8725,0.8234,0.773,0.7226,0.672,0.6214,0.5709,0.5203,0.4697,0.4191
6.7656,6.2099,5.6562,5.1051,4.5547,4.0061,3.4576,2.9094,2.3611,1.8911,2.8507,2.6808,2.5241,2.4815,2.5507,2.6327,2.7372,2.8421,2.9497,3.0573,3.1653,3.2732,3.3811,3.4891,3.5971,3.7051
10.0,10.0,10.0,10.0,10.0,10.0,10.0,10.0,10.0,10.0,10.0,10.0,10.0,10.0,10.0,10.0,10.0,10.0,2.8645,3.3848,3.905,4.4252,4.9455,5.2871,5.4507,5.6143
3.0087,3.0256,3.0679,3.1443,3.2256,3.3203,3.415,3.5113,3.6076,3.1864,2.2228,1.2565,0.4692,1.0736,1.0386,0.997,0.944,0.8909,0.8363,0.7818,0.7271,0.6724,0.6177,0.5629,0.5082,0.4535
4.5173,4.5024,4.4654,4.3983,4.3271,4.2441,4.161,4.0765,3.992,3.9074,3.8228,3.1805,0.7303,1.103,1.1337,1.1702,1.2166,1.2633,1.3111,1.3589,1.4069,1.4549,1.5029,1.5509,1.5988,1.6468
4.4144,4.4393,4.5013,4.6134,4.7327,4.8716,5.0105,5.1519,5.2932,5.4347,5.5763,5.7027,5.8192,5.8508,0.9245,1.4628,1.3851,1.3071,1.227,1.147,1.0668,0.9865,0.9062,0.826,0.7457,0.6654
6.134,5.6302,5.1282,4.6285,4.1295,3.6322,3.1348,2.6378,2.1407,1.6436,6.5641,7.2019,7.7897,7.9496,7.6901,7.3823,6.9902,6.5964,6.1925,5.7886,5.3837,4.9786,4.5735,4.1683,3.7631,3.3579
5.8489,5.8296,5.7816,5.6948,5.6025,5.495,5.3875,5.2781,5.1687,5.0592,4.9496,4.8518,4.7617,4.7372,1.1462,1.5151,1.5752,1.6356,1.6976,1.7595,1.8216,1.8837,1.9459,2.008,2.0701,2.1323
2.5856,2.6002,2.6365,2.7022,2.772,2.8534,2.9348,3.0176,3.1003,3.1832,3.2662,3.3402,3.4084,0.9226,0.8925,0.8568,0.8113,0.7656,0.7187,0.6718,0.6248,0.5778,0.5308,0.4838,0.4368,0.3897
6.1657,6.1454,6.0948,6.0033,5.8907,5.1812,4.4718,3.7628,3.0537,2.3446,1.6356,0.9287,1.5313,1.5055,1.5474,1.5972,1.6606,1.7242,1.7895,1.8548,1.9203,1.9858,2.0513,2.1168,2.1823,2.2478
10.0,10.0,10.0,10.0,10.0,10.0,10.0,10.0,10.0,10.0,10.0,10.0,10.0,10.0,10.0,10.0,10.0,10.0,10.0,3.249,3.7484,4.2478,4.7471,5.2465,5.7458,6.2452
4.0967,4.1198,4.1774,4.2814,4.3921,4.521,4.0145,3.378,2.7414,2.1049,1.4683,0.83,1.4325,1.4618,1.4141,1.3575,1.2854,1.213,1.1387,1.0645,0.99,0.9155,0.841,0.7665,0.692,0.6175
4.4734,4.4587,4.422,4.3556,4.285,4.2028,4.1205,4.0369,3.9532,3.8695,3.7856,3.7108,3.6419,1.0923,1.1227,1.1588,1.2048,1.251,1.2984,1.3457,1.3932,1.4407,1.4883,1.5358,1.5833,1.6308
3.1223,3.1399,3.1838,3.2631,3.3474,3.4456,3.5439,3.6439,3.7438,3.844,3.9441,4.0335,4.1159,0.5093,1.0778,1.0346,0.9797,0.9245,0.8679,0.8113,0.7545,0.6978,0.641,0.5842,0.5274,0.4706
6.2657,8.2301,8.0734,7.7901,7.4887,7.1378,6.7866,6.4295,6.0723,5.7146,5.3569,5.0375,4.7432,4.6631,4.7931,4.9472,5.1435,5.3407,5.5429,5.7452,5.948,6.1508,6.3536,6.5565,6.7594,6.9623
9.1038,9.0738,8.9991,8.8641,8.7204,8.5531,8.3857,8.2155,8.0452,7.8747,7.7041,7.5519,7.4116,7.3734,7.4354,1.4298,2.0006,2.5459,2.6423,2.7387,2.8354,2.9321,3.0288,3.1255,3.2222,3.3189
2.7252,2.7406,2.7789,2.8481,2.9217,3.0075,3.0933,3.1805,3.2677,3.3551,3.4425,2.0388,0.4682,0.9725,0.9407,0.9031,0.8551,0.8069,0.7575,0.7081,0.6586,0.609,0.5595,0.5099,0.4603,0.4108
4.8487,4.8327,4.7929,4.721,4.6444,4.5554,4.4662,4.3755,4.2848,4.0042,2.7932,1.579,1.2042,1.1839,1.2169,1.256,1.3059,1.3559,1.4073,1.4586,1.5101,1.5616,1.6131,1.6646,1.7161,1.7676
6.503,6.5397,6.631,6.7962,6.9719,7.1765,7.3812,7.5894,7.7976,8.0061,8.2147,8.4008,8.5724,8.6191,8.5433,1.362,1.9057,1.9255,1.8076,1.6897,1.5715,1.4533,1.335,1.2167,1.0985,0.9802
6.4506,5.9208,5.3928,4.8674,4.3426,3.8196,3.2966,2.7739,2.2512,1.7284,1.2057,2.56,2.769,2.8258,2.7336,2.6242,2.4848,2.3448,2.2012,2.0577,1.9137,1.7697,1.6257,1.4817,1.3377,1.1936
5.0357,5.0191,4.9778,4.9031,4.8236,4.7311,4.6385,4.5443,4.4501,4.3558,4.2615,4.1773,4.0996,0.6598,1.2638,1.3045,1.3562,1.4082,1.4616,1.5149,1.5684,1.6218,1.6753,1.7288,1.7823,1.8358
2.6661,2.6812,2.7186,2.7864,2.8584,2.9422,3.0262,3.1115,3.1969,3.2824,3.3679,3.4442,3.5146,0.9514,0.9203,0.8835,0.8366,0.7894,0.7411,0.6928,0.6443,0.5958,0.5473,0.4988,0.4504,0.4019
7.3097,6.7093,6.1111,5.5156,4.921,4.3283,3.7357,3.1433,2.551,1.9586,1.3663,2.1184,1.9946,1.9609,2.0156,2.0804,2.1629,2.2459,2.3309,2.4159,2.5012,2.5865,2.6718,2.7571,2.8424,2.9278
10.0,10.0,10.0,10.0,10.0,10.0,10.0,10.0,10.0,10.0,10.0,10.0,10.0,10.0,10.0,10.0,10.0,10.0,10.0,10.0,10.0,10.0,10.0,10.0,10.0,6.3174
3.3045,3.3232,3.3696,3.4535,3.5428,3.6468,3.7508,3.8566,3.4207,2.6264,1.8321,1.0357,1.1555,1.1792,1.1407,1.095,1.0369,0.9785,0.9185,0.8586,0.7986,0.7385,0.6784,0.6183,0.5582,0.4981
4.44,4.4253,4.3889,4.323,4.253,4.1714,4.0897,4.0067,3.9237,3.8405,3.7573,3.6831,2.1141,1.0841,1.1143,1.1502,1.1958,1.2416,1.2887,1.3357,1.3828,1.43,1.4771,1.5243,1.5715,1.6186
3.7591,3.7803,3.8331,3.9286,4.0301,4.1484,4.2667,4.3871,4.5074,4.6279,4.7485,4.8561,4.9553,4.9823,1.0345,1.2456,1.1795,1.113,1.0449,0.9767,0.9084,0.8401,0.7717,0.7033,0.635,0.5666
6.101,5.5999,5.1006,4.6036,4.1073,3.6126,3.118,10.0,10.0,10.0,10.0,10.0,10.0,10.0,10.0,10.0,10.0,10.0,10.0,10.0,10.0,10.0,10.0,10.0,10.0,10.0
6.6868,6.6648,6.6099,6.5107,6.4052,6.2823,6.1593,6.0343,5.9092,5.784,5.6587,5.5469,5.4438,5.4158,1.002,1.6694,1.8009,1.87,1.9408,2.0116,2.0826,2.1536,2.2246,2.2957,2.3667,2.4378
2.6021,2.6168,2.6534,2.7195,2.7898,2.8716,2.9536,3.0369,3.1202,3.2036,3.2871,3.3616,1.4121,0.9285,0.8982,0.8623,0.8165,0.7705,0.7233,0.6761,0.6288,0.5815,0.5342,0.4869,0.4395,0.3922
5.5099,5.4918,5.4465,5.3648,5.2778,5.1766,5.0753,4.4135,3.5818,2.7501,1.9184,1.0845,1.3685,1.3454,1.3829,1.4273,1.484,1.5409,1.5992,1.6575,1.716,1.7746,1.8331,1.8916,1.9502,2.0087
10.0,10.0,10.0,10.0,10.0,10.0,10.0,10.0,10.0,10.0,10.0,10.0,10.0,10.0,10.0,10.0,1.783,2.2917,2.8002,3.3088,3.2683,3.0224,2.7765,2.5305,2.2845,2.0385
4.9595,4.9875,5.0572,5.1832,4.816,4.236,3.656,3.0763,2.4966,1.9169,1.3372,0.7559,1.7342,1.7697,1.712,1.6434,1.5562,1.4685,1.3786,1.2887,1.1985,1.1083,1.0182,0.928,0.8377,0.7475
4.6113,4.5961,4.5582,4.4898,4.4171,4.3323,4.2475,4.1613,4.0751,3.9887,3.9023,3.8252,3.7541,0.9054,1.1573,1.1945,1.2419,1.2895,1.3384,1.3872,1.4362,1.4851,1.5341,1.5831,1.6321,1.6811
2.8913,2.9076,2.9482,3.0216,3.0997,3.1907,3.2817,3.3743,3.4668,3.5596,3.6523,3.7351,3.8113,0.5621,0.998,0.9581,0.9072,0.8561,0.8037,0.7513,0.6987,0.6461,0.5936,0.541,0.4884,0.4358
6.5406,6.0034,5.4681,4.9353,4.4032,3.8729,3.3427,2.8126,3.9211,3.6902,3.4591,3.2529,3.0628,3.0111,3.0951,3.1946,3.3214,3.4487,3.5793,3.7099,3.8408,3.9718,4.1028,4.2338,4.3648,4.4958
10.0,10.0,10.0,10.0,10.0,10.0,10.0,10.0,10.0,10.0,10.0,10.0,9.8775,9.8267,9.9092,10.0,1.8948,2.4173,2.9537,3.4901,3.7787,3.9076,4.0365,4.1653,4.2942,4.4231
2.8829,2.8991,2.9396,3.0129,3.0907,3.1814,3.2722,3.3645,3.4568,3.5492,2.5956,1.4673,0.4496,1.0287,0.9951,0.9553,0.9046,0.8536,0.8013,0.7491,0.6967,0.6443,0.5918,0.5394,0.487,0.4345
4.6216,4.6064,4.5684,4.4999,4.4269,4.342,4.257,4.1706,4.0842,3.9976,3.911,2.283,0.6249,1.1285,1.1599,1.1972,1.2447,1.2924,1.3414,1.3903,1.4394,1.4885,1.5376,1.5867,1.6358,1.6849
5.0145,5.0428,5.1132,5.2406,5.3761,5.5338,5.6917,5.8522,6.0128,6.1735,6.3344,6.4779,6.6102,6.6462,0.8772,1.4615,1.5734,1.4848,1.3939,1.3029,1.2118,1.1206,1.0294,0.9382,0.847,0.7558
6.2288,5.7173,5.2075,4.7001,4.1933,3.6883,3.1833,2.6785,2.1738,1.669,3.8617,4.2369,4.5827,4.6768,4.5241,4.343,4.1124,3.8807,3.6431,3.4055,3.1672,2.929,2.6906,2.4522,2.2139,1.9755
5.4888,5.4708,5.4257,5.3443,5.2577,5.1568,5.0559,4.9532,4.8506,4.7478,4.645,4.5532,4.4686,4.4456,1.2748,1.4219,1.4783,1.535,1.5931,1.6512,1.7095,1.7678,1.8261,1.8844,1.9427,2.001
2.6065,2.6213,2.6579,2.7241,2.7945,2.8765,2.9586,3.042,3.1254,3.209,3.2926,3.3672,3.436,0.9301,0.8997,0.8637,0.8179,0.7718,0.7245,0.6773,0.6299,0.5825,0.5351,0.4877,0.4403,0.3929
6.7432,6.7209,6.6656,6.1181,5.4584,4.801,4.1437,3.4866,2.8296,2.1726,1.5156,1.7787,1.6747,1.6465,1.6924,1.7468,1.8161,1.8857,1.9571,2.0285,2.1001,2.1718,2.2434,2.315,2.3867,2.4583
10.0,10.0,10.0,10.0,10.0,10.0,10.0,10.0,10.0,10.0,10.0,10.0,10.0,10.0,10.0,10.0,10.0,10.0,10.0,10.0,10.0,10.0,4.7513,5.2511,5.7509,6.2507
3.7395,3.7606,3.8132,3.9081,4.0092,4.1268,4.2445,3.643,2.9565,2.27,1.5835,0.8952,1.3076,1.3344,1.2908,1.2392,1.1734,1.1073,1.0395,0.9717,0.9037,0.8357,0.7677,0.6997,0.6317,0.5637
4.4452,4.4306,4.3941,4.3282,4.258,4.1763,4.0946,4.0115,3.9283,3.8451,3.7618,3.6875,3.6189,1.0854,1.1156,1.1515,1.1972,1.2431,1.2902,1.3373,1.3845,1.4317,1.4789,1.5261,1.5733,1.6206
3.3273,3.346,3.3928,3.4773,3.5672,3.6719,3.7766,3.8831,3.9897,4.0963,4.2031,4.2983,4.3861,0.5428,1.1485,1.1026,1.044,0.9852,0.9249,0.8645,0.8041,0.7436,0.6831,0.6225,0.562,0.5015
6.1807,5.6731,5.1672,4.6637,10.0,10.0,10.0,9.9154,9.3646,8.813,8.2612,7.7687,7.3148,7.1914,7.3918,7.6294,7.9322,8.2363,8.5482,8.8601,9.1728,9.4856,9.7984,10.0,10.0,10.0
7.971,7.9447,7.8793,7.761,7.6352,7.4888,7.3422,7.1931,7.0441,6.8948,6.7455,6.6122,6.4893,6.4559,6.5101,1.5078,2.1098,2.2291,2.3135,2.3979,2.4825,2.5672,2.6519,2.7365,2.8212,2.9059
2.6679,2.6829,2.7204,2.7882,2.8603,2.9442,3.0282,3.1136,3.199,3.2845,3.3701,2.7304,0.627,0.952,0.9209,0.8841,0.8371,0.7899,0.7416,0.6932,0.6447,0.5962,0.5477,0.4992,0.4506,0.4021
5.0653,5.0486,5.007,4.9319,4.8519,4.7588,4.6657,4.571,4.4258,3.3981,2.3705,1.34,1.258,1.2368,1.2713,1.3121,1.3642,1.4165,1.4701,1.5238,1.5776,1.6314,1.6852,1.739,1.7928,1.8466
8.0884,8.134,8.2477,8.4531,8.6716,8.9261,9.1807,9.4397,9.6986,9.9579,10.0,10.0,10.0,10.0,10.0,1.3227,1.8507,2.3787,2.2483,2.1017,1.9546,1.8076,1.6605,1.5134,1.3663,1.2191
6.4262,6.1322,5.5854,5.0412,4.4977,3.956,3.4144,2.873,2.3316,1.7902,1.2488,2.0774,2.247,2.2931,2.2183,2.1295,2.0164,1.9028,1.7863,1.6698,1.553,1.4361,1.3193,1.2024,1.0855,0.9686
4.8488,4.8328,4.793,4.7211,4.6445,4.5554,4.4663,4.3756,4.2849,4.1941,4.1033,4.0222,3.9475,0.6353,1.2169,1.2561,1.3059,1.356,1.4073,1.4587,1.5101,1.5616,1.6131,1.6646,1.7162,1.7677
2.7393,2.7547,2.7932,2.8628,2.9368,3.0229,3.1092,3.1969,3.2846,3.3724,3.4603,3.5387,3.611,0.7789,0.9456,0.9077,0.8595,0.8111,0.7614,0.7118,0.662,0.6122,0.5623,0.5125,0.4627,0.4129
6.9729,6.4002,5.8295,5.2615,4.6942,4.1289,3.5636,2.9985,2.4335,1.8684,2.5913,2.4369,2.2945,2.2558,2.3186,2.3932,2.4881,2.5835,2.6814,2.7792,2.8773,2.9754,3.0735,3.1717,3.2698,3.368
10.0,10.0,10.0,10.0,10.0,10.0,10.0,10.0,10.0,10.0,10.0,10.0,10.0,10.0,10.0,10.0,10.0,10.0,10.0,10.0,3.8661,4.3812,4.8962,5.4113,5.9263,6.4414
3.1197,3.1373,3.1811,3.2604,3.3446,3.4428,3.541,3.6409,3.7408,2.9503,2.0581,1.1634,1.0908,1.1132,1.0769,1.0338,0.9789,0.9237,0.8672,0.8106,0.7539,0.6972,0.6404,0.5837,0.527,0.4702
4.4939,4.4791,4.4422,4.3756,4.3046,4.2221,4.1394,4.0554,3.9713,3.8872,3.803,3.7278,0.9756,1.0973,1.1279,1.1641,1.2103,1.2567,1.3043,1.3519,1.3996,1.4473,1.4951,1.5428,1.5906,1.6383
4.1447,4.168,4.2263,4.3315,4.4435,4.5739,4.7044,4.8371,4.9698,5.1027,5.2356,5.3542,5.4636,5.4933,0.9651,1.3734,1.3005,1.2272,1.1521,1.0769,1.0016,0.9262,0.8509,0.7755,0.7001,0.6247
6.1308,5.6272,5.1255,4.6261,4.1273,3.6302,3.1332,2.6364,2.1395,10.0,10.0,10.0,10.0,10.0,10.0,10.0,10.0,10.0,10.0,10.0,9.6281,8.9037,8.1792,7.4546,6.7299,6.0053
6.153,6.1327,6.0822,5.9909,5.8938,5.7808,5.6676,5.5526,5.4375,5.3223,5.207,5.1041,5.0093,4.9835,1.0881,1.5939,1.6572,1.7207,1.7858,1.851,1.9163,1.9817,2.047,2.1124,2.1778,2.2431
2.5961,2.6108,2.6472,2.7132,2.7833,2.865,2.9467,3.0298,3.113,3.1962,3.2795,3.3538,3.4223,0.9264,0.8961,0.8603,0.8146,0.7687,0.7216,0.6746,0.6274,0.5802,0.533,0.4857,0.4385,0.3913
5.9072,5.8877,5.8392,5.7516,5.6584,5.5001,4.747,3.9943,3.2416,2.4889,1.7362,0.9815,1.4671,1.4424,1.4826,1.5302,1.5909,1.6519,1.7145,1.777,1.8398,1.9025,1.9653,2.028,2.0908,2.1535
10.0,10.0,10.0,10.0,10.0,10.0,10.0,10.0,10.0,10.0,10.0,10.0,10.0,10.0,10.0,10.0,10.0,10.0,2.7735,3.2773,3.781,4.2847,4.7884,4.4287,3.9982,3.5677
4.3965,4.4213,4.483,4.5947,4.7135,4.4912,3.8763,3.2616,2.647,2.0323,1.4177,0.8014,1.5373,1.5688,1.5176,1.4569,1.3795,1.3018,1.2221,1.1424,1.0624,0.9825,0.9026,0.8226,0.7426,0.6627
4.5334,4.5184,4.4812,4.414,4.3424,4.2591,4.1758,4.091,4.0062,3.9213,3.8364,3.7606,3.6907,1.1069,1.1378,1.1743,1.221,1.2678,1.3158,1.3638,1.4119,1.4601,1.5082,1.5564,1.6045,1.6527
3.0353,3.0525,3.0951,3.1722,3.2542,3.3497,3.4452,3.5424,3.6396,3.7369,3.8343,3.9212,4.0012,0.4951,1.0478,1.0058,0.9524,0.8987,0.8437,0.7887,0.7335,0.6783,0.6231,0.5679,0.5127,0.4575
6.3802,5.8562,5.334,4.8143,4.2952,3.778,5.6202,5.3245,5.0287,4.7325,4.4362,4.1718,3.928,3.8617,3.9693,4.097,4.2595,4.4229,4.5903,4.7578,4.9257,5.0937,5.2617,5.4297,5.5977,5.7658
10.0,10.0,9.9685,9.8189,9.6597,9.4744,9.289,9.1004,8.9118,8.7229,8.534,8.3654,8.21,8.1677,8.2363,1.4713,1.9568,2.5151,2.9269,3.0337,3.1408,3.2479,3.355,3.4621,3.5693,3.6764
2.789,2.8047,2.8439,2.9147,2.9901,3.0778,3.1656,3.2549,3.3442,3.4336,3.1453,1.778,0.4349,0.9952,0.9627,0.9242,0.8751,0.8258,0.7752,0.7247,0.674,0.6233,0.5726,0.5218,0.4711,0.4204
4.769,4.7532,4.7141,4.6433,4.5681,4.4805,4.3928,4.3036,4.2144,4.1251,3.1732,1.7938,0.6448,1.1644,1.1969,1.2354,1.2844,1.3336,1.3841,1.4346,1.4853,1.5359,1.5866,1.6372,1.6879,1.7386
5.8521,5.8852,5.9674,6.116,6.2741,6.4582,6.6425,6.8298,7.0172,7.2048,7.3925,7.56,7.7145,7.7564,0.8864,1.4013,1.8362,1.7328,1.6267,1.5206,1.4142,1.3078,1.2014,1.095,0.9885,0.8821
6.3775,5.8537,5.3317,4.8122,4.2934,3.7763,3.2593,2.7425,2.2257,1.7089,1.1921,3.0231,3.2699,3.337,3.2281,3.0989,2.9343,2.769,2.5994,2.4299,2.2599,2.0899,1.9198,1.7497,1.5796,1.4096
5.2112,5.1941,5.1513,5.074,4.9917,4.896,4.8001,4.7027,4.6052,4.5076,4.41,4.3229,4.2426,4.2207,1.3079,1.3499,1.4035,1.4573,1.5125,1.5677,1.623,1.6784,1.7337,1.7891,1.8445,1.8998
2.6489,2.6639,2.7011,2.7683,2.8399,2.9232,3.0066,3.0914,3.1762,3.2612,3.3461,3.422,3.4919,0.9452,0.9144,0.8778,0.8312,0.7843,0.7363,0.6883,0.6401,0.592,0.5438,0.4956,0.4474,0.3993
7.5012,6.9878,6.3647,5.7445,5.1252,4.5079,3.8907,3.2738,2.6568,2.0399,1.423,1.9786,1.863,1.8316,1.8826,1.9432,2.0203,2.0977,2.1772,2.2566,2.3362,2.4159,2.4956,2.5753,2.655,2.7347
10.0,10.0,10.0,10.0,10.0,10.0,10.0,10.0,10.0,10.0,10.0,10.0,10.0,10.0,10.0,10.0,10.0,10.0,10.0,3.3437,3.7851,4.2893,4.7936,5.2978,5.8021,6.3063
3.4666,3.4862,3.5349,3.6229,3.7166,3.8256,3.9347,3.9856,3.2345,2.4835,1.7324,0.9793,1.2121,1.237,1.1966,1.1487,1.0877,1.0264,0.9636,0.9007,0.8377,0.7747,0.7117,0.6486,0.5856,0.5225
4.4527,4.438,4.4015,4.3354,4.2651,4.1833,4.1014,4.0182,3.9349,3.8515,3.7681,3.6936,3.625,1.0872,1.1175,1.1534,1.1992,1.2452,1.2924,1.3395,1.3868,1.4341,1.4814,1.5287,1.576,1.6233
3.5901,3.6103,3.6608,3.752,3.849,3.9619,4.0749,4.1899,4.3048,4.4199,4.535,4.6378,4.7325,4.7583,1.0943,1.1896,1.1265,1.063,0.9979,0.9328,0.8676,0.8023,0.737,0.6717,0.6064,0.5411
6.1466,5.6418,5.1387,4.638,4.138,3.6396,3.2379,10.0,10.0,10.0,10.0,10.0,10.0,10.0,10.0,10.0,10.0,10.0,10.0,10.0,10.0,10.0,10.0,10.0,10.0,10.0
7.1441,7.1206,7.0619,6.956,6.8432,6.712,6.5806,6.447,6.3134,6.1796,6.0457,5.9263,5.8162,5.7862,0.9846,1.6078,1.9241,1.9979,2.0735,2.1492,2.225,2.3009,2.3768,2.4527,2.5286,2.6045
2.6337,2.6486,2.6856,2.7525,2.8236,2.9065,2.9894,3.0737,3.158,3.2425,3.327,3.4024,0.9572,0.9398,0.9091,0.8727,0.8264,0.7798,0.7321,0.6843,0.6365,0.5886,0.5407,0.4928,0.4449,0.397
5.345,5.3274,5.2835,5.2042,5.1199,5.0216,4.9234,4.7734,3.8739,2.9744,2.0749,1.1729,1.3275,1.3051,1.3415,1.3846,1.4395,1.4947,1.5513,1.6079,1.6647,1.7214,1.7782,1.835,1.8918,1.9486
10.0,10.0,10.0,10.0,10.0,10.0,10.0,10.0,10.0,10.0,10.0,10.0,10.0,10.0,10.0,10.0,1.8132,2.3305,2.8476,2.803,2.6069,2.4107,2.2146,2.0184,1.8222,1.626
5.4488,5.4796,5.5562,5.2701,4.7019,4.1356,3.5694,3.0034,2.4374,1.8714,1.3055,0.738,1.9053,1.9443,1.8809,1.8056,1.7097,1.6134,1.5146,1.4158,1.3168,1.2177,1.1186,1.0195,0.9204,0.8213
4.7124,4.6969,4.6582,4.5883,4.5139,4.4273,4.3407,4.2526,4.1644,4.0762,3.9879,3.9091,3.8365,0.7741,1.1827,1.2207,1.2692,1.3178,1.3677,1.4176,1.4677,1.5177,1.5678,1.6178,1.6679,1.718
2.8392,2.8552,2.8951,2.9672,3.0439,3.1332,3.2226,3.3135,3.4044,3.4954,3.5865,3.6678,3.7427,0.6309,0.98,0.9408,0.8909,0.8407,0.7892,0.7377,0.6861,0.6345,0.5829,0.5312,0.4796,0.4279
6.7188,6.167,5.6171,5.0698,4.5232,3.9784,3.4337,2.8892,2.3448,3.2805,3.0751,2.8918,2.7228,2.6769,2.7515,2.8399,2.9526,3.0658,3.1819,3.298,3.4144,3.5309,3.6473,3.7638,3.8803,3.9967
10.0,10.0,10.0,10.0,10.0,10.0,10.0,10.0,10.0,10.0,10.0,10.0,10.0,10.0,10.0,10.0,10.0,2.3864,2.916,3.4456,3.9752,4.5048,4.6739,4.8231,4.9724,5.1216
2.9779,2.9947,3.0365,3.1122,3.1926,3.2863,3.3801,3.4754,3.5707,3.3929,2.3668,1.3379,0.4644,1.0626,1.0279,0.9868,0.9344,0.8817,0.8278,0.7738,0.7196,0.6655,0.6113,0.5572,0.503,0.4489
4.5857,4.5706,4.5329,4.4649,4.3925,4.3083,4.224,4.1382,4.0524,3.9666,3.8807,2.7823,0.6389,1.1197,1.1509,1.1879,1.235,1.2824,1.331,1.3795,1.4282,1.4769,1.5256,1.5743,1.623,1.6718
4.656,4.6823,4.7477,4.8659,4.9917,5.1382,5.2848,5.4338,5.5829,5.7322,5.8815,6.0148,6.1377,6.1711,0.9117,1.5189,1.4609,1.3786,1.2942,1.2098,1.1252,1.0405,0.9558,0.8712,0.7865,0.7018
6.2102,5.7001,5.1919,4.686,4.1808,3.6773,3.1738,2.6705,2.1673,1.664,5.2117,5.7181,6.1848,6.3117,6.1057,5.8613,5.55,5.2373,4.9167,4.596,4.2745,3.9529,3.6312,3.3095,2.9878,2.6661
5.7433,5.7244,5.6773,5.5921,5.5014,5.3959,5.2903,5.1829,5.0755,4.9679,4.8603,4.7643,4.6758,4.6517,1.2001,1.4878,1.5468,1.6061,1.6669,1.7278,1.7887,1.8497,1.9108,1.9718,2.0328,2.0938
2.6109,2.6256,2.6623,2.7286,2.7991,2.8813,2.9635,3.0471,3.1306,3.2144,3.2981,3.3728,3.4417,0.9317,0.9012,0.8652,0.8192,0.7731,0.7257,0.6784,0.6309,0.5835,0.536,0.4885,0.441,0.3935
6.4176,6.3964,6.3438,6.2486,5.756,5.0628,4.3696,3.6768,2.9839,2.291,1.5982,0.9666,1.5939,1.567,1.6107,1.6624,1.7284,1.7947,1.8626,1.9306,1.9987,2.0669,2.1351,2.2032,2.2714,2.3396
10.0,9.9902,9.9902,9.9902,9.9902,9.9902,9.9902,9.9902,9.9902,9.9902,9.9902,9.9902,9.9902,9.9902,9.9902,9.9902,9.9902,9.9902,2.8544,3.2723,3.7752,4.2782,4.7811,5.2841,5.787,6.2899
3.9795,4.002,4.0579,4.159,4.2665,4.3917,4.158,3.4987,2.8394,2.1801,1.5208,0.8597,1.3915,1.42,1.3737,1.3187,1.2487,1.1783,1.1062,1.034,0.9617,0.8893,0.817,0.7446,0.6722,0.5998
4.4937,4.4789,4.442,4.3754,4.3045,4.2219,4.1392,4.0552,3.9712,3.887,3.8028,3.7277,3.6584,1.0972,1.1278,1.1641,1.2103,1.2567,1.3043,1.3518,1.3996,1.4473,1.495,1.5428,1.5905,1.6382
3.2202,3.2384,3.2836,3.3654,3.4524,3.5537,3.6551,3.7582,3.8613,3.9645,4.0678,4.16,4.2449,0.5253,1.1116,1.0671,1.0104,0.9535,0.8951,0.8367,0.7782,0.7196,0.6611,0.6025,0.5439,0.4854
6.2773,5.7618,5.248,4.7367,4.226,3.717,3.2081,2.7769,7.0661,6.6499,6.2335,5.8619,5.5194,5.4263,5.5775,5.7568,5.9853,6.2147,6.4501,6.6854,6.9213,7.1574,7.3934,7.6295,7.8656,8.1017
8.6965,8.6678,8.5965,8.4674,8.3302,8.1704,8.0105,7.8479,7.6852,7.5224,7.3594,7.214,7.08,7.0435,7.1027,1.4692,2.0557,2.432,2.5241,2.6162,2.7085,2.8009,2.8932,2.9856,3.078,3.1704
2.7227,2.738,2.7763,2.8454,2.919,3.0046,3.0904,3.1775,3.2647,3.352,3.4393,2.2741,0.5222,0.9715,0.9398,0.9022,0.8543,0.8062,0.7568,0.7074,0.658,0.6085,0.5589,0.5094,0.4599,0.4104
4.9656,4.9492,4.9084,4.8348,4.7564,4.6652,4.5739,4.481,4.3881,3.7759,2.634,1.489,1.2333,1.2124,1.2462,1.2863,1.3374,1.3886,1.4412,1.4938,1.5465,1.5992,1.652,1.7047,1.7575,1.8103
7.0825,7.1225,7.222,7.4018,7.5932,7.816,8.039,8.2657,8.4925,8.7195,8.9467,9.1495,9.3363,9.3872,9.3047,1.3567,1.8983,2.0971,1.9687,1.8403,1.7116,1.5828,1.454,1.3252,1.1964,1.0675
6.5859,6.045,5.5059,4.9695,4.4337,3.8997,3.3658,2.8321,2.2984,1.7647,1.231,2.3687,2.562,2.6146,2.5293,2.428,2.2991,2.1695,2.0367,1.9039,1.7707,1.6375,1.5042,1.371,1.2377,1.1044
5.0001,4.9836,4.9426,4.8684,4.7895,4.6976,4.6057,4.5122,4.4187,4.325,4.2313,4.1477,4.0707,0.6551,1.2549,1.2953,1.3467,1.3983,1.4512,1.5042,1.5573,1.6104,1.6635,1.7166,1.7697,1.8228
2.7143,2.7296,2.7677,2.8367,2.91,2.9954,3.0808,3.1677,3.2546,3.3416,3.4287,3.5064,3.578,0.9242,0.9369,0.8994,0.8517,0.8037,0.7545,0.7053,0.6559,0.6066,0.5572,0.5079,0.4585,0.4091
7.2325,6.6385,6.0466,5.4574,4.869,4.2826,3.6963,3.1102,2.5241,1.938,1.4256,2.2471,2.1158,2.0801,2.1381,2.2068,2.2944,2.3824,2.4726,2.5628,2.6533,2.7437,2.8342,2.9247,3.0152,3.1057
9.1604,9.1604,9.1604,9.1604,9.1604,9.1604,9.1604,9.1604,9.1604,9.1604,9.1604,9.1604,9.1604,9.1604,9.1604,9.1604,9.1604,9.1604,2.824,3.3368,3.8497,4.3626,4.8754,5.3883,5.9011,6.414
3.2567,3.2751,3.3209,3.4036,3.4916,3.594,3.6966,3.8008,3.5988,2.7632,1.9276,1.0896,1.1388,1.1621,1.1242,1.0792,1.0219,0.9643,0.9053,0.8462,0.787,0.7278,0.6686,0.6094,0.5501,0.4909
4.496,4.4811,4.4443,4.3776,4.3066,4.224,4.1413,4.0572,3.9732,3.889,3.8047,3.7295,1.473,1.0978,1.1284,1.1647,1.2109,1.2573,1.3049,1.3525,1.4003,1.448,1.4958,1.5435,1.5913,1.6391
3.9292,3.9513,4.0065,4.1063,4.2125,4.3361,4.4598,4.5856,4.7114,4.8374,4.9634,5.0759,5.1795,5.2077,1.0149,1.302,1.2329,1.1634,1.0922,1.0209,0.9495,0.8781,0.8066,0.7352,0.6637,0.5922
6.1619,5.6559,5.1515,4.6496,4.1483,3.6487,3.1491,2.6498,8.9321,8.9321,8.9321,8.9321,8.9321,8.9321,8.9321,8.9321,8.9321,8.9321,8.9321,8.9321,8.9321,8.9321,8.9321,8.9321,8.9321,8.9321
6.5249,6.5034,6.4499,6.3531,6.2501,6.1302,6.0102,5.8882,5.7662,5.644,5.5217,5.4126,5.312,5.2847,1.0418,1.6902,1.7573,1.8247,1.8938,1.9629,2.0322,2.1015,2.1708,2.2401,2.3094,2.3787
2.6213,2.6361,2.6729,2.7395,2.8103,2.8928,2.9753,3.0593,3.1432,3.2272,3.3113,3.3863,2.0379,0.9354,0.9048,0.8686,0.8225,0.7762,0.7286,0.6811,0.6335,0.5858,0.5381,0.4905,0.4428,0.3951
5.7027,5.6839,5.6371,5.5525,5.4625,5.3577,5.0847,4.2785,3.4722,2.666,1.8597,1.0513,1.4163,1.3924,1.4312,1.4772,1.5359,1.5948,1.6551,1.7155,1.7761,1.8366,1.8972,1.9578,2.0184,2.079
8.7149,8.7149,8.7149,8.7149,8.7149,8.7149,8.7149,8.7149,8.7149,8.7149,8.7149,8.7149,8.7149,8.7149,8.7149,8.7149,8.7149,2.3025,2.8135,3.3244,3.8354,3.646,3.3493,3.0526,2.7559,2.4591
4.7679,4.7948,4.8618,4.9829,4.9649,4.367,3.769,3.1714,2.5737,1.9761,1.3785,0.7793,1.6672,1.7014,1.6458,1.58,1.496,1.4118,1.3253,1.2389,1.1522,1.0655,0.9788,0.8921,0.8054,0.7187
4.6204,4.6052,4.5673,4.4987,4.4258,4.3409,4.2559,4.1695,4.0831,3.9966,3.91,3.8328,3.7616,1.0284,1.1596,1.1969,1.2444,1.2921,1.341,1.39,1.439,1.4881,1.5372,1.5863,1.6353,1.6844
2.9702,2.987,3.0287,3.1042,3.1844,3.2778,3.3714,3.4664,3.5615,3.6568,3.752,3.8371,3.9154,0.5345,1.0253,0.9842,0.932,0.8795,0.8256,0.7718,0.7178,0.6638,0.6098,0.5557,0.5017,0.4477
6.5348,5.9981,5.4633,4.931,4.3993,3.8695,3.3397,2.8101,4.3195,4.0651,3.8106,3.5834,3.374,3.3171,3.4095,3.5192,3.6588,3.7991,3.9429,4.0868,4.231,4.3753,4.5196,4.6639,4.8083,4.9526
8.4578,8.4578,8.4578,8.4578,8.4578,8.4578,8.4578,8.4578,8.4578,8.4578,8.4578,8.4578,8.4578,8.4578,8.4578,8.4578,1.9259,2.4754,3.0247,3.4164,3.537,3.6576,3.7782,3.8989,4.0195,4.1402
2.8715,2.8877,2.928,3.0009,3.0785,3.1688,3.2593,3.3512,3.4431,3.5352,2.8064,1.5864,0.4478,1.0246,0.9912,0.9515,0.901,0.8502,0.7982,0.7461,0.6939,0.6417,0.5895,0.5373,0.485,0.4328
4.7188,4.7033,4.6645,4.5945,4.5201,4.4334,4.3466,4.2583,4.1701,4.0817,3.6896,2.0857,0.638,1.1522,1.1843,1.2224,1.2709,1.3196,1.3696,1.4196,1.4697,1.5198,1.5699,1.62,1.6702,1.7203
5.3531,5.3833,5.4585,5.5945,5.7391,5.9075,6.076,6.2474,6.4188,6.5904,6.7621,6.9154,7.0566,7.095,0.8708,1.4509,1.6797,1.585,1.488,1.3909,1.2936,1.1963,1.0989,1.0016,0.9042,0.8069
6.3422,5.8213,5.3022,4.7856,4.2696,3.7554,3.2412,2.7273,2.2133,1.6994,1.1855,3.7059,4.0084,4.0907,3.9571,3.7987,3.597,3.3943,3.1865,2.9787,2.7703,2.5619,2.3534,2.1449,1.9364,1.7279
5.4286,5.4107,5.3661,5.2856,5.1999,5.1002,5.0003,4.8988,4.7973,4.6956,4.5939,4.5032,4.4195,4.3967,1.3482,1.4062,1.4621,1.5181,1.5756,1.6331,1.6907,1.7484,1.806,1.8637,1.9214,1.979
2.6469,2.6618,2.699,2.7663,2.8378,2.921,3.0044,3.0891,3.1738,3.2587,3.3436,3.4194,3.4892,0.9445,0.9137,0.8771,0.8305,0.7837,0.7357,0.6878,0.6396,0.5915,0.5434,0.4952,0.4471,0.399
7.0801,7.0568,6.6757,6.0252,5.3756,4.7282,4.0808,3.4337,2.7867,2.1396,1.4926,1.8675,1.7584,1.7288,1.7769,1.8341,1.9068,1.98,2.0549,2.1299,2.2051,2.2803,2.3555,2.4307,2.5059,2.5811
8.0766,8.0766,8.0766,8.0766,8.0766,8.0766,8.0766,8.0766,8.0766,8.0766,8.0766,8.0766,8.0766,8.0766,8.0766,8.0766,8.0766,2.3076,2.7874,3.2936,3.7999,4.3061,4.8123,5.3185,5.8248,6.331
3.6646,3.6853,3.7367,3.8298,3.9288,4.0441,4.1595,3.8028,3.0861,2.3696,1.653,0.9344,1.2814,1.3077,1.265,1.2143,1.1498,1.0851,1.0186,0.9522,0.8856,0.819,0.7523,0.6857,0.619,0.5524
4.4907,4.4759,4.439,4.3724,4.3015,4.219,4.1364,4.0525,3.9685,3.8844,3.8002,3.7252,3.6559,1.0965,1.127,1.1633,1.2095,1.2558,1.3034,1.3509,1.3986,1.4463,1.494,1.5417,1.5894,1.6371
3.4563,3.4758,3.5243,3.6121,3.7055,3.8142,3.923,4.0337,4.1443,4.2551,4.366,4.4649,4.5561,4.5809,1.1675,1.1453,1.0845,1.0234,0.9607,0.8981,0.8352,0.7724,0.7095,0.6467,0.5838,0.521
6.2276,5.7161,5.2064,4.6991,4.1925,3.6876,3.1827,2.678,2.2567,7.8986,7.8986,7.8986,7.8986,7.8986,7.8986,7.8986,7.8986,7.8986,7.8986,7.8986,7.8986,7.8986,7.8986,7.8986,7.8986,7.8986
7.7076,7.6822,7.6189,7.5046,7.383,7.2413,7.0996,6.9555,6.8113,6.667,6.5226,6.3937,6.2749,6.2426,6.295,1.5597,2.0758,2.1554,2.2371,2.3187,2.4005,2.4824,2.5642,2.6461,2.728,2.8099
2.6809,2.6961,2.7337,2.8018,2.8743,2.9586,3.043,3.1288,3.2147,3.3006,3.3866,3.1771,0.7295,0.9567,0.9254,0.8884,0.8412,0.7938,0.7452,0.6966,0.6479,0.5991,0.5504,0.5016,0.4529,0.4041
5.2203,5.2031,5.1603,5.0828,5.0005,4.9045,4.8085,4.7109,4.2386,3.2544,2.2702,1.2833,1.2965,1.2747,1.3102,1.3523,1.406,1.4599,1.5152,1.5704,1.6259,1.6813,1.7368,1.7922,1.8477,1.9031
7.7283,7.7283,7.7283,7.7283,7.7283,7.7283,7.7283,7.7283,7.7283,7.7283,7.7283,7.7283,7.7283,7.7283,7.7283,1.3255,1.8546,2.3837,2.5115,2.3477,2.1834,2.0192,1.8549,1.6905,1.5262,1.3619
6.0741,6.1083,5.7373,5.1783,4.62,4.0636,3.5072,2.9511,2.395,1.8389,1.2828,0.787,2.1239,2.1674,2.0967,2.0128,1.9059,1.7985,1.6884,1.5783,1.4679,1.3574,1.247,1.1365,1.026,0.9155
4.8445,4.8286,4.7888,4.7169,4.6405,4.5515,4.4624,4.3718,4.2812,4.1905,4.0997,4.0187,3.944,0.6806,1.2159,1.255,1.3048,1.3548,1.4061,1.4574,1.5088,1.5603,1.6117,1.6632,1.7147,1.7661
2.8052,2.821,2.8604,2.9317,3.0075,3.0957,3.184,3.2738,3.3637,3.4536,3.5436,3.6239,3.6979,0.722,0.9683,0.9296,0.8802,0.8306,0.7798,0.7289,0.6779,0.6269,0.5759,0.5249,0.4738,0.4228
6.9445,6.3742,5.8058,5.2401,4.6751,4.1121,3.5491,2.9863,2.4235,1.8608,2.786,2.6199,2.4668,2.4252,2.4928,2.573,2.6751,2.7776,2.8828,2.988,3.0934,3.1989,3.3044,3.4099,3.5155,3.621
7.5255,7.5255,7.5255,7.5255,7.5255,7.5255,7.5255,7.5255,7.5255,7.5255,7.5255,7.5255,7.5255,7.5255,7.5255,7.5255,7.5255,2.3701,2.896,3.422,3.948,4.4739,4.9998,5.5258,5.9287,6.1066
3.096,3.1135,3.157,3.2356,3.3193,3.4167,3.5141,3.6133,3.7124,3.1381,2.1891,1.2375,1.0826,1.1048,1.0687,1.0259,0.9714,0.9167,0.8606,0.8045,0.7482,0.6919,0.6356,0.5793,0.523,0.4667
4.5766,4.5615,4.5239,4.456,4.3838,4.2997,4.2156,4.13,4.0444,3.9587,3.8729,3.5725,0.8203,1.1175,1.1486,1.1855,1.2326,1.2798,1.3283,1.3768,1.4254,1.474,1.5226,1.5712,1.6198,1.6684
4.3728,4.3975,4.4589,4.57,4.6881,4.8256,4.9633,5.1033,5.2433,5.3835,5.5238,5.6489,5.7643,5.7957,0.954,1.449,1.3721,1.2948,1.2155,1.1362,1.0567,0.9772,0.8977,0.8182,0.7386,0.6591
6.2271,5.7157,5.206,4.6988,4.1922,3.6873,3.1824,2.6778,2.1732,7.146,7.3707,7.3707,7.3707,7.3707,7.3707,7.3707,7.3707,7.3707,7.3707,7.0716,6.5769,6.082,5.5871,5.0921,4.5971,4.1021
6.0542,6.0342,5.9846,5.8947,5.7992,5.688,5.5766,5.4634,5.3502,5.2368,5.1234,5.0222,4.9288,4.9035,1.1406,1.5683,1.6306,1.6931,1.7572,1.8213,1.8856,1.9499,2.0142,2.0785,2.1428,2.2071
2.6301,2.645,2.6819,2.7487,2.8198,2.9025,2.9853,3.0695,3.1537,3.2381,3.3224,3.3977,3.4671,0.9385,0.9079,0.8715,0.8253,0.7788,0.7311,0.6834,0.6356,0.5878,0.5399,0.4921,0.4443,0.3964
6.1597,6.1394,6.0888,5.9974,5.9002,5.3824,4.6455,3.9089,3.1722,2.4357,1.6991,0.9605,1.5298,1.504,1.5459,1.5956,1.659,1.7226,1.7878,1.853,1.9184,1.9838,2.0493,2.1147,2.1801,2.2456
7.2222,7.2222,7.2222,7.2222,7.2222,7.2222,7.2222,7.2222,7.2222,7.2222,7.2222,7.2222,7.2222,7.2222,7.2222,7.2222,7.2222,2.2936,2.8026,3.3116,3.8206,4.3295,4.8385,5.3475,5.68,5.0684
4.2739,4.298,4.3581,4.4666,4.5821,4.6622,4.0239,3.3858,2.7478,2.1097,1.4717,0.832,1.4944,1.5251,1.4753,1.4163,1.341,1.2655,1.188,1.1105,1.0328,0.9551,0.8774,0.7997,0.7219,0.6442
4.5688,4.5537,4.5162,4.4485,4.3764,4.2924,4.2084,4.1229,4.0375,3.9519,3.8663,3.79,3.7195,1.1156,1.1467,1.1835,1.2305,1.2777,1.326,1.3744,1.4229,1.4715,1.52,1.5685,1.6171,1.6656
3.1386,3.1563,3.2004,3.2802,3.365,3.4637,3.5625,3.663,3.7635,3.8641,3.9648,4.0546,4.1374,0.512,1.0834,1.0401,0.9848,0.9293,0.8724,0.8155,0.7585,0.7014,0.6443,0.5873,0.5302,0.4731
6.4126,5.8859,5.361,4.8387,4.317,3.7971,3.2772,2.7575,2.2379,5.3806,5.0437,4.7431,4.4659,4.3906,4.5129,4.658,4.8429,5.0285,5.2189,5.4094,5.6003,5.7912,5.9823,6.1733,6.3643,6.5554
7.0447,7.0447,7.0447,7.0447,7.0447,7.0447,7.0447,7.0447,7.0447,7.0447,7.0447,7.0447,7.0447,7.0447,7.0447,1.4411,2.0164,2.5916,2.7899,2.8917,2.9937,3.0958,3.1979,3.3001,3.4022,3.5043
2.7951,2.8109,2.8501,2.9211,2.9966,3.0845,3.1725,3.262,3.3515,3.4411,3.4717,1.9625,0.4506,0.9974,0.9648,0.9262,0.877,0.8276,0.7769,0.7263,0.6755,0.6246,0.5738,0.523,0.4721,0.4213
4.8986,4.8825,4.8423,4.7696,4.6923,4.6023,4.5122,4.4206,4.329,4.2373,2.9767,1.6827,1.2166,1.1961,1.2294,1.269,1.3193,1.3699,1.4218,1.4737,1.5257,1.5777,1.6297,1.6818,1.7338,1.7859
6.3427,6.3785,6.4676,6.6287,6.8,6.9424,6.9424,6.9424,6.9424,6.9424,6.9424,6.9424,6.9424,6.9424,6.9424,1.4001,1.959,1.878,1.763,1.6481,1.5328,1.4174,1.3021,1.1867,1.0714,0.956
6.5318,5.9953,5.4607,4.9286,4.3972,3.8677,3.3381,2.8088,2.2795,1.7502,1.2209,2.766,2.9917,3.0531,2.9535,2.8353,2.6847,2.5334,2.3783,2.2232,2.0677,1.9121,1.7565,1.6009,1.4453,1.2897
5.1891,5.172,5.1294,5.0524,4.9705,4.8752,4.7797,4.6827,4.5857,4.4885,4.3913,4.3045,4.2245,0.6799,1.3023,1.3442,1.3975,1.4511,1.5061,1.561,1.6161,1.6712,1.7264,1.7815,1.8366,1.8917
2.7055,2.7207,2.7588,2.8275,2.9006,2.9857,3.0708,3.1575,3.2441,3.3308,3.4176,3.495,3.5664,0.9654,0.9339,0.8965,0.8489,0.8011,0.752,0.703,0.6538,0.6046,0.5554,0.5062,0.457,0.4078
6.8105,6.8105,6.3139,5.6987,5.0843,4.472,3.8597,3.2476,2.6356,2.0236,1.4117,2.0985,1.9758,1.9425,1.9966,2.0608,2.1426,2.2248,2.309,2.3933,2.4777,2.5622,2.6467,2.7312,2.8158,2.9003
6.7783,6.7783,6.7783,6.7783,6.7783,6.7783,6.7783,6.7783,6.7783,6.7783,6.7783,6.7783,6.7783,6.7783,6.7783,6.7783,6.7783,2.3147,2.8283,3.342,3.8556,4.3693,4.883,5.3966,5.9103,6.4239
3.4243,3.4436,3.4917,3.5787,3.6712,3.7789,3.8867,3.9963,3.406,2.6151,1.8243,1.0312,1.1973,1.2219,1.182,1.1347,1.0744,1.0139,0.9518,0.8897,0.8275,0.7652,0.703,0.6407,0.5784,0.5161
4.5239,4.509,4.4719,4.4048,4.3334,4.2503,4.1671,4.0825,3.9979,3.9131,3.8284,3.7527,2.9881,1.1046,1.1354,1.1719,1.2184,1.2651,1.313,1.3609,1.409,1.457,1.5051,1.5531,1.6012,1.6493
3.7586,3.7799,3.8327,3.9281,4.0297,4.1479,4.2662,4.3866,4.5069,4.6274,4.748,4.8556,4.9547,4.9817,1.0756,1.2455,1.1794,1.1129,1.0448,0.9766,0.9083,0.84,0.7716,0.7033,0.6349,0.5665
6.2288,5.7173,5.2075,4.7001,4.1933,3.6883,3.1833,2.6785,2.1738,6.6524,6.6524,6.6524,6.6524,6.6524,6.6524,6.6524,6.6524,6.6524,6.6524,6.6524,6.6524,6.6524,6.6524,6.6524,6.6524,6.6524
6.6217,6.6217,6.6217,6.6217,6.6217,6.5574,6.429,6.2985,6.168,6.0373,5.9065,5.7898,5.6822,5.653,1.0054,1.6751,1.8798,1.9518,2.0258,2.0997,2.1738,2.2479,2.322,2.3962,2.4703,2.5445
2.662,2.677,2.7144,2.7821,2.854,2.9377,3.0215,3.1067,3.192,3.2773,3.3627,3.4389,1.2164,0.9499,0.9189,0.8821,0.8353,0.7882,0.74,0.6917,0.6433,0.5949,0.5465,0.4981,0.4497,0.4012
5.5459,5.5276,5.4821,5.3998,5.3123,5.2104,5.1084,4.6286,3.7564,2.8842,2.0119,1.1373,1.3774,1.3542,1.3919,1.4366,1.4937,1.5509,1.6096,1.6684,1.7273,1.7862,1.8451,1.904,1.9629,2.0218
6.5312,6.5312,6.5312,6.5312,6.5312,6.5312,6.5312,6.5312,6.5312,6.5312,6.5312,6.5312,6.5312,6.5312,6.5312,6.5312,1.8278,2.3492,2.8705,3.2622,3.034,2.8057,2.5774,2.349,2.1207,1.8923
5.2324,5.2619,5.3354,5.4482,4.8608,4.2754,3.69,3.1049,2.5198,1.9347,1.3496,0.7629,1.8296,1.8671,1.8061,1.7339,1.6418,1.5493,1.4544,1.3596,1.2644,1.1693,1.0742,0.979,0.8838,0.7887
4.737,4.7214,4.6826,4.6123,4.5375,4.4505,4.3634,4.2748,4.1862,4.0975,4.0087,3.9295,3.8565,0.8661,1.1889,1.2271,1.2758,1.3247,1.3749,1.425,1.4753,1.5256,1.576,1.6263,1.6766,1.7269
2.9255,2.942,2.9831,3.0574,3.1364,3.2285,3.3206,3.4142,3.5079,3.6017,3.6955,3.7793,3.8565,0.5977,1.0098,0.9694,0.9179,0.8662,0.8132,0.7601,0.707,0.6538,0.6006,0.5474,0.4942,0.441
6.4143,6.1808,5.6297,5.0812,4.5333,3.9874,3.4414,2.8957,2.35,1.8327,3.3641,3.1635,2.9787,2.9284,3.01,3.1068,3.2301,3.3539,3.4809,3.6079,3.7353,3.8627,3.9901,4.1175,4.2449,4.3723
6.3857,6.3857,6.3857,6.3857,6.3857,6.3857,6.3857,6.3857,6.3857,6.3857,6.3857,6.3857,6.3857,6.3857,6.3857,6.3857,1.9074,2.4516,2.9956,3.5396,4.0638,4.2023,4.3409,4.4796,4.6182,4.7568
2.975,2.9918,3.0336,3.1092,3.1895,3.2831,3.3768,3.472,3.5673,3.6573,2.5513,1.4422,0.4639,1.0616,1.0269,0.9858,0.9335,0.8809,0.827,0.773,0.7189,0.6648,0.6107,0.5566,0.5025,0.4484
4.6975,4.682,4.6434,4.5738,4.4996,4.4133,4.3269,4.2391,4.1512,4.0633,3.9753,2.4994,0.6351,1.147,1.179,1.2169,1.2652,1.3137,1.3634,1.4131,1.463,1.5129,1.5628,1.6127,1.6626,1.7125
4.9662,4.9942,5.064,5.1901,5.3243,5.4805,5.6368,5.7958,5.9548,6.1141,6.2733,6.3015,6.3015,6.3015,0.9076,1.5121,1.5582,1.4705,1.3804,1.2904,1.2001,1.1098,1.0195,0.9292,0.8389,0.7485
6.274,5.8233,5.3041,4.7873,4.2711,3.7567,3.2424,2.7282,2.2141,1.7,4.3721,4.7969,5.1884,5.2949,5.122,4.917,4.6559,4.3936,4.1246,3.8556,3.5858,3.3161,3.0462,2.7763,2.5065,2.2366
5.6946,5.6758,5.6291,5.5446,5.4547,5.3501,5.2454,5.1389,5.0324,4.9258,4.8191,4.7238,4.6361,4.6122,1.2698,1.4752,1.5337,1.5925,1.6528,1.7131,1.7736,1.834,1.8945,1.955,2.0155,2.076
2.6603,2.6754,2.7127,2.7803,2.8522,2.9359,3.0196,3.1048,3.19,3.2753,3.3606,3.4367,3.5069,0.9493,0.9183,0.8816,0.8347,0.7877,0.7395,0.6913,0.6429,0.5945,0.5461,0.4978,0.4494,0.401
6.1927,6.1927,6.1927,6.1927,5.6809,4.9967,4.3126,3.6287,2.9449,2.2611,1.5773,1.0163,1.6758,1.6476,1.6935,1.7479,1.8173,1.887,1.9584,2.0299,2.1015,2.1732,2.2449,2.3165,2.3882,2.4599
6.166,6.166,6.166,6.166,6.166,6.166,6.166,6.166,6.166,6.166,6.166,6.166,6.166,6.166,6.166,6.166,1.7921,2.3034,2.8145,3.3257,3.8368,4.348,4.8591,5.3703,5.8814,6.166
3.9061,3.9281,3.983,4.0822,4.1877,4.3106,4.349,3.6594,2.9698,2.2802,1.5906,0.8992,1.3658,1.3938,1.3483,1.2944,1.2256,1.1566,1.0858,1.0149,0.9439,0.8729,0.8019,0.7308,0.6598,0.5888
4.5553,4.5402,4.5029,4.4353,4.3634,4.2797,4.1959,4.1107,4.0256,3.9402,3.8549,3.7787,3.7085,1.1123,1.1433,1.18,1.2268,1.2739,1.3221,1.3704,1.4187,1.4671,1.5155,1.5639,1.6123,1.6607
3.3532,3.3721,3.4192,3.5044,3.595,3.7005,3.806,3.9134,4.0207,4.1282,4.2358,4.3318,4.4203,0.547,1.1575,1.1112,1.0521,0.9929,0.9321,0.8713,0.8103,0.7494,0.6884,0.6274,0.5664,0.5054
6.0617,5.8253,5.3059,4.7889,4.2726,3.758,3.2435,2.7292,2.2149,1.7319,6.0617,6.0617,6.0617,6.0617,6.0617,6.0617,6.0617,6.0617,6.0617,6.0617,6.0617,6.0617,6.0617,6.0617,6.0617,6.0617
6.0362,6.0362,6.0362,6.0362,6.0362,6.0362,6.0362,6.0362,6.0362,6.0362,6.0362,6.0362,6.0362,6.0362,6.0362,1.524,2.1324,2.3509,2.4399,2.5289,2.6182,2.7075,2.7968,2.8861,2.9754,3.0647
2.7452,2.7607,2.7992,2.869,2.9431,3.0295,3.1159,3.2038,3.2917,3.3797,3.4678,2.5886,0.5944,0.9796,0.9476,0.9097,0.8614,0.8128,0.7631,0.7133,0.6634,0.6135,0.5636,0.5136,0.4637,0.4138
5.1329,5.116,5.0739,4.9978,4.9167,4.8224,4.728,4.632,4.5361,3.6085,2.5172,1.423,1.2748,1.2533,1.2882,1.3297,1.3824,1.4354,1.4898,1.5441,1.5986,1.6532,1.7077,1.7622,1.8167,1.8713
5.9609,5.9609,5.9609,5.9609,5.9609,5.9609,5.9609,5.9609,5.9609,5.9609,5.9609,5.9609,5.9609,5.9609,5.9609,1.364,1.9085,2.3196,2.1776,2.0355,1.8931,1.7507,1.6082,1.4658,1.3233,1.1808
5.9362,5.9362,5.6737,5.1209,4.5688,4.0185,3.4683,2.9184,2.3684,1.8185,1.2685,2.227,2.4088,2.4582,2.3779,2.2828,2.1615,2.0397,1.9149,1.79,1.6648,1.5395,1.4142,1.2889,1.1636,1.0383
5.0115,4.995,4.9538,4.8795,4.8004,4.7083,4.6162,4.5224,4.4287,4.3349,4.241,4.1572,4.0799,0.6566,1.2578,1.2982,1.3497,1.4015,1.4545,1.5076,1.5608,1.614,1.6673,1.7205,1.7738,1.827
2.7888,2.8046,2.8437,2.9146,2.9899,3.0777,3.1655,3.2547,3.344,3.4334,3.5229,3.6027,3.6763,0.8469,0.9627,0.9241,0.8751,0.8258,0.7752,0.7246,0.6739,0.6232,0.5725,0.5218,0.4711,0.4204
5.8634,5.8634,5.8634,5.4514,4.8637,4.2779,3.6922,3.1067,2.5213,1.9358,2.5648,2.4119,2.271,2.2327,2.2949,2.3687,2.4627,2.5571,2.6539,2.7508,2.8478,2.945,3.0421,3.1392,3.2364,3.3335
5.8395,5.8395,5.8395,5.8395,5.8395,5.8395,5.8395,5.8395,5.8395,5.8395,5.8395,5.8395,5.8395,5.8395,5.8395,5.8395,1.8424,2.368,2.8936,3.4191,3.9446,4.4701,4.9956,5.5211,5.8395,5.8395
3.2409,3.2592,3.3047,3.3871,3.4746,3.5766,3.6786,3.7824,3.828,2.9391,2.0503,1.159,1.1332,1.1565,1.1187,1.0739,1.0169,0.9596,0.9009,0.8421,0.7832,0.7243,0.6653,0.6064,0.5474,0.4885
4.5946,4.5794,4.5417,4.4736,4.4011,4.3166,4.2321,4.1462,4.0603,3.9743,3.8882,3.8113,1.1457,1.1219,1.1531,1.1902,1.2374,1.2849,1.3335,1.3822,1.431,1.4798,1.5286,1.5774,1.6262,1.675
4.15,4.1734,4.2317,4.3371,4.4492,4.5798,4.7104,4.8433,4.9762,5.1092,5.2423,5.3611,5.4706,5.5004,1.0056,1.3752,1.3022,1.2288,1.1536,1.0783,1.0029,0.9274,0.852,0.7765,0.701,0.6255
5.7459,5.7459,5.2509,4.7393,4.2283,3.7191,3.2099,2.7009,2.1919,1.683,5.7459,5.7459,5.7459,5.7459,5.7459,5.7459,5.7459,5.7459,5.7459,5.7459,5.7459,5.7459,5.7459,5.7459,5.7459,5.7459
5.723,5.723,5.723,5.723,5.723,5.723,5.723,5.723,5.6848,5.5643,5.4438,5.3363,5.2371,5.2101,1.094,1.6664,1.7325,1.799,1.8671,1.9352,2.0035,2.0718,2.1401,2.2085,2.2768,2.3452
2.665,2.6801,2.7175,2.7852,2.8572,2.941,3.0249,3.1103,3.1956,3.281,3.3665,3.4428,3.5131,0.951,0.9199,0.8831,0.8362,0.7891,0.7408,0.6925,0.644,0.5956,0.5471,0.4986,0.4502,0.4017
5.6776,5.6776,5.6776,5.6776,5.6776,5.5998,4.9826,4.1926,3.4025,2.6124,1.8224,1.0302,1.4803,1.4553,1.4959,1.544,1.6053,1.6668,1.7299,1.793,1.8563,1.9196,1.9829,2.0463,2.1096,2.1729
5.6552,5.6552,5.6552,5.6552,5.6552,5.6552,5.6552,5.6552,5.6552,5.6552,5.6552,5.6552,5.6552,5.6552,5.6552,5.6552,1.8165,2.3348,2.8529,3.3711,3.8892,4.4073,4.238,3.8625,3.4871,3.1116
4.6369,4.6631,4.7282,4.846,4.9712,4.5456,3.9232,3.3011,2.679,2.057,1.4349,0.8111,1.6213,1.6546,1.6006,1.5365,1.4549,1.373,1.2889,1.2048,1.1205,1.0362,0.9519,0.8676,0.7832,0.6989
4.6727,4.6573,4.619,4.5497,4.4759,4.3901,4.3041,4.2167,4.1294,4.0418,3.9543,3.8762,3.8041,1.1409,1.1727,1.2104,1.2585,1.3067,1.3562,1.4057,1.4553,1.5049,1.5546,1.6042,1.6539,1.7035
3.0805,3.0979,3.1412,3.2194,3.3026,3.3995,3.4965,3.5951,3.6938,3.7925,3.8913,3.9795,4.0608,0.5146,1.0634,1.0208,0.9666,0.9121,0.8563,0.8004,0.7444,0.6884,0.6324,0.5764,0.5203,0.4643
5.5674,5.5674,5.5097,4.9729,4.4367,3.9024,3.3681,2.834,2.2999,1.7659,4.2716,4.0169,3.7822,3.7184,3.822,3.9449,4.1014,4.2587,4.42,4.5812,4.7429,4.9046,5.0664,5.2282,5.39,5.5518
5.5458,5.5458,5.5458,5.5458,5.5458,5.5458,5.5458,5.5458,5.5458,5.5458,5.5458,5.5458,5.5458,5.5458,5.5458,5.5458,1.9909,2.5589,3.1268,3.2451,3.3596,3.4742,3.5888,3.7034,3.818,3.9326
2.8873,2.9036,2.9441,3.0175,3.0955,3.1863,3.2772,3.3696,3.4621,3.5546,3.0776,1.7397,0.4503,1.0303,0.9966,0.9568,0.9059,0.8549,0.8026,0.7502,0.6977,0.6452,0.5927,0.5402,0.4877,0.4352
4.8634,4.8474,4.8074,4.7353,4.6585,4.5692,4.4797,4.3888,4.2979,4.2068,3.4337,1.941,0.6576,1.1875,1.2206,1.2598,1.3098,1.3601,1.4116,1.4631,1.5147,1.5663,1.618,1.6697,1.7213,1.773
5.4822,5.4822,5.4822,5.4822,5.4822,5.4822,5.4822,5.4822,5.4822,5.4822,5.4822,5.4822,5.4822,5.4822,0.8764,1.4542,1.8155,1.7132,1.6083,1.5034,1.3983,1.2931,1.1878,1.0826,0.9774,0.8721
5.4613,5.4613,5.4493,4.9183,4.3881,3.8596,3.3311,2.8029,2.2747,1.7465,1.2184,3.332,3.604,3.678,3.5579,3.4155,3.2341,3.0519,2.865,2.6782,2.4908,2.3034,2.116,1.9285,1.741,1.5536
5.4215,5.4037,5.3592,5.2787,5.1932,5.0936,4.9939,4.8925,4.7911,4.6895,4.588,4.4973,4.4138,4.391,1.3607,1.4044,1.4602,1.5161,1.5735,1.631,1.6885,1.7461,1.8037,1.8613,1.9189,1.9765
2.713,2.7283,2.7664,2.8354,2.9086,2.994,3.0794,3.1663,3.2531,3.3401,3.4271,3.5048,3.5764,0.9681,0.9365,0.899,0.8513,0.8033,0.7541,0.7049,0.6556,0.6063,0.557,0.5076,0.4583,0.4089
5.3996,5.3996,5.3996,5.3996,5.3471,4.7031,4.0592,3.4155,2.7719,2.1282,1.4846,1.9821,1.8663,1.8348,1.8859,1.9466,2.0238,2.1014,2.181,2.2606,2.3404,2.4202,2.5,2.5798,2.6596,2.7395
5.3794,5.3794,5.3794,5.3794,5.3794,5.3794,5.3794,5.3794,5.3794,5.3794,5.3794,5.3794,5.3794,5.3794,5.3794,5.3794,1.8144,2.3321,2.8496,3.3671,3.8847,4.4022,4.9197,5.3794,5.3794,5.3794
3.6282,3.6487,3.6996,3.7918,3.8898,4.0039,4.1182,4.0109,3.255,2.4992,1.7434,0.9855,1.2686,1.2947,1.2524,1.2023,1.1384,1.0743,1.0085,0.9427,0.8768,0.8108,0.7448,0.6789,0.6129,0.5469
4.5791,4.564,4.5264,4.4585,4.3862,4.3021,4.2179,4.1322,4.0466,3.9608,3.8751,3.7985,3.7279,1.1181,1.1492,1.1862,1.2333,1.2805,1.329,1.3775,1.4261,1.4748,1.5234,1.5721,1.6207,1.6694
3.6266,3.647,3.698,3.7901,3.8881,4.0022,4.1163,4.2324,4.3485,4.4648,4.5811,4.685,4.7807,4.8067,1.1495,1.2017,1.1379,1.0738,1.0081,0.9423,0.8764,0.8105,0.7445,0.6785,0.6126,0.5466
5.2998,5.2998,5.2952,4.7793,4.264,3.7505,3.237,2.7237,2.2104,1.6972,5.2998,5.2998,5.2998,5.2998,5.2998,5.2998,5.2998,5.2998,5.2998,5.2998,5.2998,5.2998,5.2998,5.2998,5.2998,5.2998
5.2803,5.2803,5.2803,5.2803,5.2803,5.2803,5.2803,5.2803,5.2803,5.2803,5.2803,5.2803,5.2803,5.2803,1.0389,1.6294,2.0301,2.1079,2.1877,2.2675,2.3476,2.4276,2.5077,2.5877,2.6678,2.7479
2.7195,2.7349,2.7731,2.8421,2.9156,3.0012,3.0868,3.1738,3.2609,3.3481,3.4353,3.5132,0.8767,0.9704,0.9387,0.9012,0.8533,0.8052,0.7559,0.7066,0.6572,0.6078,0.5583,0.5088,0.4594,0.4099
5.2417,5.2417,5.2417,5.2417,5.2039,5.1041,5.0041,4.9025,4.1093,3.1551,2.201,1.2442,1.3493,1.3265,1.3635,1.4073,1.4632,1.5193,1.5768,1.6343,1.692,1.7497,1.8074,1.8651,1.9228,1.9806
5.2226,5.2226,5.2226,5.2226,5.2226,5.2226,5.2226,5.2226,5.2226,5.2226,5.2226,5.2226,5.2226,5.2226,5.2226,1.4178,1.8762,2.4114,2.8629,2.6762,2.489,2.3017,2.1144,1.9271,1.7398,1.5524
5.2036,5.2036,5.2036,5.2036,4.7915,4.2145,3.6374,3.0607,2.4839,1.9071,1.3304,0.7541,2.0352,2.077,2.0092,1.9288,1.8263,1.7235,1.6179,1.5124,1.4066,1.3008,1.1949,1.0891,0.9832,0.8773
4.8868,4.8707,4.8306,4.7581,4.6809,4.5912,4.5013,4.4099,4.3185,4.227,4.1354,4.0537,3.9784,0.7545,1.2265,1.2659,1.3161,1.3666,1.4183,1.4701,1.522,1.5739,1.6258,1.6777,1.7296,1.7815
2.9003,2.9167,2.9574,3.0311,3.1094,3.2007,3.292,3.3848,3.4777,3.5707,3.6637,3.7467,3.8232,0.6805,1.0011,0.9611,0.91,0.8588,0.8062,0.7536,0.7009,0.6482,0.5954,0.5427,0.4899,0.4372
5.1476,5.1476,5.1476,5.1476,4.7013,4.1351,3.569,3.003,2.4371,1.8712,3.0354,2.8544,2.6876,2.6423,2.7159,2.8032,2.9145,3.0262,3.1408,3.2554,3.3703,3.4852,3.6002,3.7152,3.8301,3.9451
5.1292,5.1292,5.1292,5.1292,5.1292,5.1292,5.1292,5.1292,5.1292,5.1292,5.1292,5.1292,5.1292,5.1292,5.1292,1.4655,1.901,2.4433,2.9856,3.5278,4.07,4.6122,5.1149,5.1292,5.1292,5.1292
3.1029,3.1204,3.164,3.2428,3.3266,3.4242,3.5219,3.6212,3.7206,3.3781,2.3565,1.3321,0.4839,1.1072,1.0711,1.0282,0.9736,0.9187,0.8625,0.8062,0.7498,0.6934,0.637,0.5806,0.5241,0.4677
4.7051,4.6896,4.651,4.5812,4.507,4.4205,4.334,4.246,4.158,4.0699,3.9817,3.1222,0.7169,1.1489,1.1809,1.2188,1.2672,1.3158,1.3656,1.4154,1.4654,1.5154,1.5654,1.6153,1.6653,1.7153
4.6655,4.6918,4.7574,4.8759,5.0019,5.0747,5.0747,5.0747,5.0747,5.0747,5.0747,5.0747,5.0747,5.0747,0.9525,1.546,1.4639,1.3814,1.2969,1.2123,1.1275,1.0426,0.9578,0.8729,0.7881,0.7032
5.0568,5.0568,5.0568,4.8181,4.2986,3.7809,3.2632,2.7458,2.2284,1.7109,5.0568,5.0568,5.0568,5.0568,5.0568,5.0568,5.0568,5.0568,5.0568,5.0568,5.0568,4.6908,4.3091,3.9273,3.5456,3.1638
5.039,5.039,5.039,5.039,5.039,5.039,5.039,5.039,5.039,5.039,5.039,4.9926,4.8998,4.8746,1.2086,1.5591,1.6209,1.6831,1.7468,1.8106,1.8745,1.9384,2.0023,2.0663,2.1302,2.1941
2.6899,2.7051,2.7429,2.8112,2.8839,2.9685,3.0532,3.1393,3.2255,3.3117,3.398,3.475,3.546,0.9599,0.9285,0.8914,0.844,0.7965,0.7477,0.6989,0.6501,0.6011,0.5522,0.5033,0.4544,0.4055
5.0038,5.0038,5.0038,5.0038,5.0038,5.0038,4.5947,3.8662,3.1376,2.4091,1.6805,0.9775,1.6118,1.5846,1.6288,1.6812,1.7479,1.8149,1.8836,1.9523,2.0212,2.0902,2.1591,2.2281,2.297,2.366
4.9864,4.9864,4.9864,4.9864,4.9864,4.9864,4.9864,4.9864,4.9864,4.9864,4.9864,4.9864,4.9864,4.9864,4.9864,4.9864,1.8204,2.3398,2.859,3.3782,3.8975,4.4167,4.9359,4.9864,4.9864,4.9864
4.2014,4.2251,4.2841,4.3908,4.5043,4.6365,4.2196,3.5505,2.8814,2.2124,1.5433,0.8724,1.4691,1.4992,1.4503,1.3922,1.3183,1.244,1.1678,1.0917,1.0153,0.9389,0.8625,0.7861,0.7097,0.6333
4.6487,4.6333,4.5952,4.5262,4.4529,4.3674,4.282,4.195,4.1081,4.021,3.9339,3.8562,3.7846,1.1351,1.1667,1.2042,1.252,1.3,1.3492,1.3985,1.4478,1.4972,1.5466,1.5959,1.6453,1.6947
3.2779,3.2964,3.3425,3.4257,3.5143,3.6174,3.7206,3.8255,3.9305,4.0356,4.1407,4.2345,4.321,0.5347,1.1315,1.0862,1.0285,0.9706,0.9111,0.8517,0.7921,0.7325,0.6729,0.6133,0.5537,0.4941
4.918,4.918,4.918,4.9102,4.3808,3.8532,3.3256,2.7983,2.2709,1.7436,4.918,4.918,4.918,4.918,4.918,4.918,4.918,4.918,4.918,4.918,4.918,4.918,4.918,4.918,4.918,4.918
4.9012,4.9012,4.9012,4.9012,4.9012,4.9012,4.9012,4.9012,4.9012,4.9012,4.9012,4.9012,4.9012,4.9012,4.9012,1.4997,2.0983,2.596,2.6943,2.7926,2.8912,2.9898,3.0884,3.187,3.2856,3.3842
2.8284,2.8444,2.8841,2.956,3.0324,3.1214,3.2104,3.301,3.3915,3.4822,3.5729,2.2044,0.5062,1.0093,0.9763,0.9373,0.8875,0.8375,0.7862,0.7349,0.6835,0.6321,0.5807,0.5292,0.4778,0.4263
4.8679,4.8679,4.8679,4.8679,4.8671,4.7738,4.6803,4.5853,4.4903,4.0639,2.8349,1.6025,1.262,1.2407,1.2752,1.3163,1.3685,1.421,1.4748,1.5286,1.5825,1.6365,1.6905,1.7444,1.7984,1.8524
4.8514,4.8514,4.8514,4.8514,4.8514,4.8514,4.8514,4.8514,4.8514,4.8514,4.8514,4.8514,4.8514,4.8514,4.8514,1.4126,1.9765,2.0649,1.9385,1.8121,1.6853,1.5585,1.4317,1.3048,1.178,1.0512
4.8351,4.8351,4.8351,4.8351,4.5475,3.9998,3.4522,2.9048,2.3574,1.81,1.2626,2.5796,2.7902,2.8474,2.7545,2.6442,2.5038,2.3627,2.2181,2.0734,1.9284,1.7833,1.6382,1.493,1.3479,1.2028
4.8188,4.8188,4.8188,4.8188,4.8188,4.8188,4.8069,4.7093,4.6117,4.514,4.4162,4.3289,4.2485,0.6837,1.3097,1.3518,1.4055,1.4594,1.5146,1.5699,1.6253,1.6807,1.7362,1.7916,1.847,1.9025
2.7901,2.8058,2.845,2.9159,2.9913,3.079,3.1669,3.2562,3.3455,3.435,3.5245,3.6044,3.678,0.9956,0.9631,0.9246,0.8755,0.8261,0.7756,0.725,0.6743,0.6235,0.5728,0.522,0.4713,0.4205
4.7866,4.7866,4.7866,4.7866,4.7866,4.4813,3.8677,3.2544,2.6411,2.0279,1.4146,2.2518,2.1202,2.0844,2.1425,2.2114,2.2992,2.3873,2.4777,2.5681,2.6588,2.7494,2.8401,2.9308,3.0215,3.1122
4.7707,4.7707,4.7707,4.7707,4.7707,4.7707,4.7707,4.7707,4.7707,4.7707,4.7707,4.7707,4.7707,4.7707,4.7707,1.3631,1.8523,2.3807,2.909,3.4373,3.9656,4.4939,4.7707,4.7707,4.7707,4.7707
3.4176,3.4368,3.4849,3.5717,3.664,3.7715,3.8791,3.9885,3.6266,2.7845,1.9424,1.098,1.195,1.2195,1.1797,1.1325,1.0723,1.0119,0.95,0.888,0.8259,0.7637,0.7016,0.6394,0.5773,0.5151
4.6409,4.6256,4.5875,4.5187,4.4455,4.3602,4.2748,4.188,4.1013,4.0143,3.9274,3.8498,1.8841,1.1332,1.1648,1.2022,1.2499,1.2978,1.347,1.3961,1.4454,1.4947,1.544,1.5933,1.6426,1.6919
3.9774,3.9999,4.0557,4.1568,4.2642,4.3893,4.5146,4.6419,4.7236,4.7236,4.7236,4.7236,4.7236,4.7236,1.0684,1.318,1.248,1.1777,1.1056,1.0335,0.9612,0.8889,0.8165,0.7442,0.6719,0.5995
4.708,4.708,4.708,4.708,4.2908,3.774,3.2573,2.7408,2.2243,1.7078,4.708,4.708,4.708,4.708,4.708,4.708,4.708,4.708,4.708,4.708,4.708,4.708,4.708,4.708,4.708,4.708
4.6926,4.6926,4.6926,4.6926,4.6926,4.6926,4.6926,4.6926,4.6926,4.6926,4.6926,4.6926,4.6926,4.6926,1.0585,1.7636,1.8569,1.9281,2.0011,2.0741,2.1474,2.2206,2.2938,2.3671,2.4403,2.5136
2.7169,2.7322,2.7704,2.8394,2.9128,2.9983,3.0838,3.1708,3.2578,3.3449,3.432,3.5098,1.667,0.9695,0.9378,0.9003,0.8525,0.8045,0.7552,0.7059,0.6566,0.6072,0.5578,0.5083,0.4589,0.4095
4.6621,4.6621,4.6621,4.6621,4.6621,4.6621,4.6621,4.5411,3.6853,2.8296,1.9739,1.1158,1.4438,1.4195,1.459,1.506,1.5657,1.6257,1.6873,1.7489,1.8106,1.8723,1.9341,1.9958,2.0576,2.1194
4.647,4.647,4.647,4.647,4.647,4.647,4.647,4.647,4.647,4.647,4.647,4.647,4.647,4.647,4.647,1.3297,1.8605,2.3913,2.922,3.4527,3.6439,3.3697,3.0955,2.8213,2.547,2.2728
4.632,4.632,4.632,4.632,4.632,4.4647,3.8534,3.2424,2.6313,2.0204,1.4094,0.7967,1.7792,1.8157,1.7565,1.6862,1.5966,1.5067,1.4144,1.3222,1.2297,1.1371,1.0446,0.9521,0.8595,0.767
4.6171,4.6171,4.6171,4.6171,4.6063,4.518,4.4296,4.3396,4.2497,4.1596,4.0695,3.9891,3.915,0.989,1.2069,1.2457,1.2952,1.3448,1.3957,1.4467,1.4977,1.5488,1.5999,1.651,1.702,1.7531
3.0447,3.0618,3.1046,3.1819,3.2642,3.36,3.4558,3.5533,3.6508,3.7484,3.8461,3.9332,4.0135,0.5745,1.051,1.0089,0.9553,0.9015,0.8463,0.7911,0.7358,0.6804,0.625,0.5697,0.5143,0.4589
4.5875,4.5875,4.5875,4.5875,4.5875,4.0362,3.4836,2.9312,2.3788,1.8265,1.3107,3.5159,3.3104,3.2546,3.3453,3.4528,3.5899,3.7275,3.8686,4.0098,4.1513,4.2929,4.4345,4.5761,4.5875,4.5875
4.5729,4.5729,4.5729,4.5729,4.5729,4.5729,4.5729,4.5729,4.5729,4.5729,4.5729,4.5729,4.5729,4.5729,4.5729,1.4144,1.979,2.5435,3.108,3.6725,3.8393,3.9703,4.1012,4.2322,4.3631,4.4941
3.0022,3.0191,3.0613,3.1375,3.2186,3.3131,3.4076,3.5037,3.5998,3.6961,2.7877,1.5758,0.4682,1.0713,1.0363,0.9948,0.942,0.8889,0.8345,0.7801,0.7255,0.6709,0.6163,0.5617,0.5071,0.4525
4.5439,4.5439,4.5439,4.5439,4.5439,4.5439,4.4764,4.3855,4.2946,4.2036,4.0652,2.298,0.6571,1.1866,1.2197,1.2589,1.3089,1.359,1.4105,1.462,1.5136,1.5652,1.6168,1.6684,1.7201,1.7717
4.5295,4.5295,4.5295,4.5295,4.5295,4.5295,4.5295,4.5295,4.5295,4.5295,4.5295,4.5295,4.5295,4.5295,0.9127,1.5207,1.6827,1.5879,1.4907,1.3934,1.296,1.1984,1.1009,1.0034,0.9059,0.8083
4.5153,4.5153,4.5153,4.5153,4.4067,3.876,3.3453,2.8148,2.2844,1.754,1.2901,4.1909,4.5153,4.5153,4.475,4.2959,4.0677,3.8386,3.6036,3.3685,3.1329,2.8972,2.6614,2.4256,2.1898,1.954
4.5011,4.5011,4.5011,4.5011,4.5011,4.5011,4.5011,4.5011,4.5011,4.5011,4.5011,4.5011,4.5011,4.5011,1.3592,1.4779,1.5366,1.5955,1.6559,1.7163,1.7769,1.8375,1.8981,1.9587,2.0193,2.08
2.7376,2.753,2.7915,2.861,2.935,3.0211,3.1073,3.1949,3.2826,3.3704,3.4582,3.5365,3.6088,0.9769,0.945,0.9072,0.859,0.8106,0.761,0.7113,0.6616,0.6118,0.562,0.5122,0.4624,0.4126
4.473,4.473,4.473,4.473,4.473,4.473,4.302,3.6198,2.9377,2.2555,1.5734,1.8922,1.7816,1.7516,1.8004,1.8583,1.932,2.0061,2.082,2.158,2.2342,2.3104,2.3866,2.4628,2.539,2.6152
4.4591,4.4591,4.4591,4.4591,4.4591,4.4591,4.4591,4.4591,4.4591,4.4591,4.4591,4.4591,4.4591,4.4591,4.4591,1.3146,1.8394,2.3642,2.8888,3.4135,3.9381,4.4591,4.4591,4.4591,4.4591,4.4591
3.8766,3.8985,3.9529,4.0514,4.1561,4.2781,4.4001,3.8688,3.1397,2.4107,1.6817,0.9506,1.3555,1.3833,1.3381,1.2846,1.2164,1.1478,1.0776,1.0073,0.9368,0.8663,0.7958,0.7253,0.6548,0.5843
4.4315,4.4315,4.4315,4.4315,4.4315,4.3815,4.2957,4.2085,4.1213,4.034,3.9466,3.8686,3.7967,1.1387,1.1704,1.2081,1.256,1.3042,1.3536,1.4029,1.4525,1.502,1.5515,1.6011,1.6506,1.7002
3.5286,3.5485,3.5981,3.6877,3.783,3.894,4.0051,4.1181,4.231,4.3442,4.4179,4.4179,4.4179,0.5756,1.218,1.1693,1.1072,1.0448,0.9808,0.9169,0.8527,0.7886,0.7244,0.6602,0.596,0.5319
4.4043,4.4043,4.4043,4.4043,4.3629,3.8375,3.312,2.7869,2.2617,1.7365,1.2584,4.4043,4.4043,4.4043,4.4043,4.4043,4.4043,4.4043,4.4043,4.4043,4.4043,4.4043,4.4043,4.4043,4.4043,4.4043
4.3908,4.3908,4.3908,4.3908,4.3908,4.3908,4.3908,4.3908,4.3908,4.3908,4.3908,4.3908,4.3908,4.3908,4.3908,1.5972,2.2158,2.3008,2.3879,2.475,2.5624,2.6498,2.7372,2.8246,2.912,2.9994
2.7958,2.8115,2.8508,2.9218,2.9974,3.0853,3.1733,3.2628,3.3523,3.442,3.5316,3.0192,0.6933,0.9976,0.9651,0.9264,0.8772,0.8278,0.7771,0.7264,0.6756,0.6248,0.5739,0.5231,0.4722,0.4214
4.3641,4.3641,4.3641,4.3641,4.3641,4.3641,4.3641,4.3641,4.3641,3.4957,2.4386,1.3785,1.3314,1.3089,1.3454,1.3886,1.4437,1.4991,1.5558,1.6126,1.6695,1.7265,1.7834,1.8404,1.8973,1.9543
4.3508,4.3508,4.3508,4.3508,4.3508,4.3508,4.3508,4.3508,4.3508,4.3508,4.3508,4.3508,4.3508,4.3508,4.3508,1.3853,1.9382,2.4912,2.4516,2.2917,2.1314,1.971,1.8106,1.6502,1.4898,1.3294
4.3377,4.3377,4.3377,4.3377,4.3377,4.1833,3.6105,3.038,2.4655,1.893,1.3205,0.8524,2.3005,2.3477,2.2711,2.1802,2.0644,1.9481,1.8288,1.7095,1.5899,1.4703,1.3507,1.231,1.1114,0.9917
4.3246,4.3246,4.3246,4.3246,4.3246,4.3246,4.3246,4.3246,4.3246,4.3246,4.2943,4.2094,4.1312,0.6746,1.2736,1.3145,1.3667,1.4191,1.4728,1.5266,1.5804,1.6343,1.6882,1.7421,1.796,1.85
2.8946,2.9109,2.9516,3.0251,3.1033,3.1943,3.2855,3.3781,3.4708,3.5636,3.6564,3.7393,3.8157,0.7916,0.9992,0.9592,0.9082,0.8571,0.8046,0.7521,0.6995,0.6469,0.5942,0.5416,0.4889,0.4363
4.2987,4.2987,4.2987,4.2987,4.2987,4.2987,3.7265,3.1356,2.5447,1.9538,1.363,2.6228,2.4696,2.4279,2.4956,2.5758,2.678,2.7807,2.886,2.9913,3.0969,3.2025,3.3081,3.4137,3.5194,3.625
4.2858,4.2858,4.2858,4.2858,4.2858,4.2858,4.2858,4.2858,4.2858,4.2858,4.2858,4.2858,4.2858,4.2858,4.2858,1.3629,1.907,2.451,2.9949,3.5388,4.0828,4.2858,4.2858,4.2858,4.2858,4.2858
3.2593,3.2777,3.3235,3.4063,3.4944,3.5969,3.6995,3.8039,3.9082,3.1643,2.2074,1.2478,1.1397,1.1631,1.1251,1.0801,1.0227,0.9651,0.906,0.8469,0.7877,0.7284,0.6691,0.6098,0.5506,0.4913
4.2603,4.2603,4.2603,4.2603,4.2603,4.2603,4.2603,4.2603,4.1914,4.1026,4.0137,3.9344,0.953,1.1581,1.1904,1.2286,1.2774,1.3264,1.3766,1.4268,1.4772,1.5275,1.5779,1.6283,1.6787,1.7291
4.2477,4.2477,4.2477,4.2477,4.2477,4.2477,4.2477,4.2477,4.2477,4.2477,4.2477,4.2477,4.2477,4.2477,1.0072,1.4693,1.3913,1.3129,1.2325,1.1521,1.0715,0.9909,0.9103,0.8296,0.749,0.6683
4.2352,4.2352,4.2352,4.2352,4.2352,3.8293,3.305,2.7809,2.2569,1.7328,1.21,4.2352,4.2352,4.2352,4.2352,4.2352,4.2352,4.2352,4.2352,4.2352,4.2352,4.2352,4.2352,4.2352,4.2352,4.2352
4.2227,4.2227,4.2227,4.2227,4.2227,4.2227,4.2227,4.2227,4.2227,4.2227,4.2227,4.2227,4.2227,4.2227,1.1618,1.6612,1.7271,1.7934,1.8613,1.9292,1.9973,2.0654,2.1335,2.2016,2.2698,2.3379
2.737,2.7525,2.7909,2.8604,2.9344,3.0205,3.1066,3.1943,3.2819,3.3697,3.4574,3.5358,3.608,0.9767,0.9448,0.907,0.8588,0.8104,0.7608,0.7112,0.6614,0.6117,0.5619,0.5121,0.4623,0.4125
4.198,4.198,4.198,4.198,4.198,4.198,4.198,4.1561,3.3729,2.5897,1.8065,1.0212,1.5641,1.5377,1.5805,1.6314,1.6961,1.7611,1.8278,1.8945,1.9614,2.0282,2.0951,2.162,2.2289,2.2959
4.1857,4.1857,4.1857,4.1857,4.1857,4.1857,4.1857,4.1857,4.1857,4.1857,4.1857,4.1857,4.1857,4.1857,4.1857,1.3299,1.8608,2.3917,2.9225,3.4533,3.984,4.1857,4.1857,4.1857,4.1857,4.1857
4.1735,4.1735,4.1735,4.1735,4.1735,4.1735,4.1274,3.4729,2.8184,2.164,1.5096,0.8533,1.5961,1.6289,1.5757,1.5126,1.4323,1.3516,1.2688,1.1861,1.1031,1.0201,0.9371,0.8541,0.7711,0.688
4.1614,4.1614,4.1614,4.1614,4.1614,4.1614,4.1614,4.1614,4.1614,4.1296,4.0402,3.9603,3.8867,1.1657,1.1982,1.2367,1.2858,1.3351,1.3857,1.4362,1.4869,1.5376,1.5883,1.639,1.6898,1.7405
3.2287,3.2469,3.2923,3.3743,3.4615,3.5631,3.6647,3.7681,3.8714,3.975,4.0785,4.1493,4.1493,0.5267,1.1145,1.0699,1.0131,0.956,0.8975,0.8389,0.7802,0.7215,0.6628,0.6041,0.5454,0.4867
4.1374,4.1374,4.1374,4.1374,4.1374,3.9763,3.4319,2.8877,2.3435,1.7993,1.2552,4.1374,4.1374,4.1374,4.1374,4.1374,4.1374,4.1374,4.1374,4.1374,4.1374,4.1374,4.1374,4.1374,4.1374,4.1374
4.1255,4.1255,4.1255,4.1255,4.1255,4.1255,4.1255,4.1255,4.1255,4.1255,4.1255,4.1255,4.1255,4.1255,4.1255,1.4863,2.0797,2.673,3.0182,3.1283,3.2387,3.3492,3.4596,3.5701,3.6806,3.7911
2.9335,2.9501,2.9913,3.0658,3.145,3.2373,3.3297,3.4236,3.5175,3.6116,3.4297,1.9388,0.4575,1.0468,1.0126,0.9721,0.9205,0.8686,0.8154,0.7622,0.7089,0.6556,0.6022,0.5489,0.4955,0.4422
4.1019,4.1019,4.1019,4.1019,4.1019,4.1019,4.1019,4.1019,4.1019,4.1019,3.2528,1.8388,0.6848,1.2366,1.2711,1.312,1.364,1.4163,1.47,1.5236,1.5774,1.6312,1.685,1.7388,1.7926,1.8464
4.0902,4.0902,4.0902,4.0902,4.0902,4.0902,4.0902,4.0902,4.0902,4.0902,4.0902,4.0902,4.0902,4.0902,0.9607,1.4729,1.99,1.8778,1.7629,1.6479,1.5326,1.4173,1.302,1.1866,1.0713,0.9559
4.0785,4.0785,4.0785,4.0785,4.0785,4.0079,3.4591,2.9106,2.3621,1.8137,1.2652,3.0694,3.3199,3.388,3.2774,3.1462,2.9791,2.8113,2.6392,2.467,2.2945,2.1218,1.9492,1.7765,1.6038,1.4311
4.067,4.067,4.067,4.067,4.067,4.067,4.067,4.067,4.067,4.067,4.067,4.067,4.067,0.717,1.3735,1.4177,1.4739,1.5304,1.5884,1.6463,1.7045,1.7626,1.8207,1.8789,1.937,1.9951
2.8097,2.8255,2.865,2.9364,3.0123,3.1007,3.1891,3.2791,3.369,3.4591,3.5492,3.6296,3.7038,1.0026,0.9699,0.931,0.8816,0.8319,0.781,0.7301,0.679,0.6279,0.5768,0.5257,0.4746,0.4235
4.044,4.044,4.044,4.044,4.044,4.044,4.044,3.4346,2.7874,2.1402,1.4929,2.1291,2.0047,1.9709,2.0258,2.091,2.174,2.2573,2.3428,2.4282,2.514,2.5997,2.6854,2.7712,2.8569,2.9427
4.0326,4.0326,4.0326,4.0326,4.0326,4.0326,4.0326,4.0326,4.0326,4.0326,4.0326,4.0326,4.0326,4.0326,4.0326,1.3395,1.8742,2.4089,2.9435,3.478,4.0126,4.0326,4.0326,4.0326,4.0326,4.0326
3.6326,3.6531,3.7041,3.7964,3.8945,4.0088,4.0213,4.0213,3.4729,2.6665,1.8601,1.0515,1.2702,1.2962,1.2539,1.2037,1.1398,1.0756,1.0097,0.9439,0.8778,0.8118,0.7457,0.6797,0.6136,0.5475
4.0101,4.0101,4.0101,4.0101,4.0101,4.0101,4.0101,4.0101,4.0101,4.0101,3.9925,3.9136,3.8409,1.152,1.1841,1.2221,1.2706,1.3194,1.3693,1.4193,1.4694,1.5195,1.5696,1.6197,1.6698,1.7199
3.8482,3.8699,3.924,3.9989,3.9989,3.9989,3.9989,3.9989,3.9989,3.9989,3.9989,3.9989,3.9989,3.9989,1.145,1.2752,1.2075,1.1394,1.0697,0.9999,0.9299,0.86,0.79,0.72,0.65,0.58
3.9878,3.9878,3.9878,3.9878,3.9878,3.8543,3.3266,2.7991,2.2716,1.7442,1.2167,3.9878,3.9878,3.9878,3.9878,3.9878,3.9878,3.9878,3.9878,3.9878,3.9878,3.9878,3.9878,3.9878,3.9878,3.9878
3.9767,3.9767,3.9767,3.9767,3.9767,3.9767,3.9767,3.9767,3.9767,3.9767,3.9767,3.9767,3.9767,3.9767,1.033,1.721,2.0094,2.0865,2.1655,2.2445,2.3237,2.403,2.4822,2.5615,2.6407,2.72
2.7876,2.8034,2.8425,2.9133,2.9886,3.0763,3.1641,3.2533,3.3426,3.432,3.5214,3.6012,1.0993,0.9947,0.9623,0.9237,0.8747,0.8254,0.7749,0.7243,0.6737,0.623,0.5723,0.5216,0.4709,0.4202
3.9548,3.9548,3.9548,3.9548,3.9548,3.9548,3.9548,3.9548,3.9548,3.0986,2.1616,1.2219,1.4195,1.3955,1.4344,1.4805,1.5393,1.5983,1.6588,1.7193,1.78,1.8407,1.9014,1.9621,2.0229,2.0836
3.9439,3.9439,3.9439,3.9439,3.9439,3.9439,3.9439,3.9439,3.9439,3.9439,3.9439,3.9439,3.9439,3.9439,3.9439,1.3708,1.9181,2.4653,3.0124,3.1256,2.907,2.6883,2.4695,2.2507,2.0319,1.8132
3.9331,3.9331,3.9331,3.9331,3.9331,3.9331,3.8132,3.2085,2.6039,1.9993,1.3947,0.7884,1.9782,2.0188,1.9529,1.8747,1.7751,1.6751,1.5726,1.47,1.3672,1.2643,1.1614,1.0585,0.9556,0.8527
3.9223,3.9223,3.9223,3.9223,3.9223,3.9223,3.9223,3.9223,3.9223,3.9223,3.9223,3.9223,3.9223,0.8516,1.2504,1.2906,1.3418,1.3932,1.446,1.4987,1.5516,1.6045,1.6575,1.7104,1.7633,1.8162
3.0308,3.0479,3.0904,3.1674,3.2493,3.3446,3.4401,3.5371,3.6341,3.7313,3.8285,3.9116,3.9116,0.6519,1.0462,1.0043,0.951,0.8974,0.8424,0.7875,0.7324,0.6773,0.6222,0.5671,0.5119,0.4568
3.901,3.901,3.901,3.901,3.901,3.901,3.6277,3.0525,2.4772,1.902,1.3268,3.1571,2.9727,2.9225,3.0039,3.1005,3.2236,3.3471,3.4739,3.6006,3.7277,3.8548,3.901,3.901,3.901,3.901
3.8904,3.8904,3.8904,3.8904,3.8904,3.8904,3.8904,3.8904,3.8904,3.8904,3.8904,3.8904,3.8904,3.8904,3.8904,1.4156,1.9807,2.5458,3.1107,3.6757,3.8904,3.8904,3.8904,3.8904,3.8904,3.8904
3.1437,3.1615,3.2056,3.2855,3.3704,3.4693,3.5683,3.6689,3.7696,3.6859,2.5713,1.4535,0.4903,1.1218,1.0852,1.0417,0.9864,0.9308,0.8739,0.8169,0.7597,0.7026,0.6454,0.5882,0.531,0.4739
3.8694,3.8694,3.8694,3.8694,3.8694,3.8694,3.8694,3.8694,3.8694,3.8694,3.8694,2.8161,0.661,1.1937,1.227,1.2664,1.3167,1.3672,1.419,1.4707,1.5226,1.5746,1.6265,1.6784,1.7304,1.7823
3.859,3.859,3.859,3.859,3.859,3.859,3.859,3.859,3.859,3.859,3.859,3.859,3.859,3.859,0.9616,1.6021,1.5817,1.4926,1.4012,1.3098,1.2182,1.1265,1.0349,0.9432,0.8515,0.7598
3.8486,3.8486,3.8486,3.8486,3.8486,3.8486,3.3818,2.8455,2.3093,1.7731,1.2369,3.8486,3.8486,3.8486,3.8486,3.8486,3.8486,3.8486,3.8486,3.8486,3.8486,3.8486,3.5729,3.2563,2.9398,2.6233
3.8383,3.8383,3.8383,3.8383,3.8383,3.8383,3.8383,3.8383,3.8383,3.8383,3.8383,3.8383,3.8383,3.8383,1.296,1.5675,1.6297,1.6922,1.7563,1.8204,1.8846,1.9489,2.0132,2.0775,2.1418,2.206
2.7805,2.7962,2.8353,2.9059,2.981,3.0685,3.156,3.2451,3.3341,3.4232,3.5124,3.592,3.6654,0.9922,0.9598,0.9214,0.8725,0.8233,0.7729,0.7225,0.6719,0.6214,0.5708,0.5203,0.4697,0.4191
3.8178,3.8178,3.8178,3.8178,3.8178,3.8178,3.8178,3.8178,3.1397,2.4107,1.6816,1.042,1.7181,1.6891,1.7362,1.792,1.8631,1.9345,2.0078,2.0811,2.1545,2.228,2.3015,2.3749,2.4484,2.5219
3.8077,3.8077,3.8077,3.8077,3.8077,3.8077,3.8077,3.8077,3.8077,3.8077,3.8077,3.8077,3.8077,3.8077,3.8077,1.3415,1.877,2.4124,2.9478,3.4832,3.8077,3.8077,3.8077,3.8077,3.8077,3.8077
3.7976,3.7976,3.7976,3.7976,3.7976,3.7976,3.7976,3.7658,3.0561,2.3465,1.6369,0.9253,1.4617,1.4917,1.443,1.3853,1.3117,1.2378,1.162,1.0862,1.0102,0.9342,0.8582,0.7822,0.7061,0.6301
3.7876,3.7876,3.7876,3.7876,3.7876,3.7876,3.7876,3.7876,3.7876,3.7876,3.7876,3.7876,3.7876,1.1673,1.1999,1.2385,1.2876,1.337,1.3876,1.4382,1.489,1.5398,1.5905,1.6413,1.6921,1.7429
3.4619,3.4814,3.5301,3.618,3.7115,3.7776,3.7776,3.7776,3.7776,3.7776,3.7776,3.7776,3.7776,0.5647,1.195,1.1472,1.0863,1.0251,0.9623,0.8995,0.8366,0.7737,0.7107,0.6477,0.5848,0.5218
3.7677,3.7677,3.7677,3.7677,3.7677,3.7677,3.4113,2.8704,2.3295,1.7886,1.2477,3.7677,3.7677,3.7677,3.7677,3.7677,3.7677,3.7677,3.7677,3.7677,3.7677,3.7677,3.7677,3.7677,3.7677,3.7677
3.7578,3.7578,3.7578,3.7578,3.7578,3.7578,3.7578,3.7578,3.7578,3.7578,3.7578,3.7578,3.7578,3.7578,3.7578,1.578,2.2079,2.5419,2.6382,2.7344,2.8309,2.9275,3.024,3.1206,3.2171,3.3137
2.8935,2.9098,2.9505,3.0239,3.1021,3.1931,3.2842,3.3769,3.4695,3.5623,3.6551,2.5276,0.5804,1.0325,0.9988,0.9588,0.9079,0.8567,0.8043,0.7518,0.6992,0.6466,0.594,0.5414,0.4888,0.4361
3.7382,3.7382,3.7382,3.7382,3.7382,3.7382,3.7382,3.7382,3.7382,3.7382,2.742,1.55,1.3235,1.3011,1.3374,1.3804,1.4352,1.4902,1.5466,1.603,1.6596,1.7162,1.7728,1.8294,1.886,1.9427
3.7285,3.7285,3.7285,3.7285,3.7285,3.7285,3.7285,3.7285,3.7285,3.7285,3.7285,3.7285,3.7285,3.7285,3.7285,1.4409,2.0161,2.3081,2.1668,2.0255,1.8838,1.7421,1.6003,1.4585,1.3168,1.175
3.7188,3.7188,3.7188,3.7188,3.7188,3.7188,3.6094,3.0371,2.4647,1.8924,1.3201,2.4509,2.651,2.7054,2.6171,2.5123,2.3789,2.2449,2.1074,1.97,1.8322,1.6943,1.5564,1.4186,1.2807,1.1428
3.7092,3.7092,3.7092,3.7092,3.7092,3.7092,3.7092,3.7092,3.7092,3.7092,3.7092,3.7092,3.7092,0.6953,1.3319,1.3747,1.4292,1.484,1.5402,1.5964,1.6528,1.7091,1.7655,1.8219,1.8783,1.9346
2.9089,2.9254,2.9662,3.0401,3.1187,3.2102,3.3018,3.3949,3.488,3.5813,3.6746,3.6996,3.6996,0.9469,1.0041,0.9639,0.9127,0.8613,0.8086,0.7559,0.703,0.6501,0.5972,0.5443,0.4914,0.4385
3.6901,3.6901,3.6901,3.6901,3.6901,3.6901,3.6901,3.2982,2.6767,2.0552,1.4336,2.4486,2.3055,2.2666,2.3298,2.4047,2.5001,2.596,2.6943,2.7926,2.8912,2.9898,3.0884,3.187,3.2856,3.3842
3.6806,3.6806,3.6806,3.6806,3.6806,3.6806,3.6806,3.6806,3.6806,3.6806,3.6806,3.6806,3.6806,3.6806,3.6806,1.3765,1.926,2.4755,3.0248,3.5742,3.6806,3.6806,3.6806,3.6806,3.6806,3.6806
3.4503,3.4698,3.5183,3.6059,3.6712,3.6712,3.6712,3.6712,3.6712,3.0024,2.0944,1.1839,1.2064,1.2312,1.191,1.1433,1.0826,1.0216,0.9591,0.8965,0.8338,0.7711,0.7083,0.6456,0.5828,0.5201
3.6618,3.6618,3.6618,3.6618,3.6618,3.6618,3.6618,3.6618,3.6618,3.6618,3.6618,3.6618,1.4085,1.1753,1.208,1.2468,1.2963,1.346,1.397,1.448,1.4991,1.5502,1.6013,1.6525,1.7036,1.7547
3.6525,3.6525,3.6525,3.6525,3.6525,3.6525,3.6525,3.6525,3.6525,3.6525,3.6525,3.6525,3.6525,3.6525,1.0739,1.4117,1.3367,1.2614,1.1842,1.1069,1.0295,0.9521,0.8746,0.7971,0.7196,0.6421
3.6432,3.6432,3.6432,3.6432,3.6432,3.6432,3.3697,2.8354,2.301,1.7668,1.2325,3.6432,3.6432,3.6432,3.6432,3.6432,3.6432,3.6432,3.6432,3.6432,3.6432,3.6432,3.6432,3.6432,3.6432,3.6432
3.634,3.634,3.634,3.634,3.634,3.634,3.634,3.634,3.634,3.634,3.634,3.634,3.634,3.634,1.1277,1.786,1.8569,1.928,2.0011,2.0741,2.1473,2.2205,2.2937,2.367,2.4402,2.5135
2.8036,2.8194,2.8588,2.93,3.0057,3.0939,3.1822,3.2719,3.3617,3.4516,3.5415,3.6217,2.6091,1.0004,0.9678,0.929,0.8797,0.8301,0.7793,0.7285,0.6775,0.6265,0.5755,0.5246,0.4736,0.4226
3.6156,3.6156,3.6156,3.6156,3.6156,3.6156,3.6156,3.6156,3.6156,2.8117,1.9614,1.1088,1.5311,1.5053,1.5472,1.597,1.6604,1.724,1.7893,1.8546,1.9201,1.9855,2.051,2.1165,2.182,2.2475
3.6065,3.6065,3.6065,3.6065,3.6065,3.6065,3.6065,3.6065,3.6065,3.6065,3.6065,3.6065,3.6065,3.6065,3.6065,1.3686,1.915,2.4613,3.0075,3.5537,3.6065,3.6065,3.6065,3.5319,3.1885,2.8452
3.5975,3.5975,3.5975,3.5975,3.5975,3.5975,3.5975,3.4249,2.7795,2.1341,1.4887,0.8415,1.7539,1.7899,1.7315,1.6622,1.5739,1.4852,1.3943,1.3034,1.2122,1.121,1.0298,0.9385,0.8473,0.7561
3.5885,3.5885,3.5885,3.5885,3.5885,3.5885,3.5885,3.5885,3.5885,3.5885,3.5885,3.5885,3.5885,1.1571,1.2389,1.2788,1.3295,1.3805,1.4328,1.4851,1.5375,1.5899,1.6423,1.6948,1.7472,1.7997
3.2048,3.2229,3.268,3.3494,3.4359,3.5367,3.5795,3.5795,3.5795,3.5795,3.5795,3.5795,3.5795,0.5604,1.1063,1.062,1.0056,0.9489,0.8908,0.8327,0.7745,0.7162,0.6579,0.5996,0.5414,0.4831
3.5706,3.5706,3.5706,3.5706,3.5706,3.5706,3.5661,3.0007,2.4352,1.8697,1.3043,3.5706,3.5706,3.5706,3.5706,3.5706,3.5706,3.5706,3.5706,3.5706,3.5706,3.5706,3.5706,3.5706,3.5706,3.5706
3.5617,3.5617,3.5617,3.5617,3.5617,3.5617,3.5617,3.5617,3.5617,3.5617,3.5617,3.5617,3.5617,3.5617,3.5617,1.4841,2.0765,2.6689,3.2612,3.5617,3.5617,3.5617,3.5617,3.5617,3.5617,3.5617
3.0642,3.0815,3.1245,3.2024,3.2851,3.3815,3.478,3.5529,3.5529,3.5529,3.0938,1.7489,0.4779,1.0934,1.0577,1.0154,0.9615,0.9073,0.8517,0.7962,0.7405,0.6848,0.6291,0.5733,0.5176,0.4619
3.5441,3.5441,3.5441,3.5441,3.5441,3.5441,3.5441,3.5441,3.5441,3.5441,3.5441,2.1593,0.6875,1.2415,1.2761,1.3171,1.3694,1.4219,1.4757,1.5296,1.5836,1.6376,1.6916,1.7456,1.7996,1.8536
3.5354,3.5354,3.5354,3.5354,3.5354,3.5354,3.5354,3.5354,3.5354,3.5354,3.5354,3.5354,3.5354,3.5354,0.9286,1.5471,1.8428,1.739,1.6325,1.526,1.4193,1.3125,1.2057,1.0989,0.9921,0.8852
3.5267,3.5267,3.5267,3.5267,3.5267,3.5267,3.4905,2.937,2.3835,1.8301,1.2766,3.5267,3.5267,3.5267,3.5267,3.5267,3.5267,3.4668,3.2546,3.0423,2.8295,2.6166,2.4037,2.1907,1.9778,1.7648
3.518,3.518,3.518,3.518,3.518,3.518,3.518,3.518,3.518,3.518,3.518,3.518,3.518,3.518,1.4515,1.4982,1.5577,1.6174,1.6786,1.7399,1.8013,1.8627,1.9241,1.9856,2.047,2.1085
2.849,2.8651,2.9051,2.9774,3.0544,3.144,3.2337,3.3249,3.4161,3.5075,3.5094,3.5094,3.5094,1.0166,0.9834,0.9441,0.8939,0.8436,0.7919,0.7403,0.6885,0.6367,0.5849,0.5331,0.4812,0.4294
3.5009,3.5009,3.5009,3.5009,3.5009,3.5009,3.5009,3.5009,2.9658,2.2771,1.5885,1.0002,1.9182,1.8858,1.9384,2.0007,2.0801,2.1598,2.2416,2.3234,2.4054,2.4874,2.5695,2.6515,2.7336,2.8156
3.4923,3.4923,3.4923,3.4923,3.4923,3.4923,3.4923,3.4923,3.4923,3.4923,3.4923,3.4923,3.4923,3.4923,3.4923,1.3647,1.9094,2.4541,2.9988,3.4923,3.4923,3.4923,3.4923,3.4923,3.4923,3.4923
3.4838,3.4838,3.4838,3.4838,3.4838,3.4838,3.4838,3.4838,3.3604,2.5801,1.7998,1.0174,1.3619,1.3899,1.3445,1.2907,1.2222,1.1533,1.0827,1.0121,0.9413,0.8705,0.7996,0.7288,0.6579,0.5871
3.4754,3.4754,3.4754,3.4754,3.4754,3.4754,3.4754,3.4754,3.4754,3.4754,3.4754,3.4754,3.4754,1.1791,1.2119,1.2509,1.3005,1.3504,1.4015,1.4527,1.5039,1.5552,1.6065,1.6578,1.7091,1.7604
3.467,3.467,3.467,3.467,3.467,3.467,3.467,3.467,3.467,3.467,3.467,3.467,3.467,3.467,1.2389,1.2453,1.1792,1.1127,1.0446,0.9765,0.9082,0.8398,0.7715,0.7031,0.6348,0.5664
3.4586,3.4586,3.4586,3.4586,3.4586,3.4586,3.4208,2.8783,2.3359,1.7935,1.2511,3.4586,3.4586,3.4586,3.4586,3.4586,3.4586,3.4586,3.4586,3.4586,3.4586,3.4586,3.4586,3.4586,3.4586,3.4586
3.4503,3.4503,3.4503,3.4503,3.4503,3.4503,3.4503,3.4503,3.4503,3.4503,3.4503,3.4503,3.4503,3.4503,1.0168,1.694,2.198,2.2823,2.3687,2.4552,2.5418,2.6285,2.7152,2.8019,2.8886,2.9753
2.8801,2.8963,2.9368,3.0099,3.0877,3.1783,3.269,3.3612,3.442,3.442,3.442,3.442,0.8335,1.0277,0.9942,0.9544,0.9037,0.8528,0.8006,0.7483,0.696,0.6436,0.5913,0.5389,0.4865,0.4341
3.4338,3.4338,3.4338,3.4338,3.4338,3.4338,3.4338,3.4338,3.4338,3.4338,2.3969,1.355,1.4068,1.3831,1.4216,1.4673,1.5256,1.584,1.644,1.704,1.7642,1.8243,1.8845,1.9447,2.0048,2.065
3.4256,3.4256,3.4256,3.4256,3.4256,3.4256,3.4256,3.4256,3.4256,3.4256,3.4256,3.4256,3.4256,3.4256,3.4256,1.4232,1.9913,2.5594,2.8184,2.6346,2.4503,2.2659,2.0816,1.8971,1.7127,1.5283
3.4174,3.4174,3.4174,3.4174,3.4174,3.4174,3.4174,3.1996,2.5967,1.9937,1.3908,0.8275,2.2332,2.279,2.2046,2.1164,2.004,1.8911,1.7753,1.6595,1.5434,1.4273,1.3112,1.195,1.0788,0.9627
3.4093,3.4093,3.4093,3.4093,3.4093,3.4093,3.4093,3.4093,3.4093,3.4093,3.4093,3.4093,3.4093,0.7566,1.3047,1.3467,1.4001,1.4538,1.5088,1.5639,1.6191,1.6743,1.7295,1.7847,1.84,1.8952
3.0394,3.0566,3.0993,3.1765,3.2586,3.3542,3.4012,3.4012,3.4012,3.4012,3.4012,3.4012,3.4012,0.7546,1.0492,1.0072,0.9537,0.9,0.8449,0.7898,0.7345,0.6792,0.624,0.5687,0.5134,0.4581
3.3931,3.3931,3.3931,3.3931,3.3931,3.3931,3.3931,3.2024,2.5989,1.9954,1.392,2.8955,2.7263,2.6803,2.755,2.8435,2.9564,3.0697,3.186,3.3022,3.3931,3.3931,3.3931,3.3931,3.3931,3.3931
3.3851,3.3851,3.3851,3.3851,3.3851,3.3851,3.3851,3.3851,3.3851,3.3851,3.3851,3.3851,3.3851,3.3851,0.9672,1.4271,1.9968,2.5665,3.1361,3.3851,3.3851,3.3851,3.3851,3.3851,3.3851,3.3851
3.3174,3.3361,3.3771,3.3771,3.3771,3.3771,3.3771,3.3771,3.3771,3.3771,2.4099,1.3623,0.5173,1.1838,1.1451,1.0993,1.0409,0.9823,0.9221,0.862,0.8017,0.7414,0.681,0.6207,0.5604,0.5
3.3692,3.3692,3.3692,3.3692,3.3692,3.3692,3.3692,3.3692,3.3692,3.3692,3.3692,3.3692,0.832,1.2095,1.2432,1.2831,1.3341,1.3852,1.4377,1.4901,1.5427,1.5953,1.6479,1.7005,1.7532,1.8058
3.3613,3.3613,3.3613,3.3613,3.3613,3.3613,3.3613,3.3613,3.3613,3.3613,3.3613,3.3613,3.3613,3.3613,1.0213,1.5907,1.5063,1.4214,1.3344,1.2473,1.1601,1.0728,0.9855,0.8982,0.8109,0.7236
3.3535,3.3535,3.3535,3.3535,3.3535,3.3535,3.3535,2.8969,2.351,1.8051,1.2592,3.3535,3.3535,3.3535,3.3535,3.3535,3.3535,3.3535,3.3535,3.3535,3.3535,3.3535,3.3535,3.3535,3.3535,3.3535
3.3456,3.3456,3.3456,3.3456,3.3456,3.3456,3.3456,3.3456,3.3456,3.3456,3.3456,3.3456,3.3456,3.3456,1.2496,1.6769,1.7435,1.8103,1.8789,1.9474,2.0162,2.0849,2.1537,2.2225,2.2912,2.36
2.844,2.86,2.9,2.9722,3.049,3.1385,3.228,3.3191,3.3378,3.3378,3.3378,3.3378,3.3378,1.0148,0.9817,0.9424,0.8924,0.8421,0.7905,0.739,0.6873,0.6356,0.5838,0.5321,0.4804,0.4287
3.3301,3.3301,3.3301,3.3301,3.3301,3.3301,3.3301,3.3301,3.3301,2.6006,1.8141,1.0255,1.6734,1.6451,1.691,1.7453,1.8146,1.8842,1.9555,2.0269,2.0984,2.17,2.2415,2.3131,2.3847,2.4563
3.3224,3.3224,3.3224,3.3224,3.3224,3.3224,3.3224,3.3224,3.3224,3.3224,3.3224,3.3224,3.3224,3.3224,3.3224,1.3785,1.9287,2.479,3.0291,3.3224,3.3224,3.3224,3.3224,3.3224,3.3224,3.3224
3.3147,3.3147,3.3147,3.3147,3.3147,3.3147,3.3147,3.3147,3.0018,2.3048,1.6078,0.9089,1.5926,1.6253,1.5723,1.5093,1.4292,1.3487,1.2661,1.1835,1.1007,1.0179,0.9351,0.8522,0.7694,0.6865
3.307,3.307,3.307,3.307,3.307,3.307,3.307,3.307,3.307,3.307,3.307,3.307,3.307,1.2052,1.2388,1.2786,1.3293,1.3803,1.4326,1.4848,1.5372,1.5896,1.6421,1.6945,1.7469,1.7994
3.2994,3.2994,3.2994,3.2994,3.2994,3.2994,3.2994,3.2994,3.2994,3.2994,3.2994,3.2994,3.2994,0.5588,1.1824,1.1351,1.0748,1.0143,0.9522,0.8901,0.8278,0.7655,0.7032,0.6409,0.5786,0.5163
3.2918,3.2918,3.2918,3.2918,3.2918,3.2918,3.2918,2.9776,2.4165,1.8554,1.2943,3.2918,3.2918,3.2918,3.2918,3.2918,3.2918,3.2918,3.2918,3.2918,3.2918,3.2918,3.2918,3.2918,3.2918,3.2918
3.2843,3.2843,3.2843,3.2843,3.2843,3.2843,3.2843,3.2843,3.2843,3.2843,3.2843,3.2843,3.2843,3.2843,0.9432,1.5715,2.1988,2.8261,2.9557,3.0636,3.1717,3.2798,3.2843,3.2843,3.2843,3.2843
3.0165,3.0335,3.0759,3.1525,3.234,3.2768,3.2768,3.2768,3.2768,3.2768,3.2768,2.2019,0.5056,1.0764,1.0412,0.9996,0.9465,0.8932,0.8385,0.7838,0.729,0.6741,0.6193,0.5644,0.5095,0.4547
3.2693,3.2693,3.2693,3.2693,3.2693,3.2693,3.2693,3.2693,3.2693,3.2693,3.1378,1.7738,1.3258,1.3034,1.3398,1.3828,1.4377,1.4928,1.5494,1.6059,1.6626,1.7193,1.776,1.8327,1.8894,1.9461
3.2619,3.2619,3.2619,3.2619,3.2619,3.2619,3.2619,3.2619,3.2619,3.2619,3.2619,3.2619,3.2619,3.2619,0.932,1.5101,2.1129,2.0919,1.9639,1.8358,1.7074,1.5789,1.4504,1.3219,1.1934,1.0649
3.2545,3.2545,3.2545,3.2545,3.2545,3.2545,3.2545,3.059,2.4826,1.9061,1.3297,2.8929,3.129,3.1932,3.089,2.9653,2.8078,2.6497,2.4874,2.3252,2.1625,1.9998,1.8371,1.6743,1.5116,1.3488
3.2471,3.2471,3.2471,3.2471,3.2471,3.2471,3.2471,3.2471,3.2471,3.2471,3.2471,3.2471,3.2471,0.7328,1.4036,1.4488,1.5063,1.564,1.6232,1.6825,1.7418,1.8012,1.8606,1.9201,1.9795,2.0389
2.945,2.9616,3.0029,3.0777,3.1573,3.2398,3.2398,3.2398,3.2398,3.2398,3.2398,3.2398,3.2398,1.0509,1.0166,0.9759,0.924,0.872,0.8186,0.7652,0.7117,0.6581,0.6046,0.551,0.4975,0.4439
3.2325,3.2325,3.2325,3.2325,3.2325,3.2325,3.2325,3.2325,2.8383,2.1792,1.5202,0.9236,2.1837,2.1468,2.2066,2.2776,2.368,2.4588,2.5519,2.645,2.7383,2.8317,2.9251,3.0185,3.1119,3.2053
3.2252,3.2252,3.2252,3.2252,3.2252,3.2252,3.2252,3.2252,3.2252,3.2252,3.2252,3.2252,3.2252,3.2252,0.9215,1.4004,1.9594,2.5184,3.0772,3.2252,3.2252,3.2252,3.2252,3.2252,3.2252,3.2252
3.218,3.218,3.218,3.218,3.218,3.218,3.218,3.218,3.218,2.8834,2.0114,1.137,1.2881,1.3145,1.2716,1.2207,1.1559,1.0907,1.024,0.9572,0.8902,0.8232,0.7562,0.6892,0.6222,0.5552
3.2108,3.2108,3.2108,3.2108,3.2108,3.2108,3.2108,3.2108,3.2108,3.2108,3.2108,3.2108,2.6224,1.2013,1.2348,1.2745,1.325,1.3758,1.4279,1.48,1.5323,1.5845,1.6368,1.6891,1.7413,1.7936
3.2036,3.2036,3.2036,3.2036,3.2036,3.2036,3.2036,3.2036,3.2036,3.2036,3.2036,3.2036,3.2036,3.2036,1.1556,1.3709,1.2981,1.2249,1.1499,1.0749,0.9997,0.9245,0.8493,0.774,0.6988,0.6236
3.1964,3.1964,3.1964,3.1964,3.1964,3.1964,3.1964,2.9117,2.363,1.8143,1.2656,3.1964,3.1964,3.1964,3.1964,3.1964,3.1964,3.1964,3.1964,3.1964,3.1964,3.1964,3.1964,3.1964,3.1964,3.1964
3.1893,3.1893,3.1893,3.1893,3.1893,3.1893,3.1893,3.1893,3.1893,3.1893,3.1893,3.1893,3.1893,3.1893,1.1051,1.8412,2.0164,2.0937,2.173,2.2522,2.3317,2.4112,2.4908,2.5703,2.6498,2.7294
2.8925,2.9088,2.9495,3.0229,3.1011,3.1822,3.1822,3.1822,3.1822,3.1822,3.1822,3.1822,1.4649,1.0321,0.9985,0.9585,0.9076,0.8565,0.804,0.7516,0.699,0.6464,0.5938,0.5412,0.4886,0.436
3.1752,3.1752,3.1752,3.1752,3.1752,3.1752,3.1752,3.1752,3.1752,3.0871,2.1535,1.2174,1.5123,1.4868,1.5282,1.5774,1.64,1.7029,1.7673,1.8318,1.8965,1.9611,2.0258,2.0905,2.1552,2.2199
3.1682,3.1682,3.1682,3.1682,3.1682,3.1682,3.1682,3.1682,3.1682,3.1682,3.1682,3.1682,3.1682,3.1682,0.9052,1.4188,1.9851,2.5515,3.1177,3.1682,3.1682,3.1682,2.9731,2.7097,2.4463,2.1829
3.1612,3.1612,3.1612,3.1612,3.1612,3.1612,3.1612,3.1612,2.7642,2.1224,1.4805,0.8369,1.9526,1.9927,1.9276,1.8505,1.7522,1.6535,1.5522,1.451,1.3495,1.248,1.1464,1.0449,0.9433,0.8417
3.1542,3.1542,3.1542,3.1542,3.1542,3.1542,3.1542,3.1542,3.1542,3.1542,3.1542,3.1542,3.1542,0.9821,1.2906,1.3321,1.385,1.4381,1.4925,1.547,1.6016,1.6562,1.7108,1.7654,1.8201,1.8747
3.1473,3.1473,3.1473,3.1473,3.1473,3.1473,3.1473,3.1473,3.1473,3.1473,3.1473,3.1473,3.1473,0.6353,1.107,1.0627,1.0062,0.9496,0.8914,0.8333,0.775,0.7167,0.6584,0.6,0.5417,0.4834
3.1404,3.1404,3.1404,3.1404,3.1404,3.1404,3.1404,3.1404,2.5497,1.9577,1.3656,3.1404,3.1404,3.1404,3.1404,3.1404,3.1404,3.1404,3.1404,3.1404,3.1404,3.1404,3.1404,3.1404,3.1404,3.1404
3.1336,3.1336,3.1336,3.1336,3.1336,3.1336,3.1336,3.1336,3.1336,3.1336,3.1336,3.1336,3.1336,3.1336,0.8964,1.4935,2.0896,2.6858,3.1336,3.1336,3.1336,3.1336,3.1336,3.1336,3.1336,3.1336
3.1267,3.1267,3.1267,3.1267,3.1267,3.1267,3.1267,3.1267,3.1267,3.1267,2.8503,1.6112,0.503,1.1511,1.1135,1.0689,1.0121,0.9551,0.8966,0.8382,0.7795,0.7209,0.6622,0.6036,0.5449,0.4862
3.1199,3.1199,3.1199,3.1199,3.1199,3.1199,3.1199,3.1199,3.1199,3.1199,3.1199,2.6125,0.6955,1.2559,1.2909,1.3324,1.3853,1.4384,1.4929,1.5473,1.6019,1.6566,1.7112,1.7659,1.8205,1.8751
3.1131,3.1131,3.1131,3.1131,3.1131,3.1131,3.1131,3.1131,3.1131,3.1131,3.1131,3.1131,3.1131,3.1131,0.9833,1.6383,1.7343,1.6366,1.5364,1.4362,1.3357,1.2352,1.1347,1.0342,0.9337,0.8331
3.1064,3.1064,3.1064,3.1064,3.1064,3.1064,3.1064,2.9859,2.4232,1.8606,1.2979,3.1064,3.1064,3.1064,3.1064,3.1064,3.1064,3.1064,3.1064,3.1064,3.1064,3.1064,3.1064,2.8429,2.5665,2.2902
3.0997,3.0997,3.0997,3.0997,3.0997,3.0997,3.0997,3.0997,3.0997,3.0997,3.0997,3.0997,3.0997,3.0997,1.4095,1.5968,1.6602,1.7239,1.7891,1.8544,1.9199,1.9853,2.0508,2.1163,2.1818,2.2473
2.9103,2.9268,2.9677,3.0416,3.093,3.093,3.093,3.093,3.093,3.093,3.093,3.093,3.093,1.0385,1.0046,0.9644,0.9132,0.8617,0.809,0.7562,0.7033,0.6504,0.5975,0.5445,0.4916,0.4387
3.0863,3.0863,3.0863,3.0863,3.0863,3.0863,3.0863,3.0863,3.0863,2.4449,1.7055,0.9641,1.8565,1.8252,1.8761,1.9364,2.0132,2.0904,2.1696,2.2487,2.3281,2.4075,2.4869,2.5663,2.6457,2.7251
3.0797,3.0797,3.0797,3.0797,3.0797,3.0797,3.0797,3.0797,3.0797,3.0797,3.0797,3.0797,3.0797,3.0797,0.8799,1.4006,1.9597,2.5188,3.0778,3.0797,3.0797,3.0797,3.0797,3.0797,3.0797,3.0797
3.0731,3.0731,3.0731,3.0731,3.0731,3.0731,3.0731,3.0731,3.0731,2.5223,1.7595,0.9946,1.4747,1.505,1.4558,1.3976,1.3233,1.2488,1.1723,1.0959,1.0192,0.9425,0.8658,0.7891,0.7124,0.6357
3.0665,3.0665,3.0665,3.0665,3.0665,3.0665,3.0665,3.0665,3.0665,3.0665,3.0665,3.0665,3.0665,1.2158,1.2497,1.2899,1.341,1.3925,1.4452,1.4979,1.5508,1.6037,1.6566,1.7095,1.7624,1.8153
3.06,3.06,3.06,3.06,3.06,3.06,3.06,3.06,3.06,3.06,3.06,3.06,3.06,0.6043,1.2788,1.2277,1.1625,1.097,1.0298,0.9626,0.8953,0.8279,0.7606,0.6932,0.6258,0.5584
3.0535,3.0535,3.0535,3.0535,3.0535,3.0535,3.0535,2.982,2.42,1.8581,1.2962,3.0535,3.0535,3.0535,3.0535,3.0535,3.0535,3.0535,3.0535,3.0535,3.0535,3.0535,3.0535,3.0535,3.0535,3.0535
3.047,3.047,3.047,3.047,3.047,3.047,3.047,3.047,3.047,3.047,3.047,3.047,3.047,3.047,1.0097,1.6822,2.3537,2.5274,2.6231,2.7188,2.8148,2.9107,3.0067,3.047,3.047,3.047
2.9981,3.0151,3.0405,3.0405,3.0405,3.0405,3.0405,3.0405,3.0405,3.0405,3.0405,2.9718,0.6824,1.0698,1.0349,0.9935,0.9407,0.8877,0.8334,0.779,0.7245,0.67,0.6155,0.561,0.5064,0.4519
3.0341,3.0341,3.0341,3.0341,3.0341,3.0341,3.0341,3.0341,3.0341,3.0341,2.6969,1.5245,1.4061,1.3824,1.4209,1.4666,1.5248,1.5832,1.6432,1.7031,1.7632,1.8234,1.8835,1.9437,2.0038,2.064
3.0277,3.0277,3.0277,3.0277,3.0277,3.0277,3.0277,3.0277,3.0277,3.0277,3.0277,3.0277,3.0277,3.0277,0.8937,1.4889,2.0833,2.6311,2.47,2.3089,2.1474,1.9859,1.8243,1.6626,1.501,1.3394
3.0213,3.0213,3.0213,3.0213,3.0213,3.0213,3.0213,3.0213,2.6106,2.0044,1.3983,0.8632,2.5676,2.6203,2.5348,2.4333,2.3041,2.1743,2.0411,1.908,1.7745,1.641,1.5075,1.3739,1.2404,1.1068
3.0149,3.0149,3.0149,3.0149,3.0149,3.0149,3.0149,3.0149,3.0149,3.0149,3.0149,3.0149,3.0149,0.7163,1.3722,1.4163,1.4725,1.529,1.5869,1.6448,1.7028,1.7609,1.819,1.8771,1.9351,1.9932
3.0086,3.0086,3.0086,3.0086,3.0086,3.0086,3.0086,3.0086,3.0086,3.0086,3.0086,3.0086,3.0086,0.8955,1.0605,1.0181,0.964,0.9097,0.854,0.7983,0.7425,0.6866,0.6307,0.5749,0.519,0.4631
3.0023,3.0023,3.0023,3.0023,3.0023,3.0023,3.0023,3.0023,2.7489,2.1106,1.4723,0.8578,2.5467,2.5037,2.5734,2.6562,2.7616,2.8675,2.9761,3.0023,3.0023,3.0023,3.0023,3.0023,3.0023,3.0023
2.996,2.996,2.996,2.996,2.996,2.996,2.996,2.996,2.996,2.996,2.996,2.996,2.996,2.996,0.8703,1.45,2.0288,2.6076,2.996,2.996,2.996,2.996,2.996,2.996,2.996,2.996
2.9898,2.9898,2.9898,2.9898,2.9898,2.9898,2.9898,2.9898,2.9898,2.9898,2.292,1.2957,1.2345,1.2599,1.2187,1.17,1.1078,1.0454,0.9814,0.9174,0.8532,0.789,0.7248,0.6606,0.5964,0.5322
2.9836,2.9836,2.9836,2.9836,2.9836,2.9836,2.9836,2.9836,2.9836,2.9836,2.9836,2.9836,1.155,1.2348,1.2692,1.3101,1.362,1.4143,1.4678,1.5214,1.5751,1.6288,1.6825,1.7362,1.7899,1.8437
2.9774,2.9774,2.9774,2.9774,2.9774,2.9774,2.9774,2.9774,2.9774,2.9774,2.9774,2.9774,2.9774,2.9774,1.0944,1.5339,1.4524,1.3706,1.2867,1.2027,1.1186,1.0344,0.9503,0.8661,0.7819,0.6977
2.9712,2.9712,2.9712,2.9712,2.9712,2.9712,2.9712,2.9712,2.4117,1.8517,1.2917,2.9712,2.9712,2.9712,2.9712,2.9712,2.9712,2.9712,2.9712,2.9712,2.9712,2.9712,2.9712,2.9712,2.9712,2.9712
2.965,2.965,2.965,2.965,2.965,2.965,2.965,2.965,2.965,2.965,2.965,2.965,2.965,2.965,1.2182,1.8113,1.8832,1.9554,2.0295,2.1035,2.1777,2.252,2.3263,2.4006,2.4749,2.5491
2.9311,2.9477,2.9589,2.9589,2.9589,2.9589,2.9589,2.9589,2.9589,2.9589,2.9589,2.9589,2.9589,1.0459,1.0118,0.9713,0.9197,0.8679,0.8148,0.7616,0.7083,0.655,0.6017,0.5484,0.4951,0.4418
2.9528,2.9528,2.9528,2.9528,2.9528,2.9528,2.9528,2.9528,2.9528,2.8351,1.9777,1.118,1.6462,1.6184,1.6635,1.717,1.7852,1.8536,1.9238,1.994,2.0644,2.1348,2.2052,2.2756,2.346,2.4164
2.9468,2.9468,2.9468,2.9468,2.9468,2.9468,2.9468,2.9468,2.9468,2.9468,2.9468,2.9468,2.9468,2.9468,0.8567,1.4274,1.9972,2.5669,2.9468,2.9468,2.9468,2.9468,2.9468,2.9468,2.9468,2.9468
2.9407,2.9407,2.9407,2.9407,2.9407,2.9407,2.9407,2.9407,2.9407,2.2852,1.5941,0.9011,1.7558,1.7918,1.7333,1.664,1.5756,1.4868,1.3958,1.3048,1.2135,1.1222,1.0309,0.9395,0.8482,0.7569
2.9347,2.9347,2.9347,2.9347,2.9347,2.9347,2.9347,2.9347,2.9347,2.9347,2.9347,2.9347,2.9347,1.2539,1.2888,1.3303,1.3831,1.4361,1.4905,1.5448,1.5994,1.6539,1.7085,1.763,1.8176,1.8721
2.9287,2.9287,2.9287,2.9287,2.9287,2.9287,2.9287,2.9287,2.9287,2.9287,2.9287,2.9287,2.9287,0.5578,1.1804,1.1331,1.0729,1.0125,0.9505,0.8885,0.8263,0.7642,0.702,0.6398,0.5776,0.5154
2.9227,2.9227,2.9227,2.9227,2.9227,2.9227,2.9227,2.9227,2.5265,1.9399,1.3532,0.8351,2.9227,2.9227,2.9227,2.9227,2.9227,2.9227,2.9227,2.9227,2.9227,2.9227,2.9227,2.9227,2.9227,2.9227
2.9168,2.9168,2.9168,2.9168,2.9168,2.9168,2.9168,2.9168,2.9168,2.9168,2.9168,2.9168,2.9168,2.9168,0.9474,1.5784,2.2085,2.8386,2.9168,2.9168,2.9168,2.9168,2.9168,2.9168,2.9168,2.9168
2.9109,2.9109,2.9109,2.9109,2.9109,2.9109,2.9109,2.9109,2.9109,2.9109,2.9109,1.9774,0.4944,1.1312,1.0943,1.0505,0.9947,0.9386,0.8812,0.8237,0.7661,0.7084,0.6508,0.5931,0.5355,0.4778
2.905,2.905,2.905,2.905,2.905,2.905,2.905,2.905,2.905,2.905,2.905,2.0739,0.7291,1.3166,1.3533,1.3968,1.4522,1.5079,1.565,1.6221,1.6793,1.7366,1.7939,1.8511,1.9084,1.9657
2.8991,2.8991,2.8991,2.8991,2.8991,2.8991,2.8991,2.8991,2.8991,2.8991,2.8991,2.8991,2.8991,2.8991,0.9578,1.5957,2.0523,1.9367,1.8181,1.6995,1.5806,1.4617,1.3428,1.2238,1.1048,0.9859
2.8932,2.8932,2.8932,2.8932,2.8932,2.8932,2.8932,2.8932,2.5208,1.9355,1.3502,0.8266,2.8932,2.8932,2.8932,2.8932,2.8932,2.8932,2.8932,2.831,2.6329,2.4348,2.2367,2.0385,1.8404,1.6422
2.8874,2.8874,2.8874,2.8874,2.8874,2.8874,2.8874,2.8874,2.8874,2.8874,2.8874,2.8874,2.8874,2.8874,1.492,1.54,1.6011,1.6625,1.7255,1.7884,1.8515,1.9147,1.9778,2.041,2.1041,2.1673
2.8816,2.8816,2.8816,2.8816,2.8816,2.8816,2.8816,2.8816,2.8816,2.8816,2.8816,2.8816,2.8816,1.0724,1.0374,0.9959,0.943,0.8898,0.8354,0.7809,0.7262,0.6716,0.617,0.5623,0.5076,0.453
2.8758,2.8758,2.8758,2.8758,2.8758,2.8758,2.8758,2.8758,2.8758,2.3317,1.6266,0.9195,2.0966,2.0612,2.1187,2.1868,2.2736,2.3607,2.4501,2.5395,2.6292,2.7188,2.8085,2.8758,2.8758,2.8758
2.8701,2.8701,2.8701,2.8701,2.8701,2.8701,2.8701,2.8701,2.8701,2.8701,2.8701,2.8701,2.8701,2.8701,0.8619,1.4359,2.0091,2.5823,2.8701,2.8701,2.8701,2.8701,2.8701,2.8701,2.8701,2.8701
2.8643,2.8643,2.8643,2.8643,2.8643,2.8643,2.8643,2.8643,2.8643,2.8023,1.9548,1.105,1.3884,1.4169,1.3707,1.3158,1.2459,1.1757,1.1037,1.0318,0.9596,0.8874,0.8152,0.7429,0.6707,0.5985
2.8586,2.8586,2.8586,2.8586,2.8586,2.8586,2.8586,2.8586,2.8586,2.8586,2.8586,2.8586,2.8586,1.2376,1.2721,1.313,1.3651,1.4174,1.4711,1.5248,1.5786,1.6324,1.6863,1.7401,1.794,1.8478
2.8529,2.8529,2.8529,2.8529,2.8529,2.8529,2.8529,2.8529,2.8529,2.8529,2.8529,2.8529,2.8529,2.8529,1.2563,1.3455,1.2741,1.2023,1.1287,1.0551,0.9813,0.9074,0.8336,0.7597,0.6859,0.612
2.8473,2.8473,2.8473,2.8473,2.8473,2.8473,2.8473,2.8473,2.4459,1.878,1.31,0.8135,2.8473,2.8473,2.8473,2.8473,2.8473,2.8473,2.8473,2.8473,2.8473,2.8473,2.8473,2.8473,2.8473,2.8473
2.8416,2.8416,2.8416,2.8416,2.8416,2.8416,2.8416,2.8416,2.8416,2.8416,2.8416,2.8416,2.8416,2.8416,1.0938,1.8224,2.2146,2.2995,2.3866,2.4737,2.561,2.6483,2.7357,2.823,2.8416,2.8416
2.836,2.836,2.836,2.836,2.836,2.836,2.836,2.836,2.836,2.836,2.836,2.836,1.0426,1.0734,1.0384,0.9968,0.9439,0.8907,0.8362,0.7816,0.7269,0.6723,0.6175,0.5628,0.5081,0.4534
2.8304,2.8304,2.8304,2.8304,2.8304,2.8304,2.8304,2.8304,2.8304,2.8304,2.3952,1.354,1.5078,1.4823,1.5236,1.5726,1.635,1.6977,1.762,1.8263,1.8907,1.9552,2.0197,2.0842,2.1487,2.2132
2.8248,2.8248,2.8248,2.8248,2.8248,2.8248,2.8248,2.8248,2.8248,2.8248,2.8248,2.8248,2.8248,2.8248,0.8899,1.4826,2.0745,2.6663,2.8248,2.8248,2.8248,2.6729,2.4554,2.2379,2.0203,1.8028
2.8193,2.8193,2.8193,2.8193,2.8193,2.8193,2.8193,2.8193,2.7737,2.1296,1.4856,0.8398,2.2072,2.2524,2.1789,2.0917,1.9806,1.869,1.7546,1.6402,1.5254,1.4107,1.2959,1.1811,1.0662,0.9514
2.8137,2.8137,2.8137,2.8137,2.8137,2.8137,2.8137,2.8137,2.8137,2.8137,2.8137,2.8137,2.8137,0.8661,1.3555,1.3991,1.4546,1.5104,1.5676,1.6248,1.6821,1.7395,1.7968,1.8542,1.9116,1.969
2.8082,2.8082,2.8082,2.8082,2.8082,2.8082,2.8082,2.8082,2.8082,2.8082,2.8082,2.8082,2.8082,0.7342,1.1173,1.0726,1.0156,0.9584,0.8997,0.841,0.7822,0.7234,0.6645,0.6056,0.5468,0.4879
2.8027,2.8027,2.8027,2.8027,2.8027,2.8027,2.8027,2.8027,2.6922,2.0671,1.442,0.8151,2.8027,2.8027,2.8027,2.8027,2.8027,2.8027,2.8027,2.8027,2.8027,2.8027,2.8027,2.8027,2.8027,2.8027
2.7973,2.7973,2.7973,2.7973,2.7973,2.7973,2.7973,2.7973,2.7973,2.7973,2.7973,2.7973,2.7973,2.7973,0.9097,1.5156,2.1206,2.7256,2.7973,2.7973,2.7973,2.7973,2.7973,2.7973,2.7973,2.7973
2.7918,2.7918,2.7918,2.7918,2.7918,2.7918,2.7918,2.7918,2.7918,2.7918,2.6753,1.5123,0.5342,1.2223,1.1824,1.1351,1.0748,1.0143,0.9522,0.8901,0.8278,0.7655,0.7032,0.6409,0.5786,0.5163
2.7864,2.7864,2.7864,2.7864,2.7864,2.7864,2.7864,2.7864,2.7864,2.7864,2.7864,2.7864,0.7557,1.281,1.3167,1.3591,1.413,1.4672,1.5227,1.5783,1.634,1.6897,1.7455,1.8012,1.8569,1.9127
2.781,2.781,2.781,2.781,2.781,2.781,2.781,2.781,2.781,2.781,2.781,2.781,2.781,2.781,1.0508,1.75,1.657,1.5637,1.4679,1.3722,1.2762,1.1802,1.0841,0.9881,0.892,0.796
2.7756,2.7756,2.7756,2.7756,2.7756,2.7756,2.7756,2.7756,2.4839,1.9071,1.3304,0.793,2.7756,2.7756,2.7756,2.7756,2.7756,2.7756,2.7756,2.7756,2.7756,2.7756,2.7756,2.7756,2.7756,2.7756
2.7702,2.7702,2.7702,2.7702,2.7702,2.7702,2.7702,2.7702,2.7702,2.7702,2.7702,2.7702,2.7702,2.7702,1.3651,1.7183,1.7865,1.855,1.9252,1.9955,2.0659,2.1363,2.2068,2.2773,2.3477,2.4182
2.7649,2.7649,2.7649,2.7649,2.7649,2.7649,2.7649,2.7649,2.7649,2.7649,2.7649,2.7649,2.7649,1.0696,1.0347,0.9933,0.9405,0.8875,0.8332,0.7788,0.7243,0.6699,0.6153,0.5608,0.5063,0.4518
2.7596,2.7596,2.7596,2.7596,2.7596,2.7596,2.7596,2.7596,2.7596,2.6519,1.8499,1.0457,1.8176,1.787,1.8368,1.8958,1.971,2.0466,2.1241,2.2016,2.2793,2.357,2.4348,2.5125,2.5903,2.668
2.7543,2.7543,2.7543,2.7543,2.7543,2.7543,2.7543,2.7543,2.7543,2.7543,2.7543,2.7543,2.7543,2.7543,0.8699,1.4493,2.0278,2.6064,2.7543,2.7543,2.7543,2.7543,2.7543,2.7543,2.7543,2.7543
2.749,2.749,2.749,2.749,2.749,2.749,2.749,2.749,2.749,2.4918,1.7382,0.9826,1.6146,1.6478,1.594,1.5302,1.4489,1.3673,1.2836,1.1998,1.1159,1.0319,0.948,0.864,0.78,0.696
2.7437,2.7437,2.7437,2.7437,2.7437,2.7437,2.7437,2.7437,2.7437,2.7437,2.7437,2.7437,2.7437,1.264,1.2992,1.341,1.3942,1.4477,1.5025,1.5573,1.6123,1.6672,1.7222,1.7772,1.8322,1.8872
2.7385,2.7385,2.7385,2.7385,2.7385,2.7385,2.7385,2.7385,2.7385,2.7385,2.7385,2.7385,2.7385,0.6017,1.2732,1.2223,1.1573,1.0921,1.0253,0.9584,0.8914,0.8243,0.7572,0.6901,0.623,0.556
2.7333,2.7333,2.7333,2.7333,2.7333,2.7333,2.7333,2.7333,2.528,1.941,1.354,0.7809,2.7333,2.7333,2.7333,2.7333,2.7333,2.7333,2.7333,2.7333,2.7333,2.7333,2.7333,2.7333,2.7333,2.7333
2.7281,2.7281,2.7281,2.7281,2.7281,2.7281,2.7281,2.7281,2.7281,2.7281,2.7281,2.7281,2.7281,2.7281,1.0121,1.6863,2.3594,2.7281,2.7281,2.7281,2.7281,2.7281,2.7281,2.7281,2.7281,2.7281
2.7229,2.7229,2.7229,2.7229,2.7229,2.7229,2.7229,2.7229,2.7229,2.7229,2.7229,2.5591,0.5876,1.1231,1.0865,1.043,0.9876,0.9319,0.8749,0.8178,0.7606,0.7034,0.6462,0.5889,0.5317,0.4744
2.7177,2.7177,2.7177,2.7177,2.7177,2.7177,2.7177,2.7177,2.7177,2.7177,2.7177,1.7452,1.4181,1.3942,1.4331,1.4791,1.5378,1.5968,1.6573,1.7177,1.7784,1.839,1.8997,1.9603,2.021,2.0816
2.7126,2.7126,2.7126,2.7126,2.7126,2.7126,2.7126,2.7126,2.7126,2.7126,2.7126,2.7126,2.7126,2.7126,0.9431,1.5712,2.1984,2.3768,2.2313,2.0858,1.9398,1.7939,1.6479,1.5019,1.3559,1.2099
2.7075,2.7075,2.7075,2.7075,2.7075,2.7075,2.7075,2.7075,2.6478,2.033,1.4182,0.8017,2.7075,2.7075,2.7075,2.7075,2.7075,2.5565,2.4,2.2434,2.0865,1.9295,1.7725,1.6155,1.4584,1.3014
2.7024,2.7024,2.7024,2.7024,2.7024,2.7024,2.7024,2.7024,2.7024,2.7024,2.7024,2.7024,2.7024,0.7601,1.456,1.5029,1.5625,1.6224,1.6838,1.7453,1.8069,1.8685,1.9301,1.9918,2.0534,2.115
2.6973,2.6973,2.6973,2.6973,2.6973,2.6973,2.6973,2.6973,2.6973,2.6973,2.6973,2.6973,2.6973,1.0977,1.0813,1.0381,0.9829,0.9276,0.8708,0.814,0.757,0.7001,0.6431,0.5861,0.5292,0.4722
2.6922,2.6922,2.6922,2.6922,2.6922,2.6922,2.6922,2.6922,2.6922,2.253,1.5716,0.8884,2.4192,2.3784,2.4446,2.5233,2.6234,2.6922,2.6922,2.6922,2.6922,2.6922,2.6922,2.6922,2.6922,2.6922
2.6872,2.6872,2.6872,2.6872,2.6872,2.6872,2.6872,2.6872,2.6872,2.6872,2.6872,2.6872,2.6872,2.6872,0.8918,1.4858,2.0789,2.672,2.6872,2.6872,2.6872,2.6872,2.6872,2.6872,2.6872,2.6872
2.6821,2.6821,2.6821,2.6821,2.6821,2.6821,2.6821,2.6821,2.6821,2.6821,2.2109,1.2498,1.3266,1.3538,1.3096,1.2572,1.1904,1.1233,1.0546,0.9858,0.9168,0.8478,0.7789,0.7099,0.6408,0.5718
2.6771,2.6771,2.6771,2.6771,2.6771,2.6771,2.6771,2.6771,2.6771,2.6771,2.6771,2.6771,1.842,1.2715,1.3069,1.3489,1.4025,1.4562,1.5114,1.5665,1.6218,1.6771,1.7324,1.7877,1.8431,1.8984
2.6721,2.6721,2.6721,2.6721,2.6721,2.6721,2.6721,2.6721,2.6721,2.6721,2.6721,2.6721,2.6721,2.6721,1.1849,1.4975,1.4179,1.338,1.2561,1.1742,1.0921,1.0099,0.9277,0.8455,0.7633,0.6811
2.6672,2.6672,2.6672,2.6672,2.6672,2.6672,2.6672,2.6672,2.495,1.9157,1.3364,0.762,2.6672,2.6672,2.6672,2.6672,2.6672,2.6672,2.6672,2.6672,2.6672,2.6672,2.6672,2.6672,2.6672,2.6672
2.6622,2.6622,2.6622,2.6622,2.6622,2.6622,2.6622,2.6622,2.6622,2.6622,2.6622,2.6622,2.6622,2.6622,1.2011,1.978,2.0565,2.1354,2.2163,2.2971,2.3782,2.4593,2.5404,2.6215,2.6622,2.6622
2.6573,2.6573,2.6573,2.6573,2.6573,2.6573,2.6573,2.6573,2.6573,2.6573,2.6573,2.6573,2.1495,1.0872,1.0517,1.0096,0.956,0.9021,0.8469,0.7917,0.7363,0.6809,0.6255,0.5701,0.5146,0.4592
2.6524,2.6524,2.6524,2.6524,2.6524,2.6524,2.6524,2.6524,2.6524,2.6524,2.1822,1.2336,1.6366,1.6089,1.6538,1.707,1.7747,1.8427,1.9125,1.9823,2.0523,2.1222,2.1922,2.2622,2.3322,2.4023
2.6475,2.6475,2.6475,2.6475,2.6475,2.6475,2.6475,2.6475,2.6475,2.6475,2.6475,2.6475,2.6475,2.6475,0.8948,1.4907,2.0858,2.6475,2.6475,2.6475,2.6475,2.6475,2.6475,2.6475,2.6475,2.6475
2.6426,2.6426,2.6426,2.6426,2.6426,2.6426,2.6426,2.6426,2.6426,2.2882,1.5962,0.9023,1.9622,2.0025,1.9371,1.8596,1.7608,1.6616,1.5599,1.4581,1.3561,1.2541,1.152,1.05,0.9479,0.8458
2.6377,2.6377,2.6377,2.6377,2.6377,2.6377,2.6377,2.6377,2.6377,2.6377,2.6377,2.6377,2.6377,1.1631,1.3526,1.3961,1.4515,1.5072,1.5642,1.6213,1.6785,1.7358,1.793,1.8503,1.9075,1.9648
2.6329,2.6329,2.6329,2.6329,2.6329,2.6329,2.6329,2.6329,2.6329,2.6329,2.6329,2.6329,2.6329,0.6313,1.1896,1.142,1.0813,1.0204,0.9579,0.8954,0.8328,0.7701,0.7075,0.6448,0.5821,0.5194
2.628,2.628,2.628,2.628,2.628,2.628,2.628,2.628,2.628,2.0462,1.4274,0.8069,2.628,2.628,2.628,2.628,2.628,2.628,2.628,2.628,2.628,2.628,2.628,2.628,2.628,2.628
2.6232,2.6232,2.6232,2.6232,2.6232,2.6232,2.6232,2.6232,2.6232,2.6232,2.6232,2.6232,2.6232,2.6232,0.9604,1.6001,2.2389,2.6232,2.6232,2.6232,2.6232,2.6232,2.6232,2.6232,2.6232,2.6232
2.6184,2.6184,2.6184,2.6184,2.6184,2.6184,2.6184,2.6184,2.6184,2.6184,2.6184,1.821,0.5243,1.1996,1.1605,1.114,1.0549,0.9954,0.9345,0.8735,0.8124,0.7513,0.6902,0.629,0.5679,0.5067
2.6137,2.6137,2.6137,2.6137,2.6137,2.6137,2.6137,2.6137,2.6137,2.6137,2.6137,2.4915,0.7431,1.3419,1.3793,1.4237,1.4802,1.5369,1.5951,1.6533,1.7117,1.77,1.8284,1.8868,1.9452,2.0036
2.6089,2.6089,2.6089,2.6089,2.6089,2.6089,2.6089,2.6089,2.6089,2.6089,2.6089,2.6089,2.6089,2.6089,1.0216,1.702,1.9364,1.8273,1.7154,1.6035,1.4914,1.3792,1.2669,1.1547,1.0424,0.9302
2.6042,2.6042,2.6042,2.6042,2.6042,2.6042,2.6042,2.6042,2.5825,1.9829,1.3832,0.7819,2.6042,2.6042,2.6042,2.6042,2.6042,2.6042,2.6042,2.6042,2.6042,2.6042,2.6042,2.5893,2.3376,2.0859
2.5995,2.5995,2.5995,2.5995,2.5995,2.5995,2.5995,2.5995,2.5995,2.5995,2.5995,2.5995,2.5995,2.5995,1.5597,1.653,1.7186,1.7845,1.8521,1.9197,1.9874,2.0552,2.123,2.1908,2.2585,2.3263
2.5948,2.5948,2.5948,2.5948,2.5948,2.5948,2.5948,2.5948,2.5948,2.5948,2.5948,2.5948,2.5948,1.1041,1.068,1.0253,0.9708,0.9161,0.86,0.8039,0.7477,0.6914,0.6352,0.5789,0.5226,0.4664
2.5901,2.5901,2.5901,2.5901,2.5901,2.5901,2.5901,2.5901,2.5901,2.5205,1.7583,0.9939,2.0403,2.0058,2.0617,2.128,2.2125,2.2973,2.3843,2.4713,2.5585,2.5901,2.5901,2.5901,2.5901,2.5901
2.5854,2.5854,2.5854,2.5854,2.5854,2.5854,2.5854,2.5854,2.5854,2.5854,2.5854,2.5854,2.5854,2.5854,0.8916,1.4854,2.0784,2.5854,2.5854,2.5854,2.5854,2.5854,2.5854,2.5854,2.5854,2.5854
2.5807,2.5807,2.5807,2.5807,2.5807,2.5807,2.5807,2.5807,2.5807,2.5807,1.9229,1.087,1.513,1.5441,1.4937,1.4339,1.3577,1.2812,1.2028,1.1243,1.0457,0.967,0.8883,0.8096,0.7309,0.6522
2.5761,2.5761,2.5761,2.5761,2.5761,2.5761,2.5761,2.5761,2.5761,2.5761,2.5761,2.5761,2.5761,1.2863,1.3222,1.3647,1.4189,1.4733,1.529,1.5848,1.6408,1.6967,1.7527,1.8086,1.8646,1.9206
2.5715,2.5715,2.5715,2.5715,2.5715,2.5715,2.5715,2.5715,2.5715,2.5715,2.5715,2.5715,2.5715,2.5715,1.3821,1.3355,1.2646,1.1933,1.1203,1.0472,0.9739,0.9007,0.8274,0.7541,0.6808,0.6075
2.5669,2.5669,2.5669,2.5669,2.5669,2.5669,2.5669,2.5669,2.5543,1.9612,1.3681,0.7734,2.5669,2.5669,2.5669,2.5669,2.5669,2.5669,2.5669,2.5669,2.5669,2.5669,2.5669,2.5669,2.5669,2.5669
2.5623,2.5623,2.5623,2.5623,2.5623,2.5623,2.5623,2.5623,2.5623,2.5623,2.5623,2.5623,2.5623,2.5623,1.0941,1.8228,2.4645,2.559,2.5623,2.5623,2.5623,2.5623,2.5623,2.5623,2.5623,2.5623
2.5577,2.5577,2.5577,2.5577,2.5577,2.5577,2.5577,2.5577,2.5577,2.5577,2.5577,2.5577,0.8283,1.1264,1.0896,1.046,0.9905,0.9347,0.8774,0.8202,0.7628,0.7054,0.648,0.5906,0.5332,0.4758
2.5532,2.5532,2.5532,2.5532,2.5532,2.5532,2.5532,2.5532,2.5532,2.5532,2.5532,1.5288,1.5184,1.4928,1.5343,1.5837,1.6465,1.7097,1.7744,1.8391,1.904,1.969,2.0339,2.0989,2.1638,2.2288
2.5486,2.5486,2.5486,2.5486,2.5486,2.5486,2.5486,2.5486,2.5486,2.5486,2.5486,2.5486,2.5486,2.5486,0.9385,1.5636,2.1878,2.5486,2.5486,2.5486,2.5082,2.3195,2.1308,1.942,1.7532,1.5644
2.5441,2.5441,2.5441,2.5441,2.5441,2.5441,2.5441,2.5441,2.5441,2.1578,1.5053,0.8509,2.5407,2.5441,2.5082,2.4078,2.2799,2.1515,2.0197,1.888,1.7559,1.6238,1.4917,1.3595,1.2274,1.0952
2.5396,2.5396,2.5396,2.5396,2.5396,2.5396,2.5396,2.5396,2.5396,2.5396,2.5396,2.5396,2.5396,0.7874,1.437,1.4832,1.5421,1.6012,1.6618,1.7224,1.7832,1.844,1.9049,1.9657,2.0265,2.0874
2.5351,2.5351,2.5351,2.5351,2.5351,2.5351,2.5351,2.5351,2.5351,2.5351,2.5351,2.5351,2.5351,0.8685,1.1385,1.0929,1.0349,0.9766,0.9168,0.857,0.797,0.7371,0.6771,0.6171,0.5571,0.4971
2.5306,2.5306,2.5306,2.5306,2.5306,2.5306,2.5306,2.5306,2.5306,2.2036,1.5372,0.869,2.5306,2.5306,2.5306,2.5306,2.5306,2.5306,2.5306,2.5306,2.5306,2.5306,2.5306,2.5306,2.5306,2.5306
2.5262,2.5262,2.5262,2.5262,2.5262,2.5262,2.5262,2.5262,2.5262,2.5262,2.5262,2.5262,2.5262,2.5262,0.9318,1.5525,2.1722,2.5262,2.5262,2.5262,2.5262,2.5262,2.5262,2.5262,2.5262,2.5262
2.5217,2.5217,2.5217,2.5217,2.5217,2.5217,2.5217,2.5217,2.5217,2.5217,2.5217,1.4443,1.2846,1.311,1.2682,1.2174,1.1528,1.0878,1.0212,0.9546,0.8878,0.821,0.7542,0.6874,0.6206,0.5538
2.5173,2.5173,2.5173,2.5173,2.5173,2.5173,2.5173,2.5173,2.5173,2.5173,2.5173,2.5173,1.0099,1.3188,1.3556,1.3992,1.4547,1.5105,1.5677,1.6249,1.6822,1.7396,1.7969,1.8543,1.9117,1.9691
2.5129,2.5129,2.5129,2.5129,2.5129,2.5129,2.5129,2.5129,2.5129,2.5129,2.5129,2.5129,2.5129,2.5129,1.1345,1.6967,1.6066,1.5161,1.4233,1.3304,1.2374,1.1443,1.0511,0.958,0.8649,0.7718
2.5085,2.5085,2.5085,2.5085,2.5085,2.5085,2.5085,2.5085,2.5085,1.9729,1.3763,0.778,2.5085,2.5085,2.5085,2.5085,2.5085,2.5085,2.5085,2.5085,2.5085,2.5085,2.5085,2.5085,2.5085,2.5085
2.5041,2.5041,2.5041,2.5041,2.5041,2.5041,2.5041,2.5041,2.5041,2.5041,2.5041,2.5041,2.5041,2.5041,1.3394,1.8693,1.9435,2.018,2.0945,2.1709,2.2475,2.3241,2.4008,2.4775,2.5041,2.5041
2.4997,2.4997,2.4997,2.4997,2.4997,2.4997,2.4997,2.4997,2.4997,2.4997,2.4997,2.4997,2.4997,1.1118,1.0755,1.0324,0.9776,0.9225,0.866,0.8096,0.7529,0.6963,0.6396,0.5829,0.5263,0.4696
2.4954,2.4954,2.4954,2.4954,2.4954,2.4954,2.4954,2.4954,2.4954,2.4954,2.0303,1.1477,1.8009,1.7705,1.8199,1.8784,1.9529,2.0278,2.1046,2.1814,2.2583,2.3354,2.4124,2.4894,2.4954,2.4954
2.4911,2.4911,2.4911,2.4911,2.4911,2.4911,2.4911,2.4911,2.4911,2.4911,2.4911,2.4911,2.4911,2.4911,0.9085,1.5136,2.1178,2.4911,2.4911,2.4911,2.4911,2.4911,2.4911,2.4911,2.4911,2.4911
2.4867,2.4867,2.4867,2.4867,2.4867,2.4867,2.4867,2.4867,2.4867,2.4867,1.7366,0.9817,1.7907,1.8274,1.7678,1.697,1.6069,1.5164,1.4235,1.3307,1.2376,1.1445,1.0513,0.9582,0.8651,0.7719
2.4824,2.4824,2.4824,2.4824,2.4824,2.4824,2.4824,2.4824,2.4824,2.4824,2.4824,2.4824,2.4824,1.3264,1.3634,1.4072,1.4631,1.5192,1.5767,1.6342,1.6919,1.7496,1.8073,1.865,1.9227,1.9804
2.4781,2.4781,2.4781,2.4781,2.4781,2.4781,2.4781,2.4781,2.4781,2.4781,2.4781,2.4781,2.4781,0.6054,1.2812,1.2299,1.1646,1.099,1.0317,0.9644,0.8969,0.8295,0.762,0.6945,0.6269,0.5594
2.4739,2.4739,2.4739,2.4739,2.4739,2.4739,2.4739,2.4739,2.4739,2.0469,1.4279,0.8072,2.4739,2.4739,2.4739,2.4739,2.4739,2.4739,2.4739,2.4739,2.4739,2.4739,2.4739,2.4739,2.4739,2.4739
2.4696,2.4696,2.4696,2.4696,2.4696,2.4696,2.4696,2.4696,2.4696,2.4696,2.4696,2.4696,2.4696,2.4696,1.025,1.7078,2.3895,2.4696,2.4696,2.4696,2.4696,2.4696,2.4696,2.4696,2.4696,2.4696
2.4653,2.4653,2.4653,2.4653,2.4653,2.4653,2.4653,2.4653,2.4653,2.4653,2.4653,2.2882,0.5254,1.1905,1.1516,1.1055,1.0468,0.9878,0.9274,0.8669,0.8062,0.7456,0.6849,0.6242,0.5635,0.5029
2.4611,2.4611,2.4611,2.4611,2.4611,2.4611,2.4611,2.4611,2.4611,2.4611,2.4611,2.0403,0.7032,1.4203,1.4599,1.5068,1.5666,1.6267,1.6883,1.7499,1.8116,1.8734,1.9352,1.997,2.0588,2.1206
2.4569,2.4569,2.4569,2.4569,2.4569,2.4569,2.4569,2.4569,2.4569,2.4569,2.4569,2.4569,2.4569,2.4569,1.0051,1.6745,2.334,2.2025,2.0677,1.9328,1.7976,1.6624,1.5271,1.3918,1.2565,1.1212
2.4527,2.4527,2.4527,2.4527,2.4527,2.4527,2.4527,2.4527,2.4527,2.0824,1.4526,0.8212,2.4527,2.4527,2.4527,2.4527,2.4527,2.4527,2.4527,2.4527,2.4527,2.3342,2.1443,1.9543,1.7643,1.5744
2.4485,2.4485,2.4485,2.4485,2.4485,2.4485,2.4485,2.4485,2.4485,2.4485,2.4485,2.4485,2.4485,0.6996,1.5608,1.611,1.6749,1.7391,1.805,1.8708,1.9369,2.0029,2.069,2.135,2.2011,2.2672
2.4443,2.4443,2.4443,2.4443,2.4443,2.4443,2.4443,2.4443,2.4443,2.4443,2.4443,2.4443,2.4443,1.1509,1.1133,1.0687,1.012,0.955,0.8965,0.838,0.7794,0.7208,0.6621,0.6035,0.5448,0.4861
2.4402,2.4402,2.4402,2.4402,2.4402,2.4402,2.4402,2.4402,2.4402,2.4305,1.6955,0.9585,2.3357,2.2963,2.3602,2.4361,2.4402,2.4402,2.4402,2.4402,2.4402,2.4402,2.4402,2.4402,2.4402,2.4402
2.436,2.436,2.436,2.436,2.436,2.436,2.436,2.436,2.436,2.436,2.436,2.436,2.436,2.436,0.9227,1.5373,2.151,2.436,2.436,2.436,2.436,2.436,2.436,2.436,2.436,2.436
2.4319,2.4319,2.4319,2.4319,2.4319,2.4319,2.4319,2.4319,2.4319,2.4319,2.1631,1.2228,1.4414,1.4709,1.4229,1.366,1.2934,1.2206,1.1458,1.0711,0.9962,0.9212,0.8462,0.7713,0.6963,0.6213
2.4278,2.4278,2.4278,2.4278,2.4278,2.4278,2.4278,2.4278,2.4278,2.4278,2.4278,2.4278,2.4278,1.3219,1.3587,1.4024,1.4581,1.514,1.5713,1.6286,1.6861,1.7436,1.8011,1.8586,1.9161,1.9737
2.4237,2.4237,2.4237,2.4237,2.4237,2.4237,2.4237,2.4237,2.4237,2.4237,2.4237,2.4237,2.4237,2.4237,1.298,1.4808,1.4022,1.3232,1.2422,1.1611,1.0799,0.9987,0.9174,0.8361,0.7548,0.6736
2.4196,2.4196,2.4196,2.4196,2.4196,2.4196,2.4196,2.4196,2.4196,2.0012,1.396,0.7891,2.4196,2.4196,2.4196,2.4196,2.4196,2.4196,2.4196,2.4196,2.4196,2.4196,2.4196,2.4196,2.4196,2.4196
2.4155,2.4155,2.4155,2.4155,2.4155,2.4155,2.4155,2.4155,2.4155,2.4155,2.4155,2.4155,2.4155,2.4155,1.1984,1.9966,2.2746,2.3618,2.4155,2.4155,2.4155,2.4155,2.4155,2.4155,2.4155,2.4155
2.4114,2.4114,2.4114,2.4114,2.4114,2.4114,2.4114,2.4114,2.4114,2.4114,2.4114,2.4114,1.3779,1.1411,1.1039,1.0597,1.0034,0.9469,0.8889,0.8309,0.7728,0.7147,0.6565,0.5983,0.5402,0.482
2.4074,2.4074,2.4074,2.4074,2.4074,2.4074,2.4074,2.4074,2.4074,2.4074,2.4074,1.3804,1.6455,1.6177,1.6628,1.7163,1.7844,1.8528,1.9229,1.9931,2.0635,2.1338,2.2042,2.2746,2.345,2.4074
2.4034,2.4034,2.4034,2.4034,2.4034,2.4034,2.4034,2.4034,2.4034,2.4034,2.4034,2.4034,2.4034,2.4034,0.9437,1.5723,2.2,2.4034,2.4034,2.4034,2.4034,2.4034,2.4034,2.4034,2.4034,2.198
2.3993,2.3993,2.3993,2.3993,2.3993,2.3993,2.3993,2.3993,2.3993,2.3164,1.6159,0.9134,2.2284,2.2741,2.1999,2.1118,1.9997,1.887,1.7715,1.656,1.5401,1.4242,1.3083,1.1924,1.0765,0.9606
2.3953,2.3953,2.3953,2.3953,2.3953,2.3953,2.3953,2.3953,2.3953,2.3953,2.3953,2.3953,2.3953,1.0177,1.4338,1.48,1.5387,1.5977,1.6582,1.7187,1.7793,1.84,1.9007,1.9614,2.0221,2.0828
2.3913,2.3913,2.3913,2.3913,2.3913,2.3913,2.3913,2.3913,2.3913,2.3913,2.3913,2.3913,2.3913,0.7312,1.2116,1.1631,1.1014,1.0393,0.9757,0.912,0.8482,0.7844,0.7206,0.6567,0.5929,0.5291
2.3873,2.3873,2.3873,2.3873,2.3873,2.3873,2.3873,2.3873,2.3873,2.1806,1.5211,0.8599,2.3873,2.3873,2.3873,2.3873,2.3873,2.3873,2.3873,2.3873,2.3873,2.3873,2.3873,2.3873,2.3873,2.3873
2.3834,2.3834,2.3834,2.3834,2.3834,2.3834,2.3834,2.3834,2.3834,2.3834,2.3834,2.3834,2.3834,2.3834,0.9837,1.639,2.2933,2.3834,2.3834,2.3834,2.3834,2.3834,2.3834,2.3834,2.3834,2.3834
2.3794,2.3794,2.3794,2.3794,2.3794,2.3794,2.3794,2.3794,2.3794,2.3794,2.3794,1.715,0.5619,1.2856,1.2437,1.1939,1.1305,1.0668,1.0015,0.9362,0.8707,0.8052,0.7396,0.6741,0.6086,0.5431
2.3755,2.3755,2.3755,2.3755,2.3755,2.3755,2.3755,2.3755,2.3755,2.3755,2.3755,2.3755,0.7122,1.3818,1.4203,1.466,1.5242,1.5826,1.6425,1.7025,1.7625,1.8227,1.8828,1.9429,2.003,2.0631
2.3715,2.3715,2.3715,2.3715,2.3715,2.3715,2.3715,2.3715,2.3715,2.3715,2.3715,2.3715,2.3715,2.3715,1.1015,1.8352,1.8603,1.7555,1.648,1.5405,1.4328,1.325,1.2172,1.1093,1.0015,0.8937
2.3676,2.3676,2.3676,2.3676,2.3676,2.3676,2.3676,2.3676,2.3676,2.0521,1.4315,0.8092,2.3676,2.3676,2.3676,2.3676,2.3676,2.3676,2.3676,2.3676,2.3676,2.3676,2.3676,2.3676,2.3676,2.3676
2.3637,2.3637,2.3637,2.3637,2.3637,2.3637,2.3637,2.3637,2.3637,2.3637,2.3637,2.3637,2.3637,0.6754,1.521,1.7945,1.8657,1.9372,2.0106,2.0839,2.1575,2.231,2.3046,2.3637,2.3637,2.3637
2.3598,2.3598,2.3598,2.3598,2.3598,2.3598,2.3598,2.3598,2.3598,2.3598,2.3598,2.3598,2.3598,1.1482,1.1107,1.0663,1.0097,0.9528,0.8944,0.8361,0.7776,0.7191,0.6606,0.6021,0.5435,0.485
2.356,2.356,2.356,2.356,2.356,2.356,2.356,2.356,2.356,2.356,1.9234,1.0873,2.0132,1.9792,2.0344,2.0998,2.1831,2.2668,2.3527,2.356,2.356,2.356,2.356,2.356,2.356,2.356
2.3521,2.3521,2.3521,2.3521,2.3521,2.3521,2.3521,2.3521,2.3521,2.3521,2.3521,2.3521,2.3521,2.3521,0.9317,1.5523,2.1719,2.3521,2.3521,2.3521,2.3521,2.3521,2.3521,2.3521,2.3521,2.3521
2.3482,2.3482,2.3482,2.3482,2.3482,2.3482,2.3482,2.3482,2.3482,2.3482,1.9159,1.083,1.6699,1.7042,1.6485,1.5826,1.4985,1.4141,1.3275,1.2409,1.1541,1.0673,0.9804,0.8936,0.8067,0.7198
2.3444,2.3444,2.3444,2.3444,2.3444,2.3444,2.3444,2.3444,2.3444,2.3444,2.3444,2.3444,2.3444,1.3507,1.3883,1.433,1.4898,1.547,1.6055,1.6641,1.7228,1.7816,1.8404,1.8991,1.9579,2.0167
2.3406,2.3406,2.3406,2.3406,2.3406,2.3406,2.3406,2.3406,2.3406,2.3406,2.3406,2.3406,2.3406,0.6605,1.3976,1.3417,1.2704,1.1988,1.1254,1.052,0.9784,0.9048,0.8312,0.7576,0.6839,0.6103
2.3368,2.3368,2.3368,2.3368,2.3368,2.3368,2.3368,2.3368,2.3368,2.0693,1.4435,0.816,2.3368,2.3368,2.3368,2.3368,2.3368,2.3368,2.3368,2.3368,2.3368,2.3368,2.3368,2.3368,2.3368,2.3368
2.333,2.333,2.333,2.333,2.333,2.333,2.333,2.333,2.333,2.333,2.333,2.333,2.333,2.333,1.1071,1.8444,2.333,2.333,2.333,2.333,2.333,2.333,2.333,2.333,2.333,2.333
2.3292,2.3292,2.3292,2.3292,2.3292,2.3292,2.3292,2.3292,2.3292,2.3292,2.3292,2.3292,0.7035,1.1944,1.1554,1.1092,1.0502,0.9911,0.9304,0.8697,0.8089,0.748,0.6871,0.6263,0.5654,0.5045
2.3254,2.3254,2.3254,2.3254,2.3254,2.3254,2.3254,2.3254,2.3254,2.3254,2.3254,1.7577,0.6644,1.5202,1.5626,1.6128,1.6768,1.7411,1.8071,1.873,1.9391,2.0052,2.0714,2.1375,2.2036,2.2698
2.3216,2.3216,2.3216,2.3216,2.3216,2.3216,2.3216,2.3216,2.3216,2.3216,2.3216,2.3216,2.3216,2.3216,1.0003,1.6666,2.3216,2.3216,2.3216,2.3216,2.2601,2.0901,1.92,1.7499,1.5798,1.4097
2.3179,2.3179,2.3179,2.3179,2.3179,2.3179,2.3179,2.3179,2.3179,2.2105,1.542,0.8717,2.3179,2.3179,2.3179,2.3179,2.3179,2.3179,2.3179,2.2223,2.0668,1.9113,1.7558,1.6002,1.4447,1.2891
2.3141,2.3141,2.3141,2.3141,2.3141,2.3141,2.3141,2.3141,2.3141,2.3141,2.3141,2.3141,2.3141,0.7347,1.54,1.5896,1.6526,1.716,1.781,1.846,1.9111,1.9763,2.0415,2.1067,2.1718,2.237
2.3104,2.3104,2.3104,2.3104,2.3104,2.3104,2.3104,2.3104,2.3104,2.3104,2.3104,2.3104,2.3104,1.0589,1.1727,1.1257,1.066,1.0059,0.9443,0.8827,0.821,0.7592,0.6974,0.6356,0.5739,0.5121
2.3067,2.3067,2.3067,2.3067,2.3067,2.3067,2.3067,2.3067,2.3067,2.3067,1.6572,0.9368,2.3067,2.3067,2.3067,2.3067,2.3067,2.3067,2.3067,2.3067,2.3067,2.3067,2.3067,2.3067,2.3067,2.3067
2.303,2.303,2.303,2.303,2.303,2.303,2.303,2.303,2.303,2.303,2.303,2.303,2.303,2.303,0.9648,1.6074,2.249,2.303,2.303,2.303,2.303,2.303,2.303,2.303,2.303,2.303
2.2993,2.2993,2.2993,2.2993,2.2993,2.2993,2.2993,2.2993,2.2993,2.2993,2.2993,1.4031,1.3938,1.4224,1.376,1.3209,1.2508,1.1803,1.108,1.0358,0.9633,0.8908,0.8183,0.7458,0.6733,0.6008
2.2956,2.2956,2.2956,2.2956,2.2956,2.2956,2.2956,2.2956,2.2956,2.2956,2.2956,2.2956,1.4854,1.3723,1.4105,1.4559,1.5137,1.5717,1.6312,1.6907,1.7504,1.8101,1.8698,1.9295,1.9892,2.0489
2.2919,2.2919,2.2919,2.2919,2.2919,2.2919,2.2919,2.2919,2.2919,2.2919,2.2919,2.2919,2.2919,2.2919,1.2399,1.6701,1.5814,1.4923,1.4009,1.3096,1.218,1.1263,1.0347,0.943,0.8513,0.7597
2.2883,2.2883,2.2883,2.2883,2.2883,2.2883,2.2883,2.2883,2.2883,2.0629,1.439,0.8135,2.2883,2.2883,2.2883,2.2883,2.2883,2.2883,2.2883,2.2883,2.2883,2.2883,2.2883,2.2883,2.2883,2.2883
2.2846,2.2846,2.2846,2.2846,2.2846,2.2846,2.2846,2.2846,2.2846,2.2846,2.2846,2.2846,2.2846,2.2846,1.3324,2.06,2.1418,2.2239,2.2846,2.2846,2.2846,2.2846,2.2846,2.2846,2.2846,2.2846
2.281,2.281,2.281,2.281,2.281,2.281,2.281,2.281,2.281,2.281,2.281,2.281,2.281,1.1681,1.1299,1.0847,1.0271,0.9692,0.9099,0.8505,0.791,0.7315,0.672,0.6125,0.5529,0.4934
2.2774,2.2774,2.2774,2.2774,2.2774,2.2774,2.2774,2.2774,2.2774,2.2774,2.2593,1.2771,1.8076,1.7771,1.8266,1.8854,1.9602,2.0353,2.1124,2.1895,2.2668,2.2774,2.2774,2.2774,2.2774,2.2774
2.2738,2.2738,2.2738,2.2738,2.2738,2.2738,2.2738,2.2738,2.2738,2.2738,2.2738,2.2738,2.2738,2.2738,0.9591,1.598,2.2358,2.2738,2.2738,2.2738,2.2738,2.2738,2.2738,2.2738,2.2738,2.2738
2.2702,2.2702,2.2702,2.2702,2.2702,2.2702,2.2702,2.2702,2.2702,2.2702,1.7565,0.9929,2.0165,2.0578,1.9907,1.911,1.8095,1.7076,1.603,1.4985,1.3936,1.2888,1.1839,1.079,0.9741,0.8692
2.2666,2.2666,2.2666,2.2666,2.2666,2.2666,2.2666,2.2666,2.2666,2.2666,2.2666,2.2666,2.2666,1.4072,1.4465,1.493,1.5522,1.6117,1.6728,1.7338,1.795,1.8562,1.9174,1.9786,2.0399,2.1011
2.263,2.263,2.263,2.263,2.263,2.263,2.263,2.263,2.263,2.263,2.263,2.263,2.263,0.6425,1.3047,1.2525,1.186,1.1191,1.0506,0.9821,0.9134,0.8447,0.7759,0.7072,0.6385,0.5697
2.2594,2.2594,2.2594,2.2594,2.2594,2.2594,2.2594,2.2594,2.2594,2.1827,1.5226,0.8607,2.2594,2.2594,2.2594,2.2594,2.2594,2.2594,2.2594,2.2594,2.2594,2.2594,2.2594,2.2594,2.2594,2.2594
2.2559,2.2559,2.2559,2.2559,2.2559,2.2559,2.2559,2.2559,2.2559,2.2559,2.2559,2.2559,2.2559,2.2559,1.0503,1.7498,2.2559,2.2559,2.2559,2.2559,2.2559,2.2559,2.2559,2.2559,2.2559,2.2559
2.2523,2.2523,2.2523,2.2523,2.2523,2.2523,2.2523,2.2523,2.2523,2.2523,2.2523,2.1104,0.5578,1.2763,1.2346,1.1852,1.1222,1.059,0.9942,0.9293,0.8643,0.7993,0.7342,0.6692,0.6041,0.5391
2.2488,2.2488,2.2488,2.2488,2.2488,2.2488,2.2488,2.2488,2.2488,2.2488,2.2488,2.2488,0.6425,1.4636,1.5044,1.5527,1.6143,1.6762,1.7397,1.8032,1.8668,1.9305,1.9942,2.0578,2.1215,2.1852
2.2453,2.2453,2.2453,2.2453,2.2453,2.2453,2.2453,2.2453,2.2453,2.2453,2.2453,2.2453,2.2453,2.2453,1.0836,1.8054,2.2136,2.0889,1.961,1.8331,1.7048,1.5766,1.4483,1.32,1.1917,1.0634
2.2418,2.2418,2.2418,2.2418,2.2418,2.2418,2.2418,2.2418,2.2418,2.1573,1.5049,0.8507,2.2418,2.2418,2.2418,2.2418,2.2418,2.2418,2.2418,2.2418,2.2418,2.2418,2.2418,2.2418,2.2164,1.9777
2.2383,2.2383,2.2383,2.2383,2.2383,2.2383,2.2383,2.2383,2.2383,2.2383,2.2383,2.2383,2.2383,0.6395,1.6933,1.7477,1.8171,1.8868,1.9582,2.0296,2.1013,2.1729,2.2383,2.2383,2.2383,2.2383
2.2348,2.2348,2.2348,2.2348,2.2348,2.2348,2.2348,2.2348,2.2348,2.2348,2.2348,2.2348,2.2348,1.1983,1.1592,1.1128,1.0537,0.9944,0.9335,0.8726,0.8116,0.7505,0.6894,0.6283,0.5673,0.5062
2.2313,2.2313,2.2313,2.2313,2.2313,2.2313,2.2313,2.2313,2.2313,2.2313,1.8521,1.047,2.2313,2.2313,2.2313,2.2313,2.2313,2.2313,2.2313,2.2313,2.2313,2.2313,2.2313,2.2313,2.2313,2.2313
2.2278,2.2278,2.2278,2.2278,2.2278,2.2278,2.2278,2.2278,2.2278,2.2278,2.2278,2.2278,2.2278,2.2278,0.9655,1.6086,2.2278,2.2278,2.2278,2.2278,2.2278,2.2278,2.2278,2.2278,2.2278,2.2278
2.2244,2.2244,2.2244,2.2244,2.2244,2.2244,2.2244,2.2244,2.2244,2.2244,2.1482,1.2144,1.5868,1.6193,1.5665,1.5038,1.4239,1.3437,1.2614,1.1791,1.0966,1.0141,0.9316,0.8491,0.7665,0.684
2.2209,2.2209,2.2209,2.2209,2.2209,2.2209,2.2209,2.2209,2.2209,2.2209,2.2209,2.2209,2.2209,1.3899,1.4287,1.4746,1.5331,1.5919,1.6522,1.7125,1.7729,1.8334,1.8938,1.9543,2.0148,2.0752
2.2175,2.2175,2.2175,2.2175,2.2175,2.2175,2.2175,2.2175,2.2175,2.2175,2.2175,2.2175,2.2175,0.6336,1.4418,1.4849,1.4061,1.3268,1.2456,1.1644,1.0829,1.0014,0.9199,0.8384,0.7569,0.6754
2.2141,2.2141,2.2141,2.2141,2.2141,2.2141,2.2141,2.2141,2.2141,2.1144,1.475,0.8338,2.2141,2.2141,2.2141,2.2141,2.2141,2.2141,2.2141,2.2141,2.2141,2.2141,2.2141,2.2141,2.2141,2.2141
2.2106,2.2106,2.2106,2.2106,2.2106,2.2106,2.2106,2.2106,2.2106,2.2106,2.2106,2.2106,2.2106,2.2106,1.2116,2.0186,2.2106,2.2106,2.2106,2.2106,2.2106,2.2106,2.2106,2.2106,2.2106,2.2106
2.2072,2.2072,2.2072,2.2072,2.2072,2.2072,2.2072,2.2072,2.2072,2.2072,2.2072,2.2072,1.049,1.2116,1.172,1.1251,1.0654,1.0054,0.9438,0.8822,0.8205,0.7588,0.697,0.6353,0.5735,0.5118
2.2038,2.2038,2.2038,2.2038,2.2038,2.2038,2.2038,2.2038,2.2038,2.2038,2.2038,1.571,1.6757,1.6474,1.6934,1.7478,1.8172,1.8868,1.9583,2.0297,2.1014,2.173,2.2038,2.2038,2.2038,2.2038
2.2005,2.2005,2.2005,2.2005,2.2005,2.2005,2.2005,2.2005,2.2005,2.2005,2.2005,2.2005,2.2005,2.2005,1.0071,1.6779,2.2005,2.2005,2.2005,2.2005,2.2005,2.2005,2.2005,2.2005,2.1141,1.8864
2.1971,2.1971,2.1971,2.1971,2.1971,2.1971,2.1971,2.1971,2.1971,2.1971,1.6562,0.9362,2.1971,2.1971,2.1971,2.1971,2.1971,2.1852,2.0514,1.9177,1.7835,1.6493,1.5151,1.3809,1.2466,1.1124
2.1937,2.1937,2.1937,2.1937,2.1937,2.1937,2.1937,2.1937,2.1937,2.1937,2.1937,2.1937,2.1937,0.9248,1.5381,1.5876,1.6506,1.7138,1.7787,1.8436,1.9087,1.9738,2.0389,2.104,2.1691,2.1937
2.1904,2.1904,2.1904,2.1904,2.1904,2.1904,2.1904,2.1904,2.1904,2.1904,2.1904,2.1904,2.1904,0.8674,1.2492,1.1992,1.1355,1.0716,1.006,0.9404,0.8746,0.8088,0.743,0.6771,0.6113,0.5455
2.187,2.187,2.187,2.187,2.187,2.187,2.187,2.187,2.187,2.187,1.6408,0.9275,2.187,2.187,2.187,2.187,2.187,2.187,2.187,2.187,2.187,2.187,2.187,2.187,2.187,2.187
2.1837,2.1837,2.1837,2.1837,2.1837,2.1837,2.1837,2.1837,2.1837,2.1837,2.1837,2.1837,2.1837,2.1837,1.0199,1.6992,2.1837,2.1837,2.1837,2.1837,2.1837,2.1837,2.1837,2.1837,2.1837,2.1837
2.1804,2.1804,2.1804,2.1804,2.1804,2.1804,2.1804,2.1804,2.1804,2.1804,2.1804,1.65,0.6097,1.3951,1.3495,1.2955,1.2267,1.1576,1.0867,1.0159,0.9448,0.8737,0.8026,0.7315,0.6604,0.5893
2.1771,2.1771,2.1771,2.1771,2.1771,2.1771,2.1771,2.1771,2.1771,2.1771,2.1771,2.1771,0.9318,1.4401,1.4802,1.5278,1.5884,1.6493,1.7118,1.7742,1.8369,1.8995,1.9621,2.0248,2.0875,2.1501
2.1738,2.1738,2.1738,2.1738,2.1738,2.1738,2.1738,2.1738,2.1738,2.1738,2.1738,2.1738,2.1738,2.1738,1.2031,1.9222,1.8201,1.7176,1.6124,1.5073,1.4018,1.2964,1.1909,1.0854,0.9799,0.8744
2.1705,2.1705,2.1705,2.1705,2.1705,2.1705,2.1705,2.1705,2.1705,2.1494,1.4994,0.8476,2.1705,2.1705,2.1705,2.1705,2.1705,2.1705,2.1705,2.1705,2.1705,2.1705,2.1705,2.1705,2.1705,2.1705
2.1672,2.1672,2.1672,2.1672,2.1672,2.1672,2.1672,2.1672,2.1672,2.1672,2.1672,2.1672,2.1672,0.6192,1.5077,1.9745,2.0529,2.1316,2.1672,2.1672,2.1672,2.1672,2.1672,2.1672,2.1672,2.1672
2.1639,2.1639,2.1639,2.1639,2.1639,2.1639,2.1639,2.1639,2.1639,2.1639,2.1639,2.1639,2.1639,1.2086,1.1691,1.1223,1.0627,1.0028,0.9414,0.88,0.8185,0.7569,0.6953,0.6337,0.5721,0.5105
2.1607,2.1607,2.1607,2.1607,2.1607,2.1607,2.1607,2.1607,2.1607,2.1607,2.1343,1.2065,2.0167,1.9827,2.038,2.1035,2.1607,2.1607,2.1607,2.1607,2.1607,2.1607,2.1607,2.1607,2.1607,2.1607
2.1574,2.1574,2.1574,2.1574,2.1574,2.1574,2.1574,2.1574,2.1574,2.1574,2.1574,2.1574,2.1574,2.1574,0.9855,1.6418,2.1574,2.1574,2.1574,2.1574,2.1574,2.1574,2.1574,2.1574,2.1574,2.1574
2.1542,2.1542,2.1542,2.1542,2.1542,2.1542,2.1542,2.1542,2.1542,2.1542,1.9364,1.0946,1.8714,1.9098,1.8475,1.7735,1.6793,1.5847,1.4877,1.3907,1.2934,1.1961,1.0987,1.0014,0.9041,0.8067
2.1509,2.1509,2.1509,2.1509,2.1509,2.1509,2.1509,2.1509,2.1509,2.1509,2.1509,2.1509,2.1509,1.4356,1.4756,1.5231,1.5835,1.6442,1.7065,1.7687,1.8312,1.8936,1.9561,2.0185,2.081,2.1435
2.1477,2.1477,2.1477,2.1477,2.1477,2.1477,2.1477,2.1477,2.1477,2.1477,2.1477,2.1477,2.1477,0.6136,1.4234,1.3665,1.2939,1.221,1.1462,1.0715,0.9965,0.9215,0.8466,0.7716,0.6966,0.6215
2.1445,2.1445,2.1445,2.1445,2.1445,2.1445,2.1445,2.1445,2.1445,2.1445,1.5419,0.8716,2.1445,2.1445,2.1445,2.1445,2.1445,2.1445,2.1445,2.1445,2.1445,2.1445,2.1445,2.1445,2.1445,2.1445
2.1413,2.1413,2.1413,2.1413,2.1413,2.1413,2.1413,2.1413,2.1413,2.1413,2.1413,2.1413,2.1413,2.1413,1.1352,1.8914,2.1413,2.1413,2.1413,2.1413,2.1413,2.1413,2.1413,2.1413,2.1413,2.1413
2.1381,2.1381,2.1381,2.1381,2.1381,2.1381,2.1381,2.1381,2.1381,2.1381,2.1381,2.1381,0.627,1.2824,1.2406,1.1909,1.1277,1.0641,0.999,0.9338,0.8685,0.8032,0.7378,0.6724,0.6071,0.5417
2.1349,2.1349,2.1349,2.1349,2.1349,2.1349,2.1349,2.1349,2.1349,2.1349,2.1349,2.0664,0.61,1.5686,1.6123,1.6641,1.7302,1.7965,1.8645,1.9325,2.0008,2.069,2.1349,2.1349,2.1349,2.1349
2.1317,2.1317,2.1317,2.1317,2.1317,2.1317,2.1317,2.1317,2.1317,2.1317,2.1317,2.1317,2.1317,2.1317,1.0799,1.7991,2.1317,2.1317,2.1317,2.1317,2.1024,1.9442,1.786,1.6278,1.4695,1.3113
2.1286,2.1286,2.1286,2.1286,2.1286,2.1286,2.1286,2.1286,2.1286,2.1286,1.6002,0.9046,2.1286,2.1286,2.1286,2.1286,2.1286,2.1286,2.1286,2.1286,2.1286,2.1286,2.1258,1.9374,1.7491,1.5608
2.1254,2.1254,2.1254,2.1254,2.1254,2.1254,2.1254,2.1254,2.1254,2.1254,2.1254,2.1254,2.1254,0.7023,1.6722,1.726,1.7945,1.8633,1.9338,2.0044,2.0751,2.1254,2.1254,2.1254,2.1254,2.1254
2.1223,2.1223,2.1223,2.1223,2.1223,2.1223,2.1223,2.1223,2.1223,2.1223,2.1223,2.1223,2.1223,1.2647,1.2235,1.1745,1.1121,1.0495,0.9852,0.9209,0.8565,0.7921,0.7276,0.6632,0.5987,0.5342
2.1191,2.1191,2.1191,2.1191,2.1191,2.1191,2.1191,2.1191,2.1191,2.1191,1.8107,1.0236,2.1191,2.1191,2.1191,2.1191,2.1191,2.1191,2.1191,2.1191,2.1191,2.1191,2.1191,2.1191,2.1191,2.1191
2.116,2.116,2.116,2.116,2.116,2.116,2.116,2.116,2.116,2.116,2.116,2.116,2.116,2.116,1.0117,1.6856,2.116,2.116,2.116,2.116,2.116,2.116,2.116,2.116,2.116,2.116
2.1129,2.1129,2.1129,2.1129,2.1129,2.1129,2.1129,2.1129,2.1129,2.1129,2.1129,1.3878,1.5337,1.5651,1.514,1.4534,1.3763,1.2987,1.2192,1.1397,1.06,0.9802,0.9004,0.8207,0.7409,0.6611
2.1098,2.1098,2.1098,2.1098,2.1098,2.1098,2.1098,2.1098,2.1098,2.1098,2.1098,2.1098,2.1098,1.4463,1.4866,1.5344,1.5953,1.6564,1.7192,1.7819,1.8448,1.9077,1.9706,2.0335,2.0964,2.1098
2.1067,2.1067,2.1067,2.1067,2.1067,2.1067,2.1067,2.1067,2.1067,2.1067,2.1067,2.1067,2.1067,0.6019,1.3751,1.6712,1.5824,1.4933,1.4018,1.3104,1.2187,1.127,1.0353,0.9436,0.8519,0.7601
2.1036,2.1036,2.1036,2.1036,2.1036,2.1036,2.1036,2.1036,2.1036,2.1036,1.5241,0.8615,2.1036,2.1036,2.1036,2.1036,2.1036,2.1036,2.1036,2.1036,2.1036,2.1036,2.1036,2.1036,2.1036,2.1036
2.1005,2.1005,2.1005,2.1005,2.1005,2.1005,2.1005,2.1005,2.1005,2.1005,2.1005,2.1005,2.1005,0.6001,1.3462,2.1005,2.1005,2.1005,2.1005,2.1005,2.1005,2.1005,2.1005,2.1005,2.1005,2.1005
2.0974,2.0974,2.0974,2.0974,2.0974,2.0974,2.0974,2.0974,2.0974,2.0974,2.0974,2.0974,1.978,1.2432,1.2026,1.1545,1.0931,1.0316,0.9684,0.9052,0.8419,0.7786,0.7152,0.6519,0.5885,0.5251
2.0944,2.0944,2.0944,2.0944,2.0944,2.0944,2.0944,2.0944,2.0944,2.0944,2.0944,1.4453,1.8413,1.8103,1.8607,1.9206,1.9968,2.0733,2.0944,2.0944,2.0944,2.0944,2.0944,2.0944,2.0944,2.0944
2.0913,2.0913,2.0913,2.0913,2.0913,2.0913,2.0913,2.0913,2.0913,2.0913,2.0913,2.0913,2.0913,2.0913,1.0259,1.7092,2.0913,2.0913,2.0913,2.0913,2.0913,2.0913,2.0913,2.0913,2.0913,2.0913
2.0883,2.0883,2.0883,2.0883,2.0883,2.0883,2.0883,2.0883,2.0883,2.0883,1.8022,1.0188,2.0883,2.0883,2.0883,2.0883,2.0758,1.9589,1.8389,1.719,1.5987,1.4785,1.3581,1.2378,1.1175,0.9972
2.0852,2.0852,2.0852,2.0852,2.0852,2.0852,2.0852,2.0852,2.0852,2.0852,2.0852,2.0852,2.0852,1.2381,1.5551,1.6051,1.6688,1.7328,1.7984,1.864,1.9298,1.9956,2.0614,2.0852,2.0852,2.0852
2.0822,2.0822,2.0822,2.0822,2.0822,2.0822,2.0822,2.0822,2.0822,2.0822,2.0822,2.0822,2.0822,0.7502,1.3474,1.2935,1.2248,1.1558,1.085,1.0143,0.9433,0.8723,0.8013,0.7304,0.6594,0.5884
2.0792,2.0792,2.0792,2.0792,2.0792,2.0792,2.0792,2.0792,2.0792,2.0792,1.6457,0.9303,2.0792,2.0792,2.0792,2.0792,2.0792,2.0792,2.0792,2.0792,2.0792,2.0792,2.0792,2.0792,2.0792,2.0792
2.0762,2.0762,2.0762,2.0762,2.0762,2.0762,2.0762,2.0762,2.0762,2.0762,2.0762,2.0762,2.0762,2.0762,1.0911,1.8179,2.0762,2.0762,2.0762,2.0762,2.0762,2.0762,2.0762,2.0762,2.0762,2.0762
2.0732,2.0732,2.0732,2.0732,2.0732,2.0732,2.0732,2.0732,2.0732,2.0732,2.0732,2.0019,0.5923,1.3872,1.3419,1.2882,1.2198,1.1511,1.0806,1.0101,0.9395,0.8688,0.7981,0.7274,0.6567,0.586
2.0702,2.0702,2.0702,2.0702,2.0702,2.0702,2.0702,2.0702,2.0702,2.0702,2.0702,2.0702,0.6984,1.529,1.5716,1.6221,1.6865,1.7512,1.8175,1.8838,1.9503,2.0168,2.0702,2.0702,2.0702,2.0702
2.0672,2.0672,2.0672,2.0672,2.0672,2.0672,2.0672,2.0672,2.0672,2.0672,2.0672,2.0672,2.0672,2.0672,1.185,1.9743,2.0672,2.0268,1.9027,1.7786,1.6542,1.5297,1.4052,1.2807,1.1562,1.0317
2.0642,2.0642,2.0642,2.0642,2.0642,2.0642,2.0642,2.0642,2.0642,2.0642,1.5805,0.8934,2.0642,2.0642,2.0642,2.0642,2.0642,2.0642,2.0642,2.0642,2.0642,2.0642,2.0642,2.0642,2.0642,2.0642
2.0613,2.0613,2.0613,2.0613,2.0613,2.0613,2.0613,2.0613,2.0613,2.0613,2.0613,2.0613,2.0613,0.5889,1.7419,1.9241,2.0004,2.0613,2.0613,2.0613,2.0613,2.0613,2.0613,2.0613,2.0613,2.0613
2.0583,2.0583,2.0583,2.0583,2.0583,2.0583,2.0583,2.0583,2.0583,2.0583,2.0583,2.0583,2.0583,1.265,1.2237,1.1747,1.1123,1.0496,0.9854,0.9211,0.8567,0.7922,0.7277,0.6633,0.5988,0.5343
2.0553,2.0553,2.0553,2.0553,2.0553,2.0553,2.0553,2.0553,2.0553,2.0553,2.0542,1.1612,2.0553,2.0553,2.0553,2.0553,2.0553,2.0553,2.0553,2.0553,2.0553,2.0553,2.0553,2.0553,2.0553,2.0553
2.0524,2.0524,2.0524,2.0524,2.0524,2.0524,2.0524,2.0524,2.0524,2.0524,2.0524,2.0524,2.0524,2.0524,1.0243,1.7065,2.0524,2.0524,2.0524,2.0524,2.0524,2.0524,2.0524,2.0524,2.0524,2.0524
2.0495,2.0495,2.0495,2.0495,2.0495,2.0495,2.0495,2.0495,2.0495,2.0495,2.0495,1.2265,1.7751,1.8115,1.7524,1.6822,1.5929,1.5031,1.4111,1.3191,1.2268,1.1345,1.0422,0.9498,0.8575,0.7652
2.0465,2.0465,2.0465,2.0465,2.0465,2.0465,2.0465,2.0465,2.0465,2.0465,2.0465,2.0465,2.0465,1.4818,1.5231,1.5721,1.6345,1.6971,1.7614,1.8257,1.8901,1.9546,2.019,2.0465,2.0465,2.0465
2.0436,2.0436,2.0436,2.0436,2.0436,2.0436,2.0436,2.0436,2.0436,2.0436,2.0436,2.0436,2.0436,0.5839,1.5762,1.5131,1.4327,1.352,1.2692,1.1864,1.1034,1.0204,0.9374,0.8543,0.7713,0.6882
2.0407,2.0407,2.0407,2.0407,2.0407,2.0407,2.0407,2.0407,2.0407,2.0407,1.5803,0.8933,2.0407,2.0407,2.0407,2.0407,2.0407,2.0407,2.0407,2.0407,2.0407,2.0407,2.0407,2.0407,2.0407,2.0407
2.0378,2.0378,2.0378,2.0378,2.0378,2.0378,2.0378,2.0378,2.0378,2.0378,2.0378,2.0378,2.0378,2.0378,1.2441,2.0378,2.0378,2.0378,2.0378,2.0378,2.0378,2.0378,2.0378,2.0378,2.0378,2.0378
2.0349,2.0349,2.0349,2.0349,2.0349,2.0349,2.0349,2.0349,2.0349,2.0349,2.0349,2.0349,0.8768,1.3047,1.2622,1.2116,1.1473,1.0826,1.0164,0.9501,0.8836,0.8171,0.7506,0.6841,0.6176,0.5511
2.032,2.032,2.032,2.032,2.032,2.032,2.032,2.032,2.032,2.032,2.032,1.8255,0.5806,1.7033,1.7508,1.8071,1.8788,1.9508,2.0247,2.032,2.032,2.032,2.032,2.032,2.032,2.032
2.0292,2.0292,2.0292,2.0292,2.0292,2.0292,2.0292,2.0292,2.0292,2.0292,2.0292,2.0292,2.0292,2.0292,1.0902,1.8164,2.0292,2.0292,2.0292,2.0292,2.0292,2.0292,2.0292,2.0292,1.905,1.6999
2.0263,2.0263,2.0263,2.0263,2.0263,2.0263,2.0263,2.0263,2.0263,2.0263,1.7231,0.974,2.0263,2.0263,2.0263,2.0263,2.0263,2.0263,2.0263,2.0263,2.0263,1.9571,1.7978,1.6385,1.4793,1.32
2.0234,2.0234,2.0234,2.0234,2.0234,2.0234,2.0234,2.0234,2.0234,2.0234,2.0234,2.0234,2.0234,0.8688,1.6743,1.7281,1.7967,1.8656,1.9362,2.0069,2.0234,2.0234,2.0234,2.0234,2.0234,2.0234
2.0206,2.0206,2.0206,2.0206,2.0206,2.0206,2.0206,2.0206,2.0206,2.0206,2.0206,2.0206,2.0206,1.0608,1.3072,1.2549,1.1882,1.1213,1.0526,0.984,0.9151,0.8463,0.7774,0.7085,0.6397,0.5708
2.0177,2.0177,2.0177,2.0177,2.0177,2.0177,2.0177,2.0177,2.0177,2.0177,1.7967,1.0156,2.0177,2.0177,2.0177,2.0177,2.0177,2.0177,2.0177,2.0177,2.0177,2.0177,2.0177,2.0177,2.0177,2.0177
2.0149,2.0149,2.0149,2.0149,2.0149,2.0149,2.0149,2.0149,2.0149,2.0149,2.0149,2.0149,2.0149,2.0149,1.073,1.7877,2.0149,2.0149,2.0149,2.0149,2.0149,2.0149,2.0149,2.0149,2.0149,2.0149
2.0121,2.0121,2.0121,2.0121,2.0121,2.0121,2.0121,2.0121,2.0121,2.0121,2.0121,1.6229,0.5749,1.5374,1.4872,1.4277,1.3519,1.2757,1.1976,1.1195,1.0412,0.9629,0.8845,0.8061,0.7278,0.6494
2.0093,2.0093,2.0093,2.0093,2.0093,2.0093,2.0093,2.0093,2.0093,2.0093,2.0093,2.0093,1.3138,1.523,1.5655,1.6158,1.6799,1.7443,1.8104,1.8764,1.9427,2.0089,2.0093,2.0093,2.0093,2.0093
2.0064,2.0064,2.0064,2.0064,2.0064,2.0064,2.0064,2.0064,2.0064,2.0064,2.0064,2.0064,2.0064,0.5733,1.3354,1.9183,1.8164,1.7141,1.6091,1.5042,1.399,1.2937,1.1884,1.0831,0.9779,0.8726
2.0036,2.0036,2.0036,2.0036,2.0036,2.0036,2.0036,2.0036,2.0036,2.0036,1.5938,0.901,2.0036,2.0036,2.0036,2.0036,2.0036,2.0036,2.0036,2.0036,2.0036,2.0036,2.0036,2.0036,2.0036,2.0036
2.0008,2.0008,2.0008,2.0008,2.0008,2.0008,2.0008,2.0008,2.0008,2.0008,2.0008,2.0008,2.0008,0.5717,1.5221,2.0008,2.0008,2.0008,2.0008,2.0008,2.0008,2.0008,2.0008,2.0008,2.0008,2.0008
1.998,1.998,1.998,1.998,1.998,1.998,1.998,1.998,1.998,1.998,1.998,1.998,1.998,1.2911,1.249,1.199,1.1353,1.0714,1.0058,0.9402,0.8744,0.8086,0.7428,0.677,0.6112,0.5454
1.9953,1.9953,1.9953,1.9953,1.9953,1.9953,1.9953,1.9953,1.9953,1.9953,1.9953,1.3626,1.9953,1.9953,1.9953,1.9953,1.9953,1.9953,1.9953,1.9953,1.9953,1.9953,1.9953,1.9953,1.9953,1.9953
1.9925,1.9925,1.9925,1.9925,1.9925,1.9925,1.9925,1.9925,1.9925,1.9925,1.9925,1.9925,1.9925,1.9925,1.058,1.7628,1.9925,1.9925,1.9925,1.9925,1.9925,1.9925,1.9925,1.9925,1.9925,1.9925
1.9897,1.9897,1.9897,1.9897,1.9897,1.9897,1.9897,1.9897,1.9897,1.9897,1.9897,1.1251,1.9897,1.9897,1.9897,1.9897,1.918,1.8099,1.6991,1.5883,1.4772,1.366,1.2549,1.1437,1.0325,0.9213
1.987,1.987,1.987,1.987,1.987,1.987,1.987,1.987,1.987,1.987,1.987,1.987,1.987,1.5492,1.5924,1.6436,1.7088,1.7743,1.8415,1.9087,1.976,1.987,1.987,1.987,1.987,1.987
1.9842,1.9842,1.9842,1.9842,1.9842,1.9842,1.9842,1.9842,1.9842,1.9842,1.9842,1.9842,1.9842,0.6752,1.4737,1.4147,1.3396,1.2641,1.1867,1.1093,1.0317,0.9541,0.8765,0.7988,0.7212,0.6435
1.9815,1.9815,1.9815,1.9815,1.9815,1.9815,1.9815,1.9815,1.9815,1.9815,1.6726,0.9455,1.9815,1.9815,1.9815,1.9815,1.9815,1.9815,1.9815,1.9815,1.9815,1.9815,1.9815,1.9815,1.9815,1.9815
1.9787,1.9787,1.9787,1.9787,1.9787,1.9787,1.9787,1.9787,1.9787,1.9787,1.9787,1.9787,1.9787,1.9787,1.1831,1.971,1.9787,1.9787,1.9787,1.9787,1.9787,1.9787,1.9787,1.9787,1.9787,1.9787
1.976,1.976,1.976,1.976,1.976,1.976,1.976,1.976,1.976,1.976,1.976,1.976,0.5817,1.3987,1.3531,1.2989,1.2299,1.1606,1.0896,1.0185,0.9472,0.876,0.8047,0.7334,0.6621,0.5908
1.9733,1.9733,1.9733,1.9733,1.9733,1.9733,1.9733,1.9733,1.9733,1.9733,1.9733,1.9733,0.5738,1.6445,1.6904,1.7447,1.814,1.8835,1.9548,1.9733,1.9733,1.9733,1.9733,1.9733,1.9733,1.9733
1.9706,1.9706,1.9706,1.9706,1.9706,1.9706,1.9706,1.9706,1.9706,1.9706,1.9706,1.9706,1.9706,1.9706,1.1846,1.9706,1.9706,1.9706,1.9706,1.9706,1.9706,1.8634,1.7118,1.5601,1.4085,1.2568
1.9679,1.9679,1.9679,1.9679,1.9679,1.9679,1.9679,1.9679,1.9679,1.9679,1.6872,0.9537,1.9679,1.9679,1.9679,1.9679,1.9679,1.9679,1.9679,1.9679,1.9679,1.9679,1.9679,1.9679,1.9679,1.9611
1.9652,1.9652,1.9652,1.9652,1.9652,1.9652,1.9652,1.9652,1.9652,1.9652,1.9652,1.9652,1.9652,0.6883,1.8458,1.9052,1.9652,1.9652,1.9652,1.9652,1.9652,1.9652,1.9652,1.9652,1.9652,1.9652
1.9625,1.9625,1.9625,1.9625,1.9625,1.9625,1.9625,1.9625,1.9625,1.9625,1.9625,1.9625,1.9625,1.3407,1.2969,1.245,1.1789,1.1125,1.0444,0.9762,0.9079,0.8396,0.7713,0.703,0.6346,0.5663
1.9598,1.9598,1.9598,1.9598,1.9598,1.9598,1.9598,1.9598,1.9598,1.9598,1.9598,1.1376,1.9598,1.9598,1.9598,1.9598,1.9598,1.9598,1.9598,1.9598,1.9598,1.9598,1.9598,1.9598,1.9598,1.9598
1.9571,1.9571,1.9571,1.9571,1.9571,1.9571,1.9571,1.9571,1.9571,1.9571,1.9571,1.9571,1.9571,1.9571,1.0781,1.7961,1.9571,1.9571,1.9571,1.9571,1.9571,1.9571,1.9571,1.9571,1.9571,1.9571
1.9545,1.9545,1.9545,1.9545,1.9545,1.9545,1.9545,1.9545,1.9545,1.9545,1.9545,1.4006,1.7175,1.7527,1.6955,1.6276,1.5412,1.4544,1.3653,1.2763,1.187,1.0977,1.0084,0.919,0.8297,0.7404
1.9518,1.9518,1.9518,1.9518,1.9518,1.9518,1.9518,1.9518,1.9518,1.9518,1.9518,1.9518,1.9518,1.5489,1.5921,1.6433,1.7085,1.774,1.8412,1.9083,1.9518,1.9518,1.9518,1.9518,1.9518,1.9518
1.9492,1.9492,1.9492,1.9492,1.9492,1.9492,1.9492,1.9492,1.9492,1.9492,1.9492,1.9492,1.9492,0.5569,1.5534,1.7044,1.6139,1.523,1.4297,1.3365,1.243,1.1495,1.0559,0.9624,0.8688,0.7753
1.9465,1.9465,1.9465,1.9465,1.9465,1.9465,1.9465,1.9465,1.9465,1.9465,1.6405,0.9274,1.9465,1.9465,1.9465,1.9465,1.9465,1.9465,1.9465,1.9465,1.9465,1.9465,1.9465,1.9465,1.9465,1.9465
1.9439,1.9439,1.9439,1.9439,1.9439,1.9439,1.9439,1.9439,1.9439,1.9439,1.9439,1.9439,1.9439,0.5554,1.3853,1.9439,1.9439,1.9439,1.9439,1.9439,1.9439,1.9439,1.9439,1.9439,1.9439,1.9439
1.9412,1.9412,1.9412,1.9412,1.9412,1.9412,1.9412,1.9412,1.9412,1.9412,1.9412,1.9412,1.4122,1.345,1.3011,1.249,1.1827,1.116,1.0477,0.9794,0.9109,0.8423,0.7738,0.7052,0.6367,0.5681
1.9386,1.9386,1.9386,1.9386,1.9386,1.9386,1.9386,1.9386,1.9386,1.9386,1.9386,1.6704,0.5539,1.8773,1.9297,1.9386,1.9386,1.9386,1.9386,1.9386,1.9386,1.9386,1.9386,1.9386,1.9386,1.9386
1.936,1.936,1.936,1.936,1.936,1.936,1.936,1.936,1.936,1.936,1.936,1.936,1.936,1.936,1.1157,1.8588,1.936,1.936,1.936,1.936,1.936,1.936,1.936,1.936,1.936,1.936
1.9334,1.9334,1.9334,1.9334,1.9334,1.9334,1.9334,1.9334,1.9334,1.9334,1.882,1.0639,1.9334,1.9334,1.9334,1.9334,1.9334,1.9334,1.9334,1.9334,1.8776,1.7363,1.595,1.4537,1.3124,1.1711
1.9308,1.9308,1.9308,1.9308,1.9308,1.9308,1.9308,1.9308,1.9308,1.9308,1.9308,1.9308,1.9308,1.1298,1.7003,1.755,1.8246,1.8946,1.9308,1.9308,1.9308,1.9308,1.9308,1.9308,1.9308,1.9308
1.9282,1.9282,1.9282,1.9282,1.9282,1.9282,1.9282,1.9282,1.9282,1.9282,1.9282,1.9282,1.9282,0.9001,1.416,1.3593,1.2871,1.2146,1.1402,1.0659,0.9913,0.9167,0.8421,0.7675,0.6929,0.6183
1.9256,1.9256,1.9256,1.9256,1.9256,1.9256,1.9256,1.9256,1.9256,1.9256,1.8096,1.023,1.9256,1.9256,1.9256,1.9256,1.9256,1.9256,1.9256,1.9256,1.9256,1.9256,1.9256,1.9256,1.9256,1.9256
1.923,1.923,1.923,1.923,1.923,1.923,1.923,1.923,1.923,1.923,1.923,1.923,1.923,1.923,1.1534,1.9216,1.923,1.923,1.923,1.923,1.923,1.923,1.923,1.923,1.923,1.923
1.9204,1.9204,1.9204,1.9204,1.9204,1.9204,1.9204,1.9204,1.9204,1.9204,1.9204,1.9204,0.5487,1.5346,1.4845,1.4251,1.3494,1.2734,1.1954,1.1175,1.0393,0.9611,0.8829,0.8047,0.7265,0.6482
1.9179,1.9179,1.9179,1.9179,1.9179,1.9179,1.9179,1.9179,1.9179,1.9179,1.9179,1.9179,0.9089,1.6252,1.6705,1.7242,1.7927,1.8614,1.9179,1.9179,1.9179,1.9179,1.9179,1.9179,1.9179,1.9179
1.9153,1.9153,1.9153,1.9153,1.9153,1.9153,1.9153,1.9153,1.9153,1.9153,1.9153,1.9153,1.9153,0.5472,1.3196,1.9153,1.9153,1.9153,1.892,1.7686,1.6449,1.5211,1.3973,1.2735,1.1497,1.0259
1.9127,1.9127,1.9127,1.9127,1.9127,1.9127,1.9127,1.9127,1.9127,1.9127,1.6889,0.9547,1.9127,1.9127,1.9127,1.9127,1.9127,1.9127,1.9127,1.9127,1.9127,1.9127,1.9127,1.9127,1.9127,1.9127
1.9102,1.9102,1.9102,1.9102,1.9102,1.9102,1.9102,1.9102,1.9102,1.9102,1.9102,1.9102,1.9102,0.5858,1.7573,1.9102,1.9102,1.9102,1.9102,1.9102,1.9102,1.9102,1.9102,1.9102,1.9102,1.9102
1.9077,1.9077,1.9077,1.9077,1.9077,1.9077,1.9077,1.9077,1.9077,1.9077,1.9077,1.9077,1.9077,1.3588,1.3144,1.2618,1.1948,1.1275,1.0585,0.9894,0.9202,0.851,0.7817,0.7125,0.6432,0.574
1.9051,1.9051,1.9051,1.9051,1.9051,1.9051,1.9051,1.9051,1.9051,1.9051,1.9051,1.3133,1.9051,1.9051,1.9051,1.9051,1.9051,1.9051,1.9051,1.9051,1.9051,1.9051,1.9051,1.9051,1.9051,1.9051
1.9026,1.9026,1.9026,1.9026,1.9026,1.9026,1.9026,1.9026,1.9026,1.9026,1.9026,1.9026,1.9026,1.9026,1.1059,1.8425,1.9026,1.9026,1.9026,1.9026,1.9026,1.9026,1.9026,1.9026,1.9026,1.9026
1.9001,1.9001,1.9001,1.9001,1.9001,1.9001,1.9001,1.9001,1.9001,1.9001,1.9001,1.2639,1.9001,1.9001,1.9001,1.9001,1.8188,1.7163,1.6112,1.5061,1.4008,1.2954,1.19,1.0845,0.9791,0.8737
1.8976,1.8976,1.8976,1.8976,1.8976,1.8976,1.8976,1.8976,1.8976,1.8976,1.8976,1.8976,1.8976,1.6081,1.653,1.7061,1.7738,1.8418,1.8976,1.8976,1.8976,1.8976,1.8976,1.8976,1.8976,1.8976
1.895,1.895,1.895,1.895,1.895,1.895,1.895,1.895,1.895,1.895,1.895,1.895,1.895,0.6273,1.6378,1.5723,1.4888,1.4049,1.3189,1.2329,1.1466,1.0603,0.9741,0.8878,0.8015,0.7152
1.8925,1.8925,1.8925,1.8925,1.8925,1.8925,1.8925,1.8925,1.8925,1.8925,1.724,0.9745,1.8925,1.8925,1.8925,1.8925,1.8925,1.8925,1.8925,1.8925,1.8925,1.8925,1.8925,1.8925,1.8925,1.8925
1.89,1.89,1.89,1.89,1.89,1.89,1.89,1.89,1.89,1.89,1.89,1.89,1.89,0.54,1.3024,1.89,1.89,1.89,1.89,1.89,1.89,1.89,1.89,1.89,1.89,1.89
1.8876,1.8876,1.8876,1.8876,1.8876,1.8876,1.8876,1.8876,1.8876,1.8876,1.8876,1.8876,0.7823,1.431,1.3843,1.3289,1.2583,1.1874,1.1147,1.042,0.9691,0.8962,0.8233,0.7503,0.6774,0.6045
1.8851,1.8851,1.8851,1.8851,1.8851,1.8851,1.8851,1.8851,1.8851,1.8851,1.8851,1.8851,0.5386,1.7949,1.845,1.8851,1.8851,1.8851,1.8851,1.8851,1.8851,1.8851,1.8851,1.8851,1.8851,1.8851
1.8826,1.8826,1.8826,1.8826,1.8826,1.8826,1.8826,1.8826,1.8826,1.8826,1.8826,1.8826,1.8826,0.5379,1.2024,1.8826,1.8826,1.8826,1.8826,1.8826,1.8826,1.8826,1.8826,1.8826,1.7906,1.5978
1.8801,1.8801,1.8801,1.8801,1.8801,1.8801,1.8801,1.8801,1.8801,1.8801,1.827,1.0328,1.8801,1.8801,1.8801,1.8801,1.8801,1.8801,1.8801,1.8801,1.8801,1.8801,1.8801,1.8801,1.8117,1.6166
1.8777,1.8777,1.8777,1.8777,1.8777,1.8777,1.8777,1.8777,1.8777,1.8777,1.8777,1.8777,1.8777,0.8431,1.8576,1.8777,1.8777,1.8777,1.8777,1.8777,1.8777,1.8777,1.8777,1.8777,1.8777,1.8777
1.8752,1.8752,1.8752,1.8752,1.8752,1.8752,1.8752,1.8752,1.8752,1.8752,1.8752,1.8752,1.8752,1.3513,1.394,1.3382,1.2671,1.1958,1.1225,1.0493,0.9759,0.9025,0.8291,0.7556,0.6822,0.6087
1.8728,1.8728,1.8728,1.8728,1.8728,1.8728,1.8728,1.8728,1.8728,1.8728,1.8728,1.134,1.8728,1.8728,1.8728,1.8728,1.8728,1.8728,1.8728,1.8728,1.8728,1.8728,1.8728,1.8728,1.8728,1.8728
1.8703,1.8703,1.8703,1.8703,1.8703,1.8703,1.8703,1.8703,1.8703,1.8703,1.8703,1.8703,1.8703,0.5344,1.1506,1.8703,1.8703,1.8703,1.8703,1.8703,1.8703,1.8703,1.8703,1.8703,1.8703,1.8703
1.8679,1.8679,1.8679,1.8679,1.8679,1.8679,1.8679,1.8679,1.8679,1.8679,1.8679,1.6366,0.5337,1.7287,1.6723,1.6053,1.5201,1.4344,1.3466,1.2588,1.1707,1.0826,0.9945,0.9064,0.8183,0.7302
1.8655,1.8655,1.8655,1.8655,1.8655,1.8655,1.8655,1.8655,1.8655,1.8655,1.8655,1.8655,1.8655,1.6419,1.6876,1.7419,1.811,1.8655,1.8655,1.8655,1.8655,1.8655,1.8655,1.8655,1.8655,1.8655
1.863,1.863,1.863,1.863,1.863,1.863,1.863,1.863,1.863,1.863,1.863,1.863,1.863,0.5323,1.5133,1.863,1.8554,1.7509,1.6437,1.5365,1.429,1.3215,1.214,1.1064,0.9989,0.8913
1.8606,1.8606,1.8606,1.8606,1.8606,1.8606,1.8606,1.8606,1.8606,1.8606,1.7272,0.9764,1.8606,1.8606,1.8606,1.8606,1.8606,1.8606,1.8606,1.8606,1.8606,1.8606,1.8606,1.8606,1.8606,1.8606
1.8582,1.8582,1.8582,1.8582,1.8582,1.8582,1.8582,1.8582,1.8582,1.8582,1.8582,1.8582,1.8582,0.5309,1.5713,1.8582,1.8582,1.8582,1.8582,1.8582,1.8582,1.8582,1.8582,1.8582,1.8582,1.8582
1.8558,1.8558,1.8558,1.8558,1.8558,1.8558,1.8558,1.8558,1.8558,1.8558,1.8558,1.8558,1.8558,1.4065,1.3605,1.3061,1.2367,1.167,1.0956,1.0241,0.9525,0.8808,0.8092,0.7375,0.6658,0.5941
1.8534,1.8534,1.8534,1.8534,1.8534,1.8534,1.8534,1.8534,1.8534,1.8534,1.8534,1.5745,0.5295,1.8534,1.8534,1.8534,1.8534,1.8534,1.8534,1.8534,1.8534,1.8534,1.8534,1.8534,1.8534,1.8534
1.851,1.851,1.851,1.851,1.851,1.851,1.851,1.851,1.851,1.851,1.851,1.851,1.851,0.5289,1.1586,1.851,1.851,1.851,1.851,1.851,1.851,1.851,1.851,1.851,1.851,1.851
1.8486,1.8486,1.8486,1.8486,1.8486,1.8486,1.8486,1.8486,1.8486,1.8486,1.8486,1.1812,1.8486,1.8486,1.8486,1.8486,1.8486,1.8486,1.8486,1.8486,1.7291,1.599,1.4689,1.3387,1.2086,1.0785
1.8462,1.8462,1.8462,1.8462,1.8462,1.8462,1.8462,1.8462,1.8462,1.8462,1.8462,1.8462,1.8462,1.5853,1.7531,1.8095,1.8462,1.8462,1.8462,1.8462,1.8462,1.8462,1.8462,1.8462,1.8462,1.8462
1.8439,1.8439,1.8439,1.8439,1.8439,1.8439,1.8439,1.8439,1.8439,1.8439,1.8439,1.8439,1.8439,0.8033,1.5582,1.4958,1.4163,1.3366,1.2547,1.1729,1.0908,1.0088,0.9267,0.8446,0.7625,0.6804
1.8415,1.8415,1.8415,1.8415,1.8415,1.8415,1.8415,1.8415,1.8415,1.8415,1.8415,1.0467,1.8415,1.8415,1.8415,1.8415,1.8415,1.8415,1.8415,1.8415,1.8415,1.8415,1.8415,1.8415,1.8415,1.8415
1.8391,1.8391,1.8391,1.8391,1.8391,1.8391,1.8391,1.8391,1.8391,1.8391,1.8391,1.8391,1.8391,0.5255,1.2589,1.8391,1.8391,1.8391,1.8391,1.8391,1.8391,1.8391,1.8391,1.8391,1.8391,1.8391
1.8368,1.8368,1.8368,1.8368,1.8368,1.8368,1.8368,1.8368,1.8368,1.8368,1.8368,1.8368,0.5606,1.5576,1.5067,1.4464,1.3696,1.2924,1.2133,1.1342,1.0548,0.9755,0.8961,0.8167,0.7373,0.6579
1.8344,1.8344,1.8344,1.8344,1.8344,1.8344,1.8344,1.8344,1.8344,1.8344,1.8344,1.8344,0.7206,1.7606,1.8097,1.8344,1.8344,1.8344,1.8344,1.8344,1.8344,1.8344,1.8344,1.8344,1.8344,1.8344
1.8321,1.8321,1.8321,1.8321,1.8321,1.8321,1.8321,1.8321,1.8321,1.8321,1.8321,1.8321,1.8321,0.5235,1.3274,1.8321,1.8321,1.8321,1.8321,1.8321,1.8321,1.8321,1.6933,1.5433,1.3933,1.2432
1.8297,1.8297,1.8297,1.8297,1.8297,1.8297,1.8297,1.8297,1.8297,1.8297,1.8165,1.0269,1.8297,1.8297,1.8297,1.8297,1.8297,1.8297,1.8297,1.8297,1.8297,1.8297,1.8297,1.8297,1.8297,1.8297
1.8274,1.8274,1.8274,1.8274,1.8274,1.8274,1.8274,1.8274,1.8274,1.8274,1.8274,1.8274,1.8274,0.6938,1.8274,1.8274,1.8274,1.8274,1.8274,1.8274,1.8274,1.8274,1.8274,1.8274,1.8274,1.8274
1.8251,1.8251,1.8251,1.8251,1.8251,1.8251,1.8251,1.8251,1.8251,1.8251,1.8251,1.8251,1.8251,1.4514,1.4041,1.3479,1.2763,1.2044,1.1306,1.0569,0.983,0.909,0.835,0.7611,0.6871,0.6131
1.8228,1.8228,1.8228,1.8228,1.8228,1.8228,1.8228,1.8228,1.8228,1.8228,1.8228,1.293,1.8228,1.8228,1.8228,1.8228,1.8228,1.8228,1.8228,1.8228,1.8228,1.8228,1.8228,1.8228,1.8228,1.8228
1.8204,1.8204,1.8204,1.8204,1.8204,1.8204,1.8204,1.8204,1.8204,1.8204,1.8204,1.8204,1.8204,0.5201,1.1734,1.8204,1.8204,1.8204,1.8204,1.8204,1.8204,1.8204,1.8204,1.8204,1.8204,1.8204
1.8181,1.8181,1.8181,1.8181,1.8181,1.8181,1.8181,1.8181,1.8181,1.8181,1.8181,1.449,0.5195,1.8181,1.8181,1.8181,1.7667,1.6671,1.5651,1.463,1.3607,1.2583,1.1559,1.0535,0.9511,0.8487
1.8158,1.8158,1.8158,1.8158,1.8158,1.8158,1.8158,1.8158,1.8158,1.8158,1.8158,1.8158,1.8158,1.6949,1.7421,1.7981,1.8158,1.8158,1.8158,1.8158,1.8158,1.8158,1.8158,1.8158,1.8158,1.8158
1.8135,1.8135,1.8135,1.8135,1.8135,1.8135,1.8135,1.8135,1.8135,1.8135,1.8135,1.8135,1.8135,0.5995,1.7983,1.7806,1.6861,1.5911,1.4936,1.3962,1.2986,1.2009,1.1031,1.0054,0.9077,0.8099
1.8112,1.8112,1.8112,1.8112,1.8112,1.8112,1.8112,1.8112,1.8112,1.8112,1.8047,1.0202,1.8112,1.8112,1.8112,1.8112,1.8112,1.8112,1.8112,1.8112,1.8112,1.8112,1.8112,1.8112,1.8112,1.8112
1.809,1.809,1.809,1.809,1.809,1.809,1.809,1.809,1.809,1.809,1.809,1.809,1.809,0.5168,1.4595,1.809,1.809,1.809,1.809,1.809,1.809,1.809,1.809,1.809,1.809,1.809
1.8067,1.8067,1.8067,1.8067,1.8067,1.8067,1.8067,1.8067,1.8067,1.8067,1.8067,1.8067,1.1609,1.4876,1.439,1.3814,1.3081,1.2344,1.1588,1.0832,1.0074,0.9316,0.8558,0.78,0.7042,0.6284
1.8044,1.8044,1.8044,1.8044,1.8044,1.8044,1.8044,1.8044,1.8044,1.8044,1.8044,1.8044,0.5155,1.8044,1.8044,1.8044,1.8044,1.8044,1.8044,1.8044,1.8044,1.8044,1.8044,1.8044,1.8044,1.8044
1.8021,1.8021,1.8021,1.8021,1.8021,1.8021,1.8021,1.8021,1.8021,1.8021,1.8021,1.8021,1.8021,0.5149,1.2408,1.8021,1.8021,1.8021,1.8021,1.8021,1.8021,1.8021,1.8021,1.8021,1.8021,1.8021
1.7999,1.7999,1.7999,1.7999,1.7999,1.7999,1.7999,1.7999,1.7999,1.7999,1.7999,1.137,1.7999,1.7999,1.7999,1.7999,1.7999,1.7999,1.7999,1.7999,1.7999,1.7999,1.7999,1.7612,1.59,1.4188
1.7976,1.7976,1.7976,1.7976,1.7976,1.7976,1.7976,1.7976,1.7976,1.7976,1.7976,1.7976,1.7976,1.0791,1.7976,1.7976,1.7976,1.7976,1.7976,1.7976,1.7976,1.7976,1.7976,1.7976,1.7976,1.7976
1.7954,1.7954,1.7954,1.7954,1.7954,1.7954,1.7954,1.7954,1.7954,1.7954,1.7954,1.7954,1.7954,1.1199,1.5229,1.462,1.3843,1.3063,1.2264,1.1464,1.0662,0.986,0.9057,0.8255,0.7452,0.665
1.7931,1.7931,1.7931,1.7931,1.7931,1.7931,1.7931,1.7931,1.7931,1.7931,1.7931,1.1514,1.7931,1.7931,1.7931,1.7931,1.7931,1.7931,1.7931,1.7931,1.7931,1.7931,1.7931,1.7931,1.7931,1.7931
1.7909,1.7909,1.7909,1.7909,1.7909,1.7909,1.7909,1.7909,1.7909,1.7909,1.7909,1.7909,1.7909,0.5117,1.2479,1.7909,1.7909,1.7909,1.7909,1.7909,1.7909,1.7909,1.7909,1.7909,1.7909,1.7909
1.7886,1.7886,1.7886,1.7886,1.7886,1.7886,1.7886,1.7886,1.7886,1.7886,1.7886,1.7886,0.511,1.7388,1.682,1.6147,1.5289,1.4428,1.3545,1.2661,1.1776,1.089,1.0003,0.9117,0.8231,0.7345
1.7864,1.7864,1.7864,1.7864,1.7864,1.7864,1.7864,1.7864,1.7864,1.7864,1.7864,1.7864,1.2659,1.7685,1.7864,1.7864,1.7864,1.7864,1.7864,1.7864,1.7864,1.7864,1.7864,1.7864,1.7864,1.7864
1.7842,1.7842,1.7842,1.7842,1.7842,1.7842,1.7842,1.7842,1.7842,1.7842,1.7842,1.7842,1.7842,0.5098,1.506,1.7842,1.7842,1.7842,1.7842,1.7842,1.6842,1.5575,1.4308,1.304,1.1773,1.0505
1.782,1.782,1.782,1.782,1.782,1.782,1.782,1.782,1.782,1.782,1.782,1.0446,1.782,1.782,1.782,1.782,1.782,1.782,1.782,1.782,1.782,1.782,1.782,1.782,1.782,1.782
1.7798,1.7798,1.7798,1.7798,1.7798,1.7798,1.7798,1.7798,1.7798,1.7798,1.7798,1.7798,1.7798,0.6076,1.7798,1.7798,1.7798,1.7798,1.7798,1.7798,1.7798,1.7798,1.7798,1.7798,1.7798,1.7798
1.7776,1.7776,1.7776,1.7776,1.7776,1.7776,1.7776,1.7776,1.7776,1.7776,1.7776,1.7776,1.7776,1.4949,1.4461,1.3882,1.3145,1.2404,1.1645,1.0885,1.0124,0.9362,0.86,0.7838,0.7076,0.6314
1.7754,1.7754,1.7754,1.7754,1.7754,1.7754,1.7754,1.7754,1.7754,1.7754,1.7754,1.5251,0.5072,1.7754,1.7754,1.7754,1.7754,1.7754,1.7754,1.7754,1.7754,1.7754,1.7754,1.7754,1.7754,1.7754
1.7732,1.7732,1.7732,1.7732,1.7732,1.7732,1.7732,1.7732,1.7732,1.7732,1.7732,1.7732,1.7732,0.5066,1.2233,1.7732,1.7732,1.7732,1.7732,1.7732,1.7732,1.7732,1.7732,1.7732,1.7732,1.7732
1.771,1.771,1.771,1.771,1.771,1.771,1.771,1.771,1.771,1.771,1.771,1.3372,0.506,1.771,1.771,1.771,1.771,1.771,1.771,1.7682,1.6445,1.5207,1.397,1.2732,1.1495,1.0257
1.7688,1.7688,1.7688,1.7688,1.7688,1.7688,1.7688,1.7688,1.7688,1.7688,1.7688,1.7688,1.7688,1.7688,1.7688,1.7688,1.7688,1.7688,1.7688,1.7688,1.7688,1.7688,1.7688,1.7688,1.7688,1.7688
1.7666,1.7666,1.7666,1.7666,1.7666,1.7666,1.7666,1.7666,1.7666,1.7666,1.7666,1.7666,1.7666,0.7463,1.7469,1.677,1.5879,1.4985,1.4067,1.315,1.223,1.131,1.0389,0.9469,0.8548,0.7628
1.7644,1.7644,1.7644,1.7644,1.7644,1.7644,1.7644,1.7644,1.7644,1.7644,1.7644,1.09,1.7644,1.7644,1.7644,1.7644,1.7644,1.7644,1.7644,1.7644,1.7644,1.7644,1.7644,1.7644,1.7644,1.7644
1.7623,1.7623,1.7623,1.7623,1.7623,1.7623,1.7623,1.7623,1.7623,1.7623,1.7623,1.7623,1.7623,0.5035,1.3992,1.7623,1.7623,1.7623,1.7623,1.7623,1.7623,1.7623,1.7623,1.7623,1.7623,1.7623
1.7601,1.7601,1.7601,1.7601,1.7601,1.7601,1.7601,1.7601,1.7601,1.7601,1.7601,1.7601,0.7381,1.6099,1.5573,1.495,1.4156,1.3359,1.2541,1.1723,1.0903,1.0082,0.9262,0.8441,0.7621,0.68
1.7579,1.7579,1.7579,1.7579,1.7579,1.7579,1.7579,1.7579,1.7579,1.7579,1.7579,1.7579,0.6191,1.7579,1.7579,1.7579,1.7579,1.7579,1.7579,1.7579,1.7579,1.7579,1.7579,1.7579,1.7579,1.7579
1.7558,1.7558,1.7558,1.7558,1.7558,1.7558,1.7558,1.7558,1.7558,1.7558,1.7558,1.7558,1.7558,0.5017,1.361,1.7558,1.7558,1.7558,1.7558,1.7558,1.7558,1.7558,1.7558,1.7558,1.7558,1.5674
1.7536,1.7536,1.7536,1.7536,1.7536,1.7536,1.7536,1.7536,1.7536,1.7536,1.7536,1.124,1.7536,1.7536,1.7536,1.7536,1.7536,1.7536,1.7536,1.7536,1.7536,1.7536,1.7536,1.7536,1.7536,1.7536
1.7515,1.7515,1.7515,1.7515,1.7515,1.7515,1.7515,1.7515,1.7515,1.7515,1.7515,1.7515,1.7515,0.8487,1.7515,1.7515,1.7515,1.7515,1.7515,1.7515,1.7515,1.7515,1.7515,1.7515,1.7515,1.7515
1.7494,1.7494,1.7494,1.7494,1.7494,1.7494,1.7494,1.7494,1.7494,1.7494,1.7494,1.7494,1.7494,1.5777,1.5262,1.4651,1.3873,1.3091,1.229,1.1488,1.0685,0.9881,0.9077,0.8273,0.7468,0.6664
1.7472,1.7472,1.7472,1.7472,1.7472,1.7472,1.7472,1.7472,1.7472,1.7472,1.7472,1.3012,0.4992,1.7472,1.7472,1.7472,1.7472,1.7472,1.7472,1.7472,1.7472,1.7472,1.7472,1.7472,1.7472,1.7472
1.7451,1.7451,1.7451,1.7451,1.7451,1.7451,1.7451,1.7451,1.7451,1.7451,1.7451,1.7451,1.7451,0.4986,1.267,1.7451,1.7451,1.7451,1.7451,1.7451,1.7451,1.7451,1.7451,1.7451,1.7451,1.7451
1.743,1.743,1.743,1.743,1.743,1.743,1.743,1.743,1.743,1.743,1.743,1.703,0.498,1.743,1.743,1.743,1.743,1.6587,1.5572,1.4556,1.3538,1.2519,1.1501,1.0482,0.9463,0.8444
1.7409,1.7409,1.7409,1.7409,1.7409,1.7409,1.7409,1.7409,1.7409,1.7409,1.7409,1.7409,1.7409,1.7409,1.7409,1.7409,1.7409,1.7409,1.7409,1.7409,1.7409,1.7409,1.7409,1.7409,1.7409,1.7409
1.7388,1.7388,1.7388,1.7388,1.7388,1.7388,1.7388,1.7388,1.7388,1.7388,1.7388,1.7388,1.7388,0.5885,1.7388,1.7388,1.7388,1.7388,1.7308,1.6179,1.5047,1.3915,1.2782,1.165,1.0518,0.9385
1.7366,1.7366,1.7366,1.7366,1.7366,1.7366,1.7366,1.7366,1.7366,1.7366,1.7366,1.0872,1.7366,1.7366,1.7366,1.7366,1.7366,1.7366,1.7366,1.7366,1.7366,1.7366,1.7366,1.7366,1.7366,1.7366
1.7345,1.7345,1.7345,1.7345,1.7345,1.7345,1.7345,1.7345,1.7345,1.7345,1.7345,1.7345,1.7345,0.5571,1.6711,1.7345,1.7345,1.7345,1.7345,1.7345,1.7345,1.7345,1.7345,1.7345,1.7345,1.7345
1.7324,1.7324,1.7324,1.7324,1.7324,1.7324,1.7324,1.7324,1.7324,1.7324,1.7324,1.7324,1.7324,1.5749,1.5235,1.4626,1.3849,1.3069,1.2268,1.1468,1.0666,0.9864,0.9061,0.8258,0.7455,0.6653
1.7304,1.7304,1.7304,1.7304,1.7304,1.7304,1.7304,1.7304,1.7304,1.7304,1.7304,1.7304,0.4944,1.7304,1.7304,1.7304,1.7304,1.7304,1.7304,1.7304,1.7304,1.7304,1.7304,1.7304,1.7304,1.7304
1.7283,1.7283,1.7283,1.7283,1.7283,1.7283,1.7283,1.7283,1.7283,1.7283,1.7283,1.7283,1.7283,0.4938,1.3048,1.7283,1.7283,1.7283,1.7283,1.7283,1.7283,1.7283,1.7283,1.7283,1.7283,1.7283
1.7262,1.7262,1.7262,1.7262,1.7262,1.7262,1.7262,1.7262,1.7262,1.7262,1.7262,1.277,1.7262,1.7262,1.7262,1.7262,1.7262,1.7262,1.7262,1.7262,1.7262,1.7262,1.7262,1.6215,1.4639,1.3063
1.7241,1.7241,1.7241,1.7241,1.7241,1.7241,1.7241,1.7241,1.7241,1.7241,1.7241,1.7241,1.7241,1.4709,1.7241,1.7241,1.7241,1.7241,1.7241,1.7241,1.7241,1.7241,1.7241,1.7241,1.7241,1.7241
1.722,1.722,1.722,1.722,1.722,1.722,1.722,1.722,1.722,1.722,1.722,1.722,1.722,0.9924,1.6966,1.6287,1.5422,1.4553,1.3662,1.2771,1.1877,1.0984,1.009,0.9196,0.8302,0.7408
1.72,1.72,1.72,1.72,1.72,1.72,1.72,1.72,1.72,1.72,1.72,1.1931,1.72,1.72,1.72,1.72,1.72,1.72,1.72,1.72,1.72,1.72,1.72,1.72,1.72,1.72
1.7179,1.7179,1.7179,1.7179,1.7179,1.7179,1.7179,1.7179,1.7179,1.7179,1.7179,1.7179,1.7179,0.4908,1.3799,1.7179,1.7179,1.7179,1.7179,1.7179,1.7179,1.7179,1.7179,1.7179,1.7179,1.7179
1.7159,1.7159,1.7159,1.7159,1.7159,1.7159,1.7159,1.7159,1.7159,1.7159,1.7159,1.7159,0.5638,1.7159,1.7159,1.6593,1.5712,1.4827,1.3919,1.3011,1.2101,1.1191,1.028,0.9369,0.8458,0.7548
1.7138,1.7138,1.7138,1.7138,1.7138,1.7138,1.7138,1.7138,1.7138,1.7138,1.7138,1.7138,0.9543,1.7138,1.7138,1.7138,1.7138,1.7138,1.7138,1.7138,1.7138,1.7138,1.7138,1.7138,1.7138,1.7138
1.7118,1.7118,1.7118,1.7118,1.7118,1.7118,1.7118,1.7118,1.7118,1.7118,1.7118,1.7118,1.7118,0.5112,1.5334,1.7118,1.7118,1.7118,1.7118,1.7118,1.7118,1.7118,1.7118,1.5861,1.4319,1.2777
1.7097,1.7097,1.7097,1.7097,1.7097,1.7097,1.7097,1.7097,1.7097,1.7097,1.7097,1.1394,1.7097,1.7097,1.7097,1.7097,1.7097,1.7097,1.7097,1.7097,1.7097,1.7097,1.7097,1.7097,1.7097,1.7097
1.7077,1.7077,1.7077,1.7077,1.7077,1.7077,1.7077,1.7077,1.7077,1.7077,1.7077,1.7077,1.7077,0.7249,1.7077,1.7077,1.7077,1.7077,1.7077,1.7077,1.7077,1.7077,1.7077,1.7077,1.7077,1.7077
1.7057,1.7057,1.7057,1.7057,1.7057,1.7057,1.7057,1.7057,1.7057,1.7057,1.7057,1.7057,1.7057,1.62,1.5671,1.5044,1.4245,1.3442,1.2619,1.1796,1.0971,1.0145,0.932,0.8494,0.7668,0.6843
1.7036,1.7036,1.7036,1.7036,1.7036,1.7036,1.7036,1.7036,1.7036,1.7036,1.7036,1.518,0.4867,1.7036,1.7036,1.7036,1.7036,1.7036,1.7036,1.7036,1.7036,1.7036,1.7036,1.7036,1.7036,1.7036
1.7016,1.7016,1.7016,1.7016,1.7016,1.7016,1.7016,1.7016,1.7016,1.7016,1.7016,1.7016,1.7016,0.4862,1.3172,1.7016,1.7016,1.7016,1.7016,1.7016,1.7016,1.7016,1.7016,1.7016,1.7016,1.7016
1.6996,1.6996,1.6996,1.6996,1.6996,1.6996,1.6996,1.6996,1.6996,1.6996,1.6996,1.5507,0.4856,1.6996,1.6996,1.6996,1.6996,1.6996,1.6996,1.6996,1.613,1.4916,1.3702,1.2488,1.1274,1.006
1.6976,1.6976,1.6976,1.6976,1.6976,1.6976,1.6976,1.6976,1.6976,1.6976,1.6976,1.6976,1.6976,1.6976,1.6976,1.6976,1.6976,1.6976,1.6976,1.6976,1.6976,1.6976,1.6976,1.6976,1.6976,1.6976
1.6956,1.6956,1.6956,1.6956,1.6956,1.6956,1.6956,1.6956,1.6956,1.6956,1.6956,1.6956,1.6956,0.7188,1.6956,1.6956,1.6956,1.6956,1.6137,1.5085,1.4029,1.2974,1.1918,1.0862,0.9806,0.875
1.6936,1.6936,1.6936,1.6936,1.6936,1.6936,1.6936,1.6936,1.6936,1.6936,1.6936,1.1586,1.6936,1.6936,1.6936,1.6936,1.6936,1.6936,1.6936,1.6936,1.6936,1.6936,1.6936,1.6936,1.6936,1.6936
1.6916,1.6916,1.6916,1.6916,1.6916,1.6916,1.6916,1.6916,1.6916,1.6916,1.6916,1.6916,1.6916,0.5301,1.59,1.6916,1.6916,1.6916,1.6916,1.6916,1.6916,1.6916,1.6916,1.6916,1.6916,1.6916
1.6896,1.6896,1.6896,1.6896,1.6896,1.6896,1.6896,1.6896,1.6896,1.6896,1.6896,1.6896,1.0509,1.6896,1.6441,1.5783,1.4945,1.4103,1.324,1.2376,1.151,1.0644,0.9778,0.8912,0.8046,0.7179
1.6876,1.6876,1.6876,1.6876,1.6876,1.6876,1.6876,1.6876,1.6876,1.6876,1.6876,1.6876,0.564,1.6876,1.6876,1.6876,1.6876,1.6876,1.6876,1.6876,1.6876,1.6876,1.6876,1.6876,1.6876,1.6876
1.6856,1.6856,1.6856,1.6856,1.6856,1.6856,1.6856,1.6856,1.6856,1.6856,1.6856,1.6856,1.6856,0.4816,1.4266,1.6856,1.6856,1.6856,1.6856,1.6856,1.6856,1.6856,1.6856,1.6856,1.6856,1.6856
1.6836,1.6836,1.6836,1.6836,1.6836,1.6836,1.6836,1.6836,1.6836,1.6836,1.6836,1.257,0.481,1.6836,1.6836,1.6836,1.6836,1.6836,1.6836,1.6836,1.6836,1.6836,1.6836,1.6836,1.6836,1.6836
1.6816,1.6816,1.6816,1.6816,1.6816,1.6816,1.6816,1.6816,1.6816,1.6816,1.6816,1.6816,1.6816,1.0837,1.6816,1.6816,1.6816,1.6816,1.6816,1.6816,1.6816,1.6816,1.6816,1.6816,1.6816,1.6816
1.6797,1.6797,1.6797,1.6797,1.6797,1.6797,1.6797,1.6797,1.6797,1.6797,1.6797,1.6797,1.6797,1.4676,1.6797,1.627,1.5406,1.4538,1.3648,1.2758,1.1865,1.0973,1.008,0.9187,0.8294,0.7401
1.6777,1.6777,1.6777,1.6777,1.6777,1.6777,1.6777,1.6777,1.6777,1.6777,1.6777,1.3417,0.4793,1.6777,1.6777,1.6777,1.6777,1.6777,1.6777,1.6777,1.6777,1.6777,1.6777,1.6777,1.6777,1.6777
1.6757,1.6757,1.6757,1.6757,1.6757,1.6757,1.6757,1.6757,1.6757,1.6757,1.6757,1.6757,1.6757,0.4788,1.3976,1.6757,1.6757,1.6757,1.6757,1.6757,1.6757,1.6757,1.6757,1.6757,1.6757,1.6757
1.6738,1.6738,1.6738,1.6738,1.6738,1.6738,1.6738,1.6738,1.6738,1.6738,1.6738,1.6738,0.4782,1.6738,1.6738,1.6738,1.6738,1.6738,1.5903,1.4865,1.3825,1.2785,1.1745,1.0704,0.9664,0.8623
1.6718,1.6718,1.6718,1.6718,1.6718,1.6718,1.6718,1.6718,1.6718,1.6718,1.6718,1.6718,1.6718,1.6718,1.6718,1.6718,1.6718,1.6718,1.6718,1.6718,1.6718,1.6718,1.6718,1.6718,1.6718,1.6718
1.6699,1.6699,1.6699,1.6699,1.6699,1.6699,1.6699,1.6699,1.6699,1.6699,1.6699,1.6699,1.6699,0.5944,1.6699,1.6699,1.6699,1.6699,1.6699,1.6699,1.6699,1.6597,1.5247,1.3896,1.2545,1.1194
1.6679,1.6679,1.6679,1.6679,1.6679,1.6679,1.6679,1.6679,1.6679,1.6679,1.6679,1.1844,1.6679,1.6679,1.6679,1.6679,1.6679,1.6679,1.6679,1.6679,1.6679,1.6679,1.6679,1.6679,1.6679,1.6679
1.666,1.666,1.666,1.666,1.666,1.666,1.666,1.666,1.666,1.666,1.666,1.666,1.666,0.6554,1.666,1.666,1.666,1.666,1.666,1.666,1.666,1.666,1.666,1.666,1.666,1.666
1.6641,1.6641,1.6641,1.6641,1.6641,1.6641,1.6641,1.6641,1.6641,1.6641,1.6641,1.6641,1.6641,1.6641,1.6494,1.5834,1.4993,1.4148,1.3282,1.2416,1.1547,1.0678,0.9809,0.894,0.8071,0.7202
1.6621,1.6621,1.6621,1.6621,1.6621,1.6621,1.6621,1.6621,1.6621,1.6621,1.6621,1.6621,0.4749,1.6621,1.6621,1.6621,1.6621,1.6621,1.6621,1.6621,1.6621,1.6621,1.6621,1.6621,1.6621,1.6621
1.6602,1.6602,1.6602,1.6602,1.6602,1.6602,1.6602,1.6602,1.6602,1.6602,1.6602,1.6602,1.6602,0.4743,1.4038,1.6602,1.6602,1.6602,1.6602,1.6602,1.6602,1.6602,1.6602,1.6602,1.6602,1.6602
1.6583,1.6583,1.6583,1.6583,1.6583,1.6583,1.6583,1.6583,1.6583,1.6583,1.6583,1.4707,0.4738,1.6583,1.6583,1.6583,1.6583,1.6583,1.6583,1.6583,1.6583,1.6583,1.6583,1.5577,1.4063,1.2549
1.6564,1.6564,1.6564,1.6564,1.6564,1.6564,1.6564,1.6564,1.6564,1.6564,1.6564,1.6564,1.6564,1.6564,1.6564,1.6564,1.6564,1.6564,1.6564,1.6564,1.6564,1.6564,1.6564,1.6564,1.6564,1.6564
1.6545,1.6545,1.6545,1.6545,1.6545,1.6545,1.6545,1.6545,1.6545,1.6545,1.6545,1.6545,1.6545,0.9276,1.6545,1.6545,1.6545,1.6545,1.5598,1.4581,1.3561,1.2541,1.152,1.05,0.9479,0.8458
1.6526,1.6526,1.6526,1.6526,1.6526,1.6526,1.6526,1.6526,1.6526,1.6526,1.6526,1.2667,0.4722,1.6526,1.6526,1.6526,1.6526,1.6526,1.6526,1.6526,1.6526,1.6526,1.6526,1.6526,1.6526,1.6526
1.6507,1.6507,1.6507,1.6507,1.6507,1.6507,1.6507,1.6507,1.6507,1.6507,1.6507,1.6507,1.6507,0.5212,1.5633,1.6507,1.6507,1.6507,1.6507,1.6507,1.6507,1.6507,1.6507,1.6507,1.6507,1.6507
1.6488,1.6488,1.6488,1.6488,1.6488,1.6488,1.6488,1.6488,1.6488,1.6488,1.6488,1.6488,0.7399,1.6488,1.6488,1.6488,1.6488,1.5627,1.4671,1.3714,1.2754,1.1795,1.0835,0.9875,0.8915,0.7955
1.6469,1.6469,1.6469,1.6469,1.6469,1.6469,1.6469,1.6469,1.6469,1.6469,1.6469,1.6469,0.8083,1.6469,1.6469,1.6469,1.6469,1.6469,1.6469,1.6469,1.6469,1.6469,1.6469,1.6469,1.6469,1.6469
1.645,1.645,1.645,1.645,1.645,1.645,1.645,1.645,1.645,1.645,1.645,1.645,1.645,0.5345,1.6034,1.645,1.645,1.645,1.645,1.645,1.645,1.645,1.645,1.645,1.645,1.6204
1.6431,1.6431,1.6431,1.6431,1.6431,1.6431,1.6431,1.6431,1.6431,1.6431,1.6431,1.2733,0.4695,1.6431,1.6431,1.6431,1.6431,1.6431,1.6431,1.6431,1.6431,1.6431,1.6431,1.6431,1.6431,1.6431
1.6412,1.6412,1.6412,1.6412,1.6412,1.6412,1.6412,1.6412,1.6412,1.6412,1.6412,1.6412,1.6412,0.8968,1.6412,1.6412,1.6412,1.6412,1.6412,1.6412,1.6412,1.6412,1.6412,1.6412,1.6412,1.6412
1.6393,1.6393,1.6393,1.6393,1.6393,1.6393,1.6393,1.6393,1.6393,1.6393,1.6393,1.6393,1.6393,1.6393,1.6393,1.6393,1.582,1.4929,1.4015,1.3101,1.2184,1.1267,1.0351,0.9434,0.8517,0.76
1.6375,1.6375,1.6375,1.6375,1.6375,1.6375,1.6375,1.6375,1.6375,1.6375,1.6375,1.5573,0.4678,1.6375,1.6375,1.6375,1.6375,1.6375,1.6375,1.6375,1.6375,1.6375,1.6375,1.6375,1.6375,1.6375
1.6356,1.6356,1.6356,1.6356,1.6356,1.6356,1.6356,1.6356,1.6356,1.6356,1.6356,1.6356,1.6356,0.4847,1.4541,1.6356,1.6356,1.6356,1.6356,1.6356,1.6356,1.6356,1.6356,1.6356,1.6356,1.6356
1.6337,1.6337,1.6337,1.6337,1.6337,1.6337,1.6337,1.6337,1.6337,1.6337,1.6337,1.6337,0.4668,1.6337,1.6337,1.6337,1.6337,1.6337,1.6337,1.6337,1.6337,1.5121,1.3891,1.266,1.1429,1.0199
1.6319,1.6319,1.6319,1.6319,1.6319,1.6319,1.6319,1.6319,1.6319,1.6319,1.6319,1.6319,1.6319,1.6319,1.6319,1.6319,1.6319,1.6319,1.6319,1.6319,1.6319,1.6319,1.6319,1.6319,1.6319,1.6319
1.63,1.63,1.63,1.63,1.63,1.63,1.63,1.63,1.63,1.63,1.63,1.63,1.63,0.7182,1.63,1.63,1.63,1.63,1.63,1.63,1.63,1.5331,1.4083,1.2836,1.1588,1.034
1.6282,1.6282,1.6282,1.6282,1.6282,1.6282,1.6282,1.6282,1.6282,1.6282,1.6282,1.2639,0.4652,1.6282,1.6282,1.6282,1.6282,1.6282,1.6282,1.6282,1.6282,1.6282,1.6282,1.6282,1.6282,1.6282
1.6263,1.6263,1.6263,1.6263,1.6263,1.6263,1.6263,1.6263,1.6263,1.6263,1.6263,1.6263,1.6263,0.62,1.6263,1.6263,1.6263,1.6263,1.6263,1.6263,1.6263,1.6263,1.6263,1.6263,1.6263,1.6263
1.6245,1.6245,1.6245,1.6245,1.6245,1.6245,1.6245,1.6245,1.6245,1.6245,1.6245,1.6245,1.6245,1.6245,1.6245,1.6245,1.6204,1.5291,1.4354,1.3418,1.248,1.1541,1.0602,0.9662,0.8723,0.7784
1.6226,1.6226,1.6226,1.6226,1.6226,1.6226,1.6226,1.6226,1.6226,1.6226,1.6226,1.6226,0.5407,1.6226,1.6226,1.6226,1.6226,1.6226,1.6226,1.6226,1.6226,1.6226,1.6226,1.6226,1.6226,1.6226
1.6208,1.6208,1.6208,1.6208,1.6208,1.6208,1.6208,1.6208,1.6208,1.6208,1.6208,1.6208,1.6208,0.5124,1.5369,1.6208,1.6208,1.6208,1.6208,1.6208,1.6208,1.6208,1.6208,1.6208,1.6208,1.6208
1.619,1.619,1.619,1.619,1.619,1.619,1.619,1.619,1.619,1.619,1.619,1.4457,0.4626,1.619,1.619,1.619,1.619,1.619,1.619,1.619,1.619,1.619,1.619,1.619,1.619,1.619
1.6171,1.6171,1.6171,1.6171,1.6171,1.6171,1.6171,1.6171,1.6171,1.6171,1.6171,1.6171,1.6171,1.47,1.6171,1.6171,1.6171,1.6171,1.6171,1.6171,1.6171,1.6171,1.6171,1.6171,1.6171,1.6171
1.6153,1.6153,1.6153,1.6153,1.6153,1.6153,1.6153,1.6153,1.6153,1.6153,1.6153,1.6153,1.6153,1.2986,1.6153,1.6153,1.6153,1.6153,1.5586,1.457,1.3551,1.2531,1.1511,1.0492,0.9472,0.8452
1.6135,1.6135,1.6135,1.6135,1.6135,1.6135,1.6135,1.6135,1.6135,1.6135,1.6135,1.4253,0.461,1.6135,1.6135,1.6135,1.6135,1.6135,1.6135,1.6135,1.6135,1.6135,1.6135,1.6135,1.6135,1.6135
1.6117,1.6117,1.6117,1.6117,1.6117,1.6117,1.6117,1.6117,1.6117,1.6117,1.6117,1.6117,1.6117,0.5287,1.5858,1.6117,1.6117,1.6117,1.6117,1.6117,1.6117,1.6117,1.6117,1.6117,1.6117,1.6117
1.6099,1.6099,1.6099,1.6099,1.6099,1.6099,1.6099,1.6099,1.6099,1.6099,1.6099,1.6099,0.6006,1.6099,1.6099,1.6099,1.6099,1.6099,1.6099,1.5664,1.4568,1.3472,1.2376,1.1279,1.0183,0.9087
1.6081,1.6081,1.6081,1.6081,1.6081,1.6081,1.6081,1.6081,1.6081,1.6081,1.6081,1.6081,1.3723,1.6081,1.6081,1.6081,1.6081,1.6081,1.6081,1.6081,1.6081,1.6081,1.6081,1.6081,1.6081,1.6081
1.6063,1.6063,1.6063,1.6063,1.6063,1.6063,1.6063,1.6063,1.6063,1.6063,1.6063,1.6063,1.6063,0.6206,1.6063,1.6063,1.6063,1.6063,1.6063,1.6063,1.6063,1.6063,1.6063,1.6063,1.5553,1.3879
1.6045,1.6045,1.6045,1.6045,1.6045,1.6045,1.6045,1.6045,1.6045,1.6045,1.6045,1.3279,0.4584,1.6045,1.6045,1.6045,1.6045,1.6045,1.6045,1.6045,1.6045,1.6045,1.6045,1.6045,1.6045,1.6045
1.6027,1.6027,1.6027,1.6027,1.6027,1.6027,1.6027,1.6027,1.6027,1.6027,1.6027,1.6027,1.6027,0.7995,1.6027,1.6027,1.6027,1.6027,1.6027,1.6027,1.6027,1.6027,1.6027,1.6027,1.6027,1.6027
1.6009,1.6009,1.6009,1.6009,1.6009,1.6009,1.6009,1.6009,1.6009,1.6009,1.6009,1.6009,1.6009,1.6009,1.6009,1.6009,1.6009,1.5774,1.4808,1.3842,1.2874,1.1905,1.0937,0.9968,0.8999,0.803
1.5991,1.5991,1.5991,1.5991,1.5991,1.5991,1.5991,1.5991,1.5991,1.5991,1.5991,1.5991,0.4569,1.5991,1.5991,1.5991,1.5991,1.5991,1.5991,1.5991,1.5991,1.5991,1.5991,1.5991,1.5991,1.5991
1.5973,1.5973,1.5973,1.5973,1.5973,1.5973,1.5973,1.5973,1.5973,1.5973,1.5973,1.5973,1.5973,0.5188,1.5564,1.5973,1.5973,1.5973,1.5973,1.5973,1.5973,1.5973,1.5973,1.5973,1.5973,1.5973
1.5955,1.5955,1.5955,1.5955,1.5955,1.5955,1.5955,1.5955,1.5955,1.5955,1.5955,1.5955,0.4559,1.5955,1.5955,1.5955,1.5955,1.5955,1.5955,1.5955,1.5955,1.5955,1.5955,1.5638,1.4118,1.2597
1.5938,1.5938,1.5938,1.5938,1.5938,1.5938,1.5938,1.5938,1.5938,1.5938,1.5938,1.5938,1.5938,1.5938,1.5938,1.5938,1.5938,1.5938,1.5938,1.5938,1.5938,1.5938,1.5938,1.5938,1.5938,1.5938
1.592,1.592,1.592,1.592,1.592,1.592,1.592,1.592,1.592,1.592,1.592,1.592,1.592,0.9126,1.592,1.592,1.592,1.592,1.592,1.592,1.592,1.4802,1.3597,1.2393,1.1188,0.9983
1.5902,1.5902,1.5902,1.5902,1.5902,1.5902,1.5902,1.5902,1.5902,1.5902,1.5902,1.3883,0.4544,1.5902,1.5902,1.5902,1.5902,1.5902,1.5902,1.5902,1.5902,1.5902,1.5902,1.5902,1.5902,1.5902
1.5885,1.5885,1.5885,1.5885,1.5885,1.5885,1.5885,1.5885,1.5885,1.5885,1.5885,1.5885,1.5885,0.6103,1.5885,1.5885,1.5885,1.5885,1.5885,1.5885,1.5885,1.5885,1.5885,1.5885,1.5885,1.5885
1.5867,1.5867,1.5867,1.5867,1.5867,1.5867,1.5867,1.5867,1.5867,1.5867,1.5867,1.5867,1.0455,1.5867,1.5867,1.5867,1.5867,1.5867,1.5867,1.4939,1.3893,1.2848,1.1803,1.0757,0.9711,0.8666
1.585,1.585,1.585,1.585,1.585,1.585,1.585,1.585,1.585,1.585,1.585,1.585,0.7443,1.585,1.585,1.585,1.585,1.585,1.585,1.585,1.585,1.585,1.585,1.585,1.585,1.585
1.5832,1.5832,1.5832,1.5832,1.5832,1.5832,1.5832,1.5832,1.5832,1.5832,1.5832,1.5832,1.5832,0.5784,1.5832,1.5832,1.5832,1.5832,1.5832,1.5832,1.5832,1.5832,1.5832,1.5832,1.5832,1.5832
1.5815,1.5815,1.5815,1.5815,1.5815,1.5815,1.5815,1.5815,1.5815,1.5815,1.5815,1.4713,0.4518,1.5815,1.5815,1.5815,1.5815,1.5815,1.5815,1.5815,1.5815,1.5815,1.5815,1.5815,1.5815,1.5815
1.5797,1.5797,1.5797,1.5797,1.5797,1.5797,1.5797,1.5797,1.5797,1.5797,1.5797,1.5797,1.5797,1.1671,1.5797,1.5797,1.5797,1.5797,1.5797,1.5797,1.5797,1.5797,1.5797,1.5797,1.5797,1.5797
1.578,1.578,1.578,1.578,1.578,1.578,1.578,1.578,1.578,1.578,1.578,1.578,1.578,1.578,1.578,1.578,1.578,1.578,1.578,1.5049,1.3996,1.2943,1.189,1.0837,0.9783,0.873
1.5763,1.5763,1.5763,1.5763,1.5763,1.5763,1.5763,1.5763,1.5763,1.5763,1.5763,1.5763,0.4504,1.5763,1.5763,1.5763,1.5763,1.5763,1.5763,1.5763,1.5763,1.5763,1.5763,1.5763,1.5763,1.5763
1.5745,1.5745,1.5745,1.5745,1.5745,1.5745,1.5745,1.5745,1.5745,1.5745,1.5745,1.5745,1.5745,0.5538,1.5745,1.5745,1.5745,1.5745,1.5745,1.5745,1.5745,1.5745,1.5745,1.5745,1.5745,1.5745
1.5728,1.5728,1.5728,1.5728,1.5728,1.5728,1.5728,1.5728,1.5728,1.5728,1.5728,1.5728,0.5319,1.5728,1.5728,1.5728,1.5728,1.5728,1.5728,1.5728,1.5728,1.5728,1.4662,1.3363,1.2064,1.0765
1.5711,1.5711,1.5711,1.5711,1.5711,1.5711,1.5711,1.5711,1.5711,1.5711,1.5711,1.5711,1.5711,1.5711,1.5711,1.5711,1.5711,1.5711,1.5711,1.5711,1.5711,1.5711,1.5711,1.5711,1.5711,1.5711
1.5693,1.5693,1.5693,1.5693,1.5693,1.5693,1.5693,1.5693,1.5693,1.5693,1.5693,1.5693,1.5693,0.7497,1.5693,1.5693,1.5693,1.5693,1.5693,1.5693,1.5693,1.5693,1.5693,1.5693,1.4272,1.2735
1.5676,1.5676,1.5676,1.5676,1.5676,1.5676,1.5676,1.5676,1.5676,1.5676,1.5676,1.4291,0.4479,1.5676,1.5676,1.5676,1.5676,1.5676,1.5676,1.5676,1.5676,1.5676,1.5676,1.5676,1.5676,1.5676
1.5659,1.5659,1.5659,1.5659,1.5659,1.5659,1.5659,1.5659,1.5659,1.5659,1.5659,1.5659,1.5659,0.755,1.5659,1.5659,1.5659,1.5659,1.5659,1.5659,1.5659,1.5659,1.5659,1.5659,1.5659,1.5659
1.5642,1.5642,1.5642,1.5642,1.5642,1.5642,1.5642,1.5642,1.5642,1.5642,1.5642,1.5642,1.5642,1.5642,1.5642,1.5642,1.5642,1.5642,1.5642,1.5096,1.4039,1.2983,1.1927,1.087,0.9813,0.8757
1.5625,1.5625,1.5625,1.5625,1.5625,1.5625,1.5625,1.5625,1.5625,1.5625,1.5625,1.5625,0.547,1.5625,1.5625,1.5625,1.5625,1.5625,1.5625,1.5625,1.5625,1.5625,1.5625,1.5625,1.5625,1.5625
1.5608,1.5608,1.5608,1.5608,1.5608,1.5608,1.5608,1.5608,1.5608,1.5608,1.5608,1.5608,1.5608,0.5734,1.5608,1.5608,1.5608,1.5608,1.5608,1.5608,1.5608,1.5608,1.5608,1.5608,1.5608,1.5608
1.5591,1.5591,1.5591,1.5591,1.5591,1.5591,1.5591,1.5591,1.5591,1.5591,1.5591,1.5591,0.4455,1.5591,1.5591,1.5591,1.5591,1.5591,1.5591,1.5591,1.5591,1.5591,1.5591,1.5591,1.5591,1.5591
1.5574,1.5574,1.5574,1.5574,1.5574,1.5574,1.5574,1.5574,1.5574,1.5574,1.5574,1.5574,1.5574,1.5574,1.5574,1.5574,1.5574,1.5574,1.5574,1.5574,1.5574,1.5574,1.5574,1.5574,1.5574,1.5574
1.5557,1.5557,1.5557,1.5557,1.5557,1.5557,1.5557,1.5557,1.5557,1.5557,1.5557,1.5557,1.5557,1.2437,1.5557,1.5557,1.5557,1.5557,1.5557,1.5557,1.5557,1.4898,1.3686,1.2474,1.1261,1.0048
1.554,1.554,1.554,1.554,1.554,1.554,1.554,1.554,1.554,1.554,1.554,1.554,0.444,1.554,1.554,1.554,1.554,1.554,1.554,1.554,1.554,1.554,1.554,1.554,1.554,1.554
1.5524,1.5524,1.5524,1.5524,1.5524,1.5524,1.5524,1.5524,1.5524,1.5524,1.5524,1.5524,1.5524,0.6248,1.5524,1.5524,1.5524,1.5524,1.5524,1.5524,1.5524,1.5524,1.5524,1.5524,1.5524,1.5524
1.5507,1.5507,1.5507,1.5507,1.5507,1.5507,1.5507,1.5507,1.5507,1.5507,1.5507,1.5507,0.8087,1.5507,1.5507,1.5507,1.5507,1.5507,1.5507,1.5507,1.5507,1.4817,1.3611,1.2405,1.1199,0.9993
1.549,1.549,1.549,1.549,1.549,1.549,1.549,1.549,1.549,1.549,1.549,1.549,1.1558,1.549,1.549,1.549,1.549,1.549,1.549,1.549,1.549,1.549,1.549,1.549,1.549,1.549
1.5473,1.5473,1.5473,1.5473,1.5473,1.5473,1.5473,1.5473,1.5473,1.5473,1.5473,1.5473,1.5473,0.6777,1.5473,1.5473,1.5473,1.5473,1.5473,1.5473,1.5473,1.5473,1.5473,1.5473,1.5473,1.5473
1.5457,1.5457,1.5457,1.5457,1.5457,1.5457,1.5457,1.5457,1.5457,1.5457,1.5457,1.5457,0.4416,1.5457,1.5457,1.5457,1.5457,1.5457,1.5457,1.5457,1.5457,1.5457,1.5457,1.5457,1.5457,1.5457
1.544,1.544,1.544,1.544,1.544,1.544,1.544,1.544,1.544,1.544,1.544,1.544,1.544,1.0279,1.544,1.544,1.544,1.544,1.544,1.544,1.544,1.544,1.544,1.544,1.544,1.544
1.5423,1.5423,1.5423,1.5423,1.5423,1.5423,1.5423,1.5423,1.5423,1.5423,1.5423,1.5423,1.5423,1.5423,1.5423,1.5423,1.5423,1.5423,1.5423,1.5423,1.4989,1.3861,1.2733,1.1605,1.0477,0.9349
1.5407,1.5407,1.5407,1.5407,1.5407,1.5407,1.5407,1.5407,1.5407,1.5407,1.5407,1.5407,0.4628,1.5407,1.5407,1.5407,1.5407,1.5407,1.5407,1.5407,1.5407,1.5407,1.5407,1.5407,1.5407,1.5407
1.539,1.539,1.539,1.539,1.539,1.539,1.539,1.539,1.539,1.539,1.539,1.539,1.539,0.6014,1.539,1.539,1.539,1.539,1.539,1.539,1.539,1.539,1.539,1.539,1.539,1.539
1.5374,1.5374,1.5374,1.5374,1.5374,1.5374,1.5374,1.5374,1.5374,1.5374,1.5374,1.5374,0.5037,1.5374,1.5374,1.5374,1.5374,1.5374,1.5374,1.5374,1.5374,1.5374,1.5374,1.5374,1.4972,1.3359
1.5357,1.5357,1.5357,1.5357,1.5357,1.5357,1.5357,1.5357,1.5357,1.5357,1.5357,1.5357,1.5357,1.5357,1.5357,1.5357,1.5357,1.5357,1.5357,1.5357,1.5357,1.5357,1.5357,1.5357,1.5357,1.5357
1.5341,1.5341,1.5341,1.5341,1.5341,1.5341,1.5341,1.5341,1.5341,1.5341,1.5341,1.5341,1.5341,0.9537,1.5341,1.5341,1.5341,1.5341,1.5341,1.5341,1.5341,1.5341,1.5341,1.5341,1.388,1.2385
1.5324,1.5324,1.5324,1.5324,1.5324,1.5324,1.5324,1.5324,1.5324,1.5324,1.5324,1.5324,0.4378,1.5324,1.5324,1.5324,1.5324,1.5324,1.5324,1.5324,1.5324,1.5324,1.5324,1.5324,1.5324,1.5324
1.5308,1.5308,1.5308,1.5308,1.5308,1.5308,1.5308,1.5308,1.5308,1.5308,1.5308,1.5308,1.5308,0.7513,1.5308,1.5308,1.5308,1.5308,1.5308,1.5308,1.5308,1.5308,1.5308,1.5308,1.5308,1.5308
1.5292,1.5292,1.5292,1.5292,1.5292,1.5292,1.5292,1.5292,1.5292,1.5292,1.5292,1.5292,1.5292,1.5292,1.5292,1.5292,1.5292,1.5292,1.5292,1.5292,1.5292,1.4701,1.3505,1.2308,1.1112,0.9915
1.5275,1.5275,1.5275,1.5275,1.5275,1.5275,1.5275,1.5275,1.5275,1.5275,1.5275,1.5275,0.7434,1.5275,1.5275,1.5275,1.5275,1.5275,1.5275,1.5275,1.5275,1.5275,1.5275,1.5275,1.5275,1.5275
1.5259,1.5259,1.5259,1.5259,1.5259,1.5259,1.5259,1.5259,1.5259,1.5259,1.5259,1.5259,1.5259,0.6588,1.5259,1.5259,1.5259,1.5259,1.5259,1.5259,1.5259,1.5259,1.5259,1.5259,1.5259,1.5259
1.5243,1.5243,1.5243,1.5243,1.5243,1.5243,1.5243,1.5243,1.5243,1.5243,1.5243,1.5243,0.4355,1.5243,1.5243,1.5243,1.5243,1.5243,1.5243,1.5243,1.5243,1.5243,1.5243,1.5243,1.5243,1.5243
1.5227,1.5227,1.5227,1.5227,1.5227,1.5227,1.5227,1.5227,1.5227,1.5227,1.5227,1.5227,1.5227,1.5227,1.5227,1.5227,1.5227,1.5227,1.5227,1.5227,1.5227,1.5227,1.5227,1.5227,1.5227,1.5227
1.5211,1.5211,1.5211,1.5211,1.5211,1.5211,1.5211,1.5211,1.5211,1.5211,1.5211,1.5211,1.5211,1.5211,1.5211,1.5211,1.5211,1.5211,1.5211,1.5211,1.5211,1.5211,1.44,1.3124,1.1848,1.0572
1.5194,1.5194,1.5194,1.5194,1.5194,1.5194,1.5194,1.5194,1.5194,1.5194,1.5194,1.5194,0.4341,1.5194,1.5194,1.5194,1.5194,1.5194,1.5194,1.5194,1.5194,1.5194,1.5194,1.5194,1.5194,1.5194
1.5178,1.5178,1.5178,1.5178,1.5178,1.5178,1.5178,1.5178,1.5178,1.5178,1.5178,1.5178,1.5178,0.668,1.5178,1.5178,1.5178,1.5178,1.5178,1.5178,1.5178,1.5178,1.5178,1.5178,1.5178,1.5178
1.5162,1.5162,1.5162,1.5162,1.5162,1.5162,1.5162,1.5162,1.5162,1.5162,1.5162,1.5162,0.71,1.5162,1.5162,1.5162,1.5162,1.5162,1.5162,1.5162,1.5162,1.5162,1.5162,1.4961,1.3506,1.2052
1.5146,1.5146,1.5146,1.5146,1.5146,1.5146,1.5146,1.5146,1.5146,1.5146,1.5146,1.5146,1.5146,1.5146,1.5146,1.5146,1.5146,1.5146,1.5146,1.5146,1.5146,1.5146,1.5146,1.5146,1.5146,1.5146
1.513,1.513,1.513,1.513,1.513,1.513,1.513,1.513,1.513,1.513,1.513,1.513,1.513,0.8329,1.513,1.513,1.513,1.513,1.513,1.513,1.513,1.513,1.513,1.513,1.513,1.513
1.5114,1.5114,1.5114,1.5114,1.5114,1.5114,1.5114,1.5114,1.5114,1.5114,1.5114,1.5114,0.4318,1.5114,1.5114,1.5114,1.5114,1.5114,1.5114,1.5114,1.5114,1.5114,1.5114,1.5114,1.5114,1.5114
1.5098,1.5098,1.5098,1.5098,1.5098,1.5098,1.5098,1.5098,1.5098,1.5098,1.5098,1.5098,1.5098,0.9807,1.5098,1.5098,1.5098,1.5098,1.5098,1.5098,1.5098,1.5098,1.5098,1.5098,1.5098,1.5098
1.5083,1.5083,1.5083,1.5083,1.5083,1.5083,1.5083,1.5083,1.5083,1.5083,1.5083,1.5083,1.5083,1.5083,1.5083,1.5083,1.5083,1.5083,1.5083,1.5083,1.5083,1.5083,1.4244,1.2982,1.172,1.0458
1.5067,1.5067,1.5067,1.5067,1.5067,1.5067,1.5067,1.5067,1.5067,1.5067,1.5067,1.5067,0.5951,1.5067,1.5067,1.5067,1.5067,1.5067,1.5067,1.5067,1.5067,1.5067,1.5067,1.5067,1.5067,1.5067
1.5051,1.5051,1.5051,1.5051,1.5051,1.5051,1.5051,1.5051,1.5051,1.5051,1.5051,1.5051,1.5051,0.6828,1.5051,1.5051,1.5051,1.5051,1.5051,1.5051,1.5051,1.5051,1.5051,1.5051,1.5051,1.5051
1.5035,1.5035,1.5035,1.5035,1.5035,1.5035,1.5035,1.5035,1.5035,1.5035,1.5035,1.5035,0.508,1.5035,1.5035,1.5035,1.5035,1.5035,1.5035,1.5035,1.5035,1.5035,1.5035,1.5035,1.5035,1.5035
1.5019,1.5019,1.5019,1.5019,1.5019,1.5019,1.5019,1.5019,1.5019,1.5019,1.5019,1.5019,1.5019,1.5019,1.5019,1.5019,1.5019,1.5019,1.5019,1.5019,1.5019,1.5019,1.5019,1.5019,1.5019,1.5019
1.5004,1.5004,1.5004,1.5004,1.5004,1.5004,1.5004,1.5004,1.5004,1.5004,1.5004,1.5004,1.5004,1.3048,1.5004,1.5004,1.5004,1.5004,1.5004,1.5004,1.5004,1.5004,1.5004,1.5004,1.4318,1.2776
1.4988,1.4988,1.4988,1.4988,1.4988,1.4988,1.4988,1.4988,1.4988,1.4988,1.4988,1.4988,0.4288,1.4988,1.4988,1.4988,1.4988,1.4988,1.4988,1.4988,1.4988,1.4988,1.4988,1.4988,1.4988,1.4988
1.4972,1.4972,1.4972,1.4972,1.4972,1.4972,1.4972,1.4972,1.4972,1.4972,1.4972,1.4972,1.4972,0.791,1.4972,1.4972,1.4972,1.4972,1.4972,1.4972,1.4972,1.4972,1.4972,1.4972,1.4972,1.4972
1.4957,1.4957,1.4957,1.4957,1.4957,1.4957,1.4957,1.4957,1.4957,1.4957,1.4957,1.4957,1.2043,1.4957,1.4957,1.4957,1.4957,1.4957,1.4957,1.4957,1.4957,1.4957,1.4957,1.4641,1.3218,1.1794
1.4941,1.4941,1.4941,1.4941,1.4941,1.4941,1.4941,1.4941,1.4941,1.4941,1.4941,1.4941,1.1233,1.4941,1.4941,1.4941,1.4941,1.4941,1.4941,1.4941,1.4941,1.4941,1.4941,1.4941,1.4941,1.4941
1.4926,1.4926,1.4926,1.4926,1.4926,1.4926,1.4926,1.4926,1.4926,1.4926,1.4926,1.4926,1.4926,0.797,1.4926,1.4926,1.4926,1.4926,1.4926,1.4926,1.4926,1.4926,1.4926,1.4926,1.4926,1.4926
1.491,1.491,1.491,1.491,1.491,1.491,1.491,1.491,1.491,1.491,1.491,1.491,0.449,1.491,1.491,1.491,1.491,1.491,1.491,1.491,1.491,1.491,1.491,1.491,1.491,1.491
1.4895,1.4895,1.4895,1.4895,1.4895,1.4895,1.4895,1.4895,1.4895,1.4895,1.4895,1.4895,1.4895,1.4441,1.4895,1.4895,1.4895,1.4895,1.4895,1.4895,1.4895,1.4895,1.4895,1.4895,1.4895,1.4895
1.4879,1.4879,1.4879,1.4879,1.4879,1.4879,1.4879,1.4879,1.4879,1.4879,1.4879,1.4879,1.4879,1.4879,1.4879,1.4879,1.4879,1.4879,1.4879,1.4879,1.4879,1.4879,1.4879,1.4584,1.3166,1.1749
1.4864,1.4864,1.4864,1.4864,1.4864,1.4864,1.4864,1.4864,1.4864,1.4864,1.4864,1.4864,0.5395,1.4864,1.4864,1.4864,1.4864,1.4864,1.4864,1.4864,1.4864,1.4864,1.4864,1.4864,1.4864,1.4864
1.4848,1.4848,1.4848,1.4848,1.4848,1.4848,1.4848,1.4848,1.4848,1.4848,1.4848,1.4848,1.4848,0.7549,1.4848,1.4848,1.4848,1.4848,1.4848,1.4848,1.4848,1.4848,1.4848,1.4848,1.4848,1.4848
1.4833,1.4833,1.4833,1.4833,1.4833,1.4833,1.4833,1.4833,1.4833,1.4833,1.4833,1.4833,0.6888,1.4833,1.4833,1.4833,1.4833,1.4833,1.4833,1.4833,1.4833,1.4833,1.4833,1.4833,1.4833,1.4833
1.4818,1.4818,1.4818,1.4818,1.4818,1.4818,1.4818,1.4818,1.4818,1.4818,1.4818,1.4818,1.4818,1.4818,1.4818,1.4818,1.4818,1.4818,1.4818,1.4818,1.4818,1.4818,1.4818,1.4818,1.4818,1.4818
1.4802,1.4802,1.4802,1.4802,1.4802,1.4802,1.4802,1.4802,1.4802,1.4802,1.4802,1.4802,1.4802,1.0959,1.4802,1.4802,1.4802,1.4802,1.4802,1.4802,1.4802,1.4802,1.4802,1.4802,1.4802,1.4802
1.4787,1.4787,1.4787,1.4787,1.4787,1.4787,1.4787,1.4787,1.4787,1.4787,1.4787,1.4787,0.4593,1.4787,1.4787,1.4787,1.4787,1.4787,1.4787,1.4787,1.4787,1.4787,1.4787,1.4787,1.4787,1.4787
1.4772,1.4772,1.4772,1.4772,1.4772,1.4772,1.4772,1.4772,1.4772,1.4772,1.4772,1.4772,1.4772,1.0142,1.4772,1.4772,1.4772,1.4772,1.4772,1.4772,1.4772,1.4772,1.4772,1.4772,1.4772,1.4772
1.4757,1.4757,1.4757,1.4757,1.4757,1.4757,1.4757,1.4757,1.4757,1.4757,1.4757,1.4757,1.4757,1.4757,1.4757,1.4757,1.4757,1.4757,1.4757,1.4757,1.4757,1.4757,1.4757,1.4757,1.3929,1.2429
1.4741,1.4741,1.4741,1.4741,1.4741,1.4741,1.4741,1.4741,1.4741,1.4741,1.4741,1.4741,0.8324,1.4741,1.4741,1.4741,1.4741,1.4741,1.4741,1.4741,1.4741,1.4741,1.4741,1.4741,1.4741,1.4741
1.4726,1.4726,1.4726,1.4726,1.4726,1.4726,1.4726,1.4726,1.4726,1.4726,1.4726,1.4726,1.4726,0.8259,1.4726,1.4726,1.4726,1.4726,1.4726,1.4726,1.4726,1.4726,1.4726,1.4726,1.4726,1.4726
1.4711,1.4711,1.4711,1.4711,1.4711,1.4711,1.4711,1.4711,1.4711,1.4711,1.4711,1.4711,0.5522,1.4711,1.4711,1.4711,1.4711,1.4711,1.4711,1.4711,1.4711,1.4711,1.4711,1.4711,1.4711,1.4711
1.4696,1.4696,1.4696,1.4696,1.4696,1.4696,1.4696,1.4696,1.4696,1.4696,1.4696,1.4696,1.4696,1.4696,1.4696,1.4696,1.4696,1.4696,1.4696,1.4696,1.4696,1.4696,1.4696,1.4696,1.4696,1.4696
1.4681,1.4681,1.4681,1.4681,1.4681,1.4681,1.4681,1.4681,1.4681,1.4681,1.4681,1.4681,1.4681,1.4681,1.4681,1.4681,1.4681,1.4681,1.4681,1.4681,1.4681,1.4681,1.4681,1.4681,1.4681,1.4199
1.4666,1.4666,1.4666,1.4666,1.4666,1.4666,1.4666,1.4666,1.4666,1.4666,1.4666,1.4666,0.5385,1.4666,1.4666,1.4666,1.4666,1.4666,1.4666,1.4666,1.4666,1.4666,1.4666,1.4666,1.4666,1.4666
1.4651,1.4651,1.4651,1.4651,1.4651,1.4651,1.4651,1.4651,1.4651,1.4651,1.4651,1.4651,1.4651,0.898,1.4651,1.4651,1.4651,1.4651,1.4651,1.4651,1.4651,1.4651,1.4651,1.4651,1.4651,1.4651
1.4636,1.4636,1.4636,1.4636,1.4636,1.4636,1.4636,1.4636,1.4636,1.4636,1.4636,1.4636,1.0767,1.4636,1.4636,1.4636,1.4636,1.4636,1.4636,1.4636,1.4636,1.4636,1.4636,1.4636,1.4636,1.4636
1.4621,1.4621,1.4621,1.4621,1.4621,1.4621,1.4621,1.4621,1.4621,1.4621,1.4621,1.4621,1.4621,1.4621,1.4621,1.4621,1.4621,1.4621,1.4621,1.4621,1.4621,1.4621,1.4621,1.4621,1.4621,1.4621
1.4606,1.4606,1.4606,1.4606,1.4606,1.4606,1.4606,1.4606,1.4606,1.4606,1.4606,1.4606,1.4606,1.0446,1.4606,1.4606,1.4606,1.4606,1.4606,1.4606,1.4606,1.4606,1.4606,1.4606,1.4606,1.4606
1.4591,1.4591,1.4591,1.4591,1.4591,1.4591,1.4591,1.4591,1.4591,1.4591,1.4591,1.4591,0.5311,1.4591,1.4591,1.4591,1.4591,1.4591,1.4591,1.4591,1.4591,1.4591,1.4591,1.4591,1.4591,1.4591
1.4577,1.4577,1.4577,1.4577,1.4577,1.4577,1.4577,1.4577,1.4577,1.4577,1.4577,1.4577,1.4577,1.4532,1.4577,1.4577,1.4577,1.4577,1.4577,1.4577,1.4577,1.4577,1.4577,1.4577,1.4577,1.4577
1.4562,1.4562,1.4562,1.4562,1.4562,1.4562,1.4562,1.4562,1.4562,1.4562,1.4562,1.4562,1.4562,1.4562,1.4562,1.4562,1.4562,1.4562,1.4562,1.4562,1.4562,1.4562,1.4562,1.4562,1.4562,1.4186
1.4547,1.4547,1.4547,1.4547,1.4547,1.4547,1.4547,1.4547,1.4547,1.4547,1.4547,1.4547,0.7444,1.4547,1.4547,1.4547,1.4547,1.4547,1.4547,1.4547,1.4547,1.4547,1.4547,1.4547,1.4547,1.4547
1.4532,1.4532,1.4532,1.4532,1.4532,1.4532,1.4532,1.4532,1.4532,1.4532,1.4532,1.4532,1.4532,0.9308,1.4532,1.4532,1.4532,1.4532,1.4532,1.4532,1.4532,1.4532,1.4532,1.4532,1.4532,1.4532
1.4517,1.4517,1.4517,1.4517,1.4517,1.4517,1.4517,1.4517,1.4517,1.4517,1.4517,1.4517,0.7495,1.4517,1.4517,1.4517,1.4517,1.4517,1.4517,1.4517,1.4517,1.4517,1.4517,1.4517,1.4517,1.4517
1.4503,1.4503,1.4503,1.4503,1.4503,1.4503,1.4503,1.4503,1.4503,1.4503,1.4503,1.4503,1.4503,1.4503,1.4503,1.4503,1.4503,1.4503,1.4503,1.4503,1.4503,1.4503,1.4503,1.4503,1.4503,1.4503
1.4488,1.4488,1.4488,1.4488,1.4488,1.4488,1.4488,1.4488,1.4488,1.4488,1.4488,1.4488,1.4488,1.4488,1.4488,1.4488,1.4488,1.4488,1.4488,1.4488,1.4488,1.4488,1.4488,1.4488,1.4488,1.4488
1.4473,1.4473,1.4473,1.4473,1.4473,1.4473,1.4473,1.4473,1.4473,1.4473,1.4473,1.4473,0.5922,1.4473,1.4473,1.4473,1.4473,1.4473,1.4473,1.4473,1.4473,1.4473,1.4473,1.4473,1.4473,1.4473
1.4459,1.4459,1.4459,1.4459,1.4459,1.4459,1.4459,1.4459,1.4459,1.4459,1.4459,1.4459,1.4459,1.1757,1.4459,1.4459,1.4459,1.4459,1.4459,1.4459,1.4459,1.4459,1.4459,1.4459,1.4459,1.4459
1.4444,1.4444,1.4444,1.4444,1.4444,1.4444,1.4444,1.4444,1.4444,1.4444,1.4444,1.4444,1.4444,1.4444,1.4444,1.4444,1.4444,1.4444,1.4444,1.4444,1.4444,1.4444,1.4444,1.4444,1.4444,1.4444
1.443,1.443,1.443,1.443,1.443,1.443,1.443,1.443,1.443,1.443,1.443,1.443,1.3499,1.443,1.443,1.443,1.443,1.443,1.443,1.443,1.443,1.443,1.443,1.443,1.443,1.443
1.4415,1.4415,1.4415,1.4415,1.4415,1.4415,1.4415,1.4415,1.4415,1.4415,1.4415,1.4415,1.4415,1.1194,1.4415,1.4415,1.4415,1.4415,1.4415,1.4415,1.4415,1.4415,1.4415,1.4415,1.4415,1.4415
1.4401,1.4401,1.4401,1.4401,1.4401,1.4401,1.4401,1.4401,1.4401,1.4401,1.4401,1.4401,0.6788,1.4401,1.4401,1.4401,1.4401,1.4401,1.4401,1.4401,1.4401,1.4401,1.4401,1.4401,1.4401,1.4401
1.4386,1.4386,1.4386,1.4386,1.4386,1.4386,1.4386,1.4386,1.4386,1.4386,1.4386,1.4386,1.4386,1.4386,1.4386,1.4386,1.4386,1.4386,1.4386,1.4386,1.4386,1.4386,1.4386,1.4386,1.4386,1.4386
1.4372,1.4372,1.4372,1.4372,1.4372,1.4372,1.4372,1.4372,1.4372,1.4372,1.4372,1.4372,1.4372,1.4372,1.4372,1.4372,1.4372,1.4372,1.4372,1.4372,1.4372,1.4372,1.4372,1.4372,1.4372,1.4372
1.4358,1.4358,1.4358,1.4358,1.4358,1.4358,1.4358,1.4358,1.4358,1.4358,1.4358,1.4358,0.7742,1.4358,1.4358,1.4358,1.4358,1.4358,1.4358,1.4358,1.4358,1.4358,1.4358,1.4358,1.4358,1.4358
1.4343,1.4343,1.4343,1.4343,1.4343,1.4343,1.4343,1.4343,1.4343,1.4343,1.4343,1.4343,1.4343,1.1726,1.4343,1.4343,1.4343,1.4343,1.4343,1.4343,1.4343,1.4343,1.4343,1.4343,1.4343,1.4343
1.4329,1.4329,1.4329,1.4329,1.4329,1.4329,1.4329,1.4329,1.4329,1.4329,1.4329,1.4329,1.1874,1.4329,1.4329,1.4329,1.4329,1.4329,1.4329,1.4329,1.4329,1.4329,1.4329,1.4329,1.4329,1.4329
1.4315,1.4315,1.4315,1.4315,1.4315,1.4315,1.4315,1.4315,1.4315,1.4315,1.4315,1.4315,1.4315,1.4315,1.4315,1.4315,1.4315,1.4315,1.4315,1.4315,1.4315,1.4315,1.4315,1.4315,1.4315,1.4315
1.43,1.43,1.43,1.43,1.43,1.43,1.43,1.43,1.43,1.43,1.43,1.43,1.43,1.43,1.43,1.43,1.43,1.43,1.43,1.43,1.43,1.43,1.43,1.43,1.43,1.43
1.4286,1.4286,1.4286,1.4286,1.4286,1.4286,1.4286,1.4286,1.4286,1.4286,1.4286,1.4286,0.7419,1.4286,1.4286,1.4286,1.4286,1.4286,1.4286,1.4286,1.4286,1.4286,1.4286,1.4286,1.4286,1.4286
1.4272,1.4272,1.4272,1.4272,1.4272,1.4272,1.4272,1.4272,1.4272,1.4272,1.4272,1.4272,1.4272,1.4272,1.4272,1.4272,1.4272,1.4272,1.4272,1.4272,1.4272,1.4272,1.4272,1.4272,1.4272,1.4272
1.4258,1.4258,1.4258,1.4258,1.4258,1.4258,1.4258,1.4258,1.4258,1.4258,1.4258,1.4258,1.4258,1.4258,1.4258,1.4258,1.4258,1.4258,1.4258,1.4258,1.4258,1.4258,1.4258,1.4258,1.4258,1.4258
1.4243,1.4243,1.4243,1.4243,1.4243,1.4243,1.4243,1.4243,1.4243,1.4243,1.4243,1.4243,1.2679,1.4243,1.4243,1.4243,1.4243,1.4243,1.4243,1.4243,1.4243,1.4243,1.4243,1.4243,1.4243,1.4243
1.4229,1.4229,1.4229,1.4229,1.4229,1.4229,1.4229,1.4229,1.4229,1.4229,1.4229,1.4229,1.4229,1.4106,1.4229,1.4229,1.4229,1.4229,1.4229,1.4229,1.4229,1.4229,1.4229,1.4229,1.4229,1.4229
1.4215,1.4215,1.4215,1.4215,1.4215,1.4215,1.4215,1.4215,1.4215,1.4215,1.4215,1.4215,1.0302,1.4215,1.4215,1.4215,1.4215,1.4215,1.4215,1.4215,1.4215,1.4215,1.4215,1.4215,1.4215,1.4215
1.4201,1.4201,1.4201,1.4201,1.4201,1.4201,1.4201,1.4201,1.4201,1.4201,1.4201,1.4201,1.4201,1.4201,1.4201,1.4201,1.4201,1.4201,1.4201,1.4201,1.4201,1.4201,1.4201,1.4201,1.4201,1.4201
1.4187,1.4187,1.4187,1.4187,1.4187,1.4187,1.4187,1.4187,1.4187,1.4187,1.4187,1.4187,1.4187,1.4187,1.4187,1.4187,1.4187,1.4187,1.4187,1.4187,1.4187,1.4187,1.4187,1.4187,1.4187,1.4187
1.4173,1.4173,1.4173,1.4173,1.4173,1.4173,1.4173,1.4173,1.4173,1.4173,1.4173,1.4173,0.9983,1.4173,1.4173,1.4173,1.4173,1.4173,1.4173,1.4173,1.4173,1.4173,1.4173,1.4173,1.4173,1.4173
1.4159,1.4159,1.4159,1.4159,1.4159,1.4159,1.4159,1.4159,1.4159,1.4159,1.4159,1.4159,1.4159,1.4159,1.4159,1.4159,1.4159,1.4159,1.4159,1.4159,1.4159,1.4159,1.4159,1.4159,1.4159,1.4159
1.4145,1.4145,1.4145,1.4145,1.4145,1.4145,1.4145,1.4145,1.4145,1.4145,1.4145,1.4145,1.4145,1.4145,1.4145,1.4145,1.4145,1.4145,1.4145,1.4145,1.4145,1.4145,1.4145,1.4145,1.4145,1.4145
1.4131,1.4131,1.4131,1.4131,1.4131,1.4131,1.4131,1.4131,1.4131,1.4131,1.4131,1.4131,1.4131,1.4131,1.4131,1.4131,1.4131,1.4131,1.4131,1.4131,1.4131,1.4131,1.4131,1.4131,1.4131,1.4131
1.4117,1.4117,1.4117,1.4117,1.4117,1.4117,1.4117,1.4117,1.4117,1.4117,1.4117,1.4117,1.4117,1.4117,1.4117,1.4117,1.4117,1.4117,1.4117,1.4117,1.4117,1.4117,1.4117,1.4117,1.4117,1.4117
1.4103,1.4103,1.4103,1.4103,1.4103,1.4103,1.4103,1.4103,1.4103,1.4103,1.4103,1.4103,1.2604,1.4103,1.4103,1.4103,1.4103,1.4103,1.4103,1.4103,1.4103,1.4103,1.4103,1.4103,1.4103,1.4103
1.4089,1.4089,1.4089,1.4089,1.4089,1.4089,1.4089,1.4089,1.4089,1.4089,1.4089,1.4089,1.4089,1.4089,1.4089,1.4089,1.4089,1.4089,1.4089,1.4089,1.4089,1.4089,1.4089,1.4089,1.4089,1.4089
1.4076,1.4076,1.4076,1.4076,1.4076,1.4076,1.4076,1.4076,1.4076,1.4076,1.4076,1.4076,1.4076,1.4076,1.4076,1.4076,1.4076,1.4076,1.4076,1.4076,1.4076,1.4076,1.4076,1.4076,1.4076,1.4076
1.4062,1.4062,1.4062,1.4062,1.4062,1.4062,1.4062,1.4062,1.4062,1.4062,1.4062,1.4062,1.4062,1.4062,1.4062,1.4062,1.4062,1.4062,1.4062,1.4062,1.4062,1.4062,1.4062,1.4062,1.4062,1.4062
1.4048,1.4048,1.4048,1.4048,1.4048,1.4048,1.4048,1.4048,1.4048,1.4048,1.4048,1.4048,1.4048,1.4048,1.4048,1.4048,1.4048,1.4048,1.4048,1.4048,1.4048,1.4048,1.4048,1.4048,1.4048,1.4048
1.4034,1.4034,1.4034,1.4034,1.4034,1.4034,1.4034,1.4034,1.4034,1.4034,1.4034,1.4034,1.4034,1.4034,1.4034,1.4034,1.4034,1.4034,1.4034,1.4034,1.4034,1.4034,1.4034,1.4034,1.4034,1.4034
1.4021,1.4021,1.4021,1.4021,1.4021,1.4021,1.4021,1.4021,1.4021,1.4021,1.4021,1.4021,1.4021,1.4021,1.4021,1.4021,1.4021,1.4021,1.4021,1.4021,1.4021,1.4021,1.4021,1.4021,1.4021,1.4021
1.4007,1.4007,1.4007,1.4007,1.4007,1.4007,1.4007,1.4007,1.4007,1.4007,1.4007,1.4007,1.4007,1.4007,1.4007,1.4007,1.4007,1.4007,1.4007,1.4007,1.4007,1.4007,1.4007,1.4007,1.4007,1.4007
