1.6008,1.6008,1.6008,1.6008,1.6008,1.6008,1.6008,1.6008,1.6008,1.6008,1.6008,1.6008,1.6008,1.6008,1.6008,1.6008,1.6008,1.6008,1.6008,1.6008,1.6008,1.6008,1.6008,1.6008,1.6008
1.6023,1.6023,1.6023,1.6023,1.6023,1.6023,1.6023,1.6023,1.6023,1.6023,1.6023,1.6023,1.6023,1.6023,1.6023,1.6023,1.6023,1.6023,1.6023,1.6023,1.6023,1.6023,1.6023,1.6023,1.6023
1.6039,1.6039,1.6039,1.6039,1.6039,1.6039,1.6039,1.6039,1.6039,1.6039,1.6039,1.6039,1.6039,1.6039,1.6039,1.6039,1.6039,1.6039,1.6039,1.6039,1.6039,1.6039,1.6039,1.6039,1.6039
1.6055,1.6055,1.6055,1.6055,1.6055,1.6055,1.6055,1.6055,1.6055,1.6055,1.6055,1.6055,1.6055,1.6055,1.6055,1.6055,1.6055,1.6055,1.6055,1.6055,1.6055,1.6055,1.6055,1.6055,1.6055
1.6071,1.6071,1.6071,1.6071,1.6071,1.6071,1.6071,1.6071,1.6071,1.6071,1.6071,1.6071,1.6071,1.6071,1.6071,1.6071,1.6071,1.6071,1.6071,1.6071,1.6071,1.6071,1.6071,1.6071,1.6071
1.6086,1.6086,1.6086,1.6086,1.6086,1.6086,1.6086,1.6086,1.6086,1.6086,1.6086,1.6086,1.6086,1.6086,1.6086,1.6086,1.6086,1.6086,1.6086,1.6086,1.6086,1.6086,1.6086,1.6086,1.6086
1.6102,1.6102,1.6102,1.6102,1.6102,1.6102,1.6102,1.6102,1.6102,1.6102,1.6102,1.6102,1.6102,1.6102,1.6102,1.6102,1.6102,1.6102,1.6102,1.6102,1.6102,1.6102,1.6102,1.6102,1.6102
1.6118,1.6118,1.6118,1.6118,1.6118,1.6118,1.6118,1.6118,1.6118,1.6118,1.6118,1.6118,1.6118,1.6118,1.6118,1.6118,1.6118,1.6118,1.6118,1.6118,1.6118,1.6118,1.6118,1.6118,1.6118
1.6134,1.6134,1.6134,1.6134,1.6134,1.6134,1.6134,1.6134,1.6134,1.6134,1.6134,1.6134,1.6134,1.6134,1.6134,1.6134,1.6134,1.6134,1.6134,1.6134,1.6134,1.6134,1.6134,1.6134,1.6134
1.615,1.615,1.615,1.615,1.615,1.615,1.615,1.615,1.615,1.615,1.615,1.615,1.615,1.615,1.615,1.615,1.615,1.615,1.615,1.615,1.615,1.615,1.615,1.615,1.615
1.6166,1.6166,1.6166,1.6166,1.6166,1.6166,1.6166,1.6166,1.6166,1.6166,1.6166,1.6166,1.6166,1.6166,1.6166,1.6166,1.6166,1.6166,1.6166,1.6166,1.6166,1.6166,1.6166,1.6166,1.6166
1.6182,1.6182,1.6182,1.6182,1.6182,1.6182,1.6182,1.6182,1.6182,1.6182,1.6182,1.6182,1.6182,1.6182,1.6182,1.6182,1.6182,1.6182,1.6182,1.6182,1.6182,1.6182,1.6182,1.6182,1.6182
1.6198,1.6198,1.6198,1.6198,1.6198,1.6198,1.6198,1.6198,1.6198,1.6198,1.6198,1.6198,1.6198,1.6198,1.6198,1.6198,1.6198,1.6198,1.6198,1.6198,1.6198,1.6198,1.6198,1.6198,1.6198
1.6214,1.6214,1.6214,1.6214,1.6214,1.6214,1.6214,1.6214,1.6214,1.6214,1.6214,1.6214,1.6214,1.6214,1.6214,1.6214,1.6214,1.6214,1.6214,1.6214,1.6214,1.6214,1.6214,1.6214,1.6214
1.623,1.623,1.623,1.623,1.623,1.623,1.623,1.623,1.623,1.623,1.623,1.623,1.623,1.623,1.623,1.623,1.623,1.623,1.623,1.623,1.623,1.623,1.623,1.623,1.623
1.6246,1.6246,1.6246,1.6246,1.6246,1.6246,1.6246,1.6246,1.6246,1.6246,1.6246,1.6246,1.6246,1.6246,1.6246,1.6246,1.6246,1.6246,1.6246,1.6246,1.6246,1.6246,1.6246,1.6246,1.6246
1.6262,1.6262,1.6262,1.6262,1.6262,1.6262,1.6262,1.6262,1.6262,1.6262,1.6262,1.6262,1.6262,1.6262,1.6262,1.6262,1.6262,1.6262,1.6262,1.6262,1.6262,1.6262,1.6262,1.6262,1.6262
1.6278,1.6278,1.6278,1.6278,1.6278,1.6278,1.6278,1.6278,1.6278,1.6278,1.6278,1.6278,1.6278,1.6278,1.6278,1.6278,1.6278,1.6278,1.6278,1.6278,1.6278,1.6278,1.6278,1.6278,1.6278
1.6294,1.6294,1.6294,1.6294,1.6294,1.6294,1.6294,1.6294,1.6294,1.6294,1.6294,1.6294,1.6294,1.6294,1.6294,1.6294,1.6294,1.6294,1.6294,1.6294,1.6294,1.6294,1.6294,1.6294,1.6294
1.6311,1.6311,1.6311,1.6311,1.6311,1.6311,1.6311,1.6311,1.6311,1.6311,1.6311,1.6311,1.6311,1.6311,1.6311,1.6311,1.6311,1.6311,1.6311,1.6311,1.6311,1.6311,1.6311,1.6311,1.6311
1.6327,1.6327,1.6327,1.6327,1.6327,1.6327,1.6327,1.6327,1.6327,1.6327,1.6327,1.6327,1.6327,1.6327,1.6327,1.6327,1.6327,1.6327,1.6327,1.6327,1.6327,1.6327,1.6327,1.6327,1.6327
1.6343,1.6343,1.6343,1.6343,1.6343,1.6343,1.6343,1.6343,1.6343,1.6343,1.6343,1.6343,1.6343,1.6343,1.6343,1.6343,1.6343,1.6343,1.6343,1.6343,1.6343,1.6343,1.6343,1.6343,1.6343
1.6359,1.6359,1.6359,1.6359,1.6359,1.6359,1.6359,1.6359,1.6359,1.6359,1.6359,1.6359,1.6359,1.6359,1.6359,1.6359,1.6359,1.6359,1.6359,1.6359,1.6359,1.6359,1.6359,1.6359,1.6359
1.6376,1.6376,1.6376,1.6376,1.6376,1.6376,1.6376,1.6376,1.6376,1.6376,1.6376,1.6376,1.6376,1.6376,1.6376,1.6376,1.6376,1.6376,1.6376,1.6376,1.6376,1.6376,1.6376,1.6376,1.6376
1.6392,1.6392,1.6392,1.6392,1.6392,1.6392,1.6392,1.6392,1.6392,1.6392,1.6392,1.6392,1.6392,1.6392,1.6392,1.6392,1.6392,1.6392,1.6392,1.6392,1.6392,1.6392,1.6392,1.6392,1.6392
1.6409,1.6409,1.6409,1.6409,1.6409,1.6409,1.6409,1.6409,1.6409,1.6409,1.6409,1.6409,1.6409,1.6409,1.6409,1.6409,1.6409,1.6409,1.6409,1.6409,1.6409,1.6409,1.6409,1.6409,1.6409
1.6425,1.6425,1.6425,1.6425,1.6425,1.6425,1.6425,1.6425,1.6425,1.6425,1.6425,1.6425,1.6425,1.6425,1.6425,1.6425,1.6425,1.6425,1.6425,1.6425,1.6425,1.6425,1.6425,1.6425,1.6425
1.6442,1.6442,1.6442,1.6442,1.6442,1.6442,1.6442,1.6442,1.6442,1.6442,1.6442,1.6442,1.6442,1.6442,1.6442,1.6442,1.6442,1.6442,1.6442,1.6442,1.6442,1.6442,1.6442,1.6442,1.6442
1.6458,1.6458,1.6458,1.6458,1.6458,1.6458,1.6458,1.6458,1.6458,1.6458,1.6458,1.6458,1.6458,1.6458,1.6458,1.6458,1.6458,1.6458,1.6458,1.6458,1.6458,1.6458,1.6458,1.6458,1.6458
1.6475,1.6475,1.6475,1.6475,1.6475,1.6475,1.6475,1.6475,1.6475,1.6475,1.6475,1.6475,1.6475,1.6475,1.6475,1.6475,1.6475,1.6475,1.6475,1.6475,1.6475,1.6475,1.6475,1.6475,1.6475
1.6491,1.6491,1.6491,1.6491,1.6491,1.6491,1.6491,1.6491,1.6491,1.6491,1.6491,1.6491,1.6491,1.6491,1.6491,1.6491,1.6491,1.6491,1.6491,1.6491,1.6491,1.6491,1.6491,1.6491,1.6491
1.6508,1.6508,1.6508,1.6508,1.6508,1.6508,1.6508,1.6508,1.6508,1.6508,1.6508,1.6508,1.6508,1.6508,1.6508,1.6508,1.6508,1.6508,1.6508,1.6508,1.6508,1.6508,1.6508,1.6508,1.6508
1.6524,1.6524,1.6524,1.6524,1.6524,1.6524,1.6524,1.6524,1.6524,1.6524,1.6524,1.6524,1.6524,1.6524,1.6524,1.6524,1.6524,1.6524,1.6524,1.6524,1.6524,1.6524,1.6524,1.6524,1.6524
1.6541,1.6541,1.6541,1.6541,1.6541,1.6541,1.6541,1.6541,1.6541,1.6541,1.6541,1.6541,1.6541,1.6541,1.6541,1.6541,1.6541,1.6541,1.6541,1.6541,1.6541,1.6541,1.6541,1.6541,1.6541
1.6558,1.6558,1.6558,1.6558,1.6558,1.6558,1.6558,1.6558,1.6558,1.6558,1.6558,1.6558,1.6558,1.6558,1.6558,1.6558,1.6558,1.6558,1.6558,1.6558,1.6558,1.6558,1.6558,1.6558,1.6558
1.6575,1.6575,1.6575,1.6575,1.6575,1.6575,1.6575,1.6575,1.6575,1.6575,1.6575,1.6575,1.6575,1.6575,1.6575,1.6575,1.6575,1.6575,1.6575,1.6575,1.6575,1.6575,1.6575,1.6575,1.6575
1.6591,1.6591,1.6591,1.6591,1.6591,1.6591,1.6591,1.6591,1.6591,1.6591,1.6591,1.6591,1.6591,1.6591,1.6591,1.6591,1.6591,1.6591,1.6591,1.6591,1.6591,1.6591,1.6591,1.6591,1.6591
1.6608,1.6608,1.6608,1.6608,1.6608,1.6608,1.6608,1.6608,1.6608,1.6608,1.6608,1.6608,1.6608,1.6608,1.6608,1.6608,1.6608,1.6608,1.6608,1.6608,1.6608,1.6608,1.6608,1.6608,1.6608
1.6625,1.6625,1.6625,1.6625,1.6625,1.6625,1.6625,1.6625,1.6625,1.6625,1.6625,1.6625,1.6625,1.6625,1.6625,1.6625,1.6625,1.6625,1.6625,1.6625,1.6625,1.6625,1.6625,1.6625,1.6625
1.6642,1.6642,1.6642,1.6642,1.6642,1.6642,1.6642,1.6642,1.6642,1.6642,1.6642,1.6642,1.6642,1.6642,1.6642,1.6642,1.6642,1.6642,1.6642,1.6642,1.6642,1.6642,1.6642,1.6642,1.6642
1.6659,1.6659,1.6659,1.6659,1.6659,1.6659,1.6659,1.6659,1.6659,1.6659,1.6659,1.6659,1.6659,1.6659,1.6659,1.6659,1.6659,1.6659,1.6659,1.6659,1.6659,1.6659,1.6659,1.6659,1.6659
1.6676,1.6676,1.6676,1.6676,1.6676,1.6676,1.6676,1.6676,1.6676,1.6676,1.6676,1.6676,1.6676,1.6676,1.6676,1.6676,1.6676,1.6676,1.6676,1.6676,1.6676,1.6676,1.6676,1.6676,1.6676
1.6693,1.6693,1.6693,1.6693,1.6693,1.6693,1.6693,1.6693,1.6693,1.6693,1.6693,1.6693,1.6693,1.6693,1.6693,1.6693,1.6693,1.6693,1.6693,1.6693,1.6693,1.6693,1.6693,1.6693,1.6693
1.671,1.671,1.671,1.671,1.671,1.671,1.671,1.671,1.671,1.671,1.671,1.671,1.671,1.671,1.671,1.671,1.671,1.671,1.671,1.671,1.671,1.671,1.671,1.671,1.671
1.6727,1.6727,1.6727,1.6727,1.6727,1.6727,1.6727,1.6727,1.6727,1.6727,1.6727,1.6727,1.6727,1.6727,1.6727,1.6727,1.6727,1.6727,1.6727,1.6727,1.6727,1.6727,1.6727,1.6727,1.6727
1.6744,1.6744,1.6744,1.6744,1.6744,1.6744,1.6744,1.6744,1.6744,1.6744,1.6744,1.6744,1.6744,1.6744,1.6744,1.6744,1.6744,1.6744,1.6744,1.6744,1.6744,1.6744,1.6744,1.6744,1.6744
1.6761,1.6761,1.6761,1.6761,1.6761,1.6761,1.6761,1.6761,1.6761,1.6761,1.6761,1.6761,1.6761,1.6761,1.6761,1.6761,1.6761,1.6761,1.6761,1.6761,1.6761,1.6761,1.6761,1.6761,1.6761
1.6778,1.6778,1.6778,1.6778,1.6778,1.6778,1.6778,1.6778,1.6778,1.6778,1.6778,1.6778,1.6778,1.6778,1.6778,1.6778,1.6778,1.6778,1.6778,1.6778,1.6778,1.6778,1.6778,1.6778,1.6778
1.6795,1.6795,1.6795,1.6795,1.6795,1.6795,1.6795,1.6795,1.6795,1.6795,1.6795,1.6795,1.6795,1.6795,1.6795,1.6795,1.6795,1.6795,1.6795,1.6795,1.6795,1.6795,1.6795,1.6795,1.6795
1.6813,1.6813,1.6813,1.6813,1.6813,1.6813,1.6813,1.6813,1.6813,1.6813,1.6813,1.6813,1.6813,1.6813,1.6813,1.6813,1.6813,1.6813,1.6813,1.6813,1.6813,1.6813,1.6813,1.6813,1.6813
1.683,1.683,1.683,1.683,1.683,1.683,1.683,1.683,1.683,1.683,1.683,1.683,1.683,1.683,1.683,1.683,1.683,1.683,1.683,1.683,1.683,1.683,1.683,1.683,1.683
1.6847,1.6847,1.6847,1.6847,1.6847,1.6847,1.6847,1.6847,1.6847,1.6847,1.6847,1.6847,1.6847,1.6847,1.6847,1.6847,1.6847,1.6847,1.6847,1.6847,1.6847,1.6847,1.6847,1.6847,1.6847
1.6865,1.6865,1.6865,1.6865,1.6865,1.6865,1.6865,1.6865,1.6865,1.6865,1.6865,1.6865,1.6865,1.6865,1.6865,1.6865,1.6865,1.6865,1.6865,1.6865,1.6865,1.6865,1.6865,1.6865,1.6865
1.6882,1.6882,1.6882,1.6882,1.6882,1.6882,1.6882,1.6882,1.6882,1.6882,1.6882,1.6882,1.6882,1.6882,1.6882,1.6882,1.6882,1.6882,1.6882,1.6882,1.6882,1.6882,1.6882,1.6882,1.6882
1.6899,1.6899,1.6899,1.6899,1.6899,1.6899,1.6899,1.6899,1.6899,1.6899,1.6899,1.6899,1.6899,1.6899,1.6899,1.6899,1.6899,1.6899,1.6899,1.6899,1.6899,1.6899,1.6899,1.6899,1.6899
1.6917,1.6917,1.6917,1.6917,1.6917,1.6917,1.6917,1.6917,1.6917,1.6917,1.6917,1.6917,1.6917,1.6917,1.6917,1.6917,1.6917,1.6917,1.6917,1.6917,1.6917,1.6917,1.6917,1.6917,1.6917
1.6934,1.6934,1.6934,1.6934,1.6934,1.6934,1.6934,1.6934,1.6934,1.6934,1.6934,1.6934,1.6934,1.6934,1.6934,1.6934,1.6934,1.6934,1.6934,1.6934,1.6934,1.6934,1.6934,1.6934,1.6934
1.6952,1.6952,1.6952,1.6952,1.6952,1.6952,1.6952,1.6952,1.6952,1.6952,1.6952,1.6952,1.6952,1.6952,1.6952,1.6952,1.6952,1.6952,1.6952,1.6952,1.6952,1.6952,1.6952,1.6952,1.6952
1.6969,1.6969,1.6969,1.6969,1.6969,1.6969,1.6969,1.6969,1.6969,1.6969,1.6969,1.6969,1.6969,1.6969,1.6969,1.6969,1.6969,1.6969,1.6969,1.6969,1.6969,1.6969,1.6969,1.6969,1.6969
1.6987,1.6987,1.6987,1.6987,1.6987,1.6987,1.6987,1.6987,1.6987,1.6987,1.6987,1.6987,1.6987,1.6987,1.6987,1.6987,1.6987,1.6987,1.6987,1.6987,1.6987,1.6987,1.6987,1.6987,1.6987
1.7005,1.7005,1.7005,1.7005,1.7005,1.7005,1.7005,1.7005,1.7005,1.7005,1.7005,1.7005,1.7005,1.6364,1.7005,1.7005,1.7005,1.7005,1.7005,1.7005,1.7005,1.7005,1.7005,1.7005,1.7005
1.7022,1.7022,1.7022,1.7022,1.7022,1.7022,1.7022,1.7022,1.7022,1.7022,1.7022,1.7022,1.7022,1.7022,1.7022,1.7022,1.7022,1.7022,1.7022,1.7022,1.7022,1.7022,1.7022,1.7022,1.7022
1.704,1.704,1.704,1.704,1.704,1.704,1.704,1.704,1.704,1.704,1.704,1.704,1.704,1.704,1.704,1.704,1.704,1.704,1.704,1.704,1.704,1.704,1.704,1.704,1.704
1.7058,1.7058,1.7058,1.7058,1.7058,1.7058,1.7058,1.7058,1.7058,1.7058,1.7058,1.7058,1.6993,1.7058,1.7058,1.7058,1.7058,1.7058,1.7058,1.7058,1.7058,1.7058,1.7058,1.7058,1.7058
1.7076,1.7076,1.7076,1.7076,1.7076,1.7076,1.7076,1.7076,1.7076,1.7076,1.7076,1.7076,1.3901,1.7076,1.7076,1.7076,1.7076,1.7076,1.7076,1.7076,1.7076,1.7076,1.7076,1.7076,1.7076
1.7093,1.7093,1.7093,1.7093,1.7093,1.7093,1.7093,1.7093,1.7093,1.7093,1.7093,1.7093,1.7093,1.7093,1.7093,1.7093,1.7093,1.7093,1.7093,1.7093,1.7093,1.7093,1.7093,1.7093,1.7093
1.7111,1.7111,1.7111,1.7111,1.7111,1.7111,1.7111,1.7111,1.7111,1.7111,1.7111,1.7111,1.7111,1.7111,1.7111,1.7111,1.7111,1.7111,1.7111,1.7111,1.7111,1.7111,1.7111,1.7111,1.7111
1.7129,1.7129,1.7129,1.7129,1.7129,1.7129,1.7129,1.7129,1.7129,1.7129,1.7129,1.7129,1.7129,1.7129,1.7129,1.7129,1.7129,1.7129,1.7129,1.7129,1.7129,1.7129,1.7129,1.7129,1.7129
1.7147,1.7147,1.7147,1.7147,1.7147,1.7147,1.7147,1.7147,1.7147,1.7147,1.7147,1.7147,1.7147,1.7147,1.7147,1.7147,1.7147,1.7147,1.7147,1.7147,1.7147,1.71,1.6812,1.6525,1.6237
1.7165,1.7165,1.7165,1.7165,1.7165,1.7165,1.7165,1.7165,1.7165,1.7165,1.7165,1.7165,1.7165,1.7165,1.7165,1.7165,1.7165,1.7165,1.7165,1.7165,1.7165,1.7165,1.7165,1.7165,1.7165
1.7183,1.7183,1.7183,1.7183,1.7183,1.7183,1.7183,1.7183,1.7183,1.7183,1.7183,1.7183,1.7183,1.7183,1.7183,1.7183,1.7183,1.7183,1.7183,1.7183,1.7183,1.7183,1.7183,1.7183,1.7183
1.7201,1.7201,1.7201,1.7201,1.7201,1.7201,1.7201,1.7201,1.7201,1.7201,1.7201,1.7201,1.7201,1.7201,1.7201,1.7201,1.7201,1.7201,1.7201,1.7201,1.7201,1.7201,1.7201,1.7201,1.7201
1.7219,1.7219,1.7219,1.7219,1.7219,1.7219,1.7219,1.7219,1.7219,1.7219,1.7219,1.7219,1.7219,1.7219,1.7219,1.7219,1.7219,1.7219,1.7219,1.7219,1.7219,1.7219,1.7219,1.7219,1.7219
1.7237,1.7237,1.7237,1.7237,1.7237,1.7237,1.7237,1.7237,1.7237,1.7237,1.7237,1.7237,1.7237,1.7237,1.7237,1.7237,1.7237,1.7237,1.7237,1.7237,1.7237,1.7237,1.7237,1.7237,1.7237
1.7255,1.7255,1.7255,1.7255,1.7255,1.7255,1.7255,1.7255,1.7255,1.7255,1.7255,1.7255,1.7255,1.7255,1.7255,1.7255,1.7255,1.7255,1.7255,1.7255,1.7255,1.7255,1.7255,1.7255,1.7255
1.7274,1.7274,1.7274,1.7274,1.7274,1.7274,1.7274,1.7274,1.7274,1.7274,1.7274,1.7274,1.7274,1.7274,1.7274,1.7274,1.7274,1.7274,1.7274,1.7274,1.7274,1.7274,1.7274,1.7274,1.7274
1.7292,1.7292,1.7292,1.7292,1.7292,1.7292,1.7292,1.7292,1.7292,1.7292,1.7292,1.7292,1.7292,1.7292,1.7292,1.7292,1.7292,1.7292,1.7093,1.6817,1.6543,1.627,1.5996,1.5723,1.5449
1.731,1.731,1.731,1.731,1.731,1.731,1.731,1.731,1.731,1.731,1.731,1.731,1.731,1.731,1.731,1.731,1.731,1.731,1.731,1.731,1.731,1.731,1.731,1.731,1.731
1.7328,1.7328,1.7328,1.7328,1.7328,1.7328,1.7328,1.7328,1.7328,1.7328,1.7328,1.7328,1.7328,1.7328,1.7328,1.7328,1.7328,1.7328,1.7328,1.7328,1.7328,1.7328,1.7328,1.7328,1.7328
1.7347,1.7347,1.7347,1.7347,1.7347,1.7347,1.7347,1.7347,1.7347,1.7347,1.7347,1.7347,1.7347,1.7347,1.7347,1.7347,1.7347,1.7347,1.7347,1.7347,1.7347,1.7347,1.7347,1.7347,1.7347
1.7365,1.7365,1.7365,1.7365,1.7365,1.7365,1.7365,1.7365,1.7365,1.7365,1.7365,1.7365,1.7365,1.7365,1.7365,1.7365,1.7365,1.7365,1.7365,1.7365,1.7365,1.7365,1.7365,1.7365,1.7365
1.7384,1.7384,1.7384,1.7384,1.7384,1.7384,1.7384,1.7384,1.7384,1.7384,1.7384,1.7384,1.7384,1.7384,1.7384,1.7384,1.7384,1.7384,1.7384,1.728,1.6998,1.6717,1.6436,1.6155,1.5874
1.7402,1.7402,1.7402,1.7402,1.7402,1.7402,1.7402,1.7402,1.7402,1.7402,1.7402,1.7402,1.7402,1.7402,1.7402,1.7402,1.7402,1.7402,1.7402,1.7402,1.7402,1.7402,1.7402,1.7402,1.7402
1.7421,1.7421,1.7421,1.7421,1.7421,1.7421,1.7421,1.7421,1.7421,1.7421,1.7421,1.7421,1.7421,1.7421,1.7421,1.7421,1.7421,1.7421,1.7421,1.7421,1.7421,1.7421,1.7421,1.7421,1.7421
1.7439,1.7439,1.7439,1.7439,1.7439,1.7439,1.7439,1.7439,1.7439,1.7439,1.7439,1.7439,1.7439,1.7439,1.7439,1.7439,1.7439,1.7439,1.7439,1.7439,1.7439,1.7439,1.7426,1.7128,1.683
1.7458,1.7458,1.7458,1.7458,1.7458,1.7458,1.7458,1.7458,1.7458,1.7458,1.7458,1.7458,1.6783,1.7458,1.7458,1.7458,1.7458,1.7458,1.7458,1.7458,1.7458,1.7458,1.7458,1.7458,1.7458
1.7476,1.7476,1.7476,1.7476,1.7476,1.7476,1.7476,1.7476,1.7476,1.7476,1.7476,1.7476,1.7476,1.7476,1.7476,1.7476,1.7476,1.7476,1.7476,1.7476,1.7476,1.7476,1.7476,1.7476,1.7476
1.7495,1.7495,1.7495,1.7495,1.7495,1.7495,1.7495,1.7495,1.7495,1.7495,1.7495,1.7495,1.7495,1.7495,1.7495,1.7495,1.7495,1.7495,1.7495,1.7495,1.7495,1.7495,1.7495,1.7495,1.7495
1.7514,1.7514,1.7514,1.7514,1.7514,1.7514,1.7514,1.7514,1.7514,1.7514,1.7514,1.7514,1.7514,1.7514,1.7514,1.7514,1.7514,1.7514,1.7514,1.7514,1.7514,1.7514,1.7514,1.7514,1.7514
1.7532,1.7532,1.7532,1.7532,1.7532,1.7532,1.7532,1.7532,1.7532,1.7532,1.7532,1.7532,1.7532,1.7532,1.7035,1.6392,1.6117,1.5845,1.5593,1.5341,1.5092,1.4842,1.4592,1.4343,1.4094
1.7551,1.7551,1.7551,1.7551,1.7551,1.7551,1.7551,1.7551,1.7551,1.7551,1.7551,1.7551,1.7551,1.7551,1.7551,1.7551,1.7551,1.7551,1.7551,1.7551,1.7551,1.7551,1.7551,1.7551,1.7551
1.757,1.757,1.757,1.757,1.757,1.757,1.757,1.757,1.757,1.757,1.757,1.757,1.757,1.757,1.757,1.757,1.757,1.757,1.757,1.757,1.757,1.757,1.757,1.757,1.757
1.7589,1.7589,1.7589,1.7589,1.7589,1.7589,1.7589,1.7589,1.7589,1.7589,1.7589,1.7589,1.7589,1.7589,1.7589,1.7589,1.7589,1.7589,1.7589,1.7589,1.7589,1.7589,1.7589,1.7589,1.7589
1.7608,1.7608,1.7608,1.7608,1.7608,1.7608,1.7608,1.7608,1.7608,1.7608,1.7608,1.7608,1.7608,1.7608,1.7608,1.7608,1.7608,1.7608,1.7608,1.7608,1.7608,1.7608,1.7608,1.7608,1.7608
1.7627,1.7627,1.7627,1.7627,1.7627,1.7627,1.7627,1.7627,1.7627,1.7627,1.7627,1.7627,1.7627,1.3905,1.7627,1.7627,1.7627,1.7627,1.7627,1.7627,1.7627,1.7492,1.7198,1.6904,1.661
1.7646,1.7646,1.7646,1.7646,1.7646,1.7646,1.7646,1.7646,1.7646,1.7646,1.7646,1.7646,1.7646,1.7646,1.7646,1.7646,1.7646,1.7646,1.7646,1.7646,1.7646,1.7646,1.7646,1.7646,1.7646
1.7665,1.7665,1.7665,1.7665,1.7665,1.7665,1.7665,1.7665,1.7665,1.7665,1.7665,1.7665,1.7665,1.7665,1.7665,1.7665,1.7665,1.7665,1.7665,1.7665,1.7665,1.7665,1.7665,1.7665,1.7665
1.7684,1.7684,1.7684,1.7684,1.7684,1.7684,1.7684,1.7684,1.7684,1.7684,1.7684,1.7684,1.3409,1.7684,1.7212,1.6563,1.6284,1.601,1.5756,1.5501,1.5249,1.4997,1.4744,1.4492,1.424
1.7703,1.7703,1.7703,1.7703,1.7703,1.7703,1.7703,1.7703,1.7703,1.7703,1.7703,1.7703,1.173,1.7703,1.7703,1.7703,1.7703,1.7703,1.7703,1.7703,1.7703,1.7703,1.7703,1.7703,1.7703
1.7722,1.7722,1.7722,1.7722,1.7722,1.7722,1.7722,1.7722,1.7722,1.7722,1.7722,1.7722,1.7722,1.7722,1.7722,1.7722,1.7722,1.7722,1.7722,1.7722,1.7722,1.7722,1.7722,1.7722,1.7722
1.7741,1.7741,1.7741,1.7741,1.7741,1.7741,1.7741,1.7741,1.7741,1.7741,1.7741,1.7741,1.7741,1.7741,1.7741,1.7741,1.7741,1.7741,1.7741,1.7741,1.7741,1.7741,1.7741,1.7741,1.7741
1.776,1.776,1.776,1.776,1.776,1.776,1.776,1.776,1.776,1.776,1.776,1.776,1.776,1.3548,1.776,1.776,1.776,1.776,1.776,1.776,1.776,1.776,1.776,1.776,1.776
1.778,1.778,1.778,1.778,1.778,1.778,1.778,1.778,1.778,1.778,1.778,1.778,1.778,1.7318,1.6467,1.5845,1.5579,1.5317,1.5073,1.483,1.4588,1.4347,1.4106,1.3865,1.3624
1.7799,1.7799,1.7799,1.7799,1.7799,1.7799,1.7799,1.7799,1.7799,1.7799,1.7799,1.7216,1.7799,1.7799,1.7799,1.7799,1.7799,1.7799,1.7799,1.7799,1.7799,1.7799,1.7799,1.7799,1.7799
1.7818,1.7818,1.7818,1.7818,1.7818,1.7818,1.7818,1.7818,1.7818,1.7818,1.7818,1.7818,1.7818,1.7818,1.7818,1.7818,1.7818,1.7818,1.7818,1.7818,1.7818,1.7818,1.7818,1.7818,1.7818
1.7838,1.7838,1.7838,1.7838,1.7838,1.7838,1.7838,1.7838,1.7838,1.7838,1.7838,1.7838,1.7838,1.7838,1.7838,1.7838,1.7838,1.7838,1.7838,1.7838,1.778,1.7486,1.7192,1.6898,1.6604
1.7857,1.7857,1.7857,1.7857,1.7857,1.7857,1.7857,1.7857,1.7857,1.7857,1.7857,1.7857,1.7857,1.7338,1.7857,1.7857,1.7857,1.7857,1.7857,1.7857,1.7857,1.7857,1.7857,1.7857,1.7857
1.7877,1.7877,1.7877,1.7877,1.7877,1.7877,1.7877,1.7877,1.7877,1.7877,1.7877,1.7877,1.7877,1.7877,1.7877,1.7877,1.7877,1.7877,1.7877,1.7877,1.7877,1.7877,1.7877,1.7877,1.7877
1.7896,1.7896,1.7896,1.7896,1.7896,1.7896,1.7896,1.7896,1.7896,1.7896,1.7896,1.7896,1.7896,1.7896,1.7896,1.7896,1.7896,1.7896,1.7896,1.7896,1.7896,1.7896,1.7896,1.7896,1.7896
1.7916,1.7916,1.7916,1.7916,1.7916,1.7916,1.7916,1.7916,1.7916,1.7916,1.7916,1.7916,1.7916,1.7916,1.7916,1.7916,1.7916,1.7916,1.7916,1.7916,1.7916,1.7916,1.7916,1.7916,1.7916
1.7935,1.7935,1.7935,1.7935,1.7935,1.7935,1.7935,1.7935,1.7935,1.7935,1.7935,1.7935,1.7935,1.6288,1.5487,1.4902,1.4652,1.4405,1.4176,1.3947,1.372,1.3493,1.3266,1.304,1.2813
1.7955,1.7955,1.7955,1.7955,1.7955,1.7955,1.7955,1.7955,1.7955,1.7955,1.7955,1.7955,1.7955,1.7955,1.7955,1.7955,1.7955,1.7955,1.7955,1.7955,1.7955,1.7955,1.7955,1.7955,1.7955
1.7975,1.7975,1.7975,1.7975,1.7975,1.7975,1.7975,1.7975,1.7975,1.7975,1.7975,1.7975,1.7975,1.7975,1.7975,1.7975,1.7975,1.7975,1.7975,1.7975,1.7975,1.7975,1.7975,1.7975,1.7975
1.7995,1.7995,1.7995,1.7995,1.7995,1.7995,1.7995,1.7995,1.7995,1.7995,1.7995,1.7995,1.7995,1.7995,1.7995,1.7995,1.7995,1.7995,1.7995,1.7995,1.7995,1.7995,1.7995,1.7995,1.7995
1.8014,1.8014,1.8014,1.8014,1.8014,1.8014,1.8014,1.8014,1.8014,1.8014,1.8014,1.8014,1.8014,1.7375,1.8014,1.8014,1.8014,1.8014,1.8014,1.8014,1.8014,1.8014,1.8014,1.8014,1.8014
1.8034,1.8034,1.8034,1.8034,1.8034,1.8034,1.8034,1.8034,1.8034,1.8034,1.8034,1.8034,1.8034,1.2485,1.6876,1.6239,1.5966,1.5697,1.5448,1.5198,1.495,1.4703,1.4456,1.4209,1.3962
1.8054,1.8054,1.8054,1.8054,1.8054,1.8054,1.8054,1.8054,1.8054,1.8054,1.8054,1.8054,1.8054,1.8054,1.8054,1.8054,1.8054,1.8054,1.8054,1.8054,1.8054,1.8054,1.8054,1.8054,1.8054
1.8074,1.8074,1.8074,1.8074,1.8074,1.8074,1.8074,1.8074,1.8074,1.8074,1.8074,1.8074,1.8074,1.8074,1.8074,1.8074,1.8074,1.8074,1.8074,1.8074,1.8074,1.8074,1.8074,1.8074,1.8074
1.8094,1.8094,1.8094,1.8094,1.8094,1.8094,1.8094,1.8094,1.8094,1.8094,1.8094,1.8094,1.8094,1.7432,1.6575,1.5949,1.5681,1.5417,1.5172,1.4927,1.4684,1.4441,1.4198,1.3955,1.3713
1.8114,1.8114,1.8114,1.8114,1.8114,1.8114,1.8114,1.8114,1.8114,1.8114,1.8114,1.8114,1.0299,1.7089,1.7891,1.8114,1.8114,1.8114,1.8114,1.8114,1.8114,1.8114,1.8114,1.8114,1.8114
1.8134,1.8134,1.8134,1.8134,1.8134,1.8134,1.8134,1.8134,1.8134,1.8134,1.8134,1.8134,1.8134,1.8134,1.8134,1.8134,1.8134,1.8134,1.8134,1.8134,1.8134,1.8134,1.8134,1.8134,1.8134
1.8154,1.8154,1.8154,1.8154,1.8154,1.8154,1.8154,1.8154,1.8154,1.8154,1.8154,1.8154,1.8154,1.8154,1.8154,1.8154,1.8154,1.8154,1.8154,1.8154,1.8154,1.8154,1.8154,1.8154,1.8154
1.8174,1.8174,1.8174,1.8174,1.8174,1.8174,1.8174,1.8174,1.8174,1.8174,1.8174,1.8174,1.8174,1.8174,1.8174,1.8174,1.8174,1.8174,1.8174,1.8174,1.8174,1.8174,1.8174,1.8174,1.8174
1.8194,1.8194,1.8194,1.8194,1.8194,1.8194,1.8194,1.8194,1.8194,1.8194,1.8194,1.8194,1.8194,1.5479,1.4718,1.4162,1.3924,1.369,1.3472,1.3255,1.3039,1.2823,1.2608,1.2392,1.2177
1.8215,1.8215,1.8215,1.8215,1.8215,1.8215,1.8215,1.8215,1.8215,1.8215,1.8215,1.7469,1.8215,1.8215,1.8215,1.8215,1.8215,1.8215,1.8215,1.8215,1.8215,1.8215,1.8215,1.8215,1.8215
1.8235,1.8235,1.8235,1.8235,1.8235,1.8235,1.8235,1.8235,1.8235,1.8235,1.8235,1.8235,1.8235,1.8235,1.8235,1.8235,1.8235,1.8235,1.8235,1.8235,1.8235,1.8235,1.8235,1.8235,1.8235
1.8255,1.8255,1.8255,1.8255,1.8255,1.8255,1.8255,1.8255,1.8255,1.8255,1.8255,1.8255,1.8255,1.8255,1.8255,1.8255,1.8255,1.8255,1.8255,1.8255,1.8255,1.8128,1.7823,1.7518,1.7214
1.8276,1.8276,1.8276,1.8276,1.8276,1.8276,1.8276,1.8276,1.8276,1.8276,1.8276,1.8276,1.8276,1.5919,1.6666,1.721,1.7444,1.7674,1.7887,1.81,1.8276,1.8276,1.8276,1.8276,1.8276
1.8296,1.8296,1.8296,1.8296,1.8296,1.8296,1.8296,1.8296,1.8296,1.8296,1.8296,1.8296,1.8296,1.8296,1.8296,1.7774,1.7475,1.7181,1.6908,1.6635,1.6364,1.6093,1.5822,1.5552,1.5282
1.8316,1.8316,1.8316,1.8316,1.8316,1.8316,1.8316,1.8316,1.8316,1.8316,1.8316,1.8316,1.8316,1.8316,1.8316,1.8316,1.8316,1.8316,1.8316,1.8316,1.8316,1.8316,1.8316,1.8316,1.8316
1.8337,1.8337,1.8337,1.8337,1.8337,1.8337,1.8337,1.8337,1.8337,1.8337,1.8337,1.8337,1.8337,1.8337,1.8337,1.8337,1.8337,1.8337,1.8337,1.8337,1.8337,1.8337,1.8337,1.8337,1.8337
1.8357,1.8357,1.8357,1.8357,1.8357,1.8357,1.8357,1.8357,1.8357,1.8357,1.8357,1.8357,1.2021,1.5359,1.4604,1.4053,1.3817,1.3584,1.3368,1.3152,1.2938,1.2724,1.251,1.2296,1.2083
1.8378,1.8378,1.8378,1.8378,1.8378,1.8378,1.8378,1.8378,1.8378,1.8378,1.8378,1.8378,1.6443,1.7841,1.8378,1.8378,1.8378,1.8378,1.8378,1.8378,1.8378,1.8378,1.8378,1.8378,1.8378
1.8399,1.8399,1.8399,1.8399,1.8399,1.8399,1.8399,1.8399,1.8399,1.8399,1.8399,1.8399,1.8399,1.8399,1.8399,1.8399,1.8399,1.8399,1.8399,1.8399,1.8399,1.8399,1.8399,1.8399,1.8399
1.8419,1.8419,1.8419,1.8419,1.8419,1.8419,1.8419,1.8419,1.8419,1.8419,1.8419,1.8419,1.8419,1.8419,1.8419,1.8419,1.8419,1.8419,1.8419,1.8419,1.8419,1.8419,1.8419,1.8419,1.8419
1.844,1.844,1.844,1.844,1.844,1.844,1.844,1.844,1.844,1.844,1.844,1.844,1.844,1.299,1.7639,1.8216,1.844,1.844,1.844,1.844,1.844,1.844,1.844,1.844,1.844
1.8461,1.8461,1.8461,1.8461,1.8461,1.8461,1.8461,1.8461,1.8461,1.8461,1.8461,1.8461,1.8461,1.5518,1.4754,1.4198,1.3959,1.3724,1.3506,1.3288,1.3071,1.2855,1.2639,1.2423,1.2207
1.8482,1.8482,1.8482,1.8482,1.8482,1.8482,1.8482,1.8482,1.8482,1.8482,1.8482,1.5558,1.8482,1.8482,1.8482,1.8482,1.8482,1.8482,1.8482,1.8482,1.8482,1.8482,1.8482,1.8482,1.8482
1.8503,1.8503,1.8503,1.8503,1.8503,1.8503,1.8503,1.8503,1.8503,1.8503,1.8503,1.8503,1.8503,1.8503,1.8503,1.8503,1.8503,1.8503,1.8503,1.8503,1.8503,1.8503,1.8503,1.8503,1.8503
1.8523,1.8523,1.8523,1.8523,1.8523,1.8523,1.8523,1.8523,1.8523,1.8523,1.8523,1.8523,1.8523,1.744,1.6583,1.5957,1.5689,1.5425,1.5179,1.4934,1.4691,1.4448,1.4205,1.3962,1.3719
1.8544,1.8544,1.8544,1.8544,1.8544,1.8544,1.8544,1.8544,1.8544,1.8544,1.8544,1.8544,1.7586,1.5374,1.6095,1.6621,1.6846,1.7068,1.7274,1.7481,1.7685,1.7889,1.8093,1.8297,1.8501
1.8565,1.8565,1.8565,1.8565,1.8565,1.8565,1.8565,1.8565,1.8565,1.8565,1.8565,1.8565,1.8565,1.8565,1.8565,1.8565,1.8565,1.8565,1.8565,1.8565,1.8565,1.8565,1.8565,1.8525,1.8202
1.8587,1.8587,1.8587,1.8587,1.8587,1.8587,1.8587,1.8587,1.8587,1.8587,1.8587,1.8587,1.8587,1.8587,1.8587,1.8587,1.8587,1.8587,1.8587,1.8587,1.8587,1.8587,1.8587,1.8587,1.8587
1.8608,1.8608,1.8608,1.8608,1.8608,1.8608,1.8608,1.8608,1.8608,1.8608,1.8608,1.8608,1.8608,1.8608,1.8608,1.8608,1.8608,1.8608,1.8608,1.8608,1.8608,1.8608,1.8608,1.8608,1.8608
1.8629,1.8629,1.8629,1.8629,1.8629,1.8629,1.8629,1.8629,1.8629,1.8629,1.8629,1.8629,1.8629,1.4298,1.3595,1.3081,1.2862,1.2645,1.2444,1.2243,1.2044,1.1845,1.1645,1.1446,1.1247
1.865,1.865,1.865,1.865,1.865,1.865,1.865,1.865,1.865,1.865,1.865,1.8563,1.8355,1.865,1.865,1.865,1.865,1.865,1.865,1.865,1.865,1.865,1.865,1.865,1.865
1.8671,1.8671,1.8671,1.8671,1.8671,1.8671,1.8671,1.8671,1.8671,1.8671,1.8671,1.8671,1.8671,1.8671,1.8671,1.8671,1.8671,1.8671,1.8671,1.8671,1.8671,1.8671,1.8671,1.8671,1.8671
1.8693,1.8693,1.8693,1.8693,1.8693,1.8693,1.8693,1.8693,1.8693,1.8693,1.8693,1.8693,1.8693,1.8693,1.8693,1.8693,1.8693,1.8693,1.8693,1.8693,1.8693,1.8693,1.8693,1.8693,1.8693
1.8714,1.8714,1.8714,1.8714,1.8714,1.8714,1.8714,1.8714,1.8714,1.8714,1.8714,1.8714,1.8714,1.5089,1.5797,1.6313,1.6534,1.6752,1.6955,1.7157,1.7358,1.7558,1.7758,1.7959,1.8159
1.8735,1.8735,1.8735,1.8735,1.8735,1.8735,1.8735,1.8735,1.8735,1.8735,1.8735,1.8735,1.8735,1.0851,1.5667,1.5075,1.4822,1.4573,1.4341,1.4109,1.3879,1.365,1.342,1.3191,1.2962
1.8757,1.8757,1.8757,1.8757,1.8757,1.8757,1.8757,1.8757,1.8757,1.8757,1.8757,1.8757,1.8757,1.8757,1.8757,1.8757,1.8757,1.8757,1.8757,1.8757,1.8757,1.8757,1.8757,1.8757,1.8757
1.8778,1.8778,1.8778,1.8778,1.8778,1.8778,1.8778,1.8778,1.8778,1.8778,1.8778,1.8778,1.8778,1.8778,1.8778,1.8778,1.8778,1.8778,1.8778,1.8778,1.8778,1.8778,1.8778,1.8778,1.8778
1.88,1.88,1.88,1.88,1.88,1.88,1.88,1.88,1.88,1.88,1.88,1.88,1.1077,1.4954,1.4219,1.3682,1.3453,1.3226,1.3016,1.2806,1.2597,1.2389,1.218,1.1972,1.1764
1.8821,1.8821,1.8821,1.8821,1.8821,1.8821,1.8821,1.8821,1.8821,1.8821,1.8821,1.8821,0.9329,1.5651,1.6385,1.6921,1.715,1.7376,1.7586,1.7796,1.8004,1.8212,1.8419,1.8627,1.8821
1.8843,1.8843,1.8843,1.8843,1.8843,1.8843,1.8843,1.8843,1.8843,1.8843,1.8843,1.8843,1.8843,1.8843,1.8843,1.8843,1.8843,1.8843,1.8843,1.8843,1.8843,1.8843,1.8843,1.8843,1.8843
1.8865,1.8865,1.8865,1.8865,1.8865,1.8865,1.8865,1.8865,1.8865,1.8865,1.8865,1.8865,1.8865,1.8865,1.8865,1.8865,1.8865,1.8865,1.8865,1.8865,1.8865,1.8865,1.8865,1.8865,1.8865
1.8886,1.8886,1.8886,1.8886,1.8886,1.8886,1.8886,1.8886,1.8886,1.8886,1.8886,1.8886,1.8886,1.1396,1.769,1.8268,1.8516,1.8759,1.8886,1.8886,1.8886,1.8886,1.8886,1.8886,1.8886
1.8908,1.8908,1.8908,1.8908,1.8908,1.8908,1.8908,1.8908,1.8908,1.8908,1.8908,1.8908,1.8908,1.401,1.3321,1.2818,1.2603,1.2391,1.2194,1.1997,1.1801,1.1606,1.1411,1.1216,1.1021
1.893,1.893,1.893,1.893,1.893,1.893,1.893,1.893,1.893,1.893,1.893,1.4623,1.893,1.893,1.893,1.893,1.893,1.893,1.893,1.893,1.893,1.893,1.893,1.893,1.893
1.8952,1.8952,1.8952,1.8952,1.8952,1.8952,1.8952,1.8952,1.8952,1.8952,1.8952,1.8952,1.8952,1.8952,1.8952,1.8952,1.8952,1.8952,1.8952,1.8952,1.8952,1.8952,1.8952,1.8952,1.8952
1.8974,1.8974,1.8974,1.8974,1.8974,1.8974,1.8974,1.8974,1.8974,1.8974,1.8974,1.7791,1.8974,1.8115,1.7224,1.6574,1.6296,1.6021,1.5767,1.5512,1.5259,1.5007,1.4755,1.4502,1.425
1.8996,1.8996,1.8996,1.8996,1.8996,1.8996,1.8996,1.8996,1.8996,1.8996,1.8996,1.8996,1.8996,1.4249,1.4917,1.5404,1.5613,1.5819,1.601,1.6201,1.639,1.658,1.6769,1.6958,1.7147
1.9018,1.9018,1.9018,1.9018,1.9018,1.9018,1.9018,1.9018,1.9018,1.9018,1.9018,1.9018,1.9018,1.9018,1.7825,1.7153,1.6865,1.6581,1.6317,1.6053,1.5792,1.5531,1.527,1.5009,1.4748
1.904,1.904,1.904,1.904,1.904,1.904,1.904,1.904,1.904,1.904,1.904,1.904,1.904,1.904,1.904,1.904,1.904,1.904,1.904,1.904,1.904,1.904,1.904,1.904,1.904
1.9062,1.9062,1.9062,1.9062,1.9062,1.9062,1.9062,1.9062,1.9062,1.9062,1.9062,1.9062,1.9062,1.9062,1.7844,1.9062,1.9062,1.9062,1.9062,1.9062,1.9062,1.9062,1.9062,1.9062,1.9062
1.9084,1.9084,1.9084,1.9084,1.9084,1.9084,1.9084,1.9084,1.9084,1.9084,1.9084,1.9084,1.6554,1.3591,1.2923,1.2435,1.2226,1.202,1.1829,1.1638,1.1448,1.1259,1.107,1.0881,1.0691
1.9107,1.9107,1.9107,1.9107,1.9107,1.9107,1.9107,1.9107,1.9107,1.9107,1.9107,1.9107,1.5565,1.6888,1.768,1.8258,1.8505,1.8749,1.8976,1.9107,1.9107,1.9107,1.9107,1.9107,1.9107
1.9129,1.9129,1.9129,1.9129,1.9129,1.9129,1.9129,1.9129,1.9129,1.9129,1.9129,1.9129,1.9129,1.9129,1.9129,1.9129,1.9129,1.9129,1.9129,1.9129,1.9129,1.9129,1.9129,1.9129,1.9129
1.9151,1.9151,1.9151,1.9151,1.9151,1.9151,1.9151,1.9151,1.9151,1.9151,1.9151,1.9151,1.9151,1.9151,1.9151,1.9151,1.9151,1.9151,1.9151,1.9151,1.9151,1.9151,1.9151,1.9151,1.9151
1.9174,1.9174,1.9174,1.9174,1.9174,1.9174,1.9174,1.9174,1.9174,1.9174,1.9174,1.9174,1.9174,1.4519,1.5411,1.5915,1.6131,1.6343,1.654,1.6738,1.6934,1.7129,1.7325,1.752,1.7715
1.9196,1.9196,1.9196,1.9196,1.9196,1.9196,1.9196,1.9196,1.9196,1.9196,1.9196,1.9196,1.9196,1.1626,1.3757,1.3238,1.3016,1.2797,1.2593,1.239,1.2188,1.1986,1.1785,1.1584,1.1382
1.9219,1.9219,1.9219,1.9219,1.9219,1.9219,1.9219,1.9219,1.9219,1.9219,1.9219,1.9219,1.9219,1.9219,1.9219,1.9219,1.9219,1.9219,1.9219,1.9219,1.9219,1.9219,1.9219,1.9219,1.9219
1.9241,1.9241,1.9241,1.9241,1.9241,1.9241,1.9241,1.9241,1.9241,1.9241,1.9241,1.9241,1.9241,1.9241,1.9241,1.9241,1.9241,1.9241,1.9241,1.9241,1.9241,1.9241,1.9241,1.9241,1.9241
1.9264,1.9264,1.9264,1.9264,1.9264,1.9264,1.9264,1.9264,1.9264,1.9264,1.9264,1.9264,1.6241,1.5008,1.427,1.3731,1.3501,1.3274,1.3063,1.2851,1.2642,1.2433,1.2224,1.2015,1.1806
1.9287,1.9287,1.9287,1.9287,1.9287,1.9287,1.9287,1.9287,1.9287,1.9287,1.9287,1.9287,1.0454,1.4151,1.4815,1.5299,1.5507,1.5711,1.5901,1.609,1.6278,1.6466,1.6654,1.6842,1.703
1.9309,1.9309,1.9309,1.9309,1.9309,1.9309,1.9309,1.9309,1.9309,1.9309,1.9309,1.9309,1.9309,1.9309,1.6277,1.9309,1.9309,1.9309,1.9309,1.9309,1.9309,1.9309,1.9119,1.8792,1.8465
1.9332,1.9332,1.9332,1.9332,1.9332,1.9332,1.9332,1.9332,1.9332,1.9332,1.9332,1.9332,1.9332,1.9332,1.9332,1.9332,1.9332,1.9332,1.9332,1.9332,1.9332,1.9332,1.9332,1.9332,1.9332
1.9355,1.9355,1.9355,1.9355,1.9355,1.9355,1.9355,1.9355,1.9355,1.9355,1.9355,1.9355,1.9355,1.9355,1.835,1.895,1.9206,1.9355,1.9355,1.9355,1.9355,1.9355,1.9355,1.9355,1.9355
1.9378,1.9378,1.9378,1.9378,1.9378,1.9378,1.9378,1.9378,1.9378,1.9378,1.9378,1.9378,1.9378,1.3004,1.2365,1.1898,1.1698,1.1501,1.1318,1.1135,1.0954,1.0773,1.0592,1.0411,1.023
1.9401,1.9401,1.9401,1.9401,1.9401,1.9401,1.9401,1.9401,1.9401,1.9401,1.9401,1.5467,1.8049,1.9401,1.9401,1.9401,1.9401,1.9401,1.9401,1.9401,1.9401,1.9401,1.9401,1.9401,1.9401
1.9424,1.9424,1.9424,1.9424,1.9424,1.9424,1.9424,1.9424,1.9424,1.9424,1.9424,1.9424,1.9424,1.9424,1.9424,1.9424,1.9424,1.9424,1.9424,1.9424,1.9424,1.9424,1.9424,1.9424,1.9424
1.9447,1.9447,1.9447,1.9447,1.9447,1.9447,1.9447,1.9447,1.9447,1.9447,1.9447,1.68,1.9447,1.9447,1.8633,1.7929,1.7628,1.7332,1.7056,1.678,1.6507,1.6234,1.5961,1.5688,1.5416
1.947,1.947,1.947,1.947,1.947,1.947,1.947,1.947,1.947,1.947,1.947,1.947,1.947,1.3561,1.4196,1.466,1.4859,1.5055,1.5237,1.5419,1.5599,1.5779,1.5959,1.6139,1.6319
1.9493,1.9493,1.9493,1.9493,1.9493,1.9493,1.9493,1.9493,1.9493,1.9493,1.9493,1.9493,1.9493,1.0444,1.5079,1.451,1.4266,1.4026,1.3803,1.358,1.3359,1.3138,1.2917,1.2696,1.2476
1.9516,1.9516,1.9516,1.9516,1.9516,1.9516,1.9516,1.9516,1.9516,1.9516,1.9516,1.9516,1.9516,1.9516,1.9516,1.9516,1.9516,1.9516,1.9516,1.9516,1.9516,1.9516,1.9516,1.9516,1.9516
1.954,1.954,1.954,1.954,1.954,1.954,1.954,1.954,1.954,1.954,1.954,1.954,1.954,1.954,1.954,1.954,1.954,1.954,1.954,1.954,1.954,1.954,1.954,1.954,1.954
1.9563,1.9563,1.9563,1.9563,1.9563,1.9563,1.9563,1.9563,1.9563,1.9563,1.9563,1.9563,0.9827,1.3267,1.2614,1.2138,1.1934,1.1733,1.1547,1.136,1.1175,1.099,1.0806,1.0621,1.0436
1.9586,1.9586,1.9586,1.9586,1.9586,1.9586,1.9586,1.9586,1.9586,1.9586,1.9586,1.9586,0.8832,1.4818,1.5513,1.602,1.6237,1.6451,1.6649,1.6848,1.7045,1.7242,1.7439,1.7635,1.7832
1.961,1.961,1.961,1.961,1.961,1.961,1.961,1.961,1.961,1.961,1.961,1.961,1.961,1.961,1.961,1.961,1.961,1.961,1.961,1.961,1.961,1.961,1.961,1.961,1.961
1.9633,1.9633,1.9633,1.9633,1.9633,1.9633,1.9633,1.9633,1.9633,1.9633,1.9633,1.9633,1.9633,1.9633,1.9633,1.9633,1.9633,1.9633,1.9633,1.9633,1.9633,1.9633,1.9633,1.9633,1.9633
1.9657,1.9657,1.9657,1.9657,1.9657,1.9657,1.9657,1.9657,1.9657,1.9657,1.9657,1.9657,1.9657,0.9962,1.5459,1.5964,1.6181,1.6394,1.6592,1.679,1.6986,1.7183,1.7379,1.7575,1.7771
1.968,1.968,1.968,1.968,1.968,1.968,1.968,1.968,1.968,1.968,1.968,1.968,1.968,1.3081,1.2438,1.1969,1.1768,1.157,1.1386,1.1202,1.1019,1.0837,1.0655,1.0473,1.0291
1.9704,1.9704,1.9704,1.9704,1.9704,1.9704,1.9704,1.9704,1.9704,1.9704,1.9704,1.2667,1.9704,1.9704,1.9704,1.9704,1.9704,1.9704,1.9704,1.9704,1.9704,1.9704,1.9704,1.9704,1.9704
1.9728,1.9728,1.9728,1.9728,1.9728,1.9728,1.9728,1.9728,1.9728,1.9728,1.9728,1.9728,1.9728,1.9728,1.9728,1.9728,1.9728,1.9728,1.9728,1.9728,1.9728,1.9728,1.9728,1.9728,1.9728
1.9752,1.9752,1.9752,1.9752,1.9752,1.9752,1.9752,1.9752,1.9752,1.9752,1.9752,1.8072,1.6811,1.5534,1.477,1.4213,1.3974,1.3739,1.3521,1.3302,1.3086,1.2869,1.2653,1.2436,1.222
1.9775,1.9775,1.9775,1.9775,1.9775,1.9775,1.9775,1.9775,1.9775,1.9775,1.9775,1.9775,1.9775,1.3137,1.3753,1.4203,1.4395,1.4585,1.4761,1.4937,1.5112,1.5286,1.5461,1.5635,1.581
1.9799,1.9799,1.9799,1.9799,1.9799,1.9799,1.9799,1.9799,1.9799,1.9799,1.9799,1.9799,1.9799,1.9799,1.7158,1.7155,1.6867,1.6583,1.6319,1.6056,1.5794,1.5533,1.5272,1.5011,1.475
1.9823,1.9823,1.9823,1.9823,1.9823,1.9823,1.9823,1.9823,1.9823,1.9823,1.9823,1.9823,1.9823,1.9823,1.9823,1.9823,1.9823,1.9823,1.9823,1.9823,1.9823,1.9823,1.9823,1.9823,1.9823
1.9847,1.9847,1.9847,1.9847,1.9847,1.9847,1.9847,1.9847,1.9847,1.9847,1.9847,1.9847,1.9847,1.9847,1.7619,1.9847,1.9847,1.9847,1.9847,1.9847,1.9847,1.9847,1.9847,1.9847,1.9847
1.9871,1.9871,1.9871,1.9871,1.9871,1.9871,1.9871,1.9871,1.9871,1.9871,1.9871,1.9871,1.9871,1.2376,1.1768,1.1324,1.1133,1.0946,1.0772,1.0598,1.0425,1.0253,1.0081,0.9908,0.9736
1.9896,1.9896,1.9896,1.9896,1.9896,1.9896,1.9896,1.9896,1.9896,1.9896,1.9896,1.7058,1.5203,1.6496,1.7269,1.7834,1.8075,1.8313,1.8535,1.8756,1.8975,1.9194,1.9413,1.9632,1.9851
1.992,1.992,1.992,1.992,1.992,1.992,1.992,1.992,1.992,1.992,1.992,1.992,1.992,1.992,1.992,1.992,1.992,1.992,1.992,1.992,1.992,1.992,1.992,1.992,1.992
1.9944,1.9944,1.9944,1.9944,1.9944,1.9944,1.9944,1.9944,1.9944,1.9944,1.9944,1.9944,1.9944,1.9944,1.9944,1.9944,1.9944,1.9687,1.9374,1.9061,1.8751,1.844,1.813,1.7821,1.7511
1.9968,1.9968,1.9968,1.9968,1.9968,1.9968,1.9968,1.9968,1.9968,1.9968,1.9968,1.9968,1.9968,1.3231,1.3852,1.4304,1.4498,1.4689,1.4867,1.5044,1.522,1.5396,1.5572,1.5747,1.5923
1.9993,1.9993,1.9993,1.9993,1.9993,1.9993,1.9993,1.9993,1.9993,1.9993,1.9993,1.9993,1.9993,0.9142,1.32,1.2702,1.2489,1.2279,1.2083,1.1888,1.1694,1.1501,1.1308,1.1114,1.0921
2.0017,2.0017,2.0017,2.0017,2.0017,2.0017,2.0017,2.0017,2.0017,2.0017,1.9797,2.0017,2.0017,2.0017,2.0017,2.0017,2.0017,2.0017,2.0017,2.0017,2.0017,2.0017,2.0017,2.0017,2.0017
2.0042,2.0042,2.0042,2.0042,2.0042,2.0042,2.0042,2.0042,2.0042,2.0042,2.0042,2.0042,2.0042,2.0042,2.0042,2.0042,2.0042,2.0042,2.0042,2.0042,2.0042,2.0042,2.0042,2.0042,2.0042
2.0066,2.0066,2.0066,2.0066,2.0066,2.0066,2.0066,2.0066,2.0066,2.0066,2.0066,2.0066,1.4383,1.3291,1.2637,1.216,1.1956,1.1755,1.1568,1.1381,1.1196,1.101,1.0825,1.064,1.0455
2.0091,2.0091,2.0091,2.0091,2.0091,2.0091,2.0091,2.0091,2.0091,2.0091,2.0091,2.0091,0.7975,1.3379,1.4007,1.4464,1.466,1.4854,1.5033,1.5212,1.539,1.5568,1.5746,1.5923,1.6101
2.0115,2.0115,2.0115,2.0115,2.0115,2.0115,2.0115,2.0115,2.0115,2.0115,2.0115,2.0115,2.0115,2.0115,1.5125,2.0115,2.0115,2.0115,2.0115,2.0115,2.0115,2.0115,2.0115,1.9871,1.9526
2.014,2.014,2.014,2.014,2.014,2.014,2.014,2.014,2.014,2.014,2.014,2.014,2.014,2.014,2.014,2.014,2.014,2.014,2.014,2.014,2.014,2.014,2.014,2.014,2.014
2.0165,2.0165,2.0165,2.0165,2.0165,2.0165,2.0165,2.0165,2.0165,2.0165,2.0165,2.0165,2.0165,1.028,1.5958,1.6479,1.6702,1.6922,1.7127,1.7331,1.7534,1.7736,1.7939,1.8141,1.8344
2.019,2.019,2.019,2.019,2.019,2.019,2.019,2.019,2.019,2.019,2.019,2.019,2.019,1.2133,1.1536,1.1101,1.0915,1.0731,1.056,1.039,1.022,1.0051,0.9882,0.9713,0.9545
2.0215,2.0215,2.0215,2.0215,2.0215,2.0215,2.0215,2.0215,2.0215,2.0215,2.0215,1.3302,1.8339,1.9898,2.0215,2.0215,2.0215,2.0215,2.0215,2.0215,2.0215,2.0215,2.0215,2.0215,2.0215
2.024,2.024,2.024,2.024,2.024,2.024,2.024,2.024,2.024,2.024,2.024,2.024,2.024,2.024,2.024,2.024,2.024,2.024,2.024,2.024,2.024,2.024,2.024,2.024,2.024
2.0265,2.0265,2.0265,2.0265,2.0265,2.0265,2.0265,2.0265,2.0265,2.0265,2.0265,1.4743,1.7999,1.6632,1.5815,1.5218,1.4962,1.471,1.4476,1.4242,1.4011,1.3779,1.3547,1.3316,1.3084
1.9151,1.9854,2.029,2.029,2.029,2.029,2.029,2.029,2.029,2.029,2.029,2.029,2.029,1.2492,1.3078,1.3505,1.3688,1.3869,1.4036,1.4204,1.437,1.4536,1.4702,1.4867,1.5033
2.0315,2.0315,2.0315,2.0315,2.0315,2.0315,2.0315,2.0315,2.0315,2.0315,2.0315,2.0315,2.0315,2.0315,1.4927,1.4364,1.4123,1.3885,1.3664,1.3443,1.3225,1.3006,1.2787,1.2569,1.235
2.034,2.034,2.034,2.034,2.034,2.034,2.034,2.034,2.034,2.034,2.034,2.034,2.034,2.034,2.034,2.034,2.034,2.034,2.034,2.034,2.034,2.034,2.034,2.034,2.034
2.0365,2.0365,2.0365,2.0365,2.0365,2.0365,2.0365,2.0365,2.0365,2.0365,2.0365,2.0365,2.0365,2.0365,1.5304,2.0365,2.0365,2.0365,2.0365,2.0365,2.0365,2.0365,2.0365,2.0365,2.0365
2.0391,2.0391,2.0391,2.0391,2.0391,2.0391,2.0391,2.0391,2.0391,2.0391,2.0391,2.0391,1.095,1.2061,1.1468,1.1035,1.085,1.0667,1.0498,1.0328,1.016,0.9992,0.9824,0.9656,0.9488
2.0416,2.0416,2.0416,2.0416,2.0416,2.0416,2.0416,2.0416,2.0416,2.0416,2.0416,1.983,1.3262,1.4389,1.5064,1.5556,1.5767,1.5975,1.6168,1.6361,1.6552,1.6743,1.6934,1.7125,1.7316
2.0442,2.0442,2.0442,2.0442,2.0442,2.0442,2.0442,2.0442,2.0442,2.0442,2.0442,2.0442,2.0442,2.0442,2.0442,2.0442,2.0442,2.0442,2.0442,2.0442,2.0442,2.0442,2.0442,2.0442,2.0442
2.0467,2.0467,2.0467,2.0467,2.0467,2.0467,2.0467,2.0467,2.0467,2.0467,2.0467,2.0467,2.0467,2.0467,2.0467,2.0467,2.0467,2.0467,2.0467,2.0467,2.0467,2.0467,2.0467,2.0467,2.0467
2.0282,2.0493,2.0493,2.0493,2.0493,2.0493,2.0493,2.0493,2.0493,2.0493,2.0493,2.0493,2.0493,1.1148,1.385,1.4303,1.4497,1.4688,1.4865,1.5043,1.5219,1.5394,1.557,1.5746,1.5921
2.0518,2.0518,2.0518,2.0518,2.0518,2.0518,2.0518,2.0518,2.0518,2.0518,2.0518,2.0518,2.0518,1.163,1.1891,1.1442,1.125,1.1061,1.0885,1.0709,1.0535,1.036,1.0186,1.0012,0.9838
2.0544,2.0544,2.0544,2.0544,2.0544,2.0544,2.0544,2.0544,2.0544,2.0544,2.0071,2.0544,2.0544,2.0544,2.0544,2.0544,2.0544,2.0544,2.0544,2.0544,2.0544,2.0544,2.0544,2.0544,2.0544
2.057,2.057,2.057,2.057,2.057,2.057,2.057,2.057,2.057,2.057,2.057,2.057,2.057,2.057,2.057,2.057,2.057,2.057,2.057,2.057,2.057,2.057,2.057,2.057,2.057
2.0596,2.0596,2.0596,2.0596,2.0596,2.0596,2.0596,2.0596,2.0596,2.0596,2.0596,1.9015,1.48,1.3676,1.3004,1.2513,1.2303,1.2096,1.1903,1.1711,1.152,1.133,1.1139,1.0949,1.0759
1.899,1.9688,2.0498,2.0622,2.0622,2.0622,2.0622,2.0622,2.0622,2.0622,2.0622,2.0622,1.1736,1.2388,1.2968,1.3392,1.3574,1.3753,1.3919,1.4085,1.4249,1.4414,1.4579,1.4743,1.4907
2.0648,2.0648,2.0648,2.0648,2.0648,2.0648,2.0648,2.0648,2.0648,2.0648,2.0648,2.0648,2.0648,2.0648,1.4948,1.7698,1.74,1.7107,1.6835,1.6563,1.6294,1.6024,1.5755,1.5485,1.5216
2.0674,2.0674,2.0674,2.0674,2.0674,2.0674,2.0674,2.0674,2.0674,2.0674,2.0674,2.0674,2.0674,2.0674,2.0674,2.0674,2.0674,2.0674,2.0674,2.0674,2.0674,2.0674,2.0674,2.0674,2.0674
2.07,2.07,2.07,2.07,2.07,2.07,2.07,2.07,2.07,2.07,2.07,2.07,2.07,2.07,1.6996,1.7552,1.7789,1.8024,1.8242,1.8459,1.8675,1.8891,1.9106,1.9322,1.9537
2.0726,2.0726,2.0726,2.0726,2.0726,2.0726,2.0726,2.0726,2.0726,2.0726,2.0726,2.0726,2.0726,1.1519,1.0952,1.0539,1.0362,1.0187,1.0025,0.9863,0.9703,0.9542,0.9382,0.9222,0.9061
2.0752,2.0752,2.0752,2.0752,2.0752,2.0752,2.0752,2.0752,2.0752,2.0752,2.0752,1.4465,1.524,1.6536,1.7311,1.7877,1.8119,1.8358,1.858,1.8801,1.9021,1.9241,1.946,1.968,1.9899
2.0779,2.0779,2.0779,2.0779,2.0779,2.0779,2.0779,2.0779,2.0779,2.0779,2.0779,2.0779,2.0779,2.0779,2.0779,2.0779,2.0779,2.0779,2.0779,2.0779,2.0779,2.0779,2.0779,2.0779,2.0779
2.0805,2.0805,2.0805,2.0805,2.0805,2.0805,2.0805,2.0805,2.0805,2.0805,2.0805,2.0805,2.0058,1.8535,1.7624,1.6958,1.6674,1.6393,1.6132,1.5872,1.5613,1.5355,1.5097,1.4839,1.4581
1.8629,1.9314,2.0108,2.0832,2.0832,2.0832,2.0832,2.0832,2.0832,2.0832,2.0832,2.0832,2.0832,1.2152,1.2722,1.3138,1.3316,1.3491,1.3654,1.3817,1.3979,1.414,1.4301,1.4463,1.4624
2.0858,2.0858,2.0858,2.0858,2.0858,2.0858,2.0858,2.0858,2.0858,2.0858,2.0858,2.0858,2.0858,0.8977,1.2961,1.2472,1.2262,1.2056,1.1864,1.1672,1.1482,1.1292,1.1102,1.0913,1.0723
2.0885,2.0885,2.0885,2.0885,2.0885,2.0885,2.0885,2.0885,2.0885,2.0885,1.8461,2.0885,2.0885,2.0885,2.0885,2.0885,2.0885,2.0885,2.0885,2.0885,2.0885,2.0885,2.0885,2.0885,2.0885
2.0911,2.0911,2.0911,2.0911,2.0911,2.0911,2.0911,2.0911,2.0911,2.0911,2.0911,2.0911,2.0911,2.0911,2.0911,2.0911,2.0911,2.0911,2.0911,2.0911,2.0911,2.0911,2.0911,2.0911,2.0911
2.0938,2.0938,2.0938,2.0938,2.0938,2.0938,2.0938,2.0938,2.0938,2.0938,2.0938,2.0938,0.8912,1.2032,1.144,1.1008,1.0823,1.0641,1.0472,1.0303,1.0135,0.9967,0.98,0.9632,0.9465
1.9808,2.0536,2.0965,2.0965,2.0965,2.0965,2.0965,2.0965,2.0965,2.0965,2.0965,2.0965,0.7702,1.2921,1.3527,1.3969,1.4158,1.4345,1.4518,1.4691,1.4863,1.5035,1.5206,1.5378,1.5549
2.0992,2.0992,2.0992,2.0992,2.0992,2.0992,2.0992,2.0992,2.0992,2.0992,2.0992,2.0992,2.0992,2.0992,2.0992,2.0992,2.0992,2.0992,2.0992,2.0992,2.0992,2.0992,2.0992,2.0992,2.0992
2.1019,2.1019,2.1019,2.1019,2.1019,2.1019,2.1019,2.1019,2.1019,2.1019,2.1019,2.1019,2.1019,2.1019,2.1019,2.1019,2.1019,2.1019,2.1019,2.1019,2.1019,2.1019,2.1019,2.1019,2.1019
2.0799,2.1046,2.1046,2.1046,2.1046,2.1046,2.1046,2.1046,2.1046,2.1046,2.1046,2.1046,2.1046,0.915,1.4204,1.4668,1.4867,1.5063,1.5245,1.5427,1.5607,1.5787,1.5967,1.6147,1.6328
2.1073,2.1073,2.1073,2.1073,2.1073,2.1073,2.1073,2.1073,2.1073,2.1073,2.1073,2.1073,2.1073,1.1551,1.0983,1.0568,1.0391,1.0216,1.0053,0.9891,0.973,0.9569,0.9408,0.9247,0.9086
2.11,2.11,2.11,2.11,2.11,2.11,2.11,2.11,2.11,2.11,2.0904,1.1722,1.9206,2.0839,2.11,2.11,2.11,2.11,2.11,2.11,2.11,2.11,2.11,2.11,2.11
2.1127,2.1127,2.1127,2.1127,2.1127,2.1127,2.1127,2.1127,2.1127,2.1127,2.1127,2.1127,2.1127,2.1127,2.1127,2.1127,2.1127,2.1127,2.1127,2.1127,2.1127,2.1127,2.1127,2.1127,2.1127
2.1154,2.1154,2.1154,2.1154,2.1154,2.1154,2.1154,2.1154,2.1154,2.1154,2.1154,1.5172,1.5681,1.449,1.3778,1.3258,1.3035,1.2816,1.2612,1.2408,1.2206,1.2004,1.1802,1.1601,1.1399
1.7989,1.865,1.9417,2.0334,2.1182,2.1182,2.1182,2.1182,2.1182,2.1182,2.1182,2.1182,2.1182,1.1734,1.2285,1.2686,1.2858,1.3028,1.3185,1.3342,1.3498,1.3654,1.381,1.3966,1.4121
2.1209,2.1209,2.1209,2.1209,2.1209,2.1209,2.1209,2.1209,2.1209,2.1209,2.1209,2.1209,2.1209,2.1209,1.5144,1.4573,1.4328,1.4087,1.3863,1.3639,1.3417,1.3195,1.2973,1.2751,1.2529
2.1237,2.1237,2.1237,2.1237,2.1237,2.1237,2.1237,2.1237,2.1237,2.1237,2.1237,2.1237,2.1237,2.1237,2.1237,2.1237,2.1237,2.1237,2.1237,2.1237,2.1237,2.1237,2.1237,2.1237,2.1237
2.1264,2.1264,2.1264,2.1264,2.1264,2.1264,2.1264,2.1264,2.1264,2.1264,2.1264,2.1264,2.1264,2.1264,1.5116,1.9392,1.9655,1.9914,2.0155,2.0395,2.0634,2.0872,2.111,2.1264,2.1264
2.1292,2.1292,2.1292,2.1292,2.1292,2.1292,2.1292,2.1292,2.1292,2.1292,2.1292,2.1292,1.72,1.1179,1.063,1.0229,1.0057,0.9887,0.973,0.9573,0.9417,0.9261,0.9106,0.895,0.8794
2.1319,2.1319,2.1319,2.1319,2.1319,2.1319,2.1319,2.1319,2.1319,2.1319,2.1319,1.6418,1.3157,1.4275,1.4945,1.5433,1.5642,1.5848,1.604,1.6231,1.6421,1.661,1.68,1.699,1.7179
2.1347,2.1347,2.1347,2.1347,2.1347,2.1347,2.1347,2.1347,2.1347,2.1347,2.1347,2.1347,2.1347,2.1347,2.1347,2.1347,2.1347,2.1347,2.1347,2.1347,2.1347,2.1347,2.1347,2.1347,2.1347
2.1375,2.1375,2.1375,2.1375,2.1375,2.1375,2.1375,2.1375,2.1375,2.1375,2.0969,2.1375,2.1375,2.1375,2.0682,1.9901,1.9567,1.9238,1.8932,1.8626,1.8323,1.8019,1.7717,1.7414,1.7111
1.8533,1.9214,2.0004,2.0949,2.1403,2.1403,2.1403,2.1403,2.1403,2.1403,2.1403,2.1403,2.1403,1.2089,1.2656,1.307,1.3247,1.3421,1.3583,1.3746,1.3906,1.4067,1.4227,1.4388,1.4548
2.1431,2.1431,2.1431,2.1431,2.1431,2.1431,2.1431,2.1431,2.1431,2.1431,2.1431,2.1431,2.1431,0.9011,1.1592,1.1154,1.0967,1.0782,1.0611,1.0439,1.027,1.01,0.993,0.976,0.959
2.1459,2.1459,2.1459,2.1459,2.1459,2.1459,2.1459,2.1459,2.1459,2.1459,1.8197,2.1459,2.1459,2.1459,2.1459,2.1459,2.1459,2.1459,2.1459,2.1459,2.1459,2.1459,2.1459,2.1459,2.1459
2.1487,2.1487,2.1487,2.1487,2.1487,2.1487,2.1487,2.1487,2.1487,2.1487,2.1487,2.1487,2.1487,2.1487,2.1487,2.1487,2.1487,2.1487,2.1487,2.1487,2.1487,2.1487,2.1487,2.1487,2.1487
2.1515,2.1515,2.1515,2.1515,2.1515,2.1515,2.1515,2.1515,2.1515,2.1515,2.1515,2.0745,1.3304,1.2294,1.169,1.1248,1.1059,1.0873,1.07,1.0528,1.0356,1.0185,1.0014,0.9842,0.9671
1.8238,1.8908,1.9686,2.0616,2.1544,2.1544,2.1544,2.1544,2.1544,2.1544,2.1544,2.1544,0.7718,1.1897,1.2455,1.2862,1.3036,1.3208,1.3367,1.3527,1.3685,1.3843,1.4001,1.4159,1.4317
2.1572,2.1572,2.1572,2.1572,2.1572,2.1572,2.1572,2.1572,2.1572,2.1572,2.1572,2.1572,2.1572,2.1572,1.331,1.882,1.8504,1.8193,1.7903,1.7614,1.7327,1.7041,1.6754,1.6468,1.6181
2.1601,2.1601,2.1601,2.1601,2.1601,2.1601,2.1601,2.1601,2.1601,2.1601,2.1601,2.1601,2.1601,2.1601,2.1601,2.1601,2.1601,2.1601,2.1601,2.1601,2.1601,2.1601,2.1601,2.1601,2.1601
2.1629,2.1629,2.1629,2.1629,2.1629,2.1629,2.1629,2.1629,2.1629,2.1629,2.1629,2.1629,2.1629,2.1629,1.4972,1.5461,1.567,1.5877,1.6069,1.626,1.6451,1.6641,1.683,1.702,1.721
2.1658,2.1658,2.1658,2.1658,2.1658,2.1658,2.1658,2.1658,2.1658,2.1658,2.1658,2.1658,2.1658,1.0912,1.0376,0.9984,0.9816,0.9651,0.9498,0.9344,0.9192,0.904,0.8888,0.8736,0.8584
2.1686,2.1686,2.1686,2.1686,2.1686,2.1686,2.1686,2.1686,2.1686,2.1686,2.1686,1.2583,1.5644,1.6974,1.7769,1.835,1.8599,1.8844,1.9071,1.9299,1.9525,1.975,1.9976,2.0201,2.0426
2.1715,2.1715,2.1715,2.1715,2.1715,2.1715,2.1715,2.1715,2.1715,2.1715,2.1715,2.1715,2.1715,2.1715,2.1715,2.1715,2.1715,2.1715,2.1715,2.1715,2.1715,2.1715,2.1715,2.1715,2.1715
2.1744,2.1744,2.1744,2.1744,2.1744,2.1744,2.1744,2.1744,2.1744,2.1744,2.1744,1.3616,1.7187,1.5882,1.5101,1.4531,1.4287,1.4047,1.3823,1.36,1.3378,1.3157,1.2936,1.2715,1.2494
1.7413,1.8052,1.8795,1.9683,2.0591,2.1569,2.1773,2.1773,2.1773,2.1773,2.1773,2.1773,2.1773,1.1358,1.1891,1.228,1.2446,1.261,1.2762,1.2915,1.3066,1.3217,1.3367,1.3518,1.3669
2.1802,2.1802,2.1802,2.1802,2.1802,2.1802,2.1802,2.1802,2.1802,2.1802,2.1802,2.1802,2.1802,2.1802,1.2985,1.2495,1.2285,1.2079,1.1887,1.1695,1.1504,1.1314,1.1124,1.0934,1.0743
2.1831,2.1831,2.1831,2.1831,2.1831,2.1831,2.1831,2.1831,2.1831,2.1831,2.1831,2.1831,2.1831,2.1831,2.1831,2.1831,2.1831,2.1831,2.1831,2.1831,2.1831,2.1831,2.1831,2.1831,2.1831
2.186,2.186,2.186,2.186,2.186,2.186,2.186,2.186,2.186,2.186,2.186,2.186,2.186,2.186,2.186,2.186,2.186,2.186,2.186,2.186,2.186,2.186,2.186,2.186,2.186
2.1889,2.1889,2.1889,2.1889,2.1889,2.1889,2.1889,2.1889,2.1889,2.1889,2.1889,2.1889,0.8213,1.1088,1.0543,1.0145,0.9975,0.9807,0.9651,0.9495,0.934,0.9186,0.9031,0.8877,0.8723
1.9481,2.0196,2.1027,2.1918,2.1918,2.1918,2.1918,2.1918,2.1918,2.1918,2.1918,1.974,1.1712,1.2707,1.3303,1.3738,1.3924,1.4108,1.4278,1.4448,1.4617,1.4786,1.4955,1.5124,1.5292
2.1948,2.1948,2.1948,2.1948,2.1948,2.1948,2.1948,2.1948,2.1948,2.1948,2.1948,2.1948,2.1948,2.1948,2.1948,1.9481,2.1948,2.1948,2.1948,2.1948,2.1948,2.1948,2.1948,2.1948,2.1948
2.1977,2.1977,2.1977,2.1977,2.1977,2.1977,2.1977,2.1977,2.1977,2.1977,2.1977,2.1977,2.1977,2.1977,2.1977,2.1977,2.1977,2.1977,2.1977,2.1977,2.1977,2.1977,2.1977,2.1977,2.1642
1.8866,1.956,2.0364,2.1326,2.2007,2.2007,2.2007,2.2007,2.2007,2.2007,2.2007,2.2007,2.2007,0.9004,1.2884,1.3305,1.3485,1.3663,1.3828,1.3993,1.4157,1.432,1.4483,1.4647,1.481
2.2036,2.2036,2.2036,2.2036,2.2036,2.2036,2.2036,2.2036,2.2036,2.2036,2.2036,2.2036,2.2036,1.1184,1.0634,1.0233,1.0061,0.9892,0.9735,0.9577,0.9421,0.9265,0.911,0.8954,0.8798
2.2066,2.2066,2.2066,2.2066,2.2066,2.2066,2.2066,2.2066,2.2066,2.2066,1.879,1.0919,2.0753,2.2066,2.2066,2.2066,2.2066,2.2066,2.2066,2.2066,2.2066,2.2066,2.2066,2.2066,2.2066
2.2096,2.2096,2.2096,2.2096,2.2096,2.2096,2.2096,2.2096,2.2096,2.2096,2.2096,2.2096,2.2096,2.2096,2.2096,2.2096,2.2096,2.2096,2.2096,2.2096,2.2096,2.2096,2.2096,2.2096,2.2096
2.2126,2.2126,2.2126,2.2126,2.2126,2.2126,2.2126,2.2126,2.2126,2.2126,2.2126,1.6034,1.3952,1.2893,1.2259,1.1796,1.1598,1.1403,1.1221,1.104,1.086,1.0681,1.0501,1.0322,1.0142
1.7176,1.7807,1.854,1.9415,2.0312,2.1276,2.2156,2.2156,2.2156,2.2156,2.2156,2.2156,1.4683,1.1204,1.173,1.2113,1.2277,1.2439,1.2589,1.2739,1.2888,1.3037,1.3186,1.3335,1.3483
2.2186,2.2186,2.2186,2.2186,2.2186,2.2186,2.2186,2.2186,2.2186,2.2186,2.2186,2.2186,2.2186,2.2186,1.42,1.5134,1.488,1.463,1.4397,1.4164,1.3934,1.3703,1.3473,1.3242,1.3012
2.2216,2.2216,2.2216,2.2216,2.2216,2.2216,2.2216,2.2216,2.2216,2.2216,2.2216,2.2216,2.2216,2.2216,2.2216,2.2216,2.2216,2.2216,2.2216,2.2216,2.2216,2.2216,2.2216,2.2216,2.2216
2.2246,2.2246,2.2246,2.2246,2.2246,2.2246,2.2246,2.2246,2.2246,2.2246,2.2246,2.2246,2.2246,2.2246,1.5476,1.6818,1.7046,1.7271,1.7479,1.7688,1.7895,1.8101,1.8308,1.8514,1.8721
2.2276,2.2276,2.2276,2.2276,2.2276,2.2276,2.2276,2.2276,2.2276,2.2276,2.2276,2.2276,2.2276,1.0531,1.0013,0.9635,0.9473,0.9314,0.9166,0.9017,0.8871,0.8724,0.8577,0.8431,0.8284
2.2137,2.2306,2.2306,2.2306,2.2306,2.2306,2.2306,2.2306,2.2306,2.2306,2.2306,1.4001,1.3309,1.444,1.5117,1.5611,1.5823,1.6031,1.6225,1.6419,1.6611,1.6802,1.6994,1.7186,1.7377
2.2337,2.2337,2.2337,2.2337,2.2337,2.2337,2.2337,2.2337,2.2337,2.2337,2.2337,2.2337,2.2337,2.2337,2.2337,2.2337,2.2337,2.2337,2.2337,2.2337,2.2337,2.2337,2.2337,2.2337,2.2337
2.2367,2.2367,2.2367,2.2367,2.2367,2.2367,2.2367,2.2367,2.2367,2.2367,1.9698,2.1767,1.965,1.8158,1.7265,1.6613,1.6334,1.6059,1.5804,1.5549,1.5295,1.5042,1.479,1.4537,1.4284
1.7215,1.7847,1.8581,1.9459,2.0357,2.1324,2.229,2.2398,2.2398,2.2398,2.2398,2.2398,2.2398,1.1229,1.1756,1.214,1.2305,1.2467,1.2617,1.2768,1.2917,1.3066,1.3215,1.3364,1.3513
2.2428,2.2428,2.2428,2.2428,2.2428,2.2428,2.2428,2.2428,2.2428,2.2428,2.2428,2.2428,2.2428,0.7963,1.1497,1.1063,1.0877,1.0694,1.0524,1.0354,1.0185,1.0017,0.9848,0.968,0.9512
2.2459,2.2459,2.2459,2.2459,2.2459,2.2459,2.2459,2.2459,2.2459,2.2459,1.6777,2.2459,2.2459,2.2459,2.2459,2.2459,2.2459,2.2459,2.2459,2.2459,2.2459,2.2459,2.2459,2.2459,2.2459
2.249,2.249,2.249,2.249,2.249,2.249,2.249,2.249,2.249,2.249,2.249,2.249,2.249,2.249,2.249,1.9752,2.249,2.249,2.249,2.249,2.249,2.249,2.249,2.249,2.249
2.2521,2.2521,2.2521,2.2521,2.2521,2.2521,2.2521,2.2521,2.2521,2.2521,2.2521,2.2521,0.8329,1.1244,1.0691,1.0288,1.0115,0.9945,0.9787,0.9628,0.9472,0.9315,0.9158,0.9002,0.8845
1.7797,1.8451,1.921,2.0117,2.1046,2.2046,2.2552,2.2552,2.2552,2.2552,2.2552,2.2552,0.692,1.1609,1.2154,1.2551,1.2721,1.2889,1.3044,1.32,1.3354,1.3509,1.3663,1.3817,1.3971
2.2583,2.2583,2.2583,2.2583,2.2583,2.2583,2.2583,2.2583,2.2583,2.2583,2.2583,2.2583,2.2583,2.2583,2.2583,2.0029,2.0338,1.9996,1.9678,1.936,1.9045,1.873,1.8415,1.81,1.7786
2.2614,2.2614,2.2614,2.2614,2.2614,2.2614,2.2614,2.2614,2.2614,2.2614,2.2614,2.2614,2.2614,2.2614,2.2614,2.2614,2.2614,2.2614,2.2614,2.2614,2.2614,2.2614,2.2614,2.2614,2.2614
1.9686,2.0409,2.1248,2.2252,2.2645,2.2645,2.2645,2.2645,2.2645,2.2645,2.2645,2.2645,2.2645,0.866,1.3443,1.3883,1.4071,1.4256,1.4428,1.46,1.4771,1.4942,1.5112,1.5283,1.5453
2.2677,2.2677,2.2677,2.2677,2.2677,2.2677,2.2677,2.2677,2.2677,2.2677,2.2677,2.2677,2.2677,1.0496,0.998,0.9603,0.9442,0.9283,0.9136,0.8988,0.8842,0.8695,0.8549,0.8403,0.8257
2.2708,2.2708,2.2708,2.2708,2.2708,2.2708,2.2708,2.2708,2.2708,2.2708,1.9927,1.1175,1.6441,1.7838,1.8675,1.9285,1.9546,1.9804,2.0043,2.0282,2.0519,2.0756,2.0993,2.123,2.1467
2.274,2.274,2.274,2.274,2.274,2.274,2.274,2.274,2.274,2.274,2.274,2.274,2.274,2.274,2.274,2.274,2.274,2.274,2.274,2.274,2.274,2.274,2.274,2.274,2.274
2.2771,2.2771,2.2771,2.2771,2.2771,2.2771,2.2771,2.2771,2.2771,2.2771,2.2771,1.3149,1.5069,1.3925,1.324,1.274,1.2526,1.2316,1.212,1.1924,1.173,1.1536,1.1342,1.1148,1.0954
1.6521,1.7128,1.7832,1.8675,1.9537,2.0465,2.1392,2.2328,2.2803,2.2803,2.2803,2.2803,2.2803,1.0777,1.1282,1.1651,1.1809,1.1964,1.2109,1.2253,1.2397,1.254,1.2683,1.2826,1.2969
2.2835,2.2835,2.2835,2.2835,2.2835,2.2835,2.2835,2.2835,2.2835,2.2835,2.2835,2.2835,2.2835,2.2835,1.326,1.276,1.2545,1.2334,1.2138,1.1942,1.1748,1.1553,1.1359,1.1165,1.0971
2.2867,2.2867,2.2867,2.2867,2.2867,2.2867,2.2867,2.2867,2.2867,2.2867,2.2867,2.2867,2.2867,2.2867,2.2867,2.2867,2.2867,2.2867,2.2867,2.2867,2.2867,2.2867,2.2867,2.2867,2.2867
2.2899,2.2899,2.2899,2.2899,2.2899,2.2899,2.2899,2.2899,2.2899,2.2899,2.2899,2.2899,2.2899,2.2899,1.3352,1.9015,1.9273,1.9526,1.9762,1.9998,2.0232,2.0466,2.0699,2.0933,2.1166
2.2931,2.2931,2.2931,2.2931,2.2931,2.2931,2.2931,2.2931,2.2931,2.2931,2.2931,2.2931,1.1185,1.0375,0.9865,0.9493,0.9333,0.9176,0.903,0.8884,0.874,0.8595,0.845,0.8306,0.8162
1.9479,2.0194,2.1025,2.2018,2.2963,2.2963,2.2963,2.2963,2.2963,2.2963,2.2963,1.6316,1.1711,1.2706,1.3302,1.3737,1.3923,1.4106,1.4277,1.4447,1.4616,1.4785,1.4953,1.5122,1.5291
2.2995,2.2995,2.2995,2.2995,2.2995,2.2995,2.2995,2.2995,2.2995,2.2995,2.2995,2.2995,2.2995,2.2995,2.2995,2.2995,2.2995,2.2995,2.2995,2.2995,2.2995,2.2995,2.2995,2.2995,2.2995
2.3027,2.3027,2.3027,2.3027,2.3027,2.3027,2.3027,2.3027,2.3027,2.3027,2.3027,2.3027,2.3027,2.199,2.0908,2.0119,1.9781,1.9449,1.9139,1.883,1.8523,1.8217,1.7911,1.7605,1.7298
1.7388,1.8027,1.8768,1.9654,2.0562,2.1538,2.2515,2.306,2.306,2.306,2.306,2.306,2.306,1.051,1.1874,1.2262,1.2428,1.2592,1.2744,1.2896,1.3047,1.3198,1.3348,1.3499,1.3649
2.3092,2.3092,2.3092,2.3092,2.3092,2.3092,2.3092,2.3092,2.3092,2.3092,2.3092,2.3092,2.3092,0.9325,1.0454,1.006,0.9891,0.9724,0.957,0.9415,0.9262,0.9109,0.8956,0.8802,0.8649
2.3125,2.3125,2.3125,2.3125,2.3125,2.3125,2.3125,2.3125,2.3125,2.3125,1.7173,2.0437,2.3125,2.3125,2.3125,2.3125,2.3125,2.3125,2.3125,2.3125,2.3125,2.3125,2.3125,2.3125,2.3125
2.3158,2.3158,2.3158,2.3158,2.3158,2.3158,2.3158,2.3158,2.3158,2.3158,2.3158,2.3158,2.3158,2.3158,2.3158,2.3158,2.3158,2.3158,2.3158,2.3158,2.3158,2.3158,2.3158,2.3158,2.3158
2.319,2.319,2.319,2.319,2.319,2.319,2.319,2.319,2.319,2.319,2.319,1.7438,1.2634,1.1674,1.11,1.0681,1.0502,1.0325,1.0161,0.9997,0.9834,0.9671,0.9509,0.9346,0.9184
1.6637,1.7249,1.7958,1.8806,1.9674,2.0609,2.1543,2.2485,2.3223,2.3223,2.3223,2.3223,0.8759,1.0853,1.1362,1.1733,1.1892,1.2049,1.2194,1.234,1.2484,1.2628,1.2772,1.2916,1.306
2.3256,2.3256,2.3256,2.3256,2.3256,2.3256,2.3256,2.3256,2.3256,2.3256,2.3256,2.3256,2.3256,2.3256,1.2725,1.6102,1.5831,1.5565,1.5317,1.507,1.4825,1.4579,1.4334,1.4089,1.3844
2.3289,2.3289,2.3289,2.3289,2.3289,2.3289,2.3289,2.3289,2.3289,2.3289,2.3289,2.3289,2.3289,2.3289,2.3289,2.3289,2.3289,2.3289,2.3289,2.3289,2.3289,2.3289,2.3289,2.3289,2.3289
2.1118,2.1894,2.2794,2.3322,2.3322,2.3322,2.3322,2.3322,2.3322,2.3322,2.3322,2.3322,2.3322,2.3322,1.4421,1.4893,1.5095,1.5293,1.5478,1.5663,1.5846,1.6029,1.6212,1.6395,1.6578
2.3356,2.3356,2.3356,2.3356,2.3356,2.3356,2.3356,2.3356,2.3356,2.3356,2.3356,2.3356,2.3356,1.006,0.9565,0.9204,0.9049,0.8897,0.8756,0.8614,0.8474,0.8334,0.8194,0.8054,0.7914
2.282,2.3389,2.3389,2.3389,2.3389,2.3389,2.3389,2.3389,2.3389,2.3389,2.1799,1.2224,1.3719,1.4886,1.5584,1.6093,1.6311,1.6526,1.6726,1.6925,1.7123,1.7321,1.7519,1.7716,1.7914
2.3422,2.3422,2.3422,2.3422,2.3422,2.3422,2.3422,2.3422,2.3422,2.3422,2.3422,2.3422,2.3422,2.3422,2.3422,2.3422,2.3422,2.3422,2.3422,2.3422,2.3422,2.3422,2.3422,2.3422,2.3422
2.3456,2.3456,2.3456,2.3456,2.3456,2.3456,2.3456,2.3456,2.3456,2.3456,2.0062,1.8682,1.6865,1.5584,1.4818,1.4258,1.4019,1.3783,1.3564,1.3345,1.3127,1.291,1.2693,1.2476,1.2259
1.6218,1.6814,1.7505,1.8332,1.9178,2.0089,2.1,2.1918,2.2837,2.349,2.349,2.349,2.349,1.0579,1.1075,1.1437,1.1592,1.1745,1.1887,1.2029,1.2169,1.231,1.245,1.2591,1.2731
2.3523,2.3523,2.3523,2.3523,2.3523,2.3523,2.3523,2.3523,2.3523,2.3523,2.3523,2.3523,2.3523,0.8025,1.1587,1.115,1.0963,1.0778,1.0607,1.0436,1.0266,1.0096,0.9926,0.9756,0.9587
2.3557,2.3557,2.3557,2.3557,2.3557,2.3557,2.3557,2.3557,2.3557,2.2605,2.3557,2.3557,2.3557,2.3557,2.3557,2.3557,2.3557,2.3557,2.3557,2.3557,2.3557,2.3557,2.3557,2.3557,2.3557
2.3591,2.3591,2.3591,2.3591,2.3591,2.3591,2.3591,2.3591,2.3591,2.3591,2.3591,2.3591,2.3591,2.3591,2.3591,1.9723,2.2937,2.3239,2.352,2.3591,2.3591,2.3591,2.3591,2.3591,2.3591
2.3625,2.3625,2.3625,2.3625,2.3625,2.3625,2.3625,2.3625,2.3625,2.3625,2.3625,2.3625,0.7731,1.0437,0.9924,0.9549,0.9389,0.9231,0.9084,0.8937,0.8792,0.8647,0.8501,0.8356,0.8211
1.7622,1.8269,1.902,1.9919,2.0838,2.1828,2.2817,2.3659,2.3659,2.3659,2.3659,2.0302,0.6852,1.1495,1.2034,1.2427,1.2595,1.2761,1.2915,1.307,1.3222,1.3375,1.3528,1.368,1.3833
2.3693,2.3693,2.3693,2.3693,2.3693,2.3693,2.3693,2.3693,2.3693,2.3693,2.3693,2.3693,2.3693,2.3693,2.3693,1.8441,2.3258,2.2867,2.2503,2.214,2.1779,2.1419,2.1059,2.0699,2.0339
2.3728,2.3728,2.3728,2.3728,2.3728,2.3728,2.3728,2.3728,2.3728,2.3728,2.3728,2.3728,2.3728,2.3728,2.3728,2.3728,2.3728,2.3728,2.3728,2.3728,2.3728,2.3728,2.3708,2.3303,2.2898
1.7965,1.8625,1.9391,2.0307,2.1244,2.2253,2.3262,2.3762,2.3762,2.3762,2.3762,2.3762,2.3762,0.7903,1.2268,1.2669,1.2841,1.301,1.3167,1.3324,1.348,1.3636,1.3791,1.3947,1.4103
2.3797,2.3797,2.3797,2.3797,2.3797,2.3797,2.3797,2.3797,2.3797,2.3797,2.3797,2.3797,2.3797,1.0235,0.9732,0.9364,0.9207,0.9052,0.8908,0.8764,0.8621,0.8479,0.8336,0.8194,0.8051
2.3831,2.3831,2.3831,2.3831,2.3831,2.3831,2.3831,2.3831,2.3831,2.3831,1.8008,1.0098,1.772,1.9226,2.0128,2.0786,2.1067,2.1345,2.1603,2.186,2.2116,2.2372,2.2627,2.2882,2.3137
2.3866,2.3866,2.3866,2.3866,2.3866,2.3866,2.3866,2.3866,2.3866,2.3866,2.3866,2.3866,2.3866,2.3866,2.3866,2.3866,2.3866,2.3866,2.3866,2.3866,2.3866,2.3866,2.3866,2.3866,2.3866
2.3901,2.3901,2.3901,2.3901,2.3901,2.3901,2.3901,2.3901,2.3901,2.3901,2.3901,1.3901,1.3466,1.2443,1.1831,1.1385,1.1194,1.1005,1.083,1.0655,1.0482,1.0308,1.0135,0.9962,0.9789
1.5884,1.6468,1.7145,1.7955,1.8784,1.9676,2.0568,2.1468,2.2367,2.3287,2.3936,2.3936,2.1825,1.0362,1.0847,1.1202,1.1354,1.1503,1.1642,1.1781,1.1919,1.2057,1.2194,1.2332,1.2469
2.3971,2.3971,2.3971,2.3971,2.3971,2.3971,2.3971,2.3971,2.3971,2.3971,2.3971,2.3971,2.3971,2.3971,1.3801,1.328,1.3057,1.2838,1.2633,1.2429,1.2227,1.2025,1.1822,1.162,1.1418
2.4006,2.4006,2.4006,2.4006,2.4006,2.4006,2.4006,2.4006,2.4006,2.4006,2.4006,2.4006,2.4006,2.4006,2.4006,2.4006,2.4006,2.4006,2.4006,2.4006,2.4006,2.4006,2.4006,2.4006,2.4006
2.3414,2.4041,2.4041,2.4041,2.4041,2.4041,2.4041,2.4041,2.4041,2.4041,2.4041,2.4041,2.4041,2.4041,1.3717,1.6512,1.6736,1.6956,1.7161,1.7366,1.7569,1.7772,1.7975,1.8177,1.838
2.4076,2.4076,2.4076,2.4076,2.4076,2.4076,2.4076,2.4076,2.4076,2.4076,2.4076,2.4076,2.0484,0.9838,0.9354,0.9001,0.885,0.8701,0.8562,0.8424,0.8287,0.815,0.8013,0.7876,0.7739
1.9788,2.0515,2.1359,2.2368,2.34,2.4112,2.4112,2.4112,2.4112,2.4112,2.4112,1.3896,1.1897,1.2908,1.3513,1.3955,1.4144,1.433,1.4503,1.4677,1.4848,1.502,1.5191,1.5362,1.5534
2.4147,2.4147,2.4147,2.4147,2.4147,2.4147,2.4147,2.4147,2.4147,2.4147,2.4147,2.4147,2.4147,2.4147,2.4147,2.4147,2.4147,2.4147,2.4147,2.4147,2.4147,2.4147,2.4147,2.4147,2.4147
2.4183,2.4183,2.4183,2.4183,2.4183,2.4183,2.4183,2.4183,2.4183,2.4183,1.774,2.1896,1.9767,1.8266,1.7367,1.6712,1.6431,1.6155,1.5898,1.5641,1.5386,1.5132,1.4877,1.4623,1.4369
1.6249,1.6846,1.7538,1.8367,1.9215,2.0127,2.104,2.196,2.288,2.382,2.4219,2.4219,2.4219,1.0599,1.1096,1.1459,1.1614,1.1767,1.1909,1.2051,1.2192,1.2333,1.2474,1.2615,1.2755
2.4255,2.4255,2.4255,2.4255,2.4255,2.4255,2.4255,2.4255,2.4255,2.4255,2.4255,2.4255,2.4255,0.7485,1.0423,1.003,0.9862,0.9696,0.9541,0.9387,0.9234,0.9082,0.8929,0.8776,0.8624
2.4291,2.4291,2.4291,2.4291,2.4291,2.4291,2.4291,2.4291,2.4291,2.2936,1.5921,2.3943,2.4291,2.4291,2.4291,2.4291,2.4291,2.4291,2.4291,2.4291,2.4291,2.4291,2.4291,2.4291,2.4291
2.4327,2.4327,2.4327,2.4327,2.4327,2.4327,2.4327,2.4327,2.4327,2.4327,2.4327,2.4327,2.4327,2.4327,2.4327,2.4327,2.4327,2.4327,2.4327,2.4327,2.4327,2.4327,2.4327,2.4327,2.4327
2.4363,2.4363,2.4363,2.4363,2.4363,2.4363,2.4363,2.4363,2.4363,2.4363,2.4363,1.9615,1.1614,1.0732,1.0204,0.9819,0.9654,0.9492,0.9341,0.919,0.904,0.8891,0.8741,0.8592,0.8442
1.6328,1.6928,1.7624,1.8456,1.9308,2.0225,2.1142,2.2067,2.2992,2.3937,2.4399,2.4399,0.6349,1.0651,1.115,1.1515,1.1671,1.1824,1.1967,1.211,1.2252,1.2393,1.2535,1.2676,1.2817
2.4435,2.4435,2.4435,2.4435,2.4435,2.4435,2.4435,2.4435,2.4435,2.4435,2.4435,2.4435,2.4435,2.4435,1.172,1.7598,1.7302,1.7011,1.674,1.647,1.6202,1.5934,1.5666,1.5398,1.513
2.4472,2.4472,2.4472,2.4472,2.4472,2.4472,2.4472,2.4472,2.4472,2.4472,2.4472,2.4472,2.4472,2.4472,2.4472,2.4472,2.4472,2.4472,2.4472,2.4472,2.4472,2.4472,2.4472,2.4472,2.4472
1.903,1.973,2.0541,2.1511,2.2504,2.3573,2.4509,2.4509,2.4509,2.4509,2.4509,2.4509,2.4509,2.4509,1.2996,1.3421,1.3602,1.3782,1.3948,1.4115,1.428,1.4444,1.4609,1.4774,1.4939
2.4545,2.4545,2.4545,2.4545,2.4545,2.4545,2.4545,2.4545,2.4545,2.4545,2.4545,2.4545,2.4545,0.9732,0.9253,0.8904,0.8755,0.8607,0.847,0.8333,0.8198,0.8062,0.7927,0.7791,0.7656
2.3987,2.4582,2.4582,2.4582,2.4582,2.4582,2.4582,2.4582,2.4582,2.4582,1.9408,1.0883,1.4421,1.5647,1.6381,1.6916,1.7145,1.7371,1.7581,1.7791,1.7999,1.8207,1.8414,1.8622,1.883
2.4619,2.4619,2.4619,2.4619,2.4619,2.4619,2.4619,2.4619,2.4619,2.4619,2.4619,2.4619,2.4619,2.4619,2.4619,2.4619,2.4619,2.4619,2.4619,2.4619,2.4619,2.4619,2.4619,2.4619,2.4619
2.4656,2.4656,2.4656,2.4656,2.4656,2.4656,2.4656,2.4656,2.4656,2.4656,2.0792,1.1725,1.4801,1.3677,1.3005,1.2514,1.2304,1.2097,1.1904,1.1712,1.1521,1.1331,1.114,1.095,1.0759
1.5473,1.6041,1.6701,1.749,1.8297,1.9166,2.0035,2.0912,2.1788,2.2683,2.3584,2.4611,2.4693,1.0093,1.0566,1.0912,1.106,1.1205,1.1341,1.1476,1.161,1.1744,1.1878,1.2012,1.2146
2.4731,2.4731,2.4731,2.4731,2.4731,2.4731,2.4731,2.4731,2.4731,2.4731,2.4731,2.4731,2.4731,2.4731,1.1865,1.1417,1.1226,1.1037,1.0861,1.0686,1.0512,1.0338,1.0164,0.999,0.9817
2.4768,2.4768,2.4768,2.4768,2.4768,2.4768,2.4768,2.4768,2.4768,2.1756,2.4768,2.4768,2.4768,2.4768,2.4768,2.4768,2.4768,2.4768,2.4768,2.4768,2.4768,2.4768,2.4768,2.4768,2.4768
2.4805,2.4805,2.4805,2.4805,2.4805,2.4805,2.4805,2.4805,2.4805,2.4805,2.4805,2.4805,2.4805,2.4805,1.2738,1.9091,1.935,1.9605,1.9842,2.0079,2.0313,2.0548,2.0783,2.1017,2.1251
2.4843,2.4843,2.4843,2.4843,2.4843,2.4843,2.4843,2.4843,2.4843,2.4843,2.4843,2.4843,0.8111,0.9815,0.9333,0.8981,0.883,0.8681,0.8543,0.8405,0.8268,0.8131,0.7995,0.7858,0.7721
1.769,1.834,1.9094,1.9996,2.0919,2.1912,2.2906,2.3908,2.4881,2.4881,2.4881,1.6632,1.0635,1.1539,1.208,1.2475,1.2644,1.2811,1.2966,1.312,1.3274,1.3427,1.358,1.3733,1.3887
2.4919,2.4919,2.4919,2.4919,2.4919,2.4919,2.4919,2.4919,2.4919,2.4919,2.4919,2.4919,2.4919,2.4919,2.4919,1.7875,2.4059,2.4919,2.4919,2.4919,2.4919,2.4919,2.4919,2.4919,2.452
2.4957,2.4957,2.4957,2.4957,2.4957,2.4957,2.4957,2.4957,2.4957,2.419,2.4957,2.4957,2.4753,2.2873,2.1748,2.0927,2.0576,2.023,1.9908,1.9586,1.9267,1.8949,1.863,1.8312,1.7993
1.6628,1.7239,1.7948,1.8795,1.9663,2.0597,2.1531,2.2472,2.3414,2.4376,2.4995,2.4995,2.4995,0.8645,1.1355,1.1726,1.1885,1.2042,1.2187,1.2333,1.2477,1.2621,1.2765,1.2909,1.3053
2.5033,2.5033,2.5033,2.5033,2.5033,2.5033,2.5033,2.5033,2.5033,2.5033,2.5033,2.5033,2.5033,0.9983,0.961,0.9248,0.9092,0.8939,0.8797,0.8655,0.8514,0.8373,0.8233,0.8092,0.7951
2.5071,2.5071,2.5071,2.5071,2.5071,2.5071,2.5071,2.5071,2.5071,2.3796,1.6518,1.0345,1.9662,2.1334,2.2334,2.3064,2.3377,2.3685,2.3971,2.4257,2.454,2.4824,2.5071,2.5071,2.5071
2.511,2.511,2.511,2.511,2.511,2.511,2.511,2.511,2.511,2.511,2.511,2.511,2.511,2.511,2.511,2.511,2.511,2.511,2.511,2.511,2.511,2.511,2.511,2.511,2.511
2.5148,2.5148,2.5148,2.5148,2.5148,2.5148,2.5148,2.5148,2.5148,2.5148,2.5148,1.5048,1.223,1.1301,1.0745,1.034,1.0166,0.9995,0.9836,0.9677,0.952,0.9362,0.9205,0.9047,0.889
1.5459,1.6027,1.6686,1.7474,1.828,1.9149,2.0017,2.0892,2.1768,2.2662,2.3562,2.4588,1.0691,1.0084,1.0557,1.0902,1.1049,1.1195,1.133,1.1465,1.1599,1.1733,1.1867,1.2001,1.2135
2.5226,2.5226,2.5226,2.5226,2.5226,2.5226,2.5226,2.5226,2.5226,2.5226,2.5226,2.5226,2.5226,2.5226,1.2405,1.4104,1.3867,1.3634,1.3417,1.32,1.2985,1.277,1.2556,1.2341,1.2126
2.5264,2.5264,2.5264,2.5264,2.5264,2.5264,2.5264,2.5264,2.5264,2.5264,2.5264,2.5264,2.5264,2.5264,2.5264,2.5264,2.5264,2.5264,2.5264,2.5264,2.5264,2.5264,2.5264,2.5264,2.5264
2.0749,2.1511,2.2396,2.3454,2.4536,2.5303,2.5303,2.5303,2.5303,2.5303,2.5303,2.5303,2.5303,2.5303,1.4169,1.4632,1.4831,1.5026,1.5208,1.5389,1.5569,1.5749,1.5929,1.6108,1.6288
2.5343,2.5343,2.5343,2.5343,2.5343,2.5343,2.5343,2.5343,2.5343,2.5343,2.5343,2.5343,2.5343,0.9441,0.8977,0.8638,0.8493,0.835,0.8217,0.8084,0.7953,0.7821,0.769,0.7558,0.7427
2.0426,2.1176,2.2047,2.3088,2.4154,2.5301,2.5382,2.5382,2.5382,2.5382,2.1615,1.2121,1.228,1.3324,1.3949,1.4404,1.46,1.4792,1.4971,1.5149,1.5326,1.5504,1.568,1.5857,1.6034
2.5421,2.5421,2.5421,2.5421,2.5421,2.5421,2.5421,2.5421,2.5421,2.5421,2.5421,2.5421,2.5421,2.5421,2.5421,2.5421,2.5421,2.5421,2.5421,2.5421,2.5421,2.5421,2.5421,2.5421,2.5421
2.5461,2.5461,2.5461,2.5461,2.5461,2.5461,2.5461,2.5461,2.5461,2.5461,1.8108,1.8726,1.6905,1.5621,1.4853,1.4293,1.4053,1.3816,1.3596,1.3377,1.3159,1.2941,1.2724,1.2506,1.2289
1.5373,1.5938,1.6593,1.7377,1.8179,1.9042,1.9906,2.0776,2.1647,2.2537,2.3431,2.4452,2.55,1.0028,1.0498,1.0841,1.0988,1.1133,1.1267,1.1402,1.1535,1.1668,1.1801,1.1935,1.2068
2.554,2.554,2.554,2.554,2.554,2.554,2.554,2.554,2.554,2.554,2.554,2.554,2.554,0.7297,1.0535,1.0138,0.9967,0.98,0.9644,0.9488,0.9333,0.9179,0.9025,0.8871,0.8716
2.558,2.558,2.558,2.558,2.558,2.558,2.558,2.558,2.558,2.1537,1.495,2.558,2.558,2.558,2.558,2.558,2.558,2.558,2.558,2.558,2.558,2.558,2.558,2.558,2.558
2.562,2.562,2.562,2.562,2.562,2.562,2.562,2.562,2.562,2.562,2.562,2.562,2.562,2.562,2.562,1.805,2.3715,2.4027,2.4317,2.4607,2.4895,2.5183,2.547,2.562,2.562
2.566,2.566,2.566,2.566,2.566,2.566,2.566,2.566,2.566,2.566,2.566,2.3037,0.7405,0.9997,0.9506,0.9147,0.8993,0.8842,0.8701,0.8561,0.8421,0.8282,0.8143,0.8004,0.7864
1.6224,1.682,1.7511,1.8338,1.9185,2.0096,2.1007,2.1926,2.2845,2.3784,2.4728,2.1501,0.6308,1.0583,1.1079,1.1441,1.1596,1.1749,1.1891,1.2033,1.2173,1.2314,1.2455,1.2595,1.2736
2.5741,2.5741,2.5741,2.5741,2.5741,2.5741,2.5741,2.5741,2.5741,2.5741,2.5741,2.5741,2.5741,2.5741,2.5741,1.7763,1.9526,1.9197,1.8892,1.8587,1.8284,1.7982,1.7679,1.7377,1.7075
2.5781,2.5781,2.5781,2.5781,2.5781,2.5781,2.5781,2.5781,2.5781,2.5781,2.5781,2.5781,2.5781,2.5781,2.5781,2.5781,2.5781,2.5781,2.5781,2.5781,2.5781,2.5781,2.5781,2.5585,2.514
1.741,1.8049,1.8791,1.9679,2.0588,2.1565,2.2543,2.3529,2.4515,2.5522,2.5822,2.5822,2.5822,0.7659,1.1889,1.2277,1.2444,1.2608,1.276,1.2912,1.3063,1.3214,1.3365,1.3516,1.3667
2.5863,2.5863,2.5863,2.5863,2.5863,2.5863,2.5863,2.5863,2.5863,2.5863,2.5863,2.5863,2.5863,0.9526,0.9057,0.8716,0.8569,0.8425,0.8291,0.8157,0.8024,0.7891,0.7759,0.7626,0.7494
2.5753,2.5904,2.5904,2.5904,2.5904,2.5904,2.5904,2.5904,2.5904,2.5306,1.7566,0.9851,1.5483,1.6799,1.7587,1.8162,1.8408,1.865,1.8876,1.9101,1.9324,1.9547,1.977,1.9993,2.0216
2.5945,2.5945,2.5945,2.5945,2.5945,2.5945,2.5945,2.5945,2.5945,2.5945,2.5945,2.5945,2.5945,2.5945,2.5945,2.5945,2.5945,2.5945,2.5945,2.5945,2.5945,2.5945,2.5945,2.5945,2.5945
2.5986,2.5986,2.5986,2.5986,2.5986,2.5986,2.5986,2.5986,2.5986,2.5986,2.1945,1.2306,1.3233,1.2229,1.1627,1.1188,1.1,1.0815,1.0643,1.0471,1.0301,1.013,0.996,0.979,0.962
1.4933,1.5482,1.6119,1.688,1.7659,1.8498,1.9336,2.0182,2.1028,2.1892,2.2761,2.3752,2.4835,0.9741,1.0198,1.0531,1.0674,1.0814,1.0945,1.1076,1.1205,1.1335,1.1464,1.1593,1.1723
2.6068,2.6068,2.6068,2.6068,2.6068,2.6068,2.6068,2.6068,2.6068,2.6068,2.6068,2.6068,2.6068,2.6068,1.2348,1.1882,1.1683,1.1486,1.1303,1.1121,1.094,1.0759,1.0578,1.0397,1.0216
2.611,2.611,2.611,2.611,2.611,2.611,2.611,2.611,2.611,2.611,2.611,2.611,2.611,2.611,2.611,2.611,2.611,2.611,2.611,2.611,2.611,2.611,2.611,2.611,2.611
2.3437,2.4298,2.5297,2.6152,2.6152,2.6152,2.6152,2.6152,2.6152,2.6152,2.6152,2.6152,2.6152,2.6152,1.2383,1.6528,1.6752,1.6973,1.7178,1.7383,1.7586,1.7789,1.7992,1.8195,1.8398
2.6193,2.6193,2.6193,2.6193,2.6193,2.6193,2.6193,2.6193,2.6193,2.6193,2.6193,2.6193,1.2362,0.934,0.8881,0.8545,0.8402,0.8261,0.8129,0.7998,0.7868,0.7737,0.7607,0.7477,0.7347
1.8002,1.8664,1.9431,2.0349,2.1288,2.2299,2.331,2.433,2.5349,2.6235,2.5107,1.4079,1.0823,1.1743,1.2294,1.2695,1.2867,1.3037,1.3194,1.3352,1.3508,1.3664,1.382,1.3976,1.4132
2.6277,2.6277,2.6277,2.6277,2.6277,2.6277,2.6277,2.6277,2.6277,2.6277,2.6277,2.6277,2.6277,2.6277,2.6277,2.6277,2.2725,2.6277,2.6277,2.6277,2.6277,2.6277,2.6277,2.6277,2.6277
2.632,2.632,2.632,2.632,2.632,2.632,2.632,2.632,2.632,2.3408,2.4532,2.2526,2.0335,1.8791,1.7867,1.7193,1.6904,1.6619,1.6355,1.6091,1.5829,1.5567,1.5305,1.5044,1.4782
1.5584,1.6157,1.6821,1.7616,1.8429,1.9304,2.0179,2.1062,2.1945,2.2847,2.3754,2.4788,2.5918,1.0166,1.0643,1.099,1.1139,1.1286,1.1422,1.1559,1.1694,1.1829,1.1964,1.2099,1.2234
2.6405,2.6405,2.6405,2.6405,2.6405,2.6405,2.6405,2.6405,2.6405,2.6405,2.6405,2.6405,2.6405,0.7859,0.9607,0.9244,0.9089,0.8936,0.8794,0.8652,0.8511,0.837,0.823,0.8089,0.7948
2.6447,2.6447,2.6447,2.6447,2.6447,2.6447,2.6447,2.6447,2.6447,2.2118,1.5354,1.9892,2.262,2.4543,2.5694,2.6447,2.6447,2.6447,2.6447,2.6447,2.6447,2.6447,2.6447,2.6447,2.6447
2.649,2.649,2.649,2.649,2.649,2.649,2.649,2.649,2.649,2.649,2.649,2.649,2.649,2.649,2.649,2.649,2.3349,2.649,2.649,2.649,2.649,2.649,2.649,2.649,2.649
2.6533,2.6533,2.6533,2.6533,2.6533,2.6533,2.6533,2.6533,2.6533,2.6533,2.6533,1.6749,1.1265,1.0409,0.9897,0.9524,0.9364,0.9206,0.906,0.8914,0.8768,0.8623,0.8478,0.8333,0.8189
1.5217,1.5776,1.6425,1.72,1.7995,1.8849,1.9704,2.0565,2.1427,2.2308,2.3193,2.4204,0.6965,0.9926,1.0391,1.0731,1.0877,1.102,1.1153,1.1286,1.1418,1.155,1.1682,1.1813,1.1945
2.6619,2.6619,2.6619,2.6619,2.6619,2.6619,2.6619,2.6619,2.6619,2.6619,2.6619,2.6619,2.6619,2.6619,1.1311,1.532,1.5063,1.481,1.4574,1.4339,1.4105,1.3872,1.3639,1.3406,1.3172
2.6662,2.6662,2.6662,2.6662,2.6662,2.6662,2.6662,2.6662,2.6662,2.6662,2.6662,2.6662,2.6662,2.6662,2.6662,2.6662,2.6662,2.6662,2.6662,2.6662,2.6662,2.6662,2.6662,2.6662,2.6662
1.8704,1.9391,2.0189,2.1142,2.2118,2.3169,2.4219,2.5279,2.6338,2.6706,2.6706,2.6706,2.6706,2.6706,1.2773,1.319,1.3369,1.3545,1.3709,1.3873,1.4035,1.4197,1.4359,1.4521,1.4683
2.6749,2.6749,2.6749,2.6749,2.6749,2.6749,2.6749,2.6749,2.6749,2.6749,2.6749,2.6625,2.5557,0.9162,0.8711,0.8382,0.8242,0.8103,0.7974,0.7845,0.7718,0.759,0.7462,0.7335,0.7207
2.1439,2.2226,2.314,2.4233,2.5352,2.6556,2.6793,2.6793,2.6793,2.6793,1.9226,1.0781,1.2889,1.3985,1.464,1.5119,1.5324,1.5526,1.5713,1.5901,1.6087,1.6272,1.6458,1.6644,1.6829
2.6837,2.6837,2.6837,2.6837,2.6837,2.6837,2.6837,2.6837,2.6837,2.6837,2.6837,2.6837,2.6837,2.6837,2.6837,2.6837,2.6837,2.6837,2.6837,2.6837,2.6837,2.6837,2.6837,2.6837,2.6837
2.6881,2.6881,2.6881,2.6881,2.6881,2.6881,2.6881,2.6881,2.6881,2.6881,1.8762,1.1722,1.4797,1.3673,1.3001,1.251,1.23,1.2093,1.1901,1.1708,1.1518,1.1327,1.1137,1.0946,1.0756
1.4709,1.525,1.5877,1.6627,1.7394,1.822,1.9046,1.9879,2.0712,2.1564,2.2419,2.3396,2.4463,0.9595,1.0045,1.0373,1.0514,1.0652,1.0781,1.091,1.1037,1.1165,1.1292,1.1419,1.1547
2.697,2.697,2.697,2.697,2.697,2.697,2.697,2.697,2.697,2.697,2.697,2.697,2.697,2.697,1.0795,1.0388,1.0213,1.0042,0.9882,0.9722,0.9564,0.9406,0.9248,0.9089,0.8931
2.7014,2.7014,2.7014,2.7014,2.7014,2.7014,2.7014,2.7014,2.6715,2.0458,2.7014,2.7014,2.7014,2.7014,2.7014,2.7014,2.7014,2.7014,2.7014,2.7014,2.7014,2.7014,2.7014,2.7014,2.7014
2.7059,2.7059,2.7059,2.7059,2.7059,2.7059,2.7059,2.7059,2.7059,2.7059,2.7059,2.7059,2.7059,2.7059,2.7059,1.8314,1.9825,2.0086,2.0328,2.0571,2.0811,2.1052,2.1292,2.1532,2.1772
2.7103,2.7103,2.7103,2.7103,2.7103,2.7103,2.7103,2.7103,2.7103,2.7103,2.7103,2.7103,0.6981,0.9425,0.8961,0.8623,0.8478,0.8335,0.8203,0.807,0.7939,0.7808,0.7676,0.7545,0.7414
1.6316,1.6915,1.7611,1.8442,1.9294,2.021,2.1126,2.205,2.2975,2.3919,2.4868,1.7343,0.6344,1.0643,1.1142,1.1506,1.1662,1.1816,1.1958,1.2101,1.2242,1.2384,1.2525,1.2666,1.2808
2.7193,2.7193,2.7193,2.7193,2.7193,2.7193,2.7193,2.7193,2.7193,2.7193,2.7193,2.7193,2.7193,2.7193,2.7193,1.6611,2.297,2.2584,2.2225,2.1866,2.151,2.1154,2.0798,2.0443,2.0087
2.7239,2.7239,2.7239,2.7239,2.7239,2.7239,2.7239,2.7239,2.7239,2.7239,2.7239,2.7239,2.645,2.4442,2.324,2.2363,2.1987,2.1617,2.1273,2.093,2.0589,2.0248,1.9908,1.9568,1.9227
1.6139,1.6732,1.7421,1.8243,1.9086,1.9992,2.0898,2.1812,2.2727,2.366,2.4599,2.5671,2.6841,0.7322,1.1022,1.1382,1.1536,1.1688,1.1829,1.197,1.211,1.225,1.239,1.253,1.2669
2.7329,2.7329,2.7329,2.7329,2.7329,2.7329,2.7329,2.7329,2.7329,2.7329,2.7329,2.7329,2.6302,0.9429,0.8965,0.8627,0.8482,0.8339,0.8207,0.8074,0.7943,0.7811,0.768,0.7549,0.7417
2.7375,2.7375,2.7375,2.7375,2.7375,2.7375,2.7375,2.7375,2.7375,2.3236,1.613,0.9045,1.7033,1.8482,1.9348,1.9981,2.0251,2.0518,2.0766,2.1014,2.1259,2.1505,2.175,2.1996,2.2241
2.7421,2.7421,2.7421,2.7421,2.7421,2.7421,2.7421,2.7421,2.7421,2.7421,2.7421,2.7421,2.7421,2.7421,2.7421,2.7421,2.7421,2.7421,2.7421,2.7421,2.7421,2.7421,2.7421,2.7421,2.7421
2.7467,2.7467,2.7467,2.7467,2.7467,2.7467,2.7467,2.7467,2.7467,2.7467,2.3635,1.3254,1.2021,1.1108,1.0562,1.0163,0.9992,0.9824,0.9668,0.9512,0.9357,0.9202,0.9047,0.8893,0.8738
1.4569,1.5104,1.5725,1.6468,1.7228,1.8046,1.8864,1.9689,2.0515,2.1358,2.2205,2.3173,1.4563,0.9503,0.9949,1.0274,1.0413,1.055,1.0678,1.0805,1.0932,1.1058,1.1184,1.131,1.1436
2.7559,2.7559,2.7559,2.7559,2.7559,2.7559,2.7559,2.7559,2.7559,2.7559,2.7559,2.7559,2.7559,2.7559,1.2283,1.2583,1.2372,1.2163,1.197,1.1777,1.1585,1.1393,1.1202,1.101,1.0819
2.7606,2.7606,2.7606,2.7606,2.7606,2.7606,2.7606,2.7606,2.7606,2.7606,2.7606,2.7606,2.7606,2.7606,2.7606,2.7606,2.7606,2.7606,2.7606,2.7606,2.7606,2.7606,2.7606,2.7606,2.7606
2.0719,2.1481,2.2364,2.342,2.4502,2.5665,2.6828,2.7652,2.7652,2.7652,2.7652,2.7652,2.7652,2.7652,1.2931,1.4612,1.481,1.5005,1.5186,1.5367,1.5547,1.5726,1.5906,1.6085,1.6265
2.7699,2.7699,2.7699,2.7699,2.7699,2.7699,2.7699,2.7699,2.7699,2.7699,2.7069,2.611,2.5062,0.8984,0.8543,0.822,0.8082,0.7946,0.782,0.7693,0.7568,0.7443,0.7318,0.7193,0.7068
1.8577,1.9259,2.0051,2.0998,2.1967,2.3011,2.4054,2.5106,2.6158,2.7233,2.18,1.2225,1.1168,1.2118,1.2686,1.31,1.3278,1.3453,1.3615,1.3778,1.3939,1.41,1.4261,1.4422,1.4583
2.7793,2.7793,2.7793,2.7793,2.7793,2.7793,2.7793,2.7793,2.7793,2.7793,2.7793,2.7793,2.7793,2.7793,2.7793,2.7793,2.7793,2.7793,2.7793,2.7793,2.7793,2.7793,2.7793,2.7793,2.7793
2.784,2.784,2.784,2.784,2.784,2.784,2.784,2.784,2.784,2.3905,1.6594,1.9118,1.7259,1.5948,1.5164,1.4592,1.4347,1.4105,1.3881,1.3657,1.3434,1.3212,1.299,1.2768,1.2546
1.4773,1.5316,1.5946,1.6699,1.747,1.83,1.9129,1.9966,2.0803,2.1658,2.2517,2.3498,2.457,0.9637,1.0089,1.0418,1.056,1.0699,1.0828,1.0957,1.1085,1.1213,1.1341,1.1469,1.1597
2.7935,2.7935,2.7935,2.7935,2.7935,2.7935,2.7935,2.7935,2.7935,2.7935,2.7935,2.7935,2.7935,0.6732,0.972,0.9353,0.9196,0.9041,0.8897,0.8754,0.8611,0.8469,0.8326,0.8184,0.8042
2.7983,2.7983,2.7983,2.7983,2.7983,2.7983,2.7983,2.7983,2.7167,2.0803,1.4441,2.4031,2.7327,2.7983,2.7983,2.7983,2.7983,2.7983,2.7983,2.7983,2.7983,2.7983,2.7983,2.7983,2.7983
2.8031,2.8031,2.8031,2.8031,2.8031,2.8031,2.8031,2.8031,2.8031,2.8031,2.8031,2.8031,2.8031,2.8031,2.8031,1.7309,2.3423,2.5434,2.5742,2.6049,2.6353,2.6658,2.6962,2.7266,2.757
2.8079,2.8079,2.8079,2.8079,2.8079,2.8079,2.8079,2.8079,2.8079,2.8079,2.8079,1.9304,0.7192,0.9709,0.9231,0.8883,0.8734,0.8587,0.845,0.8314,0.8178,0.8043,0.7908,0.7773,0.7638
1.5144,1.5701,1.6347,1.7119,1.7909,1.8759,1.961,2.0468,2.1325,2.2202,2.3083,2.3453,0.5888,0.9879,1.0342,1.068,1.0825,1.0967,1.11,1.1232,1.1364,1.1495,1.1626,1.1757,1.1888
2.8175,2.8175,2.8175,2.8175,2.8175,2.8175,2.8175,2.8175,2.8175,2.8175,2.8175,2.8175,2.8175,2.8175,1.1384,1.7093,1.6806,1.6523,1.626,1.5997,1.5737,1.5477,1.5216,1.4956,1.4696
2.8224,2.8224,2.8224,2.8224,2.8224,2.8224,2.8224,2.8224,2.8224,2.8224,2.8224,2.8224,2.8224,2.8224,2.8224,2.8224,2.8224,2.8224,2.8224,2.8224,2.8224,2.8224,2.8224,2.8224,2.8224
1.7112,1.774,1.847,1.9342,2.0235,2.1196,2.2157,2.3126,2.4095,2.5085,2.6081,2.7217,2.8273,0.7528,1.1685,1.2067,1.2231,1.2392,1.2542,1.2691,1.284,1.2988,1.3136,1.3284,1.3433
2.8322,2.8322,2.8322,2.8322,2.8322,2.8322,2.8322,2.8322,2.8322,2.791,2.707,2.611,2.5063,0.8985,0.8543,0.822,0.8082,0.7946,0.782,0.7694,0.7568,0.7443,0.7318,0.7193,0.7068
2.2917,2.3759,2.4736,2.5905,2.71,2.8371,2.8371,2.8371,2.8371,2.5046,1.7386,0.9749,1.3778,1.4949,1.565,1.6162,1.6381,1.6596,1.6797,1.6997,1.7196,1.7395,1.7593,1.7792,1.799
2.842,2.842,2.842,2.842,2.842,2.842,2.842,2.842,2.842,2.842,2.842,2.842,2.842,2.842,2.842,2.842,2.842,2.842,2.842,2.842,2.842,2.842,2.842,2.842,2.842
2.8469,2.8469,2.8469,2.8469,2.8469,2.8469,2.8469,2.8469,2.8469,2.8455,1.9753,1.1077,1.3201,1.2198,1.1598,1.1161,1.0973,1.0789,1.0617,1.0445,1.0275,1.0105,0.9936,0.9766,0.9596
1.4222,1.4745,1.5351,1.6076,1.6819,1.7617,1.8416,1.9221,2.0027,2.085,2.1678,2.2622,2.3653,0.9277,0.9712,1.003,1.0166,1.03,1.0424,1.0549,1.0672,1.0795,1.0918,1.1041,1.1165
2.8568,2.8568,2.8568,2.8568,2.8568,2.8568,2.8568,2.8568,2.8568,2.8568,2.8568,2.8568,2.8568,2.8568,1.122,1.0797,1.0616,1.0437,1.0271,1.0105,0.9941,0.9776,0.9612,0.9447,0.9283
2.8618,2.8618,2.8618,2.8618,2.8618,2.8618,2.8618,2.8618,2.5648,2.8618,2.8618,2.8618,2.8618,2.8618,2.8618,2.8618,2.8618,2.8618,2.8618,2.8618,2.8618,2.8618,2.8618,2.8618,2.8618
2.3855,2.4732,2.5749,2.6965,2.821,2.8668,2.8668,2.8668,2.8668,2.8668,2.8668,2.8668,2.8668,2.8668,1.1343,1.6823,1.7051,1.7276,1.7484,1.7693,1.79,1.8107,1.8313,1.852,1.8726
2.8719,2.8719,2.8719,2.8719,2.8719,2.8719,2.8719,2.8719,2.8719,2.7901,2.7061,2.6102,0.868,0.8982,0.854,0.8218,0.808,0.7944,0.7818,0.7691,0.7566,0.7441,0.7316,0.7191,0.7066
1.6608,1.7218,1.7926,1.8772,1.9639,2.0572,2.1504,2.2445,2.3386,2.4347,2.5313,1.4528,0.9984,1.0833,1.1341,1.1712,1.1871,1.2027,1.2172,1.2318,1.2462,1.2605,1.2749,1.2893,1.3037
2.882,2.882,2.882,2.882,2.882,2.882,2.882,2.882,2.882,2.882,2.882,2.882,2.882,2.882,2.882,2.882,2.1964,2.8189,2.774,2.7292,2.6848,2.6404,2.596,2.5516,2.5072
2.887,2.887,2.887,2.887,2.887,2.887,2.887,2.887,2.8379,2.1732,2.5771,2.3664,2.1363,1.974,1.877,1.8061,1.7758,1.7459,1.7181,1.6904,1.6629,1.6353,1.6079,1.5804,1.5529
1.5141,1.5697,1.6343,1.7115,1.7905,1.8755,1.9605,2.0463,2.1321,2.2197,2.3078,2.4083,2.5181,0.8623,1.034,1.0678,1.0822,1.0965,1.1097,1.123,1.1361,1.1492,1.1624,1.1755,1.1886
2.8973,2.8973,2.8973,2.8973,2.8973,2.8973,2.8973,2.8973,2.8973,2.8973,2.8427,2.7419,2.6319,0.8465,0.8971,0.8633,0.8488,0.8345,0.8212,0.8079,0.7948,0.7816,0.7685,0.7554,0.7422
2.9024,2.9024,2.9024,2.9024,2.9024,2.9024,2.9024,2.9024,2.8217,2.1608,1.5,1.6977,1.9305,2.0947,2.1929,2.2646,2.2953,2.3255,2.3536,2.3817,2.4095,2.4373,2.4652,2.493,2.5208
2.9075,2.9075,2.9075,2.9075,2.9075,2.9075,2.9075,2.9075,2.9075,2.9075,2.9075,2.9075,2.9075,2.9075,2.9075,2.9075,2.9075,2.8164,2.9075,2.9075,2.9075,2.9075,2.9075,2.9075,2.9075
2.9127,2.9127,2.9127,2.9127,2.9127,2.9127,2.9127,2.9127,2.9127,2.9127,2.6061,1.4614,1.1071,1.023,0.9727,0.936,0.9203,0.9048,0.8904,0.876,0.8617,0.8475,0.8332,0.819,0.8048
1.436,1.4888,1.55,1.6232,1.6982,1.7788,1.8594,1.9408,2.0221,2.1052,2.1888,2.2841,0.8324,0.9367,0.9807,1.0127,1.0264,1.04,1.0525,1.0651,1.0775,1.09,1.1024,1.1149,1.1273
2.9231,2.9231,2.9231,2.9231,2.9231,2.9231,2.9231,2.9231,2.9231,2.9231,2.9231,2.9231,2.9231,2.9231,1.119,1.3586,1.3358,1.3134,1.2925,1.2716,1.2509,1.2302,1.2095,1.1888,1.1682
2.9283,2.9283,2.9283,2.9283,2.9283,2.9283,2.9283,2.9283,2.9283,2.9283,2.9283,2.9283,2.9283,2.9283,2.9283,2.9283,2.9283,2.9283,2.9283,2.9283,2.9283,2.9283,2.9283,2.9283,2.9283
1.864,1.9325,2.012,2.107,2.2043,2.3089,2.4136,2.5192,2.6248,2.7326,2.8411,2.9336,2.9336,2.9336,1.2729,1.3145,1.3323,1.3499,1.3662,1.3825,1.3987,1.4148,1.431,1.4471,1.4632
2.9388,2.9388,2.9388,2.9388,2.9388,2.9388,2.9388,2.8729,2.7934,2.7122,2.6305,2.5373,2.4355,0.8731,0.8302,0.7988,0.7854,0.7722,0.7599,0.7476,0.7355,0.7233,0.7111,0.699,0.6868
1.9453,2.0168,2.0997,2.1989,2.3004,2.4096,2.5189,2.6291,2.7393,2.7836,1.9323,1.0836,1.1695,1.2689,1.3284,1.3719,1.3905,1.4088,1.4258,1.4428,1.4597,1.4765,1.4934,1.5102,1.5271
2.9494,2.9494,2.9494,2.9494,2.9494,2.9494,2.9494,2.9494,2.9494,2.9494,2.9494,2.9494,2.9494,2.9494,2.9494,2.9494,2.9494,2.9494,2.9494,2.9494,2.9494,2.9494,2.9494,2.9494,2.9494
2.9547,2.9547,2.9547,2.9547,2.9547,2.9547,2.9547,2.9547,2.9547,2.4738,1.7172,1.664,1.5021,1.3881,1.3198,1.27,1.2487,1.2276,1.2081,1.1886,1.1692,1.1499,1.1306,1.1112,1.0919
1.4152,1.4672,1.5276,1.5997,1.6736,1.7531,1.8325,1.9127,1.9929,2.0748,2.1571,2.2511,2.3537,0.9232,0.9665,0.9981,1.0116,1.0249,1.0373,1.0497,1.0619,1.0742,1.0865,1.0987,1.111
2.9654,2.9654,2.9654,2.9654,2.9654,2.9654,2.9654,2.9654,2.9654,2.9654,2.9654,2.9654,2.9205,0.6895,0.9955,0.9579,0.9418,0.926,0.9112,0.8965,0.8819,0.8673,0.8528,0.8382,0.8236
2.9708,2.9708,2.9708,2.9708,2.9708,2.9708,2.9708,2.9708,2.583,1.978,1.4779,2.9708,2.9708,2.9708,2.9708,2.9708,2.9708,2.9708,2.9708,2.9708,2.9708,2.9708,2.9708,2.9708,2.9708
2.8953,2.9762,2.9762,2.9762,2.9762,2.9762,2.9762,2.9762,2.9762,2.9762,2.9762,2.9762,2.9762,2.9762,2.9762,1.7001,2.0695,2.0967,2.1221,2.1474,2.1725,2.1976,2.2227,2.2477,2.2728
2.9816,2.9816,2.9816,2.9816,2.9816,2.9816,2.9816,2.9816,2.9303,2.8451,2.7594,2.3326,0.6784,0.9159,0.8709,0.838,0.8239,0.81,0.7972,0.7843,0.7715,0.7587,0.746,0.7332,0.7205
1.5237,1.5797,1.6446,1.7223,1.8018,1.8874,1.973,2.0593,2.1456,2.2337,2.3224,1.8491,0.5924,0.9939,1.0405,1.0745,1.0891,1.1034,1.1168,1.1301,1.1433,1.1565,1.1697,1.1829,1.1961
2.9925,2.9925,2.9925,2.9925,2.9925,2.9925,2.9925,2.9925,2.9925,2.9925,2.9925,2.9925,2.9925,2.9925,2.9925,1.6229,1.9393,1.9067,1.8763,1.846,1.816,1.7859,1.7559,1.7259,1.6959
2.998,2.998,2.998,2.998,2.998,2.998,2.998,2.998,2.998,2.998,2.998,2.998,2.9077,2.6869,2.5548,2.4583,2.417,2.3764,2.3386,2.3008,2.2633,2.2259,2.1885,2.1511,2.1137
1.5859,1.6442,1.7118,1.7927,1.8754,1.9645,2.0535,2.1434,2.2332,2.325,2.4172,2.5225,2.6375,0.6977,1.083,1.1184,1.1336,1.1485,1.1624,1.1763,1.19,1.2038,1.2175,1.2312,1.245
3.009,3.009,3.009,3.009,3.009,3.009,3.009,2.9289,2.8478,2.765,2.6817,2.5867,2.483,0.8901,0.8463,0.8144,0.8007,0.7872,0.7747,0.7622,0.7498,0.7374,0.725,0.7126,0.7002
2.5015,2.5934,2.7001,2.8276,2.9581,3.0145,3.0145,3.0145,3.0003,2.2975,1.5949,0.8943,1.5039,1.6318,1.7083,1.7641,1.788,1.8116,1.8335,1.8553,1.877,1.8987,1.9204,1.942,1.9637
3.0201,3.0201,3.0201,3.0201,3.0201,3.0201,3.0201,3.0201,3.0201,3.0201,3.0201,3.0201,3.0201,3.0201,3.0201,3.0201,3.0201,3.0201,3.0201,3.0201,3.0201,3.0201,3.0201,3.0201,3.0201
3.0257,3.0257,3.0257,3.0257,3.0257,3.0257,3.0257,3.0257,3.0257,3.0257,2.1165,1.1869,1.1968,1.106,1.0516,1.0119,0.9949,0.9781,0.9626,0.947,0.9316,0.9162,0.9008,0.8854,0.87
1.3889,1.4399,1.4992,1.57,1.6424,1.7204,1.7984,1.8771,1.9558,2.0361,2.117,2.2092,2.3099,0.906,0.9485,0.9795,0.9928,1.0058,1.018,1.0301,1.0422,1.0542,1.0662,1.0783,1.0903
3.0369,3.0369,3.0369,3.0369,3.0369,3.0369,3.0369,3.0369,3.0369,3.0369,3.0369,3.0369,3.0369,3.0369,1.1842,1.1395,1.1204,1.1015,1.084,1.0665,1.0491,1.0318,1.0144,0.9971,0.9798
3.0425,3.0425,3.0425,3.0425,3.0425,3.0425,3.0425,3.0425,3.0425,3.0425,3.0425,3.0425,3.0425,3.0425,3.0425,3.0425,3.0425,3.0425,3.0425,3.0425,3.0425,3.0425,3.0425,3.0425,3.0425
2.0985,2.1756,2.2651,2.372,2.4815,2.5994,2.7172,2.8361,2.9549,3.0482,3.0482,3.0482,3.0482,3.0482,1.182,1.4799,1.4999,1.5197,1.5381,1.5564,1.5746,1.5928,1.611,1.6291,1.6473
3.0539,3.0539,3.0539,3.0539,3.0539,3.0023,2.9242,2.8454,2.7667,2.6862,2.6053,2.513,1.4782,0.8647,0.8222,0.7912,0.7779,0.7648,0.7526,0.7405,0.7284,0.7164,0.7043,0.6923,0.6803
1.7116,1.7745,1.8475,1.9348,2.0241,2.1202,2.2163,2.3133,2.4102,2.5093,2.2326,1.2519,1.029,1.1165,1.1689,1.2071,1.2234,1.2396,1.2545,1.2695,1.2843,1.2992,1.314,1.3288,1.3436
3.0653,3.0653,3.0653,3.0653,3.0653,3.0653,3.0653,3.0653,3.0653,3.0653,3.0653,3.0653,3.0653,3.0653,3.0653,3.0653,3.0653,2.6967,3.0653,3.0653,3.0653,3.0653,3.0653,3.0653,3.0653
3.071,3.071,3.071,3.071,3.071,3.071,3.071,3.071,2.8965,2.218,1.5965,1.9852,1.7921,1.656,1.5746,1.5151,1.4897,1.4646,1.4413,1.418,1.395,1.3719,1.3488,1.3258,1.3027
1.4359,1.4887,1.5499,1.6231,1.6981,1.7787,1.8593,1.9407,2.022,2.1051,2.1886,2.284,2.3881,0.9367,0.9806,1.0126,1.0264,1.0399,1.0525,1.065,1.0775,1.0899,1.1023,1.1148,1.1272
3.0826,3.0826,3.0826,3.0826,3.0826,3.0826,3.0826,3.0826,3.0538,2.965,2.8757,2.7738,2.6625,0.6841,0.9075,0.8733,0.8586,0.8442,0.8307,0.8173,0.804,0.7907,0.7774,0.7641,0.7508
3.0884,3.0884,3.0884,3.0884,3.0884,3.0884,3.0884,3.0884,2.6543,2.0326,1.4109,2.0005,2.2749,2.4683,2.584,2.6685,2.7047,2.7403,2.7734,2.8065,2.8393,2.8721,2.9049,2.9376,2.9704
3.0942,3.0942,3.0942,3.0942,3.0942,3.0942,3.0942,3.0942,3.0942,3.0942,3.0942,3.0942,3.0942,3.0942,3.0942,3.0942,2.1996,2.7585,2.7918,2.8252,2.8582,2.8912,2.9242,2.9572,2.9902
3.1001,3.1001,3.1001,3.1001,3.1001,3.1001,3.1001,3.1001,3.0517,2.963,2.8738,1.6586,1.0322,0.9538,0.9069,0.8727,0.858,0.8436,0.8302,0.8168,0.8035,0.7902,0.7769,0.7636,0.7503
1.4298,1.4823,1.5433,1.6162,1.6908,1.7711,1.8514,1.9324,2.0134,2.0961,2.1793,2.2742,0.5778,0.9327,0.9764,1.0083,1.022,1.0355,1.048,1.0605,1.0729,1.0853,1.0976,1.11,1.1224
3.1119,3.1119,3.1119,3.1119,3.1119,3.1119,3.1119,3.1119,3.1119,3.1119,3.1119,3.1119,3.1119,3.1119,1.0332,1.5008,1.4756,1.4507,1.4277,1.4046,1.3817,1.3589,1.336,1.3132,1.2904
3.1178,3.1178,3.1178,3.1178,3.1178,3.1178,3.1178,3.1178,3.1178,3.1178,3.1178,3.1178,3.1178,3.1178,3.1178,3.1178,3.1178,3.1178,3.1178,3.1178,3.1178,3.1178,3.1178,3.1178,3.1178
1.7023,1.7648,1.8374,1.9241,2.013,2.1086,2.2042,2.3006,2.397,2.4955,2.5945,2.7076,2.831,2.918,1.1625,1.2005,1.2167,1.2328,1.2476,1.2625,1.2773,1.292,1.3068,1.3215,1.3363
3.1297,3.1297,3.1297,3.1238,3.0519,2.9745,2.8972,2.8191,2.7411,2.6614,2.5813,2.4898,2.3899,0.8568,0.8146,0.7839,0.7707,0.7577,0.7457,0.7336,0.7217,0.7098,0.6978,0.6859,0.674
2.0701,2.1462,2.2345,2.34,2.448,2.5643,2.6805,2.7978,2.915,2.51,1.7423,0.9771,1.2446,1.3504,1.4137,1.4599,1.4797,1.4992,1.5173,1.5354,1.5533,1.5713,1.5892,1.6071,1.6251
3.1417,3.1417,3.1417,3.1417,3.1417,3.1417,3.1417,3.1417,3.1417,3.1417,3.1417,3.1417,3.1417,3.1417,3.1417,3.1417,3.1417,3.1417,3.1417,3.1417,3.1417,3.1417,3.1417,3.1417,3.1417
3.1477,3.1477,3.1477,3.1477,3.1477,3.1477,3.1477,3.1477,3.1477,2.5966,1.8025,1.057,1.3342,1.2329,1.1723,1.128,1.1091,1.0904,1.0731,1.0557,1.0386,1.0214,1.0042,0.987,0.9699
1.3692,1.4195,1.4779,1.5477,1.6191,1.696,1.7729,1.8504,1.928,2.0072,2.0869,2.1778,2.2771,0.8931,0.935,0.9656,0.9786,0.9915,1.0035,1.0155,1.0274,1.0392,1.0511,1.0629,1.0748
3.1599,3.1599,3.1599,3.1599,3.1599,3.1599,3.1599,3.1599,3.1599,3.1599,3.1599,3.1562,3.0296,2.9403,1.0327,0.9937,0.977,0.9605,0.9453,0.93,0.9149,0.8997,0.8846,0.8695,0.8544
3.166,3.166,3.166,3.166,3.166,3.166,3.166,3.0622,2.4809,1.8998,3.166,3.166,3.166,3.166,3.166,3.166,3.166,3.166,3.166,3.166,3.166,3.166,3.166,3.166,3.166
2.4658,2.5564,2.6616,2.7873,2.9159,3.0544,3.1721,3.1721,3.1721,3.1721,3.1721,3.1721,3.1721,3.1721,1.1602,1.7389,1.7625,1.7857,1.8073,1.8289,1.8502,1.8716,1.893,1.9143,1.9357
3.1783,3.1783,3.1783,3.1783,3.11,3.0312,2.9523,2.8728,2.7933,2.7121,2.6304,2.5372,0.6616,0.8731,0.8301,0.7988,0.7854,0.7722,0.7599,0.7476,0.7354,0.7233,0.7111,0.699,0.6868
1.5499,1.6069,1.6729,1.752,1.8328,1.9199,2.0069,2.0947,2.1825,2.2722,2.3624,1.5257,0.9318,1.011,1.0584,1.093,1.1078,1.1224,1.136,1.1495,1.163,1.1764,1.1898,1.2033,1.2167
3.1907,3.1907,3.1907,3.1907,3.1907,3.1907,3.1907,3.1907,3.1907,3.1907,3.1907,3.1907,3.1907,3.1907,3.1907,1.5348,2.1457,2.3036,2.2669,2.2303,2.194,2.1577,2.1214,2.0852,2.0489
3.1969,3.1969,3.1969,3.1969,3.1969,3.1969,3.1969,3.1969,2.6644,2.9633,2.7651,2.539,2.2921,2.1181,2.0139,1.9379,1.9053,1.8733,1.8435,1.8137,1.7842,1.7546,1.7252,1.6957,1.6662
1.4871,1.5418,1.6052,1.681,1.7586,1.8421,1.9256,2.0098,2.0941,2.1801,2.2666,2.3654,2.4732,0.7329,1.0155,1.0487,1.0629,1.0769,1.09,1.103,1.1159,1.1288,1.1416,1.1545,1.1674
3.2094,3.2094,3.2094,3.2094,3.1728,3.0923,3.0119,2.9308,2.8497,2.7668,2.6835,2.5884,2.4846,0.8907,0.8469,0.8149,0.8012,0.7878,0.7752,0.7627,0.7503,0.7379,0.7255,0.7131,0.7007
2.8,2.9028,3.0222,3.1649,3.2157,3.2157,3.2157,3.2157,2.7873,2.1344,1.4817,0.8856,1.6833,1.8264,1.9121,1.9746,2.0013,2.0277,2.0522,2.0767,2.101,2.1252,2.1495,2.1737,2.198
3.222,3.222,3.222,3.222,3.222,3.222,3.222,3.222,3.222,3.222,3.222,3.222,3.222,3.222,3.222,3.222,3.222,3.222,3.222,3.222,3.222,3.222,3.222,3.222,3.222
3.2284,3.2284,3.2284,3.2284,3.2284,3.2284,3.2284,3.2284,3.2284,3.1587,2.3143,1.2978,1.1004,1.0169,0.9668,0.9304,0.9147,0.8993,0.885,0.8707,0.8566,0.8424,0.8282,0.8141,0.7999
1.3694,1.4197,1.4781,1.5479,1.6194,1.6963,1.7732,1.8508,1.9283,2.0076,2.0873,2.1782,1.074,0.8933,0.9352,0.9657,0.9788,0.9917,1.0037,1.0157,1.0276,1.0394,1.0513,1.0631,1.075
3.2411,3.2411,3.2411,3.2411,3.2411,3.2411,3.2411,3.2411,3.2411,3.2411,3.2411,3.2411,3.2411,3.2411,1.12,1.2234,1.2028,1.1826,1.1638,1.145,1.1263,1.1077,1.0891,1.0705,1.0518
3.2476,3.2476,3.2476,3.2476,3.2476,3.2476,3.2476,3.2476,3.2476,3.2476,3.2476,3.2476,3.2476,3.2476,3.2476,3.2476,3.2476,3.2476,3.2476,3.2476,3.2476,3.2476,3.2476,3.2476,3.2476
1.8805,1.9496,2.0297,2.1256,2.2237,2.3293,2.4349,2.5414,2.648,2.7568,2.8662,2.991,3.1274,3.2235,1.2501,1.3261,1.3441,1.3618,1.3783,1.3947,1.411,1.4273,1.4436,1.4599,1.4762
3.2409,3.1913,3.1337,3.0648,2.9942,2.9184,2.8425,2.7659,2.6894,2.6111,2.5325,2.4428,2.3448,0.8406,0.7992,0.7691,0.7562,0.7434,0.7316,0.7198,0.7081,0.6964,0.6846,0.6729,0.6612
1.7875,1.8532,1.9294,2.0205,2.1138,2.2142,2.3146,2.4158,2.5171,2.6205,1.9675,1.1033,1.0747,1.166,1.2207,1.2606,1.2777,1.2945,1.3101,1.3258,1.3413,1.3568,1.3723,1.3877,1.4032
3.2735,3.2735,3.2735,3.2735,3.2735,3.2735,3.2735,3.2735,3.2735,3.2735,3.2735,3.2735,3.2735,3.2735,3.2735,3.2735,3.2735,3.2735,3.2735,3.2735,3.2735,3.2735,3.2735,3.2735,3.2735
3.2801,3.2801,3.2801,3.2801,3.2801,3.2801,3.2801,3.2801,2.9919,2.2911,1.5904,1.7133,1.5467,1.4292,1.3589,1.3076,1.2857,1.264,1.2439,1.2238,1.2039,1.184,1.1641,1.1442,1.1243
1.3756,1.4261,1.4848,1.5549,1.6267,1.7039,1.7812,1.8591,1.937,2.0166,2.0967,2.188,2.2877,0.8973,0.9394,0.9701,0.9832,0.9962,1.0082,1.0203,1.0322,1.0441,1.056,1.0679,1.0798
3.2933,3.2933,3.2933,3.2933,3.2933,3.2933,3.2933,3.2127,3.1238,3.033,2.9416,2.8374,2.7236,0.643,0.9283,0.8933,0.8783,0.8635,0.8498,0.8361,0.8224,0.8088,0.7952,0.7817,0.7681
3.2999,3.2999,3.2999,3.2999,3.2999,3.2999,3.2999,3.1143,2.5231,1.9321,1.3412,2.492,2.8338,3.0747,3.2188,3.2999,3.2999,3.2999,3.2999,3.2999,3.2999,3.2999,3.2999,3.2999,3.2999
3.0794,3.1925,3.3066,3.3066,3.3066,3.3066,3.3066,3.3066,3.3066,3.3066,3.3066,3.3066,3.3066,3.3066,3.3066,1.5953,2.2011,2.23,2.257,2.2839,2.3106,2.3373,2.364,2.3907,2.4173
3.3132,3.3132,3.3132,3.2788,3.2034,3.1222,3.041,2.9591,2.8772,2.7935,2.7094,1.955,0.6661,0.8993,0.8551,0.8228,0.809,0.7954,0.7827,0.7701,0.7575,0.745,0.7325,0.7199,0.7074
1.4379,1.4908,1.5521,1.6254,1.7004,1.7812,1.8619,1.9433,2.0248,2.108,2.1917,2.0182,0.5591,0.938,0.982,1.014,1.0278,1.0413,1.0539,1.0665,1.079,1.0914,1.1039,1.1163,1.1288
3.3267,3.3267,3.3267,3.3267,3.3267,3.3267,3.3267,3.3267,3.3267,3.3267,3.3267,3.3267,3.3267,3.3267,3.3267,1.6023,1.6764,1.6481,1.6219,1.5957,1.5697,1.5438,1.5178,1.4919,1.4659
3.3335,3.3335,3.3335,3.3335,3.3335,3.3335,3.3335,3.3335,3.3335,3.3335,3.3335,3.3335,3.3028,3.052,2.9019,2.7924,2.7455,2.6993,2.6563,2.6134,2.5709,2.5283,2.4858,2.4433,2.4009
1.5751,1.633,1.7001,1.7804,1.8626,1.9511,2.0395,2.1287,2.2179,2.3091,2.4007,2.5053,2.6195,0.6929,1.0756,1.1108,1.1258,1.1407,1.1544,1.1682,1.1819,1.1955,1.2092,1.2228,1.2364
3.2724,3.2222,3.1641,3.0945,3.0233,2.9467,2.87,2.7927,2.7154,2.6365,2.5571,2.4665,2.3675,0.8487,0.807,0.7765,0.7635,0.7506,0.7387,0.7268,0.7149,0.7031,0.6913,0.6795,0.6677
2.2436,2.326,2.4217,2.5361,2.6531,2.7791,2.9051,3.0322,2.9994,2.2969,1.5944,0.8941,1.3488,1.4635,1.5321,1.5822,1.6037,1.6248,1.6444,1.664,1.6835,1.7029,1.7224,1.7418,1.7612
3.3608,3.3608,3.3608,3.3608,3.3608,3.3608,3.3608,3.3608,3.3608,3.3608,3.3608,3.3608,3.3608,3.3608,3.3608,3.3608,3.3608,3.3608,3.3608,3.3608,3.3608,3.3608,3.3608,3.3608,3.3608
3.3677,3.3677,3.3677,3.3677,3.3677,3.3677,3.3677,3.3677,3.3677,2.7683,1.9217,1.0776,1.2054,1.1138,1.0591,1.0191,1.002,0.9851,0.9695,0.9538,0.9383,0.9227,0.9072,0.8917,0.8762
1.3371,1.3862,1.4432,1.5114,1.5812,1.6563,1.7313,1.8071,1.8828,1.9602,2.038,2.1268,2.2237,0.8722,0.9131,0.9429,0.9557,0.9683,0.98,0.9917,1.0033,1.0149,1.0265,1.0381,1.0496
3.3816,3.3816,3.3816,3.3816,3.3816,3.3816,3.3816,3.3816,3.3816,3.3816,3.3816,3.3193,3.1861,3.0923,1.086,1.045,1.0275,1.0102,0.9941,0.9781,0.9621,0.9462,0.9303,0.9144,0.8985
3.3886,3.3886,3.3886,3.3886,3.3886,3.3886,3.3886,2.9692,2.4451,3.3886,3.3886,3.3886,3.3886,3.3886,3.3886,3.3886,3.3886,3.3886,3.3886,3.3886,3.3886,3.3886,3.3886,3.3886,3.3886
2.1533,2.2325,2.3243,2.434,2.5464,2.6673,2.7882,2.9102,3.0322,3.1568,3.2821,3.3956,3.3956,3.3956,1.0932,1.5186,1.5391,1.5594,1.5783,1.5971,1.6158,1.6344,1.6531,1.6717,1.6904
3.2403,3.1906,3.133,3.0641,2.9936,2.9177,2.8419,2.7653,2.6888,2.6106,2.532,2.4423,0.9754,0.8404,0.7991,0.7689,0.756,0.7433,0.7315,0.7196,0.7079,0.6962,0.6845,0.6728,0.6611
1.5946,1.6532,1.7212,1.8024,1.8857,1.9752,2.0648,2.1551,2.2454,2.3377,2.3197,1.3008,0.9587,1.0402,1.0889,1.1245,1.1398,1.1548,1.1687,1.1827,1.1965,1.2103,1.2241,1.2379,1.2518
3.4169,3.4169,3.4169,3.4169,3.4169,3.4169,3.4169,3.4169,3.4169,3.4169,3.4169,3.4169,3.4169,3.4169,3.4169,3.4169,2.0499,2.6335,2.9351,2.8877,2.8407,2.7937,2.7467,2.6998,2.6528
3.424,3.424,3.424,3.424,3.424,3.424,3.424,3.3523,2.7159,2.0798,2.2827,2.0961,1.8922,1.7485,1.6625,1.5998,1.5729,1.5465,1.5219,1.4973,1.4729,1.4485,1.4242,1.3998,1.3755
1.4094,1.4612,1.5213,1.5931,1.6667,1.7458,1.8249,1.9048,1.9846,2.0662,2.1482,2.2417,2.3439,0.8851,0.9625,0.9939,1.0074,1.0207,1.033,1.0453,1.0575,1.0698,1.082,1.0942,1.1064
3.4384,3.418,3.3562,3.2825,3.2069,3.1256,3.0443,2.9624,2.8804,2.7966,2.7124,2.6163,2.5113,0.7383,0.856,0.8237,0.8099,0.7962,0.7836,0.7709,0.7584,0.7458,0.7333,0.7207,0.7082
3.2355,3.3544,3.4456,3.4456,3.4456,3.4456,3.4456,3.2327,2.6191,2.0056,1.3922,1.7106,1.9452,2.1106,2.2095,2.2817,2.3127,2.3431,2.3714,2.3997,2.4278,2.4558,2.4839,2.5119,2.5399
3.4529,3.4529,3.4529,3.4529,3.4529,3.4529,3.4529,3.4529,3.4529,3.4529,3.4529,3.4529,3.4529,3.4529,3.4529,3.4529,2.1324,2.68,3.111,3.1481,3.1849,3.2217,3.2585,3.2952,3.332
3.4602,3.4602,3.4602,3.4512,3.3718,3.2864,3.2009,3.1147,3.0285,2.9404,2.5932,1.4542,1.0244,0.9466,0.9,0.8661,0.8515,0.8372,0.8239,0.8106,0.7974,0.7842,0.771,0.7578,0.7446
1.363,1.413,1.4712,1.5406,1.6118,1.6883,1.7648,1.842,1.9192,1.9981,2.0774,2.1679,0.6788,0.8891,0.9308,0.9612,0.9742,0.987,0.999,1.0109,1.0227,1.0345,1.0463,1.0581,1.0699
3.4749,3.4749,3.4749,3.4749,3.4749,3.4749,3.4749,3.4749,3.4749,3.4749,3.4749,3.4749,3.4749,3.4749,1.0317,1.3396,1.3171,1.2949,1.2743,1.2537,1.2333,1.2129,1.1925,1.1721,1.1518
3.4823,3.4823,3.4823,3.4823,3.4823,3.4823,3.4823,3.4823,3.4823,3.4823,3.4823,3.4823,3.4823,3.4823,3.4823,3.4823,3.4823,3.4823,3.4823,3.4823,3.4823,3.4823,3.4823,3.4823,3.4823
1.7117,1.7746,1.8476,1.9349,2.0242,2.1203,2.2164,2.3134,2.4103,2.5094,2.609,2.7226,2.8467,2.9342,1.1689,1.2071,1.2235,1.2396,1.2546,1.2696,1.2844,1.2992,1.3141,1.3289,1.3437
3.1795,3.1308,3.0743,3.0067,2.9375,2.8631,2.7886,2.7135,2.6384,2.5617,2.4845,2.3965,2.3004,0.8246,0.7841,0.7545,0.7418,0.7293,0.7177,0.7061,0.6946,0.6832,0.6717,0.6602,0.6487
1.8938,1.9634,2.0442,2.1407,2.2395,2.3459,2.4522,2.5595,2.6668,2.5441,1.766,0.9903,1.1386,1.2354,1.2933,1.3356,1.3537,1.3715,1.3881,1.4046,1.421,1.4375,1.4539,1.4703,1.4867
3.5121,3.5121,3.5121,3.5121,3.5121,3.5121,3.5121,3.5121,3.5121,3.5121,3.5121,3.5121,3.5121,3.5121,3.5121,3.5121,3.5121,3.5121,3.5121,3.5121,3.5121,3.5121,3.5121,3.5121,3.5121
3.5197,3.5197,3.5197,3.5197,3.5197,3.5197,3.5197,3.5197,3.1303,2.3971,1.664,1.5121,1.365,1.2613,1.1993,1.154,1.1347,1.1156,1.0978,1.0801,1.0625,1.0449,1.0274,1.0098,0.9922
1.3303,1.3792,1.4359,1.5037,1.5732,1.6479,1.7226,1.7979,1.8733,1.9503,2.0277,2.116,2.2124,0.8678,0.9085,0.9382,0.9509,0.9634,0.975,0.9867,0.9982,1.0097,1.0213,1.0328,1.0443
3.5348,3.5348,3.5348,3.5348,3.5348,3.5081,3.4169,3.3249,3.2329,3.1389,3.0443,2.9365,2.8187,0.6654,0.9608,0.9245,0.909,0.8937,0.8795,0.8653,0.8512,0.8371,0.823,0.8089,0.7949
3.5425,3.5425,3.5425,3.5425,3.5425,3.5425,3.5425,2.9895,2.422,1.8547,2.9689,3.3953,3.5425,3.5425,3.5425,3.5425,3.5425,3.5425,3.5425,3.5425,3.5425,3.5425,3.5425,3.5425,3.5425
2.5877,2.6828,2.7931,2.925,3.06,3.2053,3.3507,3.4972,3.5502,3.5502,3.5502,3.5502,3.5502,3.5502,3.5502,1.6351,1.8496,1.874,1.8966,1.9192,1.9417,1.9641,1.9865,2.0089,2.0313
3.3026,3.252,3.1933,3.1231,3.0512,2.9739,2.8965,2.8185,2.7405,2.6608,2.5807,2.432,0.6345,0.8566,0.8144,0.7837,0.7705,0.7576,0.7455,0.7335,0.7215,0.7096,0.6977,0.6857,0.6738
1.4608,1.5145,1.5768,1.6513,1.7275,1.8095,1.8916,1.9743,2.0571,2.1416,2.2266,1.6313,0.568,0.9529,0.9976,1.0302,1.0442,1.0579,1.0707,1.0835,1.0962,1.1088,1.1215,1.1341,1.1468
3.5734,3.5734,3.5734,3.5734,3.5734,3.5734,3.5734,3.5734,3.5734,3.5734,3.5734,3.5734,3.5734,3.5734,3.5734,1.5136,1.9759,1.9427,1.9118,1.8809,1.8503,1.8197,1.7891,1.7585,1.7279
3.5812,3.5812,3.5812,3.5812,3.5812,3.5812,3.5812,3.1172,3.4696,3.2533,3.0357,2.7875,2.5164,2.3253,2.211,2.1275,2.0918,2.0566,2.0239,1.9912,1.9588,1.9264,1.894,1.8616,1.8292
1.4746,1.5288,1.5917,1.6669,1.7438,1.8266,1.9094,1.993,2.0765,2.1618,2.2476,2.3455,2.4525,0.6487,1.007,1.0399,1.054,1.0679,1.0808,1.0937,1.1065,1.1193,1.1321,1.1448,1.1576
3.2722,3.2221,3.1639,3.0944,3.0232,2.9465,2.8699,2.7926,2.7153,2.6364,2.557,2.4664,2.3674,0.8487,0.807,0.7765,0.7635,0.7506,0.7387,0.7267,0.7149,0.7031,0.6913,0.6794,0.6676
2.4846,2.5759,2.6818,2.8085,2.9382,3.0777,3.2172,3.358,2.7804,2.1292,1.478,0.8288,1.4938,1.6207,1.6967,1.7522,1.7759,1.7993,1.8211,1.8428,1.8644,1.8859,1.9074,1.9289,1.9504
3.6128,3.6128,3.6128,3.6128,3.6128,3.6128,3.6128,3.6128,3.6128,3.6128,3.6128,3.6128,3.6128,3.6128,3.6128,3.6128,3.6128,3.6128,3.6128,3.6128,3.6128,3.6128,3.6128,3.6128,3.6128
3.6208,3.6208,3.6208,3.6208,3.6208,3.5449,3.4527,3.3597,3.2667,3.0044,2.0856,1.1695,1.1049,1.021,0.9708,0.9342,0.9185,0.903,0.8887,0.8743,0.8601,0.8458,0.8316,0.8174,0.8032
1.3177,1.3661,1.4223,1.4895,1.5582,1.6322,1.7062,1.7809,1.8555,1.9318,2.0084,2.0959,1.5843,0.8596,0.8999,0.9293,0.9419,0.9543,0.9658,0.9773,0.9887,1.0002,1.0116,1.023,1.0344
3.6368,3.6368,3.6368,3.6368,3.6368,3.6368,3.6368,3.6368,3.6368,3.6368,3.6368,3.5443,3.4021,3.3019,1.1329,1.1159,1.0971,1.0787,1.0615,1.0444,1.0274,1.0104,0.9934,0.9764,0.9594
3.6449,3.6449,3.6449,3.6449,3.6449,3.6449,3.6449,3.6449,3.6449,3.6449,3.6449,3.6449,3.6449,3.6449,3.6449,3.6449,3.6449,3.6449,3.6449,3.6449,3.6449,3.6449,3.6449,3.6449,3.6449
1.9187,1.9892,2.071,2.1688,2.2689,2.3767,2.4844,2.5931,2.7018,2.8128,2.9244,3.0518,3.191,3.289,1.1516,1.3531,1.3714,1.3895,1.4063,1.4231,1.4397,1.4563,1.473,1.4896,1.5062
3.148,3.0998,3.0438,2.9769,2.9084,2.8347,2.7609,2.6866,2.6122,2.5363,2.4599,2.3727,1.9641,0.8165,0.7763,0.747,0.7345,0.7221,0.7106,0.6991,0.6878,0.6764,0.665,0.6536,0.6423
1.6604,1.7214,1.7922,1.8768,1.9635,2.0567,2.1499,2.244,2.338,2.4341,2.0281,1.1373,0.9982,1.0831,1.1339,1.1709,1.1868,1.2024,1.217,1.2315,1.2459,1.2603,1.2746,1.289,1.3034
3.6777,3.6777,3.6777,3.6777,3.6777,3.6777,3.6777,3.6777,3.6777,3.6777,3.6777,3.6777,3.6777,3.6777,3.6777,3.6777,3.6777,3.6777,3.1027,3.6656,3.6777,3.6777,3.6777,3.6777,3.6777
3.6859,3.6859,3.6859,3.6859,3.6859,3.6859,3.6859,3.4551,2.7992,2.1436,1.488,1.7885,1.6146,1.492,1.4186,1.3651,1.3422,1.3196,1.2986,1.2776,1.2568,1.236,1.2152,1.1945,1.1737
1.349,1.3985,1.4561,1.5248,1.5952,1.671,1.7467,1.8231,1.8995,1.9776,2.0561,2.1457,2.2435,0.8799,0.9212,0.9513,0.9642,0.9769,0.9887,1.0005,1.0122,1.0239,1.0356,1.0473,1.0589
3.5448,3.4905,3.4275,3.3521,3.275,3.192,3.109,3.0252,2.9415,2.856,2.77,2.6718,2.5646,0.6096,0.8742,0.8412,0.8271,0.8131,0.8002,0.7873,0.7745,0.7616,0.7488,0.736,0.7232
3.711,3.711,3.711,3.711,3.711,3.711,3.6521,3.0695,2.4868,1.9043,1.3219,2.0644,2.3475,2.5471,2.6665,2.7537,2.791,2.8278,2.8619,2.8961,2.93,2.9638,2.9976,3.0314,3.0652
3.3409,3.4636,3.606,3.7194,3.7194,3.7194,3.7194,3.7194,3.7194,3.7194,3.7194,3.7194,3.7194,3.7194,3.7194,3.7194,2.1124,2.4194,2.4486,2.4779,2.5068,2.5358,2.5647,2.5937,2.6226
3.4355,3.3829,3.3218,3.2488,3.174,3.0936,3.0131,2.932,2.8508,2.7679,2.6846,1.6809,0.9643,0.891,0.8472,0.8152,0.8016,0.7881,0.7755,0.763,0.7506,0.7382,0.7258,0.7134,0.7009
1.3693,1.4196,1.478,1.5478,1.6193,1.6962,1.7731,1.8506,1.9282,2.0074,2.0871,2.178,0.5324,0.8932,0.9351,0.9657,0.9788,0.9917,1.0036,1.0156,1.0275,1.0394,1.0512,1.0631,1.0749
3.7449,3.7449,3.7449,3.7449,3.7449,3.7449,3.7449,3.7449,3.7449,3.7449,3.7449,3.7449,3.7449,3.7449,1.0005,1.5023,1.477,1.4522,1.4291,1.406,1.3831,1.3602,1.3374,1.3145,1.2916
3.7535,3.7535,3.7535,3.7535,3.7535,3.7535,3.7535,3.7535,3.7535,3.7535,3.7535,3.7535,3.7535,3.6136,3.4359,3.3062,3.2507,3.196,3.1452,3.0944,3.044,2.9936,2.9433,2.893,2.8427
1.5794,1.6375,1.7048,1.7853,1.8677,1.9564,2.0451,2.1346,2.2241,2.3154,2.4073,2.5122,2.6267,0.6948,1.0786,1.1138,1.1289,1.1438,1.1576,1.1714,1.1851,1.1988,1.2125,1.2262,1.2399
3.1475,3.0993,3.0433,2.9764,2.9079,2.8342,2.7605,2.6861,2.6118,2.5359,2.4595,2.3723,2.2772,0.8163,0.7762,0.7469,0.7343,0.722,0.7105,0.699,0.6876,0.6763,0.6649,0.6535,0.6422
2.0392,2.1141,2.2011,2.305,2.4115,2.526,2.6405,2.756,2.8715,2.3193,1.61,0.9028,1.226,1.3302,1.3926,1.4381,1.4576,1.4768,1.4946,1.5125,1.5301,1.5478,1.5655,1.5831,1.6008
3.7882,3.7882,3.7882,3.7882,3.7882,3.7882,3.7882,3.7882,3.7882,3.7882,3.7882,3.7882,3.7882,3.7882,3.7882,3.7882,3.7882,3.7882,3.7882,3.7882,3.7882,3.7882,3.7882,3.7882,3.7882
3.797,3.797,3.797,3.797,3.797,3.797,3.797,3.7306,3.3214,2.5434,1.7656,0.9901,1.2269,1.1338,1.078,1.0373,1.0199,1.0027,0.9868,0.9708,0.955,0.9392,0.9234,0.9077,0.8919
1.2982,1.3459,1.4013,1.4675,1.5352,1.6081,1.681,1.7546,1.8281,1.9032,1.9788,2.065,2.1591,0.8469,0.8866,0.9155,0.9279,0.9402,0.9515,0.9629,0.9741,0.9854,0.9966,1.0079,1.0191
3.8147,3.8147,3.8147,3.8147,3.7718,3.6762,3.5806,3.4842,3.3878,3.2893,3.1902,3.0772,2.9537,2.8667,1.0068,0.9688,0.9525,0.9365,0.9216,0.9067,0.8919,0.8772,0.8624,0.8477,0.833
3.8236,3.8236,3.8236,3.8236,3.8236,3.8236,3.4463,2.8964,2.3466,3.8236,3.8236,3.8236,3.8236,3.8236,3.8236,3.8236,3.8236,3.8236,3.8236,3.8236,3.8236,3.8236,3.8236,3.8236,3.8236
2.2378,2.32,2.4154,2.5295,2.6463,2.7719,2.8976,3.0244,3.1511,3.2806,3.4108,3.5594,3.7216,3.8325,1.0529,1.5781,1.5995,1.6206,1.6402,1.6597,1.6791,1.6985,1.7179,1.7373,1.7567
3.176,3.1273,3.0708,3.0033,2.9342,2.8598,2.7855,2.7104,2.6354,2.5588,2.4817,2.3938,0.7207,0.8237,0.7832,0.7537,0.741,0.7285,0.7169,0.7054,0.6939,0.6824,0.6709,0.6595,0.648
1.4998,1.5549,1.6188,1.6953,1.7736,1.8578,1.942,2.027,2.1119,2.1987,2.286,1.3714,0.9017,0.9783,1.0242,1.0577,1.072,1.0861,1.0993,1.1124,1.1254,1.1384,1.1514,1.1644,1.1773
3.8596,3.8596,3.8596,3.8596,3.8596,3.8596,3.8596,3.8596,3.8596,3.8596,3.8596,3.8596,3.8596,3.8596,3.8596,3.8596,2.0191,2.413,2.3746,2.3362,2.2982,2.2602,2.2222,2.1842,2.1462
3.8687,3.8687,3.8687,3.8687,3.8687,3.8687,3.7745,3.1723,2.5701,1.987,2.4527,2.2522,2.0331,1.8788,1.7864,1.7189,1.6901,1.6616,1.6352,1.6088,1.5826,1.5564,1.5302,1.5041,1.4779
1.3954,1.4467,1.5062,1.5773,1.6501,1.7285,1.8068,1.8859,1.9649,2.0457,2.1268,2.2195,2.3207,0.7507,0.9529,0.9841,0.9974,1.0105,1.0227,1.0349,1.047,1.0591,1.0712,1.0833,1.0954
3.3031,3.2525,3.1938,3.1236,3.0517,2.9743,2.897,2.819,2.7409,2.6612,2.5811,2.4896,2.3898,0.815,0.8146,0.7838,0.7707,0.7577,0.7456,0.7336,0.7216,0.7097,0.6978,0.6859,0.6739
2.8261,2.93,3.0505,3.1945,3.342,3.5007,3.6594,3.2183,2.6073,1.9966,1.386,0.8939,1.6991,1.8435,1.93,1.993,2.02,2.0467,2.0714,2.0961,2.1206,2.1451,2.1696,2.194,2.2185
3.9056,3.9056,3.9056,3.9056,3.9056,3.9056,3.9056,3.9056,3.9056,3.9056,3.9056,3.9056,3.9056,3.9056,3.9056,3.9056,3.9056,2.5636,3.1318,3.6246,3.6669,3.7093,3.7516,3.7939,3.8362
3.655,3.599,3.5341,3.4563,3.3768,3.2912,3.2056,3.1193,3.033,2.9448,2.3117,1.2963,1.0259,0.948,0.9014,0.8673,0.8528,0.8384,0.8251,0.8118,0.7985,0.7853,0.7721,0.7589,0.7457
1.3103,1.3584,1.4143,1.4811,1.5494,1.623,1.6966,1.7708,1.845,1.9208,1.9971,2.0841,0.8441,0.8547,0.8948,0.924,0.9365,0.9489,0.9603,0.9718,0.9832,0.9945,1.0059,1.0172,1.0286
3.9337,3.9337,3.9337,3.9337,3.9337,3.9337,3.9337,3.9337,3.9337,3.9337,3.9337,3.851,3.6965,3.5876,1.0401,1.2124,1.1921,1.172,1.1534,1.1347,1.1163,1.0978,1.0793,1.0609,1.0424
3.9432,3.9432,3.9432,3.9432,3.9432,3.9432,3.9432,3.9432,3.9432,3.9432,3.9432,3.9432,3.9432,3.9432,3.9432,3.9432,3.9432,3.9432,3.9432,3.9432,3.9432,3.9432,3.9432,3.9432,3.9432
1.7385,1.8024,1.8765,1.9651,2.0559,2.1535,2.2511,2.3496,2.4481,2.5487,2.6498,2.7652,2.8913,2.9802,1.1872,1.226,1.2426,1.259,1.2742,1.2894,1.3045,1.3196,1.3346,1.3497,1.3647
3.0856,3.0384,2.9835,2.9179,2.8508,2.7785,2.7063,2.6334,2.5605,2.486,2.4112,2.3257,2.2324,0.8003,0.7609,0.7322,0.7199,0.7078,0.6966,0.6853,0.6741,0.663,0.6518,0.6407,0.6296
1.7516,1.816,1.8906,1.9799,2.0713,2.1697,2.2681,2.3673,2.4665,2.5678,1.8092,1.0146,1.0531,1.1426,1.1962,1.2353,1.252,1.2685,1.2838,1.2991,1.3143,1.3295,1.3447,1.3598,1.375
3.9815,3.9815,3.9815,3.9815,3.9815,3.9815,3.9815,3.9815,3.9815,3.9815,3.9815,3.9815,3.9815,3.9815,3.9815,3.9815,3.9815,3.9815,3.9815,3.9815,3.9815,3.9815,3.9815,3.9815,3.9815
3.9912,3.9912,3.9912,3.9912,3.9912,3.9912,3.9912,3.6031,2.9191,2.2354,1.5517,1.5651,1.4129,1.3056,1.2414,1.1946,1.1745,1.1547,1.1364,1.118,1.0998,1.0816,1.0634,1.0453,1.0271
1.3032,1.3511,1.4066,1.4731,1.5411,1.6143,1.6874,1.7613,1.8351,1.9105,1.9863,2.0728,2.1673,0.8501,0.8899,0.919,0.9315,0.9438,0.9552,0.9666,0.9779,0.9892,1.0004,1.0117,1.023
3.6592,3.6032,3.5381,3.4603,3.3807,3.295,3.2093,3.1229,3.0365,2.9482,2.8594,2.7581,2.6474,0.625,0.9024,0.8683,0.8537,0.8394,0.826,0.8127,0.7995,0.7862,0.773,0.7598,0.7466
4.0206,4.0206,4.0206,4.0206,4.0206,4.0206,3.5014,2.9428,2.3841,1.8257,1.2673,2.6587,3.0233,3.2803,3.4342,3.5464,3.5945,3.6418,3.6858,3.7298,3.7734,3.817,3.8605,3.9041,3.9476
2.7582,2.8595,2.9771,3.1177,3.2617,3.4165,3.5714,3.7277,3.8839,4.0305,4.0305,4.0305,4.0305,4.0305,4.0305,1.5455,1.9715,1.9974,2.0216,2.0457,2.0696,2.0935,2.1174,2.1413,2.1652
3.2673,3.2172,3.1591,3.0897,3.0186,2.9421,2.8656,2.7884,2.7112,2.6324,2.5531,2.0269,0.6277,0.8474,0.8057,0.7753,0.7623,0.7495,0.7376,0.7256,0.7138,0.702,0.6902,0.6784,0.6666
1.3889,1.4399,1.4991,1.5699,1.6424,1.7204,1.7984,1.8771,1.9557,2.0361,2.1169,1.7786,0.54,0.906,0.9485,0.9795,0.9927,1.0058,1.018,1.0301,1.0422,1.0542,1.0662,1.0782,1.0903
4.0605,4.0605,4.0605,4.0605,4.0605,4.0605,4.0605,4.0605,4.0605,4.0605,4.0605,4.0605,4.0605,4.0605,4.0605,1.5054,1.7075,1.6788,1.6521,1.6254,1.5989,1.5725,1.546,1.5196,1.4932
4.0706,4.0706,4.0706,4.0706,4.0706,4.0706,3.5452,4.0706,3.9122,3.6683,3.423,3.1431,2.8374,2.622,2.493,2.3989,2.3586,2.3189,2.2821,2.2452,2.2086,2.1721,2.1356,2.0991,2.0626
1.475,1.5292,1.5921,1.6673,1.7443,1.8271,1.9099,1.9935,2.077,2.1624,2.2482,2.3462,2.4531,0.6489,1.0073,1.0402,1.0543,1.0682,1.0811,1.094,1.1068,1.1196,1.1324,1.1451,1.1579
3.1436,3.0955,3.0396,2.9728,2.9044,2.8307,2.7571,2.6829,2.6086,2.5328,2.4565,2.3694,2.2744,0.8153,0.7752,0.746,0.7335,0.7211,0.7096,0.6982,0.6868,0.6754,0.6641,0.6527,0.6414
2.2376,2.3198,2.4152,2.5293,2.646,2.7717,2.8973,3.0241,2.7986,2.1431,1.4877,0.8342,1.3452,1.4596,1.528,1.578,1.5994,1.6204,1.64,1.6596,1.679,1.6984,1.7178,1.7371,1.7565
4.1114,4.1114,4.1114,4.1114,4.1114,4.1114,4.1114,4.1114,4.1114,4.1114,4.1114,4.1114,4.1114,4.1114,4.1114,4.1114,4.1114,4.1114,4.1114,4.1114,4.1114,4.1114,4.1114,4.1114,4.1114
3.9904,3.9292,3.8583,3.7735,3.6866,3.5932,3.4997,3.4055,3.3112,2.7418,1.9033,1.0673,1.12,1.0349,0.9841,0.9469,0.931,0.9153,0.9008,0.8862,0.8718,0.8574,0.843,0.8286,0.8141
1.2781,1.325,1.3795,1.4447,1.5114,1.5832,1.6549,1.7273,1.7997,1.8737,1.948,2.0329,2.1256,0.8337,0.8728,0.9013,0.9135,0.9256,0.9368,0.9479,0.959,0.9701,0.9812,0.9922,1.0033
4.1426,4.1426,4.1426,4.1016,4.0072,3.9056,3.8041,3.7016,3.5992,3.4945,3.3893,3.2692,3.138,3.0456,1.0696,1.0293,1.012,0.9949,0.9791,0.9633,0.9476,0.9319,0.9163,0.9006,0.8849
4.1531,4.1531,4.1531,4.1531,4.1531,3.9061,3.3686,2.8311,4.1531,4.1531,4.1531,4.1531,4.1531,4.1531,4.1531,4.1531,4.1531,4.1531,4.1531,4.1531,4.1531,4.1531,4.1531,4.1531,4.1531
1.9792,2.0519,2.1362,2.2371,2.3404,2.4516,2.5627,2.6748,2.7869,2.9014,3.0166,3.148,3.2915,3.3927,1.0717,1.3957,1.4146,1.4333,1.4506,1.4679,1.4851,1.5022,1.5194,1.5365,1.5536
3.0819,3.0347,2.9799,2.9144,2.8473,2.7752,2.703,2.6302,2.5574,2.4831,2.4083,2.3229,1.1581,0.7993,0.76,0.7313,0.7191,0.707,0.6957,0.6845,0.6733,0.6622,0.6511,0.6399,0.6288
1.557,1.6142,1.6805,1.7599,1.8412,1.9286,2.016,2.1042,2.1924,2.2825,2.1162,1.1867,0.936,1.0156,1.0632,1.098,1.1129,1.1275,1.1411,1.1548,1.1683,1.1818,1.1952,1.2087,1.2222
4.1956,4.1956,4.1956,4.1956,4.1956,4.1956,4.1956,4.1956,4.1956,4.1956,4.1956,4.1956,4.1956,4.1956,4.1956,4.1956,4.1956,2.4984,3.0521,3.1545,3.1032,3.0518,3.0005,2.9493,2.898
4.2064,4.2064,4.2064,4.2064,4.2064,4.2064,3.8809,3.2617,2.6425,2.0236,1.5228,1.8935,1.7094,1.5796,1.5019,1.4452,1.4209,1.397,1.3748,1.3526,1.3306,1.3086,1.2866,1.2646,1.2426
1.3335,1.3825,1.4393,1.5073,1.5769,1.6518,1.7267,1.8022,1.8777,1.9549,2.0325,2.121,2.2177,0.8699,0.9106,0.9404,0.9531,0.9657,0.9774,0.989,1.0006,1.0122,1.0237,1.0352,1.0468
3.3666,3.315,3.2552,3.1836,3.1103,3.0315,2.9527,2.8732,2.7936,2.7124,2.6307,2.5375,2.4357,0.658,0.8302,0.7989,0.7855,0.7723,0.76,0.7477,0.7355,0.7234,0.7112,0.699,0.6869
3.3293,3.4517,3.5936,3.7633,3.9371,4.124,3.6289,3.0499,2.4709,1.8922,1.3135,1.7602,2.0016,2.1718,2.2736,2.3479,2.3797,2.4111,2.4402,2.4693,2.4982,2.527,2.5559,2.5847,2.6135
3.7068,3.843,4.001,4.19,4.2501,4.2501,4.2501,4.2501,4.2501,4.2501,4.2501,4.2501,4.2501,4.2501,4.2501,4.2501,2.0174,2.5917,2.7168,2.7493,2.7814,2.8135,2.8456,2.8777,2.9098
3.4325,3.3799,3.3189,3.2459,3.1712,3.0908,3.0104,2.9294,2.8483,2.7655,2.6303,1.475,0.9634,0.8903,0.8465,0.8145,0.8008,0.7874,0.7748,0.7623,0.7499,0.7375,0.7251,0.7127,0.7003
1.3145,1.3628,1.4189,1.4859,1.5545,1.6283,1.7021,1.7766,1.851,1.9271,2.0036,2.0908,0.5728,0.8575,0.8977,0.927,0.9396,0.952,0.9635,0.975,0.9864,0.9977,1.0091,1.0205,1.0319
4.2834,4.2834,4.2834,4.2834,4.2834,4.2834,4.2834,4.2834,4.2834,4.2834,4.2834,4.2716,4.1003,3.9795,0.967,1.3449,1.3223,1.3,1.2793,1.2587,1.2382,1.2177,1.1972,1.1768,1.1563
4.2946,4.2946,4.2946,4.2946,4.2946,4.2946,4.2946,4.2946,4.2946,4.2946,4.2946,4.2946,4.2946,4.2946,4.2946,4.1505,4.0808,4.0121,3.9483,3.8845,3.8212,3.758,3.6948,3.6317,3.5685
1.598,1.6567,1.7249,1.8063,1.8897,1.9795,2.0692,2.1597,2.2502,2.3427,2.4357,2.5418,2.6577,2.7393,1.0913,1.1269,1.1422,1.1573,1.1712,1.1852,1.1991,1.2129,1.2268,1.2406,1.2544
3.0509,3.0041,2.9499,2.885,2.8187,2.7472,2.6758,2.6037,2.5316,2.458,2.384,2.2995,2.2073,0.7913,0.7524,0.724,0.7118,0.6998,0.6887,0.6776,0.6665,0.6555,0.6445,0.6335,0.6225
1.8749,1.9438,2.0237,2.1193,2.2172,2.3224,2.4277,2.5339,2.6401,2.3643,1.6412,0.9203,1.1272,1.223,1.2804,1.3222,1.3401,1.3578,1.3742,1.3906,1.4069,1.4231,1.4393,1.4556,1.4718
4.3401,4.3401,4.3401,4.3401,4.3401,4.3401,4.3401,4.3401,4.3401,4.3401,4.3401,4.3401,4.3401,4.3401,4.3401,4.3401,4.3401,4.3401,4.3401,4.3401,4.3401,4.3401,4.3401,4.3401,4.3401
4.3517,4.3517,4.3463,4.2507,4.1529,4.0477,3.9424,3.8058,3.0833,2.3611,1.639,0.9995,1.2617,1.1658,1.1085,1.0667,1.0488,1.0311,1.0147,0.9983,0.9821,0.9658,0.9496,0.9334,0.9171
1.2702,1.3168,1.371,1.4358,1.502,1.5734,1.6447,1.7166,1.7886,1.8621,1.936,2.0203,2.1124,0.8285,0.8674,0.8957,0.9079,0.9198,0.931,0.9421,0.9531,0.9641,0.9751,0.9861,0.9971
3.821,3.7624,3.6945,3.6133,3.5301,3.4407,3.3512,3.2609,3.1707,3.0785,2.9858,2.88,2.7644,2.683,0.9423,0.9067,0.8915,0.8765,0.8625,0.8486,0.8348,0.821,0.8072,0.7934,0.7796
4.3866,4.3866,4.3866,4.3866,4.3866,3.9282,3.3876,2.8471,2.3067,1.7664,3.3502,3.8314,4.3569,4.3866,4.3866,4.3866,4.3866,4.3866,4.3866,4.3866,4.3866,4.3866,4.3866,4.3866,4.3866
2.3555,2.442,2.5425,2.6626,2.7855,2.9177,3.05,3.1834,3.3169,3.4532,3.5902,3.7466,3.9174,4.0378,4.1098,1.5976,1.6836,1.7058,1.7264,1.747,1.7675,1.7879,1.8083,1.8287,1.8491
3.137,3.0889,3.0332,2.9665,2.8982,2.8248,2.7513,2.6772,2.6031,2.5274,2.4513,2.3644,0.6027,0.8136,0.7736,0.7444,0.7319,0.7196,0.7081,0.6967,0.6854,0.674,0.6627,0.6514,0.64
1.4226,1.4749,1.5356,1.6081,1.6823,1.7622,1.8421,1.9227,2.0033,2.0856,2.1684,1.4679,0.5531,0.928,0.9715,1.0033,1.0169,1.0303,1.0427,1.0551,1.0675,1.0798,1.0921,1.1045,1.1168
4.4341,4.4341,4.4341,4.4341,4.4341,4.4341,4.4341,4.4341,4.4341,4.4341,4.4341,4.4341,4.4341,4.4341,4.4341,1.4337,2.0044,2.0225,1.9903,1.9581,1.9263,1.8944,1.8626,1.8307,1.7989
4.4461,4.4461,4.4461,4.4461,4.4461,4.1756,3.601,3.0264,2.4519,2.8792,2.6867,2.467,2.2271,2.058,1.9568,1.8829,1.8513,1.8201,1.7912,1.7622,1.7335,1.7049,1.6762,1.6476,1.6189
1.3926,1.4438,1.5031,1.5741,1.6468,1.725,1.8032,1.8821,1.961,2.0415,2.1226,2.215,2.316,0.6518,0.951,0.9821,0.9954,1.0085,1.0207,1.0329,1.0449,1.057,1.0691,1.0811,1.0932
3.1681,3.1195,3.0632,2.9959,2.9269,2.8527,2.7785,2.7037,2.6289,2.5524,2.4756,2.3879,2.2921,0.8217,0.7813,0.7518,0.7392,0.7267,0.7152,0.7036,0.6921,0.6807,0.6693,0.6578,0.6464
2.5121,2.6043,2.7114,2.8395,2.9706,3.1117,3.2527,3.2303,2.617,2.0041,1.3912,0.7946,1.5102,1.6386,1.7155,1.7715,1.7955,1.8192,1.8412,1.8631,1.8849,1.9067,1.9285,1.9502,1.972
4.4949,4.4949,4.4949,4.4949,4.4949,4.4949,4.4949,4.4949,4.4949,4.4949,4.4949,4.4949,4.4949,4.4949,4.4949,4.4949,4.4949,4.4949,3.0576,3.5665,4.1142,4.4583,4.4949,4.4949,4.4949
3.6917,3.6352,3.5696,3.4911,3.4107,3.3243,3.2378,3.1506,3.0634,2.9744,2.09,1.172,1.0362,0.9575,0.9104,0.876,0.8613,0.8468,0.8334,0.8199,0.8066,0.7932,0.7799,0.7665,0.7532
1.2691,1.3158,1.3699,1.4346,1.5008,1.5721,1.6433,1.7152,1.7871,1.8605,1.9344,2.0186,1.1485,0.8279,0.8667,0.895,0.9071,0.9191,0.9302,0.9413,0.9523,0.9633,0.9743,0.9853,0.9963
4.5322,4.5322,4.5253,4.4258,4.324,4.2144,4.1048,3.9942,3.8837,3.7707,3.6572,3.5276,3.3861,3.2863,1.0579,1.1106,1.092,1.0736,1.0565,1.0394,1.0225,1.0056,0.9887,0.9718,0.9549
4.5448,4.5448,4.5448,4.5448,4.5448,4.5448,4.5448,4.5448,4.5448,4.5448,4.5448,4.5448,4.5448,4.5448,4.5448,4.5448,4.5448,4.5448,4.5448,4.5448,4.5448,4.5448,4.5448,4.5448,4.5448
1.7827,1.8482,1.9242,2.0151,2.1082,2.2083,2.3084,2.4094,2.5103,2.6135,2.7172,2.8356,2.9649,3.056,1.1398,1.2572,1.2743,1.291,1.3066,1.3222,1.3377,1.3531,1.3686,1.384,1.3995
3.0168,2.9706,2.917,2.8528,2.7872,2.7166,2.6459,2.5746,2.5034,2.4306,2.3574,2.2739,2.1826,0.7824,0.744,0.7159,0.7039,0.692,0.681,0.67,0.6591,0.6482,0.6373,0.6264,0.6155
1.6358,1.6958,1.7656,1.849,1.9343,2.0262,2.118,2.2107,2.3034,2.398,1.873,1.0503,0.9834,1.067,1.117,1.1536,1.1692,1.1846,1.1989,1.2132,1.2274,1.2416,1.2557,1.2699,1.2841
4.5958,4.5958,4.5958,4.5958,4.5958,4.5958,4.5958,4.5958,4.5958,4.5958,4.5958,4.5958,4.5958,4.5958,4.5958,4.5958,4.5958,4.5958,4.5958,3.5041,4.0421,4.5802,4.5958,4.5958,4.5958
4.6087,4.6087,4.6087,4.6087,4.6087,4.6087,4.0339,3.3903,2.7467,2.1034,1.4601,1.6393,1.4798,1.3675,1.3002,1.2511,1.2301,1.2094,1.1902,1.171,1.1519,1.1328,1.1138,1.0948,1.0757
1.2862,1.3334,1.3883,1.4538,1.5209,1.5932,1.6654,1.7382,1.8111,1.8855,1.9604,2.0458,2.139,0.839,0.8783,0.907,0.9193,0.9314,0.9427,0.9539,0.9651,0.9762,0.9874,0.9985,1.0096
3.466,3.4129,3.3513,3.2776,3.2022,3.121,3.0399,2.958,2.8761,2.7925,2.7084,2.6124,2.5076,0.592,0.8547,0.8225,0.8087,0.7951,0.7824,0.7698,0.7572,0.7447,0.7322,0.7197,0.7072
4.1216,4.2731,4.4488,4.6479,4.5809,4.0268,3.4726,2.9186,2.3645,1.8107,1.2569,2.179,2.4779,2.6886,2.8146,2.9066,2.946,2.9848,3.0209,3.0569,3.0927,3.1284,3.1641,3.1998,3.2355
2.9899,3.0998,3.2272,3.3797,3.5357,3.7036,3.8715,4.0408,4.2102,4.3832,4.5572,4.6612,4.6612,4.6612,4.6612,1.4735,2.0589,2.1653,2.1914,2.2176,2.2435,2.2694,2.2953,2.3212,2.3471
3.2572,3.2073,3.1494,3.0801,3.0093,2.933,2.8567,2.7798,2.7028,2.6242,2.5452,1.7368,0.6257,0.8448,0.8032,0.7729,0.7599,0.7472,0.7353,0.7234,0.7116,0.6998,0.6881,0.6763,0.6646
1.3308,1.3797,1.4364,1.5042,1.5737,1.6484,1.7231,1.7985,1.8739,1.9509,2.0283,1.9831,0.5174,0.8681,0.9088,0.9385,0.9512,0.9637,0.9754,0.987,0.9985,1.0101,1.0216,1.0331,1.0446
4.7013,4.7013,4.7013,4.7013,4.7013,4.7013,4.7013,4.7013,4.7013,4.7013,4.7013,4.7013,4.6661,4.5287,1.0193,1.509,1.5048,1.4794,1.4559,1.4324,1.4091,1.3857,1.3625,1.3392,1.3159
4.7148,4.7148,4.7148,4.7148,4.7148,4.7148,4.7148,4.7148,4.5609,4.2766,3.9906,3.6643,3.3079,3.0567,2.9064,2.7967,2.7497,2.7035,2.6605,2.6175,2.5749,2.5323,2.4897,2.4471,2.4046
1.4875,1.5421,1.6055,1.6814,1.759,1.8425,1.9261,2.0103,2.0946,2.1806,2.2672,2.3659,2.4738,0.6544,1.0158,1.049,1.0632,1.0772,1.0902,1.1032,1.1161,1.129,1.1419,1.1548,1.1677
3.0425,2.9959,2.9418,2.8771,2.8109,2.7397,2.6684,2.5966,2.5247,2.4513,2.3775,2.2932,2.2012,0.7891,0.7503,0.722,0.7099,0.6979,0.6868,0.6757,0.6647,0.6537,0.6427,0.6317,0.6208
2.0408,2.1157,2.2028,2.3068,2.4133,2.5279,2.6425,2.7581,2.841,2.1756,1.5102,0.8469,1.2269,1.3312,1.3936,1.4392,1.4587,1.4779,1.4958,1.5136,1.5313,1.549,1.5667,1.5843,1.602
4.7697,4.7697,4.7697,4.7697,4.7697,4.7697,4.7697,4.7697,4.7697,4.7697,4.7697,4.7697,4.7697,4.7697,4.7697,4.7697,4.7697,4.7697,4.7697,4.7697,4.7697,4.7697,4.7697,4.7697,4.7697
4.0816,4.019,3.9465,3.8597,3.7709,3.6753,3.5797,3.4833,3.3036,2.5298,1.7561,0.9848,1.1456,1.0586,1.0065,0.9685,0.9523,0.9363,0.9214,0.9065,0.8917,0.877,0.8622,0.8475,0.8328
1.2486,1.2945,1.3478,1.4114,1.4766,1.5467,1.6168,1.6875,1.7583,1.8305,1.9032,1.9861,2.0766,0.8145,0.8527,0.8806,0.8925,0.9043,0.9152,0.9261,0.9369,0.9477,0.9586,0.9694,0.9802
4.0403,3.9784,3.9065,3.8206,3.7327,3.6381,3.5435,3.4481,3.3526,3.2551,3.1571,3.0452,2.9231,2.837,0.9964,0.9587,0.9426,0.9268,0.912,0.8973,0.8827,0.8681,0.8535,0.8389,0.8243
4.8259,4.8259,4.8259,4.8259,4.3615,3.8339,3.3063,2.7788,2.2513,4.8259,4.8259,4.8259,4.8259,4.8259,4.8259,4.8259,4.8259,4.8259,4.8259,4.8259,4.8259,4.8259,4.8259,4.8259,4.8259
2.0638,2.1397,2.2276,2.3329,2.4406,2.5564,2.6723,2.7892,2.9061,3.0256,3.1457,3.2827,3.4323,3.5378,1.0063,1.4554,1.4752,1.4946,1.5127,1.5307,1.5486,1.5665,1.5844,1.6022,1.6201
3.0391,2.9926,2.9385,2.8739,2.8078,2.7366,2.6655,2.5937,2.5219,2.4486,2.3748,2.2907,0.8139,0.7882,0.7495,0.7212,0.7091,0.6971,0.6861,0.675,0.664,0.653,0.642,0.631,0.6201
1.4724,1.5265,1.5892,1.6643,1.7411,1.8238,1.9065,1.9899,2.0733,2.1585,2.2358,1.2538,0.8852,0.9604,1.0055,1.0383,1.0524,1.0663,1.0791,1.092,1.1048,1.1176,1.1303,1.1431,1.1558
4.8835,4.8835,4.8835,4.8835,4.8835,4.8835,4.8835,4.8835,4.8835,4.8835,4.8835,4.8835,4.8835,4.8835,4.8835,4.8835,1.927,2.4756,2.5492,2.508,2.4672,2.4264,2.3856,2.3448,2.304
4.8981,4.8981,4.8981,4.8981,4.8717,4.2824,3.6931,3.1039,2.5147,1.9257,2.2161,2.0349,1.837,1.6975,1.614,1.5531,1.527,1.5013,1.4775,1.4536,1.4299,1.4063,1.3826,1.359,1.3354
1.328,1.3768,1.4334,1.5011,1.5704,1.6449,1.7195,1.7947,1.87,1.9468,2.0241,2.1122,2.2085,0.7844,0.9069,0.9365,0.9492,0.9617,0.9733,0.9849,0.9964,1.008,1.0195,1.031,1.0425
3.222,3.1727,3.1154,3.0469,2.9768,2.9013,2.8259,2.7498,2.6737,2.5959,2.5177,2.4285,2.3311,0.7239,0.7946,0.7646,0.7517,0.7391,0.7273,0.7156,0.7039,0.6923,0.6807,0.669,0.6574
2.9035,3.0101,3.1339,3.2819,3.4334,3.5965,3.6331,3.0535,2.4738,1.8944,1.315,1.535,1.7455,1.8939,1.9827,2.0476,2.0753,2.1026,2.128,2.1534,2.1786,2.2038,2.2289,2.2541,2.2792
4.225,4.3803,4.5604,4.7758,4.9573,4.9573,4.9573,4.9573,4.9573,4.9573,4.9573,4.9573,4.9573,4.9573,4.9573,4.9573,4.9573,2.4936,3.0463,3.1336,3.1703,3.2069,3.2435,3.2801,3.3166
3.4562,3.4033,3.3418,3.2684,3.1932,3.1122,3.0313,2.9497,2.868,2.7846,2.3472,1.3162,0.9701,0.8964,0.8523,0.8202,0.8064,0.7928,0.7802,0.7676,0.7551,0.7426,0.7301,0.7177,0.7052
1.2711,1.3178,1.372,1.4368,1.5031,1.5745,1.6459,1.7179,1.7899,1.8634,1.9374,2.0218,0.6936,0.8291,0.868,0.8964,0.9085,0.9205,0.9316,0.9427,0.9538,0.9648,0.9758,0.9868,0.9978
5.0027,5.0027,4.9725,4.8631,4.7512,4.6308,4.5104,4.3889,4.2674,4.1433,4.0186,3.8762,3.7207,3.6111,0.9798,1.2204,1.1999,1.1797,1.1609,1.1421,1.1236,1.105,1.0864,1.0678,1.0493
5.0181,5.0181,5.0181,5.0181,5.0181,5.0181,5.0181,5.0181,5.0181,5.0181,5.0181,5.0181,5.0181,5.0181,5.0181,5.0181,5.0181,5.0181,5.0181,5.0181,5.0181,5.0181,5.0181,5.0114,4.9242
1.6308,1.6907,1.7602,1.8433,1.9285,2.02,2.1116,2.204,2.2963,2.3907,2.4856,2.5939,2.7121,2.7955,1.1136,1.15,1.1656,1.181,1.1952,1.2095,1.2237,1.2378,1.2519,1.266,1.2802
2.9782,2.9326,2.8796,2.8163,2.7515,2.6818,2.612,2.5417,2.4713,2.3995,2.3272,2.2447,2.1547,0.7724,0.7344,0.7067,0.6949,0.6832,0.6723,0.6614,0.6507,0.6399,0.6291,0.6184,0.6076
1.7414,1.8054,1.8797,1.9684,2.0593,2.1571,2.2549,2.3535,2.4522,2.4324,1.6885,0.9469,1.0469,1.1359,1.1892,1.2281,1.2447,1.2611,1.2764,1.2916,1.3067,1.3218,1.3369,1.3519,1.367
5.0803,5.0803,5.0803,5.0803,5.0803,5.0803,5.0803,5.0803,5.0803,5.0803,5.0803,5.0803,5.0803,5.0803,5.0803,5.0803,5.0803,5.0803,5.0803,5.0803,5.0803,5.0803,5.0803,5.0803,5.0803
4.6694,4.5978,4.5148,4.4155,4.3139,4.2046,4.0952,3.5656,2.8888,2.2121,1.5356,1.4518,1.3106,1.211,1.1515,1.108,1.0894,1.0711,1.0541,1.037,1.0201,1.0033,0.9864,0.9695,0.9527
1.2515,1.2974,1.3508,1.4146,1.4799,1.5502,1.6205,1.6914,1.7622,1.8347,1.9075,1.9906,2.0813,0.8163,0.8546,0.8826,0.8945,0.9063,0.9172,0.9282,0.939,0.9499,0.9607,0.9716,0.9824
3.6067,3.5515,3.4873,3.4107,3.3322,3.2477,3.1633,3.0781,2.9929,2.9059,2.8183,2.7185,2.6094,0.616,0.8894,0.8559,0.8415,0.8273,0.8142,0.801,0.788,0.7749,0.7619,0.7489,0.7359
5.1441,5.1441,5.1441,4.9596,4.4239,3.8887,3.3536,2.8185,2.2835,1.7486,2.5505,2.9168,3.3168,3.5988,3.7675,3.8907,3.9434,3.9953,4.0436,4.0919,4.1397,4.1875,4.2353,4.2831,4.3308
2.513,2.6053,2.7125,2.8406,2.9717,3.1128,3.2539,3.3963,3.5386,3.684,3.8303,3.9971,4.1793,4.3078,4.3846,1.518,1.7962,1.8199,1.8419,1.8638,1.8856,1.9074,1.9292,1.9509,1.9727
3.1207,3.0729,3.0175,2.9511,2.8832,2.8101,2.737,2.6633,2.5896,2.5143,2.4386,2.1463,0.5995,0.8094,0.7696,0.7406,0.7281,0.7159,0.7045,0.6931,0.6818,0.6705,0.6593,0.648,0.6367
1.3598,1.4098,1.4677,1.5371,1.608,1.6844,1.7607,1.8378,1.9148,1.9935,2.0726,1.5977,0.5287,0.887,0.9286,0.959,0.972,0.9848,0.9966,1.0085,1.0203,1.0321,1.0439,1.0557,1.0674
5.2095,5.2095,5.2095,5.2095,5.2095,5.2095,5.2095,5.2095,5.2095,5.2095,5.2095,5.2095,5.2095,5.2095,5.2095,1.4337,1.7708,1.741,1.7134,1.6857,1.6582,1.6308,1.6034,1.576,1.5486
5.2262,5.2262,5.2262,5.1182,4.5653,4.013,3.4608,2.9086,3.4398,3.2253,3.0097,2.7636,2.4948,2.3053,2.192,2.1092,2.0738,2.0389,2.0065,1.9741,1.9419,1.9098,1.8777,1.8456,1.8135
1.4002,1.4517,1.5114,1.5828,1.6558,1.7345,1.8131,1.8924,1.9717,2.0528,2.1342,2.2272,2.3287,0.616,0.9562,0.9875,1.0009,1.014,1.0263,1.0385,1.0507,1.0628,1.0749,1.0871,1.0992
3.0604,3.0135,2.9591,2.894,2.8274,2.7558,2.6841,2.6118,2.5395,2.4657,2.3914,2.3067,2.2142,0.7937,0.7547,0.7262,0.714,0.702,0.6909,0.6797,0.6686,0.6576,0.6465,0.6355,0.6244
2.2659,2.3492,2.4458,2.5613,2.6796,2.8068,2.934,3.0624,2.6473,2.0272,1.4072,0.7891,1.3623,1.4781,1.5474,1.598,1.6196,1.641,1.6608,1.6806,1.7003,1.7199,1.7395,1.7591,1.7788
5.2937,5.2937,5.2937,5.2937,5.2937,5.2937,5.2937,5.2937,5.2937,5.2937,5.2937,5.2937,5.2937,5.2937,5.2937,5.2937,5.2937,5.2937,5.2937,5.2937,4.0435,4.5255,5.0571,5.2937,5.2937
3.7594,3.7018,3.635,3.5551,3.4733,3.3852,3.2972,3.2084,3.1196,2.7555,1.9128,1.0726,1.0552,0.975,0.9271,0.8921,0.8771,0.8624,0.8487,0.8349,0.8213,0.8078,0.7942,0.7806,0.767
1.2378,1.2833,1.3361,1.3992,1.4638,1.5333,1.6028,1.6729,1.743,1.8146,1.8867,1.9688,1.865,0.8074,0.8453,0.8729,0.8848,0.8964,0.9072,0.9181,0.9288,0.9395,0.9503,0.961,0.9717
4.3326,4.2662,4.1892,4.097,4.0028,3.9013,3.7999,3.6975,3.5952,3.4906,3.3855,3.2656,3.1346,3.0422,1.0684,1.0281,1.0108,0.9938,0.978,0.9622,0.9466,0.9309,0.9152,0.8996,0.884
5.363,5.363,5.3328,4.8127,4.2928,3.7735,3.2542,5.363,5.363,5.363,5.363,5.363,5.363,5.363,5.363,5.363,5.363,5.363,5.363,5.363,5.363,5.363,5.363,5.363,5.363
1.8455,1.9133,1.992,2.0861,2.1824,2.286,2.3897,2.4942,2.5987,2.7055,2.8129,2.9354,3.0693,3.1636,1.0651,1.3015,1.3191,1.3365,1.3526,1.3688,1.3848,1.4008,1.4168,1.4327,1.4487
2.9698,2.9243,2.8715,2.8084,2.7437,2.6742,2.6046,2.5345,2.4643,2.3927,2.3206,2.2384,1.4806,0.7702,0.7324,0.7047,0.6929,0.6812,0.6704,0.6596,0.6488,0.6381,0.6274,0.6166,0.6059
1.5408,1.5974,1.6631,1.7417,1.8221,1.9086,1.9951,2.0824,2.1697,2.2588,1.9597,1.0989,0.9263,1.0051,1.0522,1.0866,1.1013,1.1158,1.1293,1.1428,1.1562,1.1695,1.1829,1.1962,1.2095
5.4342,5.4342,5.4342,5.4342,5.4342,5.4342,5.4342,5.4342,5.4342,5.4342,5.4342,5.4342,5.4342,5.4342,5.4342,5.4342,5.4342,2.4013,2.9334,3.4656,3.5063,3.4483,3.3903,3.3324,3.2744
5.4522,5.4522,5.405,5.2861,5.0475,4.4369,3.8263,3.2159,2.6054,1.9951,1.3977,1.738,1.569,1.4498,1.3785,1.3265,1.3042,1.2823,1.2619,1.2415,1.2213,1.2011,1.1809,1.1607,1.1405
1.2782,1.3251,1.3796,1.4448,1.5115,1.5833,1.6551,1.7275,1.7999,1.8738,1.9482,2.0331,2.1257,0.8338,0.8729,0.9014,0.9136,0.9256,0.9368,0.948,0.9591,0.9702,0.9812,0.9923,1.0034
3.3082,3.2575,3.1987,3.1284,3.0564,2.9789,2.9015,2.8233,2.7452,2.6654,2.5851,2.4935,2.3935,0.5967,0.8158,0.785,0.7719,0.7589,0.7468,0.7347,0.7228,0.7108,0.6989,0.6869,0.675
3.4905,3.6188,3.7676,3.9455,4.1277,4.0219,3.4684,2.9151,2.3617,1.8085,1.2554,1.8454,2.0985,2.2769,2.3837,2.4616,2.4949,2.5278,2.5583,2.5889,2.6191,2.6494,2.6796,2.7098,2.7401
3.3036,3.425,3.5658,3.7342,3.9066,4.0922,4.2777,4.4648,4.6519,4.8431,5.0353,5.2547,5.4942,5.5258,5.5258,5.5258,1.9764,2.3924,2.4213,2.4502,2.4789,2.5075,2.5361,2.5647,2.5933
3.2706,3.2205,3.1624,3.0929,3.0217,2.9451,2.8685,2.7913,2.714,2.6351,2.5557,1.5209,0.918,0.8483,0.8066,0.7761,0.7631,0.7502,0.7383,0.7264,0.7146,0.7027,0.6909,0.6791,0.6673
1.2841,1.3313,1.3861,1.4515,1.5185,1.5907,1.6628,1.7355,1.8082,1.8825,1.9573,2.0425,0.4993,0.8377,0.8769,0.9056,0.9179,0.93,0.9412,0.9524,0.9636,0.9747,0.9858,0.9969,1.008
5.5823,5.5823,5.5823,5.4627,5.337,5.2018,5.0665,4.93,4.7936,4.6542,4.514,4.3541,4.1794,4.0563,0.9183,1.3708,1.3478,1.3251,1.304,1.283,1.2621,1.2412,1.2203,1.1995,1.1786
5.6014,5.6014,5.6014,5.6014,5.6014,5.6014,5.6014,5.6014,5.5629,5.216,4.8673,4.4693,4.0346,3.7282,3.5449,3.4111,3.3538,3.2974,3.2449,3.1925,3.1405,3.0886,3.0366,2.9847,2.9328
1.5118,1.5673,1.6318,1.7088,1.7877,1.8726,1.9575,2.0432,2.1288,2.2163,2.3042,2.4046,2.5142,2.5915,1.0324,1.0661,1.0806,1.0948,1.108,1.1213,1.1344,1.1475,1.1606,1.1737,1.1867
2.9647,2.9193,2.8666,2.8036,2.739,2.6696,2.6002,2.5302,2.4601,2.3886,2.3167,2.2346,2.1449,0.7689,0.7311,0.7035,0.6917,0.6801,0.6693,0.6584,0.6477,0.637,0.6263,0.6156,0.6049
1.882,1.9511,2.0314,2.1273,2.2255,2.3312,2.4369,2.5435,2.6501,2.2269,1.5459,0.8669,1.1314,1.2276,1.2852,1.3272,1.3452,1.3629,1.3794,1.3958,1.4122,1.4285,1.4448,1.4611,1.4774
5.679,5.679,5.679,5.679,5.679,5.679,5.679,5.679,5.679,5.679,5.679,5.679,5.679,5.679,5.679,5.679,5.679,5.679,5.679,5.679,5.679,5.679,5.679,5.679,5.679
4.2123,4.1477,4.0728,3.9833,3.8916,3.793,3.6944,3.5949,3.078,2.3571,1.6362,0.9366,1.1823,1.0925,1.0388,0.9996,0.9828,0.9662,0.9509,0.9355,0.9203,0.9051,0.8898,0.8746,0.8594
1.2281,1.2732,1.3255,1.3881,1.4522,1.5212,1.5901,1.6597,1.7293,1.8003,1.8718,1.9533,2.0424,0.8011,0.8386,0.866,0.8778,0.8893,0.9001,0.9108,0.9215,0.9321,0.9428,0.9534,0.964
3.7969,3.7387,3.6712,3.5905,3.5078,3.4189,3.33,3.2403,3.1507,3.059,2.9669,2.8618,2.747,2.6661,0.9363,0.901,0.8859,0.8709,0.8571,0.8432,0.8295,0.8158,0.8021,0.7884,0.7747
5.7589,5.7589,5.3535,4.8314,4.3095,3.7882,3.2669,2.7457,2.2244,1.7034,3.9537,4.5216,5.1417,5.5788,5.7589,5.7589,5.7589,5.7589,5.7589,5.7589,5.7589,5.7589,5.7589,5.7589,5.7589
2.1764,2.2564,2.3491,2.4601,2.5737,2.6959,2.8181,2.9414,3.0647,3.1906,3.3172,3.4617,3.6195,3.7308,1.024,1.5348,1.5556,1.5761,1.5952,1.6142,1.6331,1.6519,1.6708,1.6896,1.7085
3.0172,2.971,2.9173,2.8532,2.7875,2.7169,2.6462,2.5749,2.5037,2.4309,2.3577,2.2741,0.6251,0.7825,0.7441,0.716,0.7039,0.6921,0.6811,0.6701,0.6592,0.6483,0.6374,0.6265,0.6156
1.4031,1.4546,1.5145,1.586,1.6592,1.738,1.8168,1.8963,1.9757,2.0569,2.1386,1.3423,0.8435,0.9152,0.9582,0.9895,1.0029,1.0161,1.0284,1.0406,1.0528,1.065,1.0771,1.0893,1.1014
5.841,5.841,5.841,5.841,5.841,5.841,5.841,5.841,5.841,5.841,5.841,5.841,5.841,5.841,5.841,1.3926,1.9225,2.1478,2.1136,2.0795,2.0456,2.0118,1.978,1.9442,1.9104
5.8619,5.8619,5.8014,5.2356,4.67,4.1051,3.5402,2.9754,2.4105,2.595,2.4215,2.2235,2.0073,1.8548,1.7636,1.6971,1.6686,1.6405,1.6144,1.5883,1.5624,1.5366,1.5108,1.4849,1.4591
1.3317,1.3806,1.4374,1.5053,1.5748,1.6496,1.7244,1.7998,1.8752,1.9523,2.0298,2.1182,2.2148,0.6782,0.9094,0.9391,0.9519,0.9644,0.9761,0.9877,0.9993,1.0108,1.0223,1.0339,1.0454
3.1055,3.0579,3.0027,2.9367,2.8691,2.7964,2.7236,2.6503,2.5769,2.502,2.4267,2.3407,2.2468,0.8054,0.7658,0.7369,0.7245,0.7124,0.701,0.6897,0.6785,0.6672,0.656,0.6448,0.6336
2.5788,2.6735,2.7835,2.9149,3.0495,3.1943,3.3391,3.0791,2.4945,1.9103,1.326,0.8157,1.5504,1.6822,1.761,1.8186,1.8432,1.8675,1.8901,1.9126,1.935,1.9573,1.9797,2.002,2.0243
4.9849,5.1681,5.3806,5.6347,5.8949,5.947,5.947,5.947,5.947,5.947,5.947,5.947,5.947,5.947,5.947,5.947,5.947,5.947,2.9511,3.4864,3.7405,3.7837,3.8269,3.87,3.9132
3.5063,3.4526,3.3903,3.3157,3.2394,3.1573,3.0752,2.9924,2.9096,2.825,2.1245,1.1914,0.9841,0.9094,0.8647,0.832,0.8181,0.8043,0.7915,0.7787,0.766,0.7534,0.7407,0.728,0.7154
1.2374,1.2828,1.3356,1.3987,1.4632,1.5327,1.6022,1.6723,1.7424,1.814,1.886,1.9681,0.8963,0.8071,0.845,0.8726,0.8844,0.8961,0.9069,0.9177,0.9285,0.9392,0.9499,0.9606,0.9713
4.7218,4.6494,4.5655,4.4651,4.3624,4.2518,4.1412,4.0297,3.9182,3.8042,3.6897,3.5589,3.4162,3.3155,1.0007,1.1205,1.1017,1.0831,1.0659,1.0487,1.0316,1.0145,0.9975,0.9804,0.9634
6.0346,6.0346,6.0346,6.0346,6.0346,6.0346,6.0346,6.0346,6.0346,6.0346,6.0346,6.0346,6.0346,6.0346,6.0346,6.0346,6.0346,6.0346,6.0346,6.0346,6.0346,6.0346,6.0346,6.0346,6.0346
1.6783,1.74,1.8115,1.8971,1.9847,2.0789,2.1732,2.2682,2.3633,2.4604,2.5581,2.6695,2.7912,2.877,1.143,1.1836,1.1996,1.2154,1.2301,1.2448,1.2593,1.2739,1.2884,1.3029,1.3175
2.9263,2.8815,2.8295,2.7673,2.7036,2.6351,2.5665,2.4974,2.4283,2.3577,2.2867,2.2057,2.1172,0.759,0.7217,0.6944,0.6828,0.6713,0.6606,0.6499,0.6393,0.6288,0.6182,0.6076,0.5971
1.6322,1.6922,1.7617,1.8449,1.9301,2.0218,2.1134,2.2059,2.2983,2.3928,1.7533,0.9832,0.9813,1.0647,1.1146,1.151,1.1666,1.182,1.1963,1.2106,1.2247,1.2389,1.253,1.2671,1.2813
6.1249,6.1249,6.1249,6.1249,6.1249,6.1249,6.1249,6.1249,6.1249,6.1249,6.1249,6.1249,6.1249,6.1249,6.1249,6.1249,6.1249,6.1249,6.1249,6.1249,3.9109,4.4315,4.9521,5.4727,5.8344
4.9009,4.8258,4.7387,4.6345,4.5279,4.4131,4.008,3.3685,2.7291,2.0898,1.4507,1.5238,1.3756,1.2711,1.2086,1.163,1.1434,1.1242,1.1063,1.0885,1.0707,1.053,1.0353,1.0176,0.9999
1.2412,1.2868,1.3397,1.4029,1.4677,1.5374,1.6071,1.6774,1.7477,1.8195,1.8917,1.9742,2.0642,0.8096,0.8476,0.8753,0.8871,0.8988,0.9097,0.9205,0.9313,0.9421,0.9528,0.9636,0.9743
3.431,3.3784,3.3174,3.2445,3.1698,3.0895,3.0091,2.9281,2.847,2.7642,2.681,2.586,2.4823,0.586,0.8461,0.8142,0.8005,0.787,0.7745,0.762,0.7496,0.7372,0.7248,0.7124,0.7
4.4463,4.6097,4.7993,4.9425,4.4086,3.8753,3.342,2.8088,2.2756,1.7426,1.2096,2.3507,2.6731,2.9004,3.0364,3.1356,3.1781,3.22,3.2589,3.2978,3.3363,3.3749,3.4134,3.4519,3.4904
2.7207,2.8206,2.9366,3.0753,3.2173,3.37,3.5228,3.6769,3.831,3.9885,4.1468,4.3274,4.5247,4.6637,4.747,1.453,1.9446,1.9703,1.9941,2.0179,2.0415,2.065,2.0886,2.1122,2.1357
3.1256,3.0777,3.0222,2.9557,2.8877,2.8145,2.7413,2.6675,2.5937,2.5182,2.4424,1.8264,0.6005,0.8107,0.7708,0.7417,0.7293,0.717,0.7056,0.6942,0.6829,0.6716,0.6603,0.649,0.6377
1.3089,1.357,1.4128,1.4795,1.5478,1.6213,1.6948,1.769,1.8431,1.9189,1.995,1.7726,0.5089,0.8538,0.8938,0.9231,0.9356,0.9479,0.9593,0.9708,0.9821,0.9935,1.0048,1.0162,1.0275
6.3137,6.3137,6.3137,6.3103,6.1651,6.0088,5.8525,5.6949,5.5373,5.3763,5.2144,5.0296,4.8279,4.6856,4.6005,1.4436,1.5569,1.5307,1.5064,1.482,1.4579,1.4338,1.4097,1.3856,1.3615
6.3381,6.024,5.4877,4.9525,4.4175,3.8831,4.4445,4.2027,3.961,3.714,3.4657,3.1823,2.8728,2.6546,2.5241,2.4288,2.388,2.3478,2.3105,2.2732,2.2362,2.1992,2.1622,2.1252,2.0883
1.4181,1.4702,1.5307,1.603,1.677,1.7566,1.8362,1.9166,1.9969,2.0789,2.1615,2.2556,2.3584,0.6239,0.9684,1.0001,1.0136,1.027,1.0394,1.0518,1.0641,1.0764,1.0887,1.1009,1.1132
2.976,2.9304,2.8775,2.8143,2.7495,2.6798,2.6101,2.5398,2.4695,2.3977,2.3255,2.2431,2.1531,0.7719,0.7339,0.7062,0.6943,0.6827,0.6718,0.6609,0.6502,0.6394,0.6287,0.6179,0.6072
2.0699,2.146,2.2342,2.3398,2.4478,2.564,2.6803,2.7975,2.6982,2.0662,1.4343,0.8043,1.2444,1.3502,1.4135,1.4598,1.4795,1.499,1.5171,1.5352,1.5532,1.5711,1.5891,1.607,1.6249
6.4377,6.4377,6.4377,6.4377,6.4377,6.4377,6.4377,6.4377,6.4377,6.4377,6.4377,6.4377,6.4377,6.4377,6.4377,6.4377,6.4377,6.4377,6.4377,6.4377,6.4377,6.4377,6.4377,6.4377,6.4377
3.8592,3.8001,3.7315,3.6494,3.5655,3.4751,3.3847,3.2936,3.2024,2.5489,1.7694,0.9922,1.0832,1.0009,0.9517,0.9158,0.9004,0.8853,0.8712,0.8571,0.8431,0.8292,0.8153,0.8013,0.7874
1.2151,1.2597,1.3115,1.3735,1.4369,1.5051,1.5733,1.6422,1.711,1.7813,1.852,1.9327,2.0208,0.7926,0.8298,0.8569,0.8685,0.8799,0.8906,0.9012,0.9117,0.9223,0.9328,0.9433,0.9538
4.0486,3.9866,3.9146,3.8286,3.7405,3.6457,3.5509,3.4552,3.3596,3.2619,3.1637,3.0516,2.9291,2.8429,0.9984,0.9607,0.9446,0.9287,0.9139,0.8992,0.8845,0.8699,0.8553,0.8407,0.826
6.2876,5.773,5.259,4.7461,4.2334,3.7213,3.2092,2.6972,6.5405,6.5405,6.5405,6.5405,6.5405,6.5405,6.5405,6.5405,6.5405,6.5405,6.5405,6.5405,6.5405,6.5405,6.5405,6.5405,6.5405
1.929,1.9999,2.0821,2.1805,2.2811,2.3895,2.4978,2.607,2.7163,2.8279,2.9402,3.0682,3.2081,3.3067,1.0038,1.3604,1.3788,1.397,1.4138,1.4307,1.4474,1.4642,1.4809,1.4976,1.5143
2.9423,2.8972,2.8449,2.7823,2.7183,2.6494,2.5805,2.511,2.4415,2.3705,2.2991,2.2177,0.9587,0.7631,0.7256,0.6982,0.6865,0.6749,0.6642,0.6535,0.6428,0.6322,0.6216,0.6109,0.6003
1.4629,1.5166,1.579,1.6535,1.7299,1.812,1.8942,1.977,2.0599,2.1445,2.0731,1.1625,0.8795,0.9542,0.999,1.0316,1.0456,1.0594,1.0722,1.085,1.0977,1.1103,1.123,1.1357,1.1483
6.6467,6.6467,6.6467,6.6467,6.6467,6.6467,6.6467,6.6467,6.6467,6.6467,6.6467,6.6467,6.6467,6.6467,6.6467,6.6467,1.8606,2.3903,2.8057,2.7604,2.7154,2.6705,2.6256,2.5807,2.5359
6.0052,5.9132,5.8064,5.4074,4.8233,4.2398,3.6564,3.073,2.4896,1.9065,2.0333,1.8671,1.6855,1.5575,1.4809,1.425,1.4011,1.3775,1.3556,1.3337,1.312,1.2903,1.2686,1.2469,1.2252
1.2786,1.3256,1.3801,1.4453,1.512,1.5838,1.6556,1.728,1.8005,1.8745,1.9489,2.0337,2.1265,0.8341,0.8732,0.9017,0.9139,0.926,0.9371,0.9483,0.9594,0.9705,0.9816,0.9926,1.0037
3.1799,3.1312,3.0746,3.007,2.9378,2.8634,2.7889,2.7138,2.6387,2.5619,2.4848,2.3968,2.3006,0.6545,0.7842,0.7546,0.7419,0.7294,0.7178,0.7062,0.6947,0.6832,0.6717,0.6603,0.6488
3.0308,3.1421,3.2713,3.4259,3.584,3.7542,3.4876,2.9312,2.3747,1.8185,1.2624,1.6023,1.8221,1.977,2.0697,2.1373,2.1663,2.1949,2.2214,2.2479,2.2742,2.3004,2.3267,2.3529,2.3792
3.7342,3.8713,4.0305,4.2209,4.4158,4.6255,4.8352,5.0467,5.2582,5.4743,5.6915,5.9395,6.2102,6.4011,6.5153,6.5986,1.91,2.4538,2.7369,2.7696,2.8019,2.8343,2.8666,2.899,2.9313
3.307,3.2564,3.1976,3.1273,3.0553,2.9779,2.9004,2.8223,2.7442,2.6644,2.4176,1.3557,0.9282,0.8577,0.8155,0.7848,0.7716,0.7586,0.7465,0.7345,0.7225,0.7106,0.6986,0.6867,0.6747
1.2473,1.2931,1.3463,1.4099,1.475,1.545,1.6151,1.6857,1.7564,1.8286,1.9011,1.984,0.5892,0.8136,0.8518,0.8796,0.8915,0.9033,0.9142,0.9251,0.9359,0.9467,0.9575,0.9683,0.9791
5.246,5.1656,5.0723,4.9608,4.8467,4.7238,4.601,4.4771,4.3531,4.2266,4.0993,3.954,3.7954,3.6836,0.9341,1.2449,1.224,1.2034,1.1842,1.1651,1.1461,1.1272,1.1082,1.0893,1.0703
6.8985,6.8985,6.8985,6.8985,6.8985,6.8985,6.8985,6.8985,6.8985,6.8083,6.3531,5.8336,5.2663,4.8664,4.627,4.4524,4.3776,4.304,4.2355,4.1671,4.0992,4.0314,3.9636,3.8959,3.8281
1.5483,1.6052,1.6712,1.7501,1.8309,1.9179,2.0048,2.0925,2.1802,2.2698,2.3599,2.4627,2.575,2.6541,1.0573,1.0919,1.1067,1.1213,1.1348,1.1483,1.1618,1.1752,1.1886,1.202,1.2154
2.9073,2.8627,2.811,2.7492,2.686,2.6179,2.5498,2.4811,2.4125,2.3423,2.2718,2.1913,2.1034,0.754,0.717,0.6899,0.6783,0.6669,0.6563,0.6457,0.6352,0.6247,0.6142,0.6037,0.5932
1.7527,1.8171,1.8918,1.9812,2.0727,2.1711,2.2695,2.3688,2.4681,2.2984,1.5954,0.8947,1.0537,1.1433,1.1969,1.236,1.2528,1.2693,1.2846,1.3,1.3152,1.3304,1.3455,1.3607,1.3759
7.0167,7.0167,7.0167,7.0167,7.0167,7.0167,7.0167,7.0167,7.0167,7.0167,7.0167,7.0167,7.0167,7.0167,7.0167,7.0167,7.0167,7.0167,7.0167,7.0167,7.0167,7.0167,7.0167,7.0167,7.0167
4.3866,4.3194,4.2414,4.1482,4.0527,3.95,3.8473,3.571,2.8931,2.2155,1.5379,0.9754,1.2312,1.1377,1.0818,1.0409,1.0235,1.0062,0.9902,0.9742,0.9584,0.9425,0.9267,0.9108,0.895
1.2154,1.2601,1.3119,1.3739,1.4373,1.5055,1.5738,1.6426,1.7115,1.7818,1.8525,1.9332,2.0214,0.7928,0.83,0.8571,0.8688,0.8802,0.8908,0.9015,0.912,0.9225,0.9331,0.9436,0.9541
3.5969,3.5418,3.4778,3.4013,3.3231,3.2388,3.1546,3.0697,2.9847,2.8979,2.8106,2.711,2.6023,0.6143,0.887,0.8535,0.8392,0.8251,0.812,0.7988,0.7858,0.7728,0.7598,0.7468,0.7339
6.2381,5.8435,5.3233,4.8041,4.2851,3.7668,3.2484,2.7302,2.2119,1.6938,2.8838,3.298,3.7503,4.0691,4.2599,4.3992,4.4588,4.5175,4.5721,4.6267,4.6808,4.7348,4.7889,4.8429,4.8969
2.3226,2.4079,2.507,2.6254,2.7466,2.877,3.0074,3.139,3.2705,3.4049,3.5401,3.6943,3.8627,3.9814,4.0525,1.5082,1.6601,1.682,1.7023,1.7226,1.7428,1.7629,1.783,1.8031,1.8232
3.0146,2.9684,2.9148,2.8508,2.7851,2.7146,2.644,2.5728,2.5015,2.4288,2.3557,2.2722,0.5791,0.7819,0.7434,0.7154,0.7034,0.6915,0.6805,0.6695,0.6586,0.6477,0.6368,0.626,0.6151
1.3466,1.396,1.4534,1.5221,1.5924,1.668,1.7436,1.8199,1.8961,1.974,2.0524,1.4583,0.5236,0.8784,0.9196,0.9496,0.9625,0.9752,0.9869,0.9987,1.0104,1.0221,1.0337,1.0454,1.057
7.2656,7.2656,7.2656,7.2656,7.2656,7.2073,7.0199,6.8309,6.6418,6.4487,6.2545,6.0328,5.7908,5.6202,5.5181,1.3809,1.8674,1.836,1.8068,1.7776,1.7487,1.7198,1.6908,1.6619,1.633
6.6941,6.1461,5.5989,5.0529,4.507,3.9618,3.4166,2.8715,2.3773,2.8906,2.6973,2.4768,2.2359,2.0661,1.9645,1.8903,1.8586,1.8273,1.7983,1.7692,1.7404,1.7116,1.6828,1.6541,1.6253
1.3445,1.3939,1.4512,1.5197,1.5899,1.6654,1.7409,1.817,1.8932,1.971,2.0492,2.1385,2.236,0.5985,0.9181,0.9481,0.961,0.9737,0.9854,0.9972,1.0088,1.0205,1.0321,1.0438,1.0554
3.0128,2.9666,2.913,2.849,2.7834,2.7129,2.6423,2.5712,2.5,2.4273,2.3542,2.2708,2.1797,0.7814,0.743,0.7149,0.7029,0.6911,0.6801,0.6691,0.6582,0.6473,0.6364,0.6256,0.6147
2.3257,2.4111,2.5103,2.6288,2.7502,2.8808,3.0114,3.1266,2.5331,1.9398,1.3465,0.7551,1.3982,1.5171,1.5882,1.6401,1.6623,1.6842,1.7046,1.7249,1.7451,1.7652,1.7854,1.8055,1.8257
6.1704,6.3971,6.6602,6.9748,7.2968,7.4304,7.4304,7.4304,7.4304,7.4304,7.4304,7.4304,7.4304,7.4304,7.4304,7.4304,7.4304,7.4304,7.4304,3.3991,3.9211,4.443,4.7369,4.7904,4.8438
3.5833,3.5284,3.4647,3.3885,3.3106,3.2267,3.1427,3.0581,2.9735,2.8045,1.9468,1.0917,1.0057,0.9294,0.8837,0.8503,0.836,0.822,0.8089,0.7958,0.7829,0.7699,0.757,0.744,0.7311
1.2121,1.2566,1.3083,1.3701,1.4334,1.5014,1.5695,1.6381,1.7068,1.7769,1.8475,1.9279,1.2951,0.7907,0.8277,0.8548,0.8664,0.8778,0.8884,0.899,0.9095,0.92,0.9305,0.941,0.9515
4.3806,4.3135,4.2356,4.1425,4.0471,3.9446,3.842,3.7385,3.635,3.5293,3.423,3.3018,3.1693,3.0759,1.0301,1.0395,1.022,1.0048,0.9889,0.9729,0.957,0.9412,0.9254,0.9096,0.8938
6.2274,5.7177,5.2086,4.7006,4.1928,7.5677,7.5677,7.5677,7.5677,7.5677,7.5677,7.5677,7.5677,7.5677,7.5677,7.5677,7.5677,7.5677,7.5677,7.5677,7.5677,7.5677,7.5677,7.5677,7.5677
1.742,1.806,1.8803,1.9691,2.06,2.1578,2.2556,2.3543,2.453,2.5538,2.6551,2.7708,2.8971,2.9862,1.0711,1.2285,1.2451,1.2615,1.2768,1.292,1.3071,1.3222,1.3373,1.3524,1.3675
2.8932,2.8489,2.7974,2.7359,2.673,2.6052,2.5375,2.4691,2.4008,2.331,2.2608,2.1807,2.0932,0.7504,0.7135,0.6866,0.675,0.6637,0.6531,0.6426,0.6321,0.6216,0.6112,0.6007,0.5903
1.5425,1.5991,1.6649,1.7435,1.824,1.9106,1.9973,2.0846,2.172,2.2612,1.838,1.0307,0.9273,1.0062,1.0533,1.0878,1.1025,1.117,1.1305,1.144,1.1574,1.1708,1.1841,1.1975,1.2108
7.7101,7.7101,7.7101,7.7101,7.7101,7.7101,7.7101,7.7101,7.7101,7.7101,7.7101,7.7101,7.7101,7.7101,7.7101,7.7101,7.7101,7.7101,2.8503,3.3674,3.8846,4.0543,3.9862,3.918,3.8499
5.2004,5.1207,5.0282,4.9177,4.8045,4.4241,3.8153,3.2066,2.5979,1.9894,1.381,1.6169,1.4596,1.3488,1.2824,1.234,1.2133,1.1929,1.1739,1.155,1.1362,1.1174,1.0986,1.0798,1.061
1.2387,1.2842,1.337,1.4001,1.4648,1.5343,1.6039,1.674,1.7442,1.8159,1.8879,1.9702,2.06,0.808,0.8459,0.8735,0.8854,0.897,0.9079,0.9187,0.9294,0.9402,0.9509,0.9616,0.9723
3.2871,3.2368,3.1783,3.1085,3.0369,2.96,2.883,2.8053,2.7277,2.6484,2.5686,2.4776,2.3782,0.5614,0.8106,0.78,0.7669,0.754,0.742,0.73,0.7182,0.7063,0.6944,0.6825,0.6707
3.7256,3.8625,4.0213,4.2112,4.4056,3.8865,3.3517,2.8169,2.2822,1.7476,1.2132,1.9697,2.2398,2.4302,2.5442,2.6273,2.6629,2.698,2.7306,2.7632,2.7955,2.8278,2.8601,2.8923,2.9246
2.9949,3.1049,3.2326,3.3853,3.5416,3.7097,3.8779,4.0475,4.2172,4.3905,4.5647,4.7636,4.9807,5.1338,5.2254,1.476,1.9575,2.1688,2.195,2.2212,2.2472,2.2732,2.2991,2.325,2.351
3.151,3.1027,3.0467,2.9797,2.9111,2.8374,2.7636,2.6891,2.6147,2.5387,2.4622,1.5922,0.8844,0.8172,0.7771,0.7477,0.7352,0.7228,0.7113,0.6998,0.6884,0.677,0.6656,0.6543,0.6429
1.2682,1.3148,1.3688,1.4335,1.4997,1.5709,1.6421,1.7139,1.7858,1.8591,1.9329,2.0124,0.4931,0.8272,0.866,0.8943,0.9065,0.9184,0.9295,0.9406,0.9516,0.9626,0.9736,0.9845,0.9955
5.9689,5.8774,5.7713,5.6444,5.5145,5.3748,5.235,5.094,4.953,4.809,4.6642,4.4989,4.3184,4.1912,0.9433,1.4164,1.3926,1.3692,1.3474,1.3256,1.3041,1.2825,1.2609,1.2394,1.2178
6.3891,5.8661,5.3439,6.1444,5.8785,5.5924,5.3062,5.0176,4.7289,4.4341,4.1376,3.7993,3.4298,3.1693,3.0135,2.8997,2.851,2.803,2.7585,2.7139,2.6697,2.6255,2.5814,2.5373,2.4932
1.4464,1.4995,1.5612,1.6349,1.7104,1.7916,1.8728,1.9547,2.0367,2.1204,2.2045,2.3006,2.4054,0.6363,0.9877,1.02,1.0338,1.0474,1.0601,1.0727,1.0853,1.0978,1.1103,1.1229,1.1354
2.912,2.8674,2.8156,2.7537,2.6904,2.6222,2.554,2.4852,2.4164,2.3462,2.2755,2.1949,2.1068,0.7553,0.7181,0.691,0.6794,0.668,0.6574,0.6467,0.6362,0.6257,0.6152,0.6046,0.5941
1.912,1.9822,2.0637,2.1612,2.261,2.3683,2.4757,2.584,2.6923,2.1217,1.4728,0.8259,1.1495,1.2472,1.3057,1.3483,1.3666,1.3846,1.4013,1.4181,1.4347,1.4512,1.4678,1.4843,1.5009
8.2125,8.2125,8.2125,8.2125,8.2125,8.2125,8.2125,8.2125,8.2125,8.2125,8.2125,8.2125,8.2125,8.2125,8.2125,8.2125,8.2125,8.2125,8.2125,8.2125,8.2125,8.2125,8.2125,8.2125,8.2125
3.9937,3.9326,3.8615,3.7766,3.6897,3.5962,3.5027,3.4084,3.1086,2.3805,1.6525,0.9266,1.1209,1.0358,0.9849,0.9477,0.9318,0.9161,0.9015,0.887,0.8725,0.8581,0.8437,0.8293,0.8148
1.2,1.2441,1.2953,1.3565,1.4191,1.4865,1.5539,1.6218,1.6898,1.7592,1.8291,1.9087,1.9958,0.7828,0.8195,0.8463,0.8578,0.8691,0.8795,0.89,0.9005,0.9109,0.9212,0.9316,0.942
3.8157,3.7573,3.6894,3.6083,3.5253,3.4359,3.3466,3.2564,3.1663,3.0742,2.9817,2.876,2.7606,2.6793,0.941,0.9055,0.8903,0.8753,0.8614,0.8474,0.8336,0.8199,0.8061,0.7923,0.7785
6.2385,5.7278,5.2179,4.709,4.2003,3.6922,3.1841,2.6761,2.1681,4.3282,4.9513,5.6625,6.4391,6.9865,7.3141,7.5532,7.6555,7.7564,7.8501,7.9438,8.0366,8.1295,8.2222,8.315,8.3806
2.0367,2.1115,2.1984,2.3022,2.4085,2.5228,2.6372,2.7526,2.8679,2.9858,3.1043,3.2395,3.3872,3.4913,0.9583,1.4363,1.4558,1.475,1.4928,1.5106,1.5282,1.5459,1.5635,1.5812,1.5988
2.933,2.888,2.8359,2.7735,2.7097,2.641,2.5723,2.5031,2.4338,2.363,2.2919,2.2106,0.707,0.7607,0.7233,0.696,0.6843,0.6728,0.6621,0.6514,0.6408,0.6302,0.6196,0.609,0.5984
1.3989,1.4503,1.51,1.5813,1.6543,1.7328,1.8114,1.8906,1.9699,2.0508,2.1322,1.2445,0.841,0.9125,0.9553,0.9865,0.9999,1.0131,1.0253,1.0376,1.0497,1.0618,1.0739,1.086,1.0982
8.5556,8.5556,8.5556,8.5556,8.5556,8.5556,8.5556,8.5556,8.4156,8.1709,7.9248,7.6441,7.3374,7.1212,6.9919,6.8975,1.8636,2.3264,2.2894,2.2524,2.2157,2.1791,2.1424,2.1058,2.0692
6.5462,6.3284,5.765,5.2028,4.6407,4.0794,3.518,2.9567,2.3954,1.8344,2.2165,2.0353,1.8374,1.6978,1.6143,1.5534,1.5273,1.5016,1.4777,1.4539,1.4302,1.4065,1.3829,1.3592,1.3356
1.2872,1.3345,1.3894,1.455,1.5222,1.5944,1.6667,1.7396,1.8125,1.887,1.9619,2.0474,2.1407,0.7171,0.879,0.9078,0.9201,0.9322,0.9434,0.9547,0.9659,0.977,0.9882,0.9993,1.0104
3.0766,3.0295,2.9748,2.9094,2.8424,2.7704,2.6983,2.6257,2.553,2.4788,2.4041,2.3189,2.2259,0.7319,0.7587,0.7301,0.7178,0.7057,0.6945,0.6833,0.6722,0.661,0.6499,0.6388,0.6277
2.6844,2.783,2.8975,3.0343,3.1744,3.3252,3.4759,2.9667,2.4035,1.8406,1.2777,1.4192,1.6139,1.7511,1.8332,1.8931,1.9187,1.944,1.9675,1.991,2.0143,2.0375,2.0608,2.084,2.1073
4.3429,4.5024,4.6876,4.909,5.1356,5.3795,5.6234,5.8694,6.1154,6.3666,6.6193,6.9077,7.2226,7.4446,7.5774,7.6743,7.7158,2.3864,2.9153,3.221,3.2587,3.2963,3.334,3.3716,3.4092
3.3666,3.3151,3.2552,3.1836,3.1104,3.0315,2.9527,2.8732,2.7937,2.7124,2.1874,1.2266,0.9449,0.8732,0.8302,0.7989,0.7855,0.7723,0.76,0.7477,0.7355,0.7234,0.7112,0.699,0.6869
1.2191,1.2639,1.3158,1.378,1.4416,1.5101,1.5785,1.6476,1.7166,1.7872,1.8581,1.939,0.7348,0.7952,0.8325,0.8597,0.8714,0.8828,0.8935,0.9042,0.9147,0.9253,0.9359,0.9464,0.957
4.8213,4.7474,4.6617,4.5592,4.4543,4.3414,4.2285,4.1146,4.0008,3.8844,3.7674,3.6339,3.4882,3.3854,0.9571,1.1441,1.1249,1.1059,1.0884,1.0708,1.0533,1.0359,1.0185,1.0011,0.9837
8.9775,8.9775,8.9775,8.9775,8.9775,8.9775,8.9775,8.9775,8.9775,8.9775,8.9775,8.5751,7.7411,7.1533,6.8015,6.5448,6.4349,6.3266,6.226,6.1254,6.0256,5.926,5.8263,5.7268,5.6272
1.5979,1.6566,1.7248,1.8062,1.8896,1.9793,2.0691,2.1596,2.2501,2.3426,2.4355,2.5416,2.6575,2.7392,1.0912,1.1269,1.1422,1.1572,1.1712,1.1852,1.199,1.2129,1.2267,1.2405,1.2544
2.8682,2.8242,2.7732,2.7122,2.6498,2.5827,2.5155,2.4478,2.38,2.3108,2.2412,2.1618,2.0751,0.7439,0.7073,0.6806,0.6692,0.6579,0.6475,0.637,0.6266,0.6163,0.6059,0.5955,0.5852
1.6469,1.7074,1.7776,1.8616,1.9475,2.04,2.1325,2.2258,2.319,2.392,1.6605,0.9311,0.9901,1.0743,1.1247,1.1614,1.1772,1.1927,1.2071,1.2215,1.2358,1.25,1.2643,1.2786,1.2928
9.1787,9.1787,9.1787,9.1787,9.1787,9.1787,9.1787,9.1787,9.1787,9.1787,9.1787,9.1787,9.1787,9.1787,9.1787,9.1787,9.1787,9.1787,9.1787,9.1787,9.1787,9.1787,9.1787,5.3501,5.8591
4.6112,4.5406,4.4586,4.3606,4.2602,4.1522,4.0258,3.3835,2.7412,2.0991,1.4572,1.4337,1.2943,1.196,1.1372,1.0942,1.0759,1.0578,1.0409,1.0241,1.0074,0.9908,0.9741,0.9575,0.9408
1.2102,1.2546,1.3062,1.3679,1.4311,1.499,1.567,1.6356,1.7041,1.7741,1.8445,1.9249,2.0126,0.7894,0.8264,0.8534,0.865,0.8764,0.887,0.8976,0.9081,0.9186,0.929,0.9395,0.95
3.4327,3.3801,3.3191,3.2461,3.1714,3.091,3.0106,2.9296,2.8485,2.7656,2.6824,2.5873,2.4835,0.5863,0.8465,0.8146,0.8009,0.7874,0.7749,0.7624,0.75,0.7376,0.7252,0.7128,0.7004
4.9066,5.0868,5.296,4.8061,4.2869,3.7684,3.2498,2.7313,2.2128,1.6945,1.2262,2.594,2.9498,3.2006,3.3507,3.4602,3.5071,3.5533,3.5962,3.6391,3.6817,3.7242,3.7667,3.8092,3.8516
2.5112,2.6035,2.7105,2.8386,2.9696,3.1106,3.2516,3.3939,3.5361,3.6814,3.8275,3.9943,4.1764,4.3047,4.3815,1.4486,1.7949,1.8186,1.8406,1.8625,1.8843,1.9061,1.9278,1.9496,1.9713
3.0308,2.9843,2.9304,2.866,2.8001,2.7291,2.6581,2.5865,2.5149,2.4418,2.3683,1.9538,0.5822,0.7861,0.7474,0.7192,0.7071,0.6952,0.6842,0.6731,0.6621,0.6512,0.6402,0.6293,0.6184
1.3009,1.3487,1.4041,1.4704,1.5383,1.6114,1.6844,1.7581,1.8318,1.9071,1.9828,1.6111,0.5058,0.8486,0.8884,0.9174,0.9298,0.9421,0.9534,0.9648,0.9761,0.9874,0.9987,1.0099,1.0212
7.0048,6.8975,6.773,6.624,6.4716,6.3076,6.1436,5.9781,5.8126,5.6436,5.4737,5.2797,5.0679,4.9186,4.8293,1.3955,1.6343,1.6068,1.5813,1.5557,1.5304,1.5051,1.4798,1.4545,1.4292
6.5016,5.9694,5.438,4.9076,4.3775,3.8479,3.3184,3.7294,3.5149,3.2958,3.0754,2.8239,2.5493,2.3557,2.2398,2.1553,2.1191,2.0834,2.0503,2.0172,1.9843,1.9515,1.9187,1.8859,1.8531
1.3663,1.4165,1.4748,1.5444,1.6157,1.6925,1.7692,1.8466,1.924,2.003,2.0825,2.1732,2.2723,0.6011,0.9331,0.9636,0.9766,0.9895,1.0014,1.0134,1.0252,1.0371,1.0489,1.0607,1.0726
2.9409,2.8959,2.8436,2.781,2.7171,2.6482,2.5793,2.5099,2.4404,2.3694,2.2981,2.2166,2.1277,0.7628,0.7252,0.6979,0.6862,0.6746,0.6639,0.6532,0.6425,0.6319,0.6213,0.6106,0.6
2.125,2.2031,2.2937,2.402,2.5129,2.6322,2.7516,2.8719,2.59,1.9834,1.3768,0.7721,1.2776,1.3862,1.4512,1.4986,1.5189,1.5389,1.5575,1.5761,1.5945,1.6129,1.6313,1.6497,1.6681
8.2253,8.5275,8.8781,9.2974,9.7267,9.8997,9.8997,9.8997,9.8997,9.8997,9.8997,9.8997,9.8997,9.8997,9.8997,9.8997,9.8997,9.8997,9.8997,9.8997,9.8997,9.8997,4.8699,5.3819,5.8938
3.689,3.6325,3.5669,3.4885,3.4082,3.3218,3.2354,3.1483,3.0611,2.5978,1.8033,1.0112,1.0354,0.9568,0.9097,0.8754,0.8607,0.8462,0.8327,0.8193,0.806,0.7926,0.7793,0.766,0.7527
1.1945,1.2383,1.2893,1.3502,1.4125,1.4796,1.5466,1.6143,1.6819,1.7511,1.8206,1.8999,1.9865,0.7792,0.8157,0.8423,0.8538,0.865,0.8755,0.8859,0.8963,0.9066,0.917,0.9273,0.9376
4.1021,4.0393,3.9664,3.8791,3.7899,3.6938,3.5978,3.5009,3.404,3.305,3.2055,3.0919,2.9678,2.8804,1.0116,0.9734,0.9571,0.941,0.926,0.911,0.8962,0.8814,0.8666,0.8518,0.8369
6.165,5.6604,5.1565,4.6536,4.1508,3.6487,3.1466,10.0,10.0,10.0,10.0,10.0,10.0,10.0,10.0,10.0,10.0,10.0,10.0,10.0,10.0,10.0,10.0,10.0,10.0
1.8241,1.8911,1.9689,2.0618,2.157,2.2595,2.3619,2.4652,2.5685,2.6741,2.7802,2.9013,3.0336,3.1268,1.0121,1.2864,1.3038,1.321,1.3369,1.3529,1.3687,1.3845,1.4003,1.4161,1.4319
2.8774,2.8333,2.7822,2.721,2.6584,2.591,2.5236,2.4557,2.3877,2.3183,2.2485,2.1688,1.1938,0.7463,0.7096,0.6828,0.6713,0.66,0.6495,0.6391,0.6286,0.6182,0.6079,0.5975,0.5871
1.4688,1.5227,1.5854,1.6602,1.7369,1.8194,1.9018,1.985,2.0682,2.1532,1.946,1.0913,0.883,0.9581,1.003,1.0358,1.0498,1.0637,1.0765,1.0894,1.1021,1.1148,1.1276,1.1403,1.153
10.0,10.0,10.0,10.0,10.0,10.0,10.0,10.0,10.0,10.0,10.0,10.0,10.0,9.8725,9.6932,9.5623,9.5063,2.3314,2.8481,3.1226,3.0717,3.0209,2.9701,2.9194,2.8686
5.5836,5.4981,5.3988,5.2801,4.825,4.2413,3.6577,3.0741,2.4905,1.9072,1.3961,1.736,1.5672,1.4482,1.377,1.325,1.3027,1.2808,1.2604,1.2401,1.2199,1.1997,1.1795,1.1594,1.1392
1.2437,1.2893,1.3424,1.4058,1.4707,1.5405,1.6103,1.6808,1.7512,1.8232,1.8956,1.9781,2.0683,0.8112,0.8493,0.877,0.8889,0.9006,0.9115,0.9224,0.9332,0.944,0.9547,0.9655,0.9763
3.1704,3.1219,3.0655,2.9981,2.9291,2.8549,2.7806,2.7057,2.6309,2.5544,2.4774,2.3897,2.2938,0.6007,0.7819,0.7523,0.7397,0.7273,0.7157,0.7041,0.6927,0.6812,0.6698,0.6583,0.6469
3.2123,3.3304,3.4673,3.6311,3.7987,3.922,3.3823,2.8426,2.303,1.7636,1.2242,1.6983,1.9312,2.0954,2.1937,2.2654,2.2961,2.3263,2.3544,2.3825,2.4104,2.4382,2.466,2.4939,2.5217
3.3619,3.4855,3.6288,3.8002,3.9756,4.1644,4.3532,4.5436,4.7341,4.9286,5.1242,5.3474,5.5912,5.763,5.8659,5.9409,1.8985,2.4347,2.4641,2.4935,2.5226,2.5518,2.5809,2.61,2.6391
3.1969,3.1479,3.0911,3.0231,2.9536,2.8787,2.8038,2.7283,2.6528,2.5757,2.4981,1.4152,0.8973,0.8292,0.7884,0.7586,0.7459,0.7333,0.7217,0.71,0.6984,0.6869,0.6753,0.6638,0.6523
1.2363,1.2817,1.3345,1.3975,1.462,1.5314,1.6008,1.6709,1.7409,1.8124,1.8844,1.9665,0.5139,0.8065,0.8443,0.8719,0.8837,0.8953,0.9061,0.917,0.9277,0.9384,0.9491,0.9598,0.9705
5.4171,5.3341,5.2378,5.1226,5.0048,4.8779,4.751,4.6231,4.4951,4.3644,4.233,4.083,3.9192,3.8038,0.8998,1.2855,1.2639,1.2426,1.2229,1.2031,1.1835,1.1639,1.1444,1.1248,1.1052
8.5568,8.3215,8.0485,7.722,7.3878,7.0282,6.6686,6.3058,5.9431,5.5725,5.1999,4.7747,4.3104,3.9831,3.7872,3.6442,3.583,3.5227,3.4667,3.4107,3.3552,3.2997,3.2442,3.1887,3.1333
1.4856,1.5402,1.6035,1.6793,1.7568,1.8402,1.9236,2.0078,2.0919,2.1779,2.2643,2.363,2.4707,2.5466,1.0145,1.0477,1.0619,1.0759,1.0889,1.1018,1.1147,1.1276,1.1405,1.1533,1.1662
2.8663,2.8224,2.7714,2.7105,2.6481,2.581,2.5139,2.4462,2.3785,2.3093,2.2398,2.1604,2.0738,0.7434,0.7069,0.6802,0.6688,0.6575,0.647,0.6366,0.6262,0.6159,0.6055,0.5952,0.5848
1.7836,1.8491,1.9252,2.0161,2.1092,2.2093,2.3095,2.4105,2.5115,2.1952,1.5239,0.8545,1.0723,1.1635,1.218,1.2578,1.2749,1.2917,1.3073,1.3229,1.3383,1.3538,1.3692,1.3847,1.4001
10.0,10.0,10.0,10.0,10.0,10.0,10.0,10.0,10.0,10.0,10.0,10.0,10.0,10.0,10.0,10.0,10.0,10.0,10.0,10.0,10.0,10.0,10.0,10.0,10.0
4.1673,4.1034,4.0294,3.9408,3.8501,3.7525,3.6549,3.5565,2.9285,2.2426,1.5567,0.9266,1.1697,1.0808,1.0277,0.9889,0.9723,0.9559,0.9407,0.9255,0.9104,0.8954,0.8803,0.8653,0.8502
1.1921,1.2359,1.2868,1.3475,1.4097,1.4767,1.5436,1.6112,1.6787,1.7477,1.817,1.8962,1.9826,0.7776,0.8141,0.8407,0.8521,0.8633,0.8738,0.8842,0.8945,0.9049,0.9152,0.9255,0.9358
3.6245,3.569,3.5045,3.4275,3.3486,3.2637,3.1788,3.0932,3.0076,2.9202,2.8322,2.7319,2.6223,2.545,0.8938,0.8601,0.8456,0.8314,0.8182,0.805,0.7919,0.7788,0.7657,0.7526,0.7395
6.2261,5.7165,5.2076,4.6997,4.192,3.6849,3.1778,2.6708,2.1638,1.657,3.3795,3.8649,4.395,4.7686,4.9922,5.1554,5.2252,5.294,5.358,5.4219,5.4853,5.5487,5.612,5.6753,5.7386
2.1737,2.2536,2.3462,2.457,2.5705,2.6925,2.8146,2.9377,3.0609,3.1866,3.3131,3.4574,3.6151,3.7262,1.0228,1.5139,1.5537,1.5742,1.5932,1.6122,1.631,1.6499,1.6687,1.6875,1.7064
2.9411,2.896,2.8437,2.7812,2.7172,2.6483,2.5795,2.51,2.4405,2.3695,2.2982,2.2168,0.565,0.7628,0.7253,0.6979,0.6862,0.6746,0.6639,0.6532,0.6426,0.6319,0.6213,0.6107,0.6001
1.3469,1.3964,1.4538,1.5225,1.5928,1.6684,1.744,1.8203,1.8966,1.9746,2.0529,1.3497,0.8098,0.8786,0.9198,0.9499,0.9627,0.9754,0.9872,0.999,1.0107,1.0223,1.034,1.0457,1.0573
8.5806,8.4492,8.2966,8.1142,7.9275,7.7266,7.5256,7.3229,7.1203,6.9132,6.705,6.4674,6.208,6.0251,5.9157,1.3433,1.878,1.9683,1.937,1.9057,1.8747,1.8436,1.8127,1.7817,1.7507
6.6746,6.1283,5.5827,5.0382,4.4939,3.9503,3.4067,2.8632,2.3196,2.6334,2.4573,2.2563,2.0369,1.8822,1.7897,1.7221,1.6932,1.6647,1.6382,1.6118,1.5855,1.5593,1.5331,1.5069,1.4807
1.3039,1.3518,1.4074,1.4739,1.5419,1.6151,1.6884,1.7622,1.8361,1.9115,1.9874,2.074,2.1685,0.6299,0.8904,0.9195,0.932,0.9443,0.9557,0.9671,0.9784,0.9897,1.001,1.0123,1.0236
2.9952,2.9493,2.8961,2.8324,2.7672,2.6971,2.6269,2.5562,2.4854,2.4132,2.3405,2.2576,2.167,0.7768,0.7386,0.7108,0.6988,0.6871,0.6761,0.6652,0.6544,0.6436,0.6327,0.6219,0.6111
2.4169,2.5057,2.6088,2.732,2.8581,2.9938,3.1295,3.0222,2.4484,1.875,1.3015,0.7645,1.453,1.5766,1.6505,1.7044,1.7275,1.7503,1.7714,1.7926,1.8135,1.8345,1.8554,1.8764,1.8973
5.2471,5.4398,5.6635,5.931,6.2048,6.4995,6.7941,7.0913,7.3885,7.6922,7.9975,8.3458,8.7263,8.9945,9.155,9.2721,9.3222,9.3716,2.8525,3.3699,3.8874,3.9826,4.0281,4.0735,4.1189
3.4507,3.3978,3.3365,3.2631,3.188,3.1072,3.0264,2.9449,2.8634,2.7801,2.0045,1.124,0.9685,0.895,0.851,0.8188,0.8051,0.7915,0.779,0.7664,0.7539,0.7414,0.729,0.7165,0.704
1.1985,1.2425,1.2936,1.3547,1.4173,1.4846,1.5519,1.6198,1.6877,1.757,1.8267,1.9063,0.9905,0.7818,0.8185,0.8452,0.8567,0.8679,0.8784,0.8889,0.8993,0.9097,0.9201,0.9305,0.9408
4.4781,4.4095,4.3299,4.2347,4.1372,4.0324,3.9275,3.8217,3.716,3.6079,3.4993,3.3753,3.2399,3.1444,0.9877,1.0627,1.0448,1.0272,1.0109,0.9946,0.9784,0.9622,0.946,0.9298,0.9137
10.0,10.0,10.0,10.0,10.0,10.0,10.0,10.0,10.0,10.0,10.0,10.0,10.0,10.0,10.0,10.0,10.0,10.0,10.0,10.0,10.0,10.0,10.0,10.0,10.0
1.6621,1.7232,1.794,1.8788,1.9655,2.0589,2.1522,2.2463,2.3405,2.4367,2.5334,2.6437,2.7643,2.8492,1.0886,1.1722,1.188,1.2037,1.2182,1.2328,1.2472,1.2616,1.276,1.2904,1.3048
2.846,2.8024,2.7518,2.6913,2.6293,2.5627,2.4961,2.4288,2.3616,2.2929,2.2239,2.1451,2.059,0.7381,0.7018,0.6753,0.664,0.6528,0.6425,0.6321,0.6218,0.6115,0.6012,0.5909,0.5807
1.5601,1.6174,1.6839,1.7634,1.8449,1.9325,2.0201,2.1084,2.1968,2.2871,1.7432,0.9775,0.9379,1.0177,1.0654,1.1002,1.1151,1.1298,1.1434,1.1571,1.1706,1.1841,1.1977,1.2112,1.2247
10.0,10.0,10.0,10.0,10.0,10.0,10.0,10.0,10.0,10.0,10.0,10.0,10.0,10.0,10.0,10.0,10.0,10.0,10.0,3.3039,3.8112,4.3186,4.8259,4.8534,4.769
4.8957,4.8207,4.7337,4.6296,4.5231,4.4084,3.8429,3.2297,2.6166,2.0037,1.3909,1.5221,1.3741,1.2698,1.2073,1.1617,1.1422,1.123,1.1052,1.0873,1.0696,1.0519,1.0342,1.0165,0.9989
1.212,1.2565,1.3082,1.37,1.4333,1.5013,1.5694,1.638,1.7067,1.7768,1.8473,1.9278,2.0157,0.7906,0.8277,0.8547,0.8663,0.8777,0.8883,0.8989,0.9094,0.9199,0.9304,0.9409,0.9514
3.2987,3.2482,3.1895,3.1194,3.0476,2.9704,2.8931,2.8152,2.7373,2.6577,2.5777,2.4863,2.3866,0.5634,0.8135,0.7828,0.7696,0.7567,0.7447,0.7326,0.7207,0.7088,0.6969,0.6849,0.673
4.0496,4.1984,4.371,4.5774,4.3142,3.7923,3.2705,2.7487,2.2269,1.7053,1.1838,2.141,2.4346,2.6416,2.7654,2.8558,2.8945,2.9326,2.9681,3.0035,3.0386,3.0737,3.1088,3.1438,3.1789
2.7555,2.8567,2.9742,3.1146,3.2584,3.4132,3.5679,3.724,3.8801,4.0395,4.1998,4.3828,4.5826,4.7234,4.8077,1.4005,1.9579,1.9955,2.0196,2.0437,2.0676,2.0915,2.1153,2.1392,2.163
3.0655,3.0186,2.9641,2.8989,2.8322,2.7604,2.6886,2.6162,2.5438,2.4698,2.3954,1.6915,0.5889,0.7951,0.756,0.7274,0.7152,0.7032,0.692,0.6808,0.6697,0.6587,0.6476,0.6365,0.6255
1.2646,1.3111,1.365,1.4294,1.4954,1.5664,1.6375,1.7091,1.7807,1.8539,1.9275,1.8154,0.4917,0.8249,0.8636,0.8918,0.9039,0.9158,0.9269,0.9379,0.9489,0.9599,0.9708,0.9818,0.9927
6.2472,6.1514,6.0404,5.9076,5.7716,5.6253,5.4791,5.3315,5.1839,5.0332,4.8816,4.7086,4.5197,4.3866,4.3069,1.4192,1.4575,1.433,1.4102,1.3874,1.3649,1.3423,1.3197,1.2972,1.2746
6.353,5.8329,5.3136,4.7954,4.2774,4.8824,4.6325,4.3806,4.1286,3.8711,3.6123,3.3169,2.9943,2.767,2.6309,2.5316,2.4891,2.4472,2.4083,2.3693,2.3308,2.2922,2.2537,2.2152,2.1766
1.3977,1.449,1.5086,1.5799,1.6528,1.7313,1.8098,1.8889,1.9681,2.049,2.1303,2.2231,2.3244,0.6149,0.9545,0.9857,0.999,1.0122,1.0244,1.0366,1.0487,1.0609,1.073,1.0851,1.0972
2.8877,2.8435,2.7922,2.7308,2.6679,2.6003,2.5327,2.4645,2.3963,2.3266,2.2565,2.1766,2.0892,0.749,0.7121,0.6853,0.6737,0.6624,0.6519,0.6413,0.6309,0.6205,0.61,0.5996,0.5892
1.964,2.0362,2.1199,2.22,2.3225,2.4328,2.5431,2.6544,2.6667,2.0421,1.4176,0.7949,1.1808,1.2811,1.3412,1.3851,1.4038,1.4223,1.4395,1.4567,1.4737,1.4907,1.5077,1.5247,1.5418
10.0,10.0,10.0,10.0,10.0,10.0,10.0,10.0,10.0,10.0,10.0,10.0,10.0,10.0,10.0,10.0,10.0,10.0,10.0,10.0,10.0,10.0,10.0,10.0,10.0
3.8262,3.7676,3.6996,3.6182,3.535,3.4454,3.3558,3.2654,3.1728,2.4297,1.6866,0.9458,1.0739,0.9924,0.9436,0.908,0.8927,0.8777,0.8637,0.8498,0.8359,0.8221,0.8083,0.7945,0.7807
1.1838,1.2273,1.2778,1.3382,1.3999,1.4664,1.5329,1.5999,1.667,1.7355,1.8044,1.883,1.9688,0.7722,0.8084,0.8349,0.8462,0.8573,0.8677,0.878,0.8883,0.8986,0.9088,0.9191,0.9293
3.8742,3.8148,3.7459,3.6636,3.5793,3.4886,3.3978,3.3063,3.2148,3.1213,3.0273,2.9201,2.8029,2.7203,0.9554,0.9193,0.9039,0.8887,0.8746,0.8604,0.8464,0.8324,0.8184,0.8044,0.7904
6.1383,5.6359,5.1341,4.6334,4.1329,3.6329,3.133,2.6331,2.1333,5.9384,6.7935,7.7692,8.8348,9.5858,10.0,10.0,10.0,10.0,10.0,10.0,10.0,10.0,10.0,10.0,10.0
1.9277,1.9985,2.0807,2.179,2.2796,2.3878,2.4961,2.6053,2.7145,2.826,2.9382,3.0662,3.206,3.3045,0.9637,1.3595,1.3779,1.396,1.4129,1.4298,1.4465,1.4632,1.4799,1.4966,1.5133
2.8783,2.8342,2.783,2.7218,2.6592,2.5918,2.5244,2.4564,2.3884,2.319,2.2491,2.1694,0.8273,0.7465,0.7098,0.683,0.6715,0.6602,0.6497,0.6392,0.6288,0.6184,0.608,0.5976,0.5872
1.4085,1.4603,1.5203,1.5921,1.6656,1.7447,1.8238,1.9036,1.9834,2.0649,2.0827,1.1679,0.8468,0.9188,0.9619,0.9933,1.0068,1.02,1.0324,1.0447,1.0569,1.0691,1.0813,1.0935,1.1057
10.0,10.0,10.0,10.0,10.0,10.0,9.838,9.573,9.3081,9.0374,8.7652,8.4547,8.1155,7.8764,7.7333,7.6289,1.8239,2.3432,2.5322,2.4912,2.4507,2.4101,2.3696,2.3291,2.2886
6.0742,5.9811,5.7845,5.2203,4.6564,4.0931,3.5299,2.9667,2.4035,1.8405,2.0567,1.8885,1.7049,1.5754,1.4979,1.4414,1.4172,1.3933,1.3712,1.349,1.3271,1.3051,1.2832,1.2612,1.2393
1.2561,1.3023,1.3558,1.4199,1.4854,1.556,1.6265,1.6976,1.7688,1.8415,1.9146,1.998,2.0891,0.7703,0.8578,0.8858,0.8978,0.9097,0.9207,0.9316,0.9425,0.9534,0.9643,0.9752,0.9861
3.0773,3.0301,2.9754,2.91,2.843,2.771,2.6989,2.6262,2.5535,2.4793,2.4046,2.3194,2.2264,0.6682,0.7589,0.7302,0.718,0.7059,0.6947,0.6834,0.6723,0.6612,0.6501,0.639,0.6278
2.8321,2.9362,3.0569,3.2013,3.3491,3.5081,3.4341,2.8862,2.3383,1.7906,1.243,1.4973,1.7027,1.8474,1.934,1.9973,2.0243,2.051,2.0758,2.1005,2.1251,2.1496,2.1742,2.1987,2.2232
3.8661,4.0081,4.173,4.37,4.5718,4.7889,5.006,5.225,5.444,5.6677,5.8926,6.1493,6.4296,6.6272,6.7455,6.8318,1.9423,2.38,2.8336,2.8674,2.9009,2.9344,2.9679,3.0014,3.0349
3.2642,3.2142,3.1562,3.0868,3.0157,2.9393,2.8629,2.7858,2.7087,2.6299,2.2793,1.2782,0.9162,0.8466,0.805,0.7746,0.7616,0.7488,0.7369,0.725,0.7131,0.7014,0.6896,0.6778,0.666
1.2124,1.2569,1.3086,1.3704,1.4337,1.5018,1.5699,1.6386,1.7072,1.7774,1.8479,1.9284,0.6247,0.7909,0.8279,0.855,0.8666,0.878,0.8886,0.8992,0.9097,0.9202,0.9307,0.9412,0.9517
4.9783,4.902,4.8135,4.7077,4.5993,4.4828,4.3662,4.2486,4.131,4.0109,3.8901,3.7523,3.6017,3.4956,0.9245,1.1813,1.1615,1.142,1.1238,1.1056,1.0876,1.0696,1.0517,1.0337,1.0157
10.0,10.0,10.0,10.0,10.0,9.5841,9.0937,8.599,8.1044,7.599,7.0909,6.5111,5.8779,5.4315,5.1644,4.9695,4.886,4.8038,4.7274,4.651,4.5753,4.4996,4.424,4.3483,4.2727
1.5369,1.5933,1.6589,1.7372,1.8174,1.9037,1.99,2.0771,2.1641,2.253,2.3425,2.4445,2.5559,2.6345,1.0495,1.0838,1.0985,1.113,1.1264,1.1399,1.1532,1.1665,1.1798,1.1931,1.2064
2.8375,2.794,2.7436,2.6833,2.6215,2.5551,2.4886,2.4216,2.3546,2.2861,2.2173,2.1387,2.0529,0.7359,0.6997,0.6733,0.662,0.6509,0.6405,0.6302,0.6199,0.6097,0.5994,0.5892,0.5789
1.6788,1.7405,1.812,1.8976,1.9852,2.0795,2.1738,2.2689,2.364,2.2891,1.589,0.8911,1.0093,1.0951,1.1464,1.1839,1.2,1.2158,1.2304,1.2451,1.2597,1.2742,1.2888,1.3033,1.3179
10.0,10.0,10.0,10.0,10.0,10.0,10.0,10.0,10.0,10.0,10.0,10.0,10.0,10.0,10.0,10.0,10.0,10.0,10.0,10.0,10.0,10.0,10.0,10.0,10.0
4.3862,4.319,4.241,4.1477,4.0523,3.9496,3.8469,3.4325,2.7809,2.1295,1.4783,1.3637,1.2311,1.1376,1.0817,1.0408,1.0233,1.0061,0.9901,0.9741,0.9583,0.9424,0.9266,0.9107,0.8949
1.191,1.2348,1.2856,1.3463,1.4084,1.4753,1.5422,1.6097,1.6771,1.7461,1.8154,1.8944,1.9808,0.7769,0.8134,0.8399,0.8513,0.8625,0.873,0.8834,0.8937,0.904,0.9143,0.9246,0.935
3.468,3.4149,3.3532,3.2795,3.204,3.1228,3.0416,2.9597,2.8778,2.7941,2.7099,2.6139,2.5091,0.5923,0.8552,0.823,0.8091,0.7955,0.7829,0.7702,0.7577,0.7451,0.7326,0.7201,0.7076
5.5528,5.738,5.2272,4.7174,4.2078,3.6988,3.1898,2.6809,2.1719,1.6632,2.567,2.9357,3.3383,3.6221,3.792,3.9159,3.969,4.0213,4.0698,4.1184,4.1665,4.2147,4.2628,4.3109,4.3589
2.3475,2.4337,2.5338,2.6535,2.776,2.9078,3.0396,3.1726,3.3056,3.4414,3.578,3.7339,3.9041,4.0241,4.0959,1.4582,1.6779,1.7,1.7206,1.7411,1.7615,1.7818,1.8021,1.8225,1.8428
2.9665,2.921,2.8683,2.8052,2.7407,2.6712,2.6017,2.5317,2.4616,2.39,2.318,2.1272,0.5699,0.7694,0.7315,0.7039,0.6921,0.6805,0.6696,0.6588,0.6481,0.6374,0.6267,0.616,0.6052
1.3051,1.3531,1.4087,1.4753,1.5434,1.6167,1.69,1.7639,1.8378,1.9133,1.9893,1.4858,0.5075,0.8514,0.8913,0.9204,0.9329,0.9452,0.9566,0.968,0.9793,0.9906,1.0019,1.0132,1.0245
7.4585,7.3443,7.2117,7.0531,6.8908,6.7161,6.5415,6.3653,6.1891,6.0092,5.8282,5.6217,5.3962,5.2372,5.1421,1.3618,1.7402,1.7109,1.6837,1.6565,1.6295,1.6025,1.5756,1.5487,1.5217
6.5033,5.9709,5.4393,4.9089,4.3786,3.8489,3.3193,2.7897,3.1768,2.9787,2.7795,2.5522,2.304,2.1291,2.0244,1.948,1.9152,1.883,1.8531,1.8231,1.7934,1.7638,1.7341,1.7045,1.6748
1.3291,1.3779,1.4345,1.5023,1.5717,1.6463,1.7209,1.7962,1.8715,1.9484,2.0257,2.114,2.2103,0.5847,0.9076,0.9373,0.95,0.9625,0.9741,0.9857,0.9973,1.0088,1.0203,1.0318,1.0433
2.9333,2.8884,2.8362,2.7739,2.71,2.6413,2.5726,2.5034,2.4341,2.3633,2.2921,2.2109,2.1222,0.7608,0.7234,0.6961,0.6844,0.6729,0.6622,0.6515,0.6409,0.6303,0.6197,0.6091,0.5985
2.2065,2.2876,2.3817,2.4942,2.6093,2.7332,2.8571,2.9821,2.5104,1.9224,1.3345,0.7483,1.3266,1.4393,1.5068,1.5561,1.5772,1.598,1.6173,1.6366,1.6557,1.6748,1.6939,1.713,1.7321
6.7001,6.9463,7.232,7.5735,7.9232,8.2994,8.6757,9.0552,9.4347,9.8224,10.0,10.0,10.0,10.0,10.0,10.0,10.0,10.0,10.0,10.0,3.8257,4.3349,4.8442,5.2016,5.2596
3.5612,3.5066,3.4433,3.3676,3.2901,3.2067,3.1233,3.0392,2.9551,2.6761,1.8576,1.0417,0.9995,0.9236,0.8782,0.8451,0.8309,0.8169,0.8039,0.7909,0.778,0.7652,0.7523,0.7394,0.7266
1.185,1.2286,1.2791,1.3395,1.4013,1.4679,1.5344,1.6015,1.6687,1.7372,1.8062,1.8849,1.544,0.773,0.8092,0.8357,0.847,0.8582,0.8685,0.8789,0.8892,0.8995,0.9097,0.92,0.9302
4.1991,4.1348,4.0601,3.9708,3.8795,3.7811,3.6828,3.5836,3.4844,3.3831,3.2812,3.165,3.038,2.9485,1.027,0.9964,0.9797,0.9632,0.9479,0.9326,0.9174,0.9022,0.8871,0.8719,0.8567
6.1005,5.6012,5.1025,4.6049,4.1074,3.6106,10.0,10.0,10.0,10.0,10.0,10.0,10.0,10.0,10.0,10.0,10.0,10.0,10.0,10.0,10.0,10.0,10.0,10.0,10.0
1.7431,1.8071,1.8814,1.9703,2.0612,2.1591,2.257,2.3557,2.4545,2.5553,2.6567,2.7725,2.8989,2.9879,1.0306,1.2292,1.2459,1.2623,1.2775,1.2928,1.3079,1.323,1.3381,1.3532,1.3683
2.8399,2.7964,2.7459,2.6856,2.6238,2.5573,2.4908,2.4237,2.3566,2.2881,2.2192,2.1405,1.6168,0.7366,0.7003,0.6739,0.6626,0.6514,0.6411,0.6307,0.6205,0.6102,0.5999,0.5897,0.5794
1.489,1.5438,1.6072,1.6831,1.7609,1.8445,1.9281,2.0124,2.0968,2.1829,1.847,1.0358,0.8952,0.9713,1.0169,1.0501,1.0643,1.0783,1.0914,1.1044,1.1173,1.1302,1.1431,1.156,1.1689
10.0,10.0,10.0,10.0,10.0,10.0,10.0,10.0,10.0,10.0,10.0,10.0,10.0,10.0,10.0,10.0,10.0,2.314,2.8036,3.3122,3.5899,3.5305,3.4711,3.4118,3.3525
5.2541,5.1736,5.0802,4.9685,4.8541,4.2833,3.6938,3.1045,2.5151,1.926,1.337,1.6336,1.4747,1.3627,1.2957,1.2468,1.2258,1.2052,1.1861,1.1669,1.1479,1.1289,1.1099,1.0909,1.072
1.2209,1.2657,1.3178,1.38,1.4437,1.5123,1.5808,1.65,1.7191,1.7898,1.8608,1.9419,2.0304,0.7964,0.8337,0.861,0.8726,0.8841,0.8948,0.9055,0.9161,0.9267,0.9372,0.9478,0.9584
3.1908,3.1419,3.0852,3.0173,2.9479,2.8732,2.7985,2.7231,2.6477,2.5707,2.4933,2.405,2.3085,0.5587,0.7869,0.7572,0.7444,0.7319,0.7203,0.7086,0.6971,0.6856,0.674,0.6625,0.651
3.4576,3.5846,3.732,3.9083,4.0887,3.8389,3.3106,2.7824,2.2542,1.7262,1.1983,1.828,2.0787,2.2554,2.3612,2.4383,2.4714,2.5039,2.5342,2.5644,2.5944,2.6244,2.6543,2.6843,2.7142
3.0759,3.1889,3.3201,3.4769,3.6374,3.8101,3.9829,4.1571,4.3313,4.5093,4.6883,4.8925,5.1155,5.2728,5.3668,5.4355,1.9047,2.2276,2.2545,2.2814,2.308,2.3347,2.3613,2.388,2.4146
3.1195,3.0717,3.0163,2.9499,2.8821,2.809,2.736,2.6623,2.5886,2.5133,2.4376,1.4966,0.8756,0.8091,0.7693,0.7403,0.7278,0.7156,0.7042,0.6928,0.6815,0.6703,0.659,0.6477,0.6365
1.2367,1.2822,1.3349,1.3979,1.4625,1.5319,1.6014,1.6714,1.7415,1.813,1.885,1.9671,0.4809,0.8067,0.8445,0.8721,0.884,0.8956,0.9064,0.9172,0.928,0.9387,0.9494,0.9601,0.9708
5.6596,5.5729,5.4722,5.3519,5.2288,5.0962,4.9637,4.83,4.6963,4.5598,4.4225,4.2658,4.0946,3.974,0.8945,1.343,1.3205,1.2982,1.2776,1.2569,1.2365,1.216,1.1956,1.1751,1.1547
6.2439,7.0705,6.8385,6.5611,6.2772,5.9716,5.666,5.3578,5.0496,4.7348,4.4182,4.0569,3.6624,3.3843,3.2178,3.0964,3.0444,2.9931,2.9455,2.8979,2.8508,2.8036,2.7565,2.7094,2.6622
1.4392,1.4921,1.5535,1.6269,1.702,1.7828,1.8636,1.9451,2.0266,2.1099,2.1937,2.2892,2.3936,2.4672,0.9829,1.015,1.0287,1.0423,1.0549,1.0675,1.0799,1.0924,1.1049,1.1173,1.1298
2.8517,2.808,2.7573,2.6967,2.6346,2.5679,2.5011,2.4337,2.3664,2.2976,2.2284,2.1494,2.0632,0.7396,0.7033,0.6767,0.6653,0.6541,0.6437,0.6333,0.623,0.6127,0.6024,0.5921,0.5818
1.8338,1.9012,1.9794,2.0729,2.1685,2.2715,2.3745,2.4784,2.5822,2.1175,1.4699,0.8243,1.1025,1.1962,1.2523,1.2932,1.3108,1.328,1.3441,1.3601,1.376,1.3919,1.4078,1.4237,1.4395
10.0,10.0,10.0,10.0,10.0,10.0,10.0,10.0,10.0,10.0,10.0,10.0,10.0,10.0,10.0,10.0,10.0,10.0,10.0,10.0,10.0,10.0,10.0,10.0,10.0
3.9994,3.9381,3.867,3.782,3.695,3.6013,3.5077,3.4132,2.9938,2.2926,1.5915,0.8924,1.1225,1.0373,0.9863,0.9491,0.9331,0.9174,0.9028,0.8882,0.8738,0.8593,0.8449,0.8304,0.816
1.1799,1.2233,1.2736,1.3337,1.3953,1.4615,1.5278,1.5946,1.6615,1.7297,1.7984,1.8767,1.9623,0.7697,0.8058,0.8321,0.8434,0.8545,0.8648,0.8751,0.8853,0.8956,0.9058,0.916,0.9262
3.6877,3.6312,3.5657,3.4873,3.407,3.3207,3.2343,3.1472,3.0601,2.9711,2.8816,2.7795,2.668,2.5894,0.9094,0.8751,0.8604,0.8459,0.8325,0.819,0.8057,0.7923,0.779,0.7657,0.7524
6.1462,5.6431,5.1407,4.6393,4.1381,3.6376,3.137,2.6365,2.136,1.7206,4.1488,4.7446,5.3954,5.8541,6.1286,6.3289,6.4146,6.4991,6.5776,6.6561,6.734,6.8118,6.8895,6.9672,7.0449
2.0576,2.1332,2.2209,2.3258,2.4332,2.5487,2.6643,2.7808,2.8974,3.0164,3.1361,3.2727,3.4219,3.5271,0.9681,1.451,1.4707,1.4901,1.5081,1.5261,1.5439,1.5618,1.5796,1.5974,1.6152
2.8955,2.8511,2.7996,2.7381,2.6751,2.6073,2.5395,2.4711,2.4027,2.3328,2.2626,2.1824,0.6341,0.751,0.714,0.6871,0.6756,0.6642,0.6536,0.6431,0.6326,0.6221,0.6117,0.6012,0.5908
1.3598,1.4098,1.4678,1.5371,1.608,1.6844,1.7608,1.8378,1.9148,1.9935,2.0726,1.2649,0.8175,0.887,0.9286,0.959,0.972,0.9848,0.9967,1.0086,1.0203,1.0321,1.0439,1.0557,1.0675
9.3573,9.2139,9.0476,8.8487,8.645,8.4259,8.2068,7.9858,7.7647,7.539,7.3119,7.0528,6.7699,6.5705,6.4511,1.3918,1.8437,2.1464,2.1123,2.0782,2.0443,2.0105,1.9767,1.9429,1.9092
6.7078,6.1668,5.6178,5.0699,4.5222,3.9752,3.4281,2.8812,2.3342,1.8399,2.2713,2.0855,1.8827,1.7397,1.6542,1.5918,1.565,1.5387,1.5142,1.4897,1.4655,1.4412,1.417,1.3928,1.3686
1.2763,1.3231,1.3776,1.4426,1.5092,1.5809,1.6526,1.7248,1.7971,1.871,1.9452,2.03,2.1225,0.6722,0.8715,0.9,0.9122,0.9242,0.9354,0.9466,0.9576,0.9687,0.9798,0.9908,1.0019
3.0049,2.9589,2.9055,2.8416,2.7762,2.7058,2.6355,2.5645,2.4935,2.421,2.3481,2.2649,2.174,0.7587,0.741,0.7131,0.7011,0.6893,0.6783,0.6674,0.6565,0.6456,0.6348,0.6239,0.6131
2.5424,2.6358,2.7442,2.8738,3.0064,3.1492,3.292,2.9484,2.3887,1.8292,1.2698,0.8042,1.5285,1.6584,1.7362,1.7929,1.8172,1.8411,1.8634,1.8856,1.9077,1.9297,1.9517,1.9737,1.9957
4.5869,4.7554,4.951,5.1848,5.4242,5.6817,5.9393,6.1991,6.459,6.7244,6.9913,7.2958,7.6284,7.8628,8.0031,8.1055,8.1494,2.3476,2.8536,3.3713,3.4418,3.4815,3.5213,3.561,3.6007
3.3544,3.303,3.2434,3.1721,3.0991,3.0205,2.942,2.8628,2.7835,2.7026,2.0869,1.1703,0.9415,0.87,0.8272,0.796,0.7826,0.7695,0.7572,0.745,0.7329,0.7207,0.7086,0.6965,0.6844
1.1958,1.2397,1.2907,1.3516,1.414,1.4812,1.5483,1.6161,1.6838,1.753,1.8226,1.9019,0.8044,0.78,0.8166,0.8433,0.8547,0.866,0.8764,0.8869,0.8972,0.9076,0.918,0.9283,0.9387
4.6258,4.5549,4.4727,4.3744,4.2737,4.1654,4.057,3.9478,3.8385,3.7269,3.6147,3.4866,3.3467,3.2481,0.9563,1.0977,1.0793,1.0611,1.0442,1.0274,1.0106,0.9939,0.9772,0.9605,0.9438
10.0,10.0,10.0,10.0,10.0,10.0,10.0,10.0,10.0,10.0,10.0,10.0,9.3731,8.6613,8.2354,7.9246,7.7915,7.6604,7.5385,7.4167,7.296,7.1753,7.0546,6.9341,6.8135
1.6017,1.6605,1.7288,1.8105,1.894,1.984,2.0739,2.1646,2.2554,2.348,2.4412,2.5476,2.6637,2.7456,1.0938,1.1295,1.1448,1.1599,1.1739,1.1879,1.2018,1.2157,1.2296,1.2434,1.2573
2.8247,2.7814,2.7312,2.6711,2.6096,2.5435,2.4774,2.4106,2.3439,2.2758,2.2072,2.129,2.0436,0.7326,0.6966,0.6703,0.659,0.6479,0.6376,0.6273,0.6171,0.6069,0.5967,0.5865,0.5763
1.5932,1.6518,1.7197,1.8009,1.884,1.9735,2.063,2.1532,2.2435,2.3357,1.6705,0.9367,0.9578,1.0393,1.088,1.1236,1.1388,1.1538,1.1677,1.1817,1.1955,1.2093,1.2231,1.2369,1.2507
10.0,10.0,10.0,10.0,10.0,10.0,10.0,10.0,10.0,10.0,10.0,10.0,10.0,10.0,10.0,10.0,10.0,10.0,10.0,10.0,10.0,4.2751,4.7773,5.2795,5.7817
4.6593,4.5879,4.5051,4.406,4.3046,4.1955,3.9072,3.2839,2.6605,2.0373,1.4142,1.4486,1.3077,1.2084,1.149,1.1056,1.0871,1.0688,1.0518,1.0348,1.0179,1.0011,0.9843,0.9675,0.9506
1.1966,1.2406,1.2916,1.3526,1.4151,1.4823,1.5495,1.6172,1.685,1.7543,1.8239,1.9033,1.9901,0.7806,0.8172,0.8439,0.8553,0.8666,0.8771,0.8875,0.8979,0.9083,0.9186,0.929,0.9394
3.3411,3.2899,3.2305,3.1595,3.0868,3.0086,2.9303,2.8514,2.7725,2.6919,2.6108,2.5183,2.4173,0.5707,0.8239,0.7928,0.7795,0.7664,0.7542,0.742,0.73,0.7179,0.7058,0.6937,0.6817
4.4889,4.6538,4.8452,4.7622,4.2477,3.7339,3.2201,2.7063,2.1926,1.679,1.1655,2.3732,2.6987,2.9281,3.0654,3.1656,3.2085,3.2508,3.2901,3.3293,3.3682,3.4072,3.446,3.4849,3.5238
2.5691,2.6635,2.7731,2.904,3.0381,3.1824,3.3266,3.4722,3.6177,3.7663,3.9158,4.0864,4.2727,4.404,4.4826,1.4136,1.8363,1.8605,1.883,1.9055,1.9278,1.95,1.9723,1.9945,2.0168
3.0095,2.9634,2.9099,2.8459,2.7804,2.71,2.6395,2.5684,2.4973,2.4247,2.3517,1.8242,0.5782,0.7806,0.7422,0.7142,0.7022,0.6903,0.6794,0.6684,0.6575,0.6466,0.6358,0.6249,0.614
1.2725,1.3192,1.3735,1.4383,1.5047,1.5762,1.6476,1.7197,1.7918,1.8654,1.9395,1.6643,0.4948,0.83,0.869,0.8974,0.9095,0.9215,0.9326,0.9438,0.9548,0.9658,0.9768,0.9879,0.9989
6.6221,6.5206,6.4029,6.2621,6.118,5.9629,5.8079,5.6514,5.495,5.3352,5.1746,4.9912,4.791,4.6499,4.5654,1.3889,1.545,1.519,1.4949,1.4707,1.4468,1.4228,1.3989,1.375,1.3511
6.3739,5.8521,5.3311,4.8112,4.2914,3.7723,3.2913,3.9096,3.6847,3.455,3.2239,2.9603,2.6724,2.4695,2.348,2.2594,2.2215,2.1841,2.1494,2.1146,2.0802,2.0458,2.0114,1.977,1.9426
1.3632,1.4133,1.4714,1.5409,1.612,1.6885,1.7651,1.8423,1.9195,1.9984,2.0777,2.1682,2.2671,0.5997,0.9309,0.9613,0.9744,0.9872,0.9991,1.011,1.0229,1.0347,1.0465,1.0583,1.0701
2.8892,2.845,2.7936,2.7322,2.6693,2.6017,2.534,2.4657,2.3975,2.3278,2.2577,2.1777,2.0903,0.7494,0.7125,0.6856,0.6741,0.6628,0.6522,0.6417,0.6312,0.6208,0.6103,0.5999,0.5895
2.039,2.1139,2.2008,2.3048,2.4112,2.5257,2.6402,2.7557,2.591,1.9841,1.3773,0.7723,1.2258,1.3301,1.3924,1.4379,1.4574,1.4766,1.4945,1.5123,1.53,1.5476,1.5653,1.583,1.6006
9.3678,9.7119,10.0,10.0,10.0,10.0,10.0,10.0,10.0,10.0,10.0,10.0,10.0,10.0,10.0,10.0,10.0,10.0,10.0,10.0,10.0,10.0,10.0,5.2982,5.8022
3.7013,3.6446,3.5788,3.5001,3.4196,3.3329,3.2462,3.1588,3.0714,2.505,1.7389,0.9751,1.0389,0.96,0.9128,0.8783,0.8636,0.849,0.8355,0.822,0.8087,0.7953,0.7819,0.7685,0.7552
1.1782,1.2215,1.2718,1.3318,1.3933,1.4595,1.5256,1.5924,1.6591,1.7273,1.7958,1.8741,1.9595,0.7686,0.8046,0.8309,0.8422,0.8533,0.8636,0.8739,0.8841,0.8943,0.9045,0.9147,0.9249
3.9718,3.911,3.8404,3.7559,3.6695,3.5765,3.4835,3.3897,3.2958,3.2,3.1036,2.9937,2.8736,2.7889,0.9795,0.9425,0.9267,0.9111,0.8966,0.8821,0.8677,0.8534,0.839,0.8247,0.8104
6.0934,5.5946,5.0966,4.5995,4.1026,3.6064,3.1101,2.6139,8.3132,9.7025,10.0,10.0,10.0,10.0,10.0,10.0,10.0,10.0,10.0,10.0,10.0,10.0,10.0,10.0,10.0
1.8438,1.9115,1.9901,2.0841,2.1804,2.2839,2.3874,2.4919,2.5963,2.703,2.8103,2.9327,3.0664,3.1606,0.9834,1.3003,1.3179,1.3352,1.3514,1.3675,1.3835,1.3995,1.4154,1.4314,1.4474
2.8497,2.8061,2.7554,2.6948,2.6328,2.5661,2.4993,2.432,2.3647,2.296,2.2268,2.1479,1.0117,0.7391,0.7028,0.6762,0.6649,0.6537,0.6433,0.6329,0.6226,0.6123,0.602,0.5917,0.5814
1.4314,1.4839,1.545,1.6179,1.6926,1.773,1.8534,1.9345,2.0155,2.0984,1.9766,1.1084,0.8605,0.9337,0.9775,1.0094,1.0231,1.0366,1.0491,1.0616,1.074,1.0864,1.0988,1.1112,1.1236
10.0,10.0,10.0,10.0,10.0,10.0,10.0,10.0,10.0,10.0,9.9254,9.5738,9.1897,8.919,8.757,8.6387,1.8386,2.3137,2.8264,2.821,2.7751,2.7291,2.6833,2.6374,2.5915
5.7065,5.6191,5.5176,5.2858,4.7148,4.1444,3.5741,3.0039,2.4336,1.8636,1.9322,1.7742,1.6017,1.48,1.4073,1.3542,1.3314,1.309,1.2882,1.2674,1.2467,1.2261,1.2055,1.1849,1.1643
1.2368,1.2822,1.335,1.398,1.4626,1.532,1.6015,1.6715,1.7416,1.8132,1.8851,1.9672,2.0569,0.8068,0.8446,0.8722,0.884,0.8957,0.9065,0.9173,0.928,0.9388,0.9495,0.9602,0.9709
3.1057,3.0581,3.0029,2.9369,2.8693,2.7966,2.7238,2.6505,2.5771,2.5022,2.4268,2.3408,2.2469,0.619,0.7659,0.737,0.7246,0.7124,0.7011,0.6897,0.6785,0.6673,0.6561,0.6449,0.6336
3.0287,3.1399,3.2691,3.4235,3.5815,3.7516,3.3711,2.8332,2.2954,1.7578,1.2202,1.6012,1.8208,1.9756,2.0683,2.1359,2.1648,2.1933,2.2198,2.2463,2.2726,2.2988,2.325,2.3513,2.3775
3.5059,3.6347,3.7842,3.9629,4.1459,4.3427,4.5396,4.7382,4.9368,5.1397,5.3436,5.5764,5.8306,6.0098,6.1171,6.1953,1.864,2.3947,2.5696,2.6003,2.6307,2.6611,2.6914,2.7218,2.7521
3.1939,3.1449,3.0881,3.0202,2.9507,2.876,2.8012,2.7257,2.6503,2.5732,2.4035,1.3478,0.8964,0.8284,0.7876,0.7579,0.7452,0.7326,0.721,0.7093,0.6978,0.6862,0.6747,0.6632,0.6516
1.2165,1.2612,1.313,1.375,1.4385,1.5068,1.5751,1.644,1.713,1.7833,1.8541,1.9349,0.5463,0.7935,0.8307,0.8579,0.8695,0.881,0.8916,0.9022,0.9128,0.9233,0.9339,0.9444,0.9549
5.1965,5.1169,5.0245,4.914,4.8009,4.6793,4.5576,4.4348,4.3121,4.1867,4.0606,3.9167,3.7596,3.6489,0.9013,1.2331,1.2124,1.192,1.1731,1.1541,1.1353,1.1165,1.0978,1.079,1.0602
9.4427,9.1831,8.8818,8.5215,8.1527,7.7559,7.359,6.9587,6.5584,6.1495,5.7383,5.2691,4.7566,4.3954,4.1793,4.0215,3.954,3.8875,3.8256,3.7638,3.7025,3.6413,3.5801,3.5189,3.4577
1.4922,1.547,1.6106,1.6867,1.7646,1.8484,1.9322,2.0167,2.1012,2.1875,2.2744,2.3734,2.4816,2.5579,1.019,1.0523,1.0666,1.0806,1.0937,1.1067,1.1197,1.1326,1.1455,1.1584,1.1714
2.8319,2.7885,2.7381,2.6779,2.6163,2.55,2.4837,2.4168,2.3499,2.2816,2.2129,2.1345,2.0488,0.7345,0.6984,0.672,0.6607,0.6496,0.6393,0.6289,0.6187,0.6085,0.5982,0.588,0.5778
1.7281,1.7916,1.8653,1.9534,2.0436,2.1406,2.2377,2.3356,2.4334,2.212,1.5355,0.8611,1.0389,1.1273,1.1801,1.2187,1.2352,1.2515,1.2666,1.2817,1.2967,1.3117,1.3267,1.3416,1.3566
10.0,10.0,10.0,10.0,10.0,10.0,10.0,10.0,10.0,10.0,10.0,10.0,10.0,10.0,10.0,10.0,10.0,10.0,10.0,10.0,10.0,10.0,10.0,10.0,10.0
4.2146,4.1501,4.0751,3.9855,3.8938,3.7951,3.6964,3.5153,2.848,2.1809,1.5139,0.9371,1.1829,1.0931,1.0394,1.0001,0.9833,0.9668,0.9514,0.936,0.9208,0.9056,0.8903,0.8751,0.8599
1.1825,1.226,1.2764,1.3367,1.3984,1.4648,1.5312,1.5981,1.6651,1.7336,1.8024,1.8809,1.9666,0.7714,0.8075,0.8339,0.8452,0.8564,0.8667,0.877,0.8873,0.8975,0.9078,0.918,0.9283
3.5362,3.482,3.4191,3.344,3.267,3.1842,3.1014,3.0179,2.9344,2.849,2.7632,2.6653,2.5584,2.483,0.872,0.8391,0.825,0.8112,0.7983,0.7854,0.7726,0.7598,0.747,0.7342,0.7215
6.1884,5.6818,5.176,4.6712,4.1665,3.6625,3.1585,2.6546,2.1507,1.6469,2.9936,3.4235,3.8931,4.2241,4.4221,4.5667,4.6286,4.6895,4.7462,4.8028,4.859,4.9151,4.9712,5.0272,5.0833
2.2202,2.3018,2.3965,2.5097,2.6255,2.7502,2.8749,3.0006,3.1264,3.2549,3.384,3.5315,3.6925,3.8059,3.8738,1.4812,1.587,1.6079,1.6273,1.6467,1.666,1.6852,1.7044,1.7237,1.7429
2.9293,2.8844,2.8323,2.7701,2.7063,2.6377,2.5691,2.4999,2.4307,2.3601,2.289,2.2079,0.5627,0.7597,0.7224,0.6951,0.6834,0.6719,0.6613,0.6506,0.64,0.6294,0.6188,0.6082,0.5977
1.3212,1.3697,1.4261,1.4934,1.5624,1.6366,1.7108,1.7856,1.8604,1.9369,2.0138,1.3885,0.5137,0.8618,0.9022,0.9317,0.9444,0.9568,0.9684,0.9799,0.9914,1.0028,1.0143,1.0257,1.0371
8.059,7.9355,7.7922,7.6209,7.4455,7.2568,7.0681,6.8777,6.6874,6.4929,6.2974,6.0742,5.8306,5.6588,5.556,1.3408,1.8745,1.8486,1.8192,1.7898,1.7607,1.7316,1.7024,1.6733,1.6443
6.5628,6.0256,5.4891,4.9538,4.4186,3.8841,3.3496,2.8152,2.2808,2.7359,2.553,2.3442,2.1162,1.9555,1.8594,1.7892,1.7591,1.7295,1.702,1.6745,1.6473,1.62,1.5928,1.5656,1.5383
1.3045,1.3524,1.408,1.4745,1.5426,1.6158,1.6891,1.763,1.8369,1.9123,1.9882,2.0749,2.1694,0.5988,0.8908,0.9199,0.9324,0.9447,0.9561,0.9675,0.9788,0.9901,1.0014,1.0127,1.024
2.9515,2.9063,2.8539,2.7911,2.7269,2.6578,2.5886,2.5189,2.4492,2.378,2.3064,2.2247,2.1354,0.7655,0.7279,0.7004,0.6886,0.677,0.6663,0.6555,0.6448,0.6342,0.6235,0.6129,0.6022
2.317,2.4021,2.5009,2.619,2.74,2.8701,3.0002,3.0309,2.4555,1.8804,1.3053,0.7329,1.393,1.5114,1.5823,1.634,1.6561,1.678,1.6982,1.7185,1.7386,1.7587,1.7787,1.7988,1.8189
5.6825,5.8913,6.1335,6.4232,6.7198,7.0389,7.358,7.6799,8.0017,8.3305,8.6612,9.0385,9.4505,9.7409,9.9147,10.0,10.0,10.0,10.0,3.3278,3.8389,4.3131,4.3624,4.4116,4.4608
3.4699,3.4167,3.3551,3.2813,3.2058,3.1245,3.0433,2.9613,2.8794,2.7856,1.9337,1.0843,0.9739,0.9,0.8557,0.8234,0.8096,0.796,0.7833,0.7706,0.7581,0.7455,0.733,0.7205,0.708
1.186,1.2295,1.2801,1.3405,1.4024,1.469,1.5356,1.6028,1.67,1.7386,1.8076,1.8864,1.14,0.7736,0.8099,0.8364,0.8477,0.8589,0.8692,0.8796,0.8899,0.9002,0.9104,0.9207,0.931
4.3411,4.2746,4.1974,4.1051,4.0107,3.909,3.8074,3.7048,3.6023,3.4975,3.3922,3.272,3.1407,3.0482,0.9962,1.0301,1.0128,0.9958,0.98,0.9641,0.9484,0.9327,0.9171,0.9014,0.8857
6.0895,5.591,5.0932,4.5965,10.0,10.0,10.0,10.0,10.0,10.0,10.0,10.0,10.0,10.0,10.0,10.0,10.0,10.0,10.0,10.0,10.0,10.0,10.0,10.0,10.0
1.6822,1.744,1.8157,1.9014,1.9892,2.0837,2.1781,2.2734,2.3687,2.466,2.5639,2.6756,2.7976,2.8836,1.0596,1.1863,1.2024,1.2182,1.2329,1.2476,1.2622,1.2768,1.2914,1.3059,1.3205
2.8274,2.7841,2.7338,2.6737,2.6122,2.546,2.4798,2.413,2.3462,2.278,2.2094,2.1311,2.0456,0.7333,0.6973,0.6709,0.6597,0.6486,0.6383,0.6279,0.6177,0.6075,0.5973,0.5871,0.5769
1.5237,1.5797,1.6446,1.7223,1.8018,1.8874,1.9729,2.0592,2.1455,2.2337,1.7714,0.9933,0.916,0.9939,1.0405,1.0745,1.0891,1.1034,1.1168,1.1301,1.1433,1.1565,1.1697,1.1829,1.1961
10.0,10.0,10.0,10.0,10.0,10.0,10.0,10.0,10.0,10.0,10.0,10.0,10.0,10.0,10.0,10.0,10.0,10.0,2.7839,3.2889,3.7939,4.299,4.2301,4.1578,4.0855
4.9993,4.9227,4.8338,4.7276,4.6188,4.3651,3.7644,3.1638,2.5632,1.9628,1.3625,1.5543,1.4032,1.2966,1.2329,1.1863,1.1664,1.1468,1.1285,1.1103,1.0922,1.0742,1.0561,1.038,1.02
1.209,1.2534,1.305,1.3666,1.4297,1.4976,1.5655,1.6339,1.7024,1.7724,1.8427,1.923,2.0107,0.7886,0.8256,0.8526,0.8642,0.8755,0.8861,0.8967,0.9072,0.9177,0.9281,0.9386,0.9491
3.2401,3.1904,3.1328,3.0639,2.9934,2.9176,2.8417,2.7652,2.6886,2.6104,2.5318,2.4421,2.3442,0.5534,0.799,0.7689,0.756,0.7432,0.7314,0.7196,0.7079,0.6962,0.6845,0.6728,0.6611
3.7826,3.9216,4.0829,4.2757,4.3125,3.7909,3.2692,2.7476,2.226,1.7046,1.1833,1.9998,2.2741,2.4674,2.5831,2.6676,2.7037,2.7393,2.7724,2.8055,2.8383,2.8711,2.9039,2.9366,2.9694
2.8553,2.9602,3.0819,3.2275,3.3765,3.5368,3.6972,3.8589,4.0206,4.1858,4.352,4.5415,4.7486,4.8945,4.9819,1.4072,1.9278,2.0678,2.0927,2.1177,2.1425,2.1672,2.192,2.2167,2.2414
3.0711,3.0241,2.9695,2.9042,2.8374,2.7655,2.6935,2.621,2.5485,2.4743,2.3998,1.6039,0.59,0.7965,0.7574,0.7288,0.7165,0.7045,0.6933,0.6821,0.671,0.6599,0.6488,0.6377,0.6266
1.248,1.2938,1.3471,1.4107,1.4758,1.5459,1.616,1.6867,1.7573,1.8296,1.9022,1.9042,0.4852,0.8141,0.8522,0.8801,0.892,0.9038,0.9147,0.9256,0.9364,0.9473,0.9581,0.9689,0.9797
5.9822,5.8906,5.7842,5.6571,5.5269,5.3868,5.2467,5.1054,4.9641,4.8198,4.6746,4.509,4.3281,4.2006,0.9455,1.4196,1.3957,1.3722,1.3504,1.3286,1.307,1.2854,1.2637,1.2421,1.2205
6.2831,5.7688,5.2552,4.7427,5.491,5.2237,4.9564,4.6868,4.4172,4.1418,3.8649,3.5488,3.2037,2.9604,2.8148,2.7086,2.6631,2.6183,2.5766,2.535,2.4937,2.4525,2.4112,2.37,2.3288
1.4071,1.4588,1.5188,1.5906,1.664,1.743,1.822,1.9017,1.9814,2.0629,2.1447,2.2382,2.3402,0.619,0.9609,0.9923,1.0058,1.019,1.0313,1.0437,1.0559,1.068,1.0802,1.0924,1.1046
2.8619,2.818,2.7672,2.7063,2.644,2.577,2.51,2.4424,2.3748,2.3058,2.2363,2.1571,2.0705,0.7423,0.7058,0.6791,0.6677,0.6565,0.646,0.6356,0.6253,0.6149,0.6046,0.5942,0.5839
1.9045,1.9745,2.0557,2.1528,2.2522,2.3591,2.4661,2.5739,2.6818,2.0618,1.4312,0.8026,1.145,1.2423,1.3006,1.3431,1.3613,1.3792,1.3959,1.4125,1.4291,1.4456,1.4621,1.4786,1.495
10.0,10.0,10.0,10.0,10.0,10.0,10.0,10.0,10.0,10.0,10.0,10.0,10.0,10.0,10.0,10.0,10.0,10.0,10.0,10.0,10.0,10.0,10.0,10.0,10.0
3.8755,3.8161,3.7472,3.6648,3.5805,3.4898,3.399,3.3075,3.0903,2.3665,1.6427,0.9212,1.0878,1.0052,0.9557,0.9197,0.9042,0.889,0.8749,0.8607,0.8467,0.8327,0.8187,0.8047,0.7907
1.1779,1.2212,1.2714,1.3315,1.393,1.4591,1.5253,1.592,1.6587,1.7269,1.7954,1.8736,1.959,0.7684,0.8044,0.8307,0.842,0.8531,0.8634,0.8737,0.8839,0.8941,0.9043,0.9145,0.9247
3.7873,3.7293,3.6619,3.5814,3.499,3.4103,3.3216,3.2322,3.1427,3.0513,2.9594,2.8546,2.7401,2.6593,0.934,0.8987,0.8836,0.8688,0.8549,0.8411,0.8274,0.8137,0.8001,0.7864,0.7727
6.12,5.619,5.1188,4.6195,4.1205,3.6221,3.1236,2.6253,2.1269,4.7614,5.4469,6.2292,7.0836,7.6858,8.0462,8.3092,8.4218,8.5327,8.6358,8.7388,8.841,8.9431,9.0452,9.1472,9.2492
1.9686,2.0409,2.1248,2.2252,2.3279,2.4385,2.549,2.6605,2.772,2.8859,3.0005,3.1312,3.2739,3.3745,0.9451,1.3883,1.4071,1.4256,1.4428,1.4601,1.4771,1.4942,1.5112,1.5283,1.5453
2.8754,2.8314,2.7803,2.7191,2.6566,2.5892,2.5219,2.454,2.3861,2.3167,2.2469,2.1673,0.7388,0.7458,0.7091,0.6823,0.6709,0.6596,0.6491,0.6386,0.6282,0.6178,0.6074,0.5971,0.5867
1.3852,1.4361,1.4952,1.5658,1.6381,1.7159,1.7937,1.8721,1.9506,2.0307,2.1113,1.1993,0.8328,0.9036,0.946,0.9769,0.9901,1.0032,1.0153,1.0274,1.0394,1.0514,1.0634,1.0754,1.0874
10.0,10.0,10.0,9.8309,9.6047,9.3613,9.1178,8.8723,8.6267,8.3759,8.1236,7.8358,7.5214,7.2998,7.1673,7.0705,1.8259,2.3457,2.3468,2.3089,2.2713,2.2337,2.1962,2.1586,2.1211
6.2828,6.1865,5.7033,5.147,4.591,4.0357,3.4803,2.925,2.3698,1.8147,2.1274,1.9534,1.7634,1.6295,1.5494,1.4909,1.4659,1.4412,1.4183,1.3954,1.3726,1.3499,1.3272,1.3046,1.2819
1.2602,1.3065,1.3602,1.4245,1.4903,1.561,1.6318,1.7032,1.7746,1.8475,1.9208,2.0045,2.0959,0.7277,0.8606,0.8887,0.9008,0.9126,0.9237,0.9347,0.9456,0.9565,0.9674,0.9784,0.9893
3.0412,2.9946,2.9405,2.8759,2.8097,2.7385,2.6673,2.5954,2.5236,2.4502,2.3764,2.2922,2.2003,0.6982,0.75,0.7217,0.7096,0.6976,0.6865,0.6754,0.6644,0.6534,0.6425,0.6315,0.6205
2.7073,2.8068,2.9222,3.0603,3.2015,3.3536,3.4532,2.9022,2.3513,1.8006,1.2499,1.4313,1.6276,1.766,1.8488,1.9093,1.9351,1.9606,1.9843,2.008,2.0315,2.0549,2.0784,2.1018,2.1253
4.1024,4.2532,4.4281,4.6372,4.8513,5.0816,5.312,5.5444,5.7768,6.0142,6.2529,6.5252,6.8227,7.0324,7.1579,7.2494,7.2886,2.3573,2.8797,3.0427,3.0783,3.1138,3.1494,3.1849,3.2204
3.2904,3.24,3.1815,3.1116,3.04,2.9629,2.8859,2.8081,2.7304,2.651,2.1969,1.2319,0.9235,0.8534,0.8114,0.7808,0.7677,0.7548,0.7428,0.7308,0.7189,0.707,0.6951,0.6832,0.6713
1.2034,1.2476,1.2989,1.3602,1.423,1.4906,1.5582,1.6263,1.6945,1.7641,1.8342,1.9141,0.6814,0.785,0.8218,0.8486,0.8601,0.8715,0.882,0.8925,0.903,0.9134,0.9238,0.9342,0.9446
4.8278,4.7538,4.668,4.5654,4.4603,4.3473,4.2342,4.1202,4.0061,3.8896,3.7725,3.6388,3.4929,3.39,0.9344,1.1456,1.1264,1.1074,1.0898,1.0722,1.0548,1.0373,1.0199,1.0024,0.985
10.0,10.0,10.0,10.0,10.0,10.0,10.0,10.0,9.4288,8.8409,8.2497,7.5751,6.8384,6.3191,6.0084,5.7816,5.6845,5.5888,5.5,5.4111,5.323,5.2349,5.1469,5.0589,4.971
1.5581,1.6153,1.6818,1.7612,1.8425,1.93,2.0175,2.1057,2.194,2.2841,2.3748,2.4783,2.5912,2.6709,1.064,1.0988,1.1137,1.1283,1.142,1.1556,1.1691,1.1826,1.1961,1.2096,1.2231
2.8277,2.7844,2.7341,2.674,2.6125,2.5463,2.4801,2.4133,2.3465,2.2782,2.2096,2.1313,2.0458,0.7334,0.6973,0.671,0.6597,0.6486,0.6383,0.628,0.6178,0.6076,0.5974,0.5871,0.5769
1.6425,1.7028,1.7729,1.8566,1.9423,2.0345,2.1268,2.2198,2.3128,2.3287,1.6165,0.9065,0.9875,1.0714,1.1216,1.1583,1.174,1.1895,1.2038,1.2182,1.2324,1.2467,1.2609,1.2751,1.2894
10.0,10.0,10.0,10.0,10.0,10.0,10.0,10.0,10.0,10.0,10.0,10.0,10.0,10.0,10.0,10.0,10.0,10.0,10.0,10.0,10.0,10.0,10.0,10.0,5.773
4.4803,4.4117,4.332,4.2368,4.1393,4.0344,3.9295,3.3697,2.73,2.0906,1.4512,1.393,1.2575,1.162,1.1049,1.0632,1.0453,1.0277,1.0114,0.995,0.9788,0.9626,0.9465,0.9303,0.9141
1.1917,1.2355,1.2863,1.347,1.4092,1.4761,1.543,1.6105,1.678,1.747,1.8163,1.8955,1.9819,0.7773,0.8138,0.8404,0.8518,0.863,0.8734,0.8838,0.8942,0.9045,0.9148,0.9252,0.9355
3.4147,3.3624,3.3016,3.2291,3.1547,3.0748,2.9948,2.9142,2.8335,2.7511,2.6683,2.5737,2.4705,0.5832,0.8421,0.8103,0.7967,0.7833,0.7708,0.7584,0.746,0.7337,0.7213,0.709,0.6967
5.0875,5.2744,5.2407,4.7296,4.2187,3.7084,3.198,2.6878,2.1776,1.6675,2.3519,2.6897,3.0586,3.3186,3.4742,3.5878,3.6364,3.6843,3.7288,3.7733,3.8174,3.8615,3.9056,3.9496,3.9937
2.4252,2.5143,2.6177,2.7413,2.8679,3.004,3.1402,3.2776,3.415,3.5553,3.6964,3.8574,4.0333,4.1572,4.2314,1.4396,1.7335,1.7563,1.7775,1.7987,1.8197,1.8408,1.8618,1.8828,1.9038
2.9804,2.9348,2.8818,2.8184,2.7536,2.6838,2.614,2.5436,2.4732,2.4013,2.329,1.999,0.5726,0.773,0.735,0.7073,0.6954,0.6837,0.6728,0.6619,0.6512,0.6404,0.6296,0.6189,0.6081
1.2916,1.3391,1.3942,1.46,1.5274,1.5999,1.6725,1.7456,1.8188,1.8935,1.9687,1.5481,0.5022,0.8425,0.8821,0.9109,0.9232,0.9354,0.9467,0.958,0.9692,0.9804,0.9916,1.0028,1.0139
7.112,7.003,6.8766,6.7254,6.5706,6.4041,6.2375,6.0696,5.9016,5.73,5.5574,5.3605,5.1454,4.9939,4.9031,1.3713,1.6593,1.6314,1.6055,1.5795,1.5538,1.5281,1.5024,1.4767,1.451
6.4506,5.9226,5.3953,4.8691,4.3431,3.8177,3.2924,2.7892,3.3516,3.1427,2.9325,2.6927,2.4308,2.2463,2.1358,2.0552,2.0207,1.9867,1.9551,1.9235,1.8922,1.8609,1.8296,1.7983,1.767
1.3415,1.3907,1.4479,1.5163,1.5863,1.6617,1.737,1.813,1.889,1.9666,2.0446,2.1337,2.231,0.5901,0.9161,0.946,0.9588,0.9715,0.9832,0.9949,1.0066,1.0182,1.0298,1.0414,1.053
2.9158,2.8711,2.8193,2.7573,2.6939,2.6256,2.5573,2.4884,2.4196,2.3492,2.2785,2.1977,2.1096,0.7562,0.7191,0.6919,0.6803,0.6689,0.6582,0.6476,0.637,0.6265,0.616,0.6054,0.5949
2.1394,2.218,2.3092,2.4182,2.5299,2.65,2.7702,2.8913,2.5404,1.9454,1.3504,0.7573,1.2862,1.3955,1.461,1.5087,1.5292,1.5493,1.568,1.5867,1.6053,1.6238,1.6424,1.6609,1.6794
7.5169,7.7931,8.1135,8.4967,8.889,9.3111,9.7332,10.0,10.0,10.0,10.0,10.0,10.0,10.0,10.0,10.0,10.0,10.0,10.0,10.0,10.0,4.318,4.8252,5.3325,5.8398
3.614,3.5586,3.4944,3.4175,3.3389,3.2543,3.1696,3.0843,2.9989,2.6086,1.8108,1.0154,1.0144,0.9373,0.8912,0.8576,0.8432,0.829,0.8158,0.8026,0.7896,0.7765,0.7635,0.7504,0.7374
1.1828,1.2262,1.2766,1.3369,1.3987,1.4651,1.5315,1.5985,1.6655,1.7339,1.8028,1.8813,1.967,0.7715,0.8077,0.8341,0.8454,0.8565,0.8669,0.8772,0.8875,0.8977,0.908,0.9182,0.9285
4.1111,4.0481,3.975,3.8876,3.7982,3.7019,3.6056,3.5085,3.4114,3.3122,3.2125,3.0986,2.9743,2.8867,1.0138,0.9756,0.9592,0.943,0.928,0.913,0.8982,0.8833,0.8685,0.8536,0.8388
6.101,5.6016,5.1029,4.6053,4.1078,3.6109,3.114,10.0,10.0,10.0,10.0,10.0,10.0,10.0,10.0,10.0,10.0,10.0,10.0,10.0,10.0,10.0,10.0,10.0,10.0
1.7813,1.8467,1.9227,2.0135,2.1065,2.2065,2.3065,2.4074,2.5083,2.6114,2.715,2.8333,2.9625,3.0535,1.0127,1.2562,1.2732,1.29,1.3056,1.3212,1.3366,1.352,1.3675,1.3829,1.3983
2.8458,2.8022,2.7516,2.6911,2.6292,2.5626,2.4959,2.4287,2.3615,2.2928,2.2238,2.145,1.3174,0.7381,0.7018,0.6753,0.664,0.6528,0.6424,0.632,0.6217,0.6115,0.6012,0.5909,0.5806
1.4678,1.5217,1.5843,1.6591,1.7357,1.8181,1.9006,1.9837,2.0668,2.1518,1.8961,1.0633,0.8824,0.9575,1.0023,1.0351,1.0491,1.063,1.0758,1.0886,1.1014,1.1141,1.1268,1.1395,1.1522
10.0,10.0,10.0,10.0,10.0,10.0,10.0,10.0,10.0,10.0,10.0,10.0,10.0,10.0,10.0,10.0,10.0,2.3044,2.815,3.285,3.2315,3.178,3.1246,3.0712,3.0178
5.424,5.3409,5.2445,5.1292,4.8166,4.2339,3.6513,3.0687,2.4862,1.9039,1.3562,1.6864,1.5224,1.4068,1.3376,1.2871,1.2655,1.2442,1.2244,1.2046,1.185,1.1654,1.1458,1.1262,1.1066
1.2284,1.2735,1.3259,1.3885,1.4526,1.5216,1.5906,1.6602,1.7298,1.8008,1.8723,1.9539,2.0429,0.8013,0.8389,0.8663,0.878,0.8896,0.9003,0.9111,0.9217,0.9324,0.943,0.9537,0.9643
3.162,3.1136,3.0574,2.9901,2.9213,2.8473,2.7732,2.6986,2.6239,2.5476,2.4709,2.3833,2.2877,0.581,0.7798,0.7503,0.7377,0.7253,0.7138,0.7023,0.6908,0.6794,0.668,0.6566,0.6451
3.2852,3.4059,3.5459,3.7134,3.8848,3.8711,3.3384,2.8057,2.2731,1.7407,1.2083,1.7368,1.975,2.1429,2.2434,2.3167,2.3481,2.3791,2.4078,2.4365,2.465,2.4935,2.522,2.5504,2.5789
3.2321,3.3508,3.4886,3.6534,3.822,4.0035,4.185,4.3681,4.5512,4.7382,4.9262,5.1408,5.3752,5.5404,5.6392,5.7114,1.892,2.3406,2.3689,2.3972,2.4252,2.4532,2.4812,2.5092,2.5372
3.1528,3.1045,3.0485,2.9815,2.9128,2.839,2.7652,2.6907,2.6162,2.5402,2.4637,1.4386,0.8849,0.8177,0.7775,0.7482,0.7356,0.7232,0.7117,0.7002,0.6888,0.6774,0.666,0.6547,0.6433
1.2312,1.2764,1.3289,1.3916,1.4559,1.525,1.5942,1.6639,1.7336,1.8049,1.8765,1.9582,0.4891,0.8031,0.8407,0.8682,0.88,0.8916,0.9024,0.9131,0.9238,0.9345,0.9451,0.9558,0.9665
5.4841,5.4001,5.3026,5.186,5.0666,4.9382,4.8098,4.6803,4.5507,4.4184,4.2853,4.1335,3.9677,3.8508,0.8866,1.3014,1.2795,1.258,1.238,1.218,1.1981,1.1783,1.1585,1.1387,1.1189
6.2289,5.719,5.2099,7.2073,6.8954,6.5598,6.2241,5.8856,5.547,5.2011,4.8534,4.4565,4.0231,3.7176,3.5348,3.4014,3.3442,3.2879,3.2357,3.1834,3.1315,3.0797,3.028,2.9762,2.9245
1.4622,1.5159,1.5782,1.6528,1.7291,1.8112,1.8933,1.9761,2.0589,2.1435,2.2286,2.3257,2.4317,2.5065,0.9985,1.0311,1.0451,1.0589,1.0717,1.0845,1.0972,1.1098,1.1225,1.1352,1.1478
2.8506,2.807,2.7563,2.6957,2.6337,2.5669,2.5001,2.4328,2.3655,2.2967,2.2275,2.1486,2.0624,0.7393,0.703,0.6765,0.6651,0.6539,0.6435,0.6331,0.6228,0.6125,0.6022,0.5919,0.5816
1.7963,1.8623,1.9389,2.0305,2.1242,2.2251,2.326,2.4277,2.5295,2.1578,1.4979,0.84,1.0799,1.1718,1.2267,1.2668,1.284,1.3009,1.3166,1.3323,1.3479,1.3634,1.379,1.3946,1.4101
10.0,10.0,10.0,10.0,10.0,10.0,10.0,10.0,10.0,10.0,10.0,10.0,10.0,10.0,10.0,10.0,10.0,10.0,10.0,10.0,10.0,10.0,4.7743,5.2762,5.7781
4.0897,4.0271,3.9544,3.8674,3.7784,3.6827,3.5869,3.4903,2.9442,2.2546,1.5651,0.9093,1.1479,1.0607,1.0086,0.9705,0.9542,0.9381,0.9232,0.9083,0.8935,0.8787,0.864,0.8492,0.8344
1.1842,1.2277,1.2782,1.3385,1.4003,1.4668,1.5333,1.6004,1.6675,1.736,1.8049,1.8835,1.9694,0.7724,0.8087,0.8351,0.8464,0.8576,0.8679,0.8783,0.8885,0.8988,0.9091,0.9193,0.9296
3.6389,3.5831,3.5184,3.4411,3.3619,3.2767,3.1915,3.1055,3.0196,2.9318,2.8435,2.7427,2.6327,2.5551,0.8974,0.8635,0.849,0.8347,0.8214,0.8082,0.795,0.7819,0.7687,0.7556,0.7424
6.1807,5.6748,5.1696,4.6654,4.1614,3.658,3.1546,2.6513,2.148,1.6449,3.627,4.148,4.7169,5.1179,5.3578,5.533,5.6079,5.6818,5.7504,5.8191,5.8871,5.9551,6.0231,6.091,6.1589
2.1234,2.2014,2.2919,2.4002,2.511,2.6302,2.7495,2.8697,2.99,3.1129,3.2364,3.3774,3.5314,3.6399,0.9991,1.4974,1.5177,1.5377,1.5563,1.5749,1.5933,1.6117,1.6301,1.6485,1.6669
2.9177,2.873,2.8212,2.7591,2.6956,2.6273,2.559,2.4901,2.4211,2.3507,2.28,2.1992,0.5849,0.7567,0.7195,0.6924,0.6807,0.6693,0.6586,0.648,0.6375,0.6269,0.6164,0.6058,0.5953
1.3493,1.3989,1.4564,1.5252,1.5956,1.6714,1.7472,1.8236,1.9,1.9781,2.0566,1.3138,0.8112,0.8802,0.9215,0.9516,0.9645,0.9772,0.989,1.0008,1.0125,1.0242,1.0359,1.0475,1.0592
8.8459,8.7103,8.5531,8.365,8.1725,7.9654,7.7582,7.5493,7.3403,7.1269,6.9123,6.6674,6.3999,6.2113,6.0985,1.3317,1.8618,2.0291,1.9969,1.9646,1.9326,1.9006,1.8687,1.8367,1.8048
6.681,6.1341,5.588,5.043,4.4982,3.9541,3.41,2.8659,2.3219,2.5502,2.3797,2.1851,1.9726,1.8228,1.7332,1.6677,1.6397,1.6121,1.5865,1.5609,1.5355,1.5101,1.4847,1.4593,1.4339
1.2917,1.3391,1.3942,1.46,1.5274,1.6,1.6725,1.7457,1.8188,1.8936,1.9687,2.0545,2.1482,0.6446,0.8821,0.9109,0.9232,0.9354,0.9467,0.958,0.9692,0.9804,0.9916,1.0028,1.014
2.9958,2.9499,2.8966,2.8329,2.7677,2.6976,2.6274,2.5567,2.4859,2.4136,2.3409,2.258,2.1674,0.777,0.7388,0.7109,0.699,0.6872,0.6763,0.6653,0.6545,0.6437,0.6329,0.622,0.6112
2.461,2.5515,2.6564,2.7818,2.9103,3.0485,3.1867,2.9912,2.4233,1.8557,1.2882,0.7784,1.4796,1.6054,1.6806,1.7356,1.7591,1.7822,1.8038,1.8253,1.8466,1.868,1.8893,1.9106,1.9319
4.9716,5.1542,5.3662,5.6196,5.8791,6.1582,6.4374,6.719,7.0006,7.2883,7.5776,7.9076,8.2681,8.5222,8.6743,8.7853,8.8328,8.8796,2.851,3.3682,3.7304,3.7735,3.8166,3.8596,3.9027
3.4118,3.3596,3.2989,3.2264,3.1521,3.0723,2.9924,2.9118,2.8312,2.7488,2.0341,1.1407,0.9576,0.8849,0.8414,0.8096,0.796,0.7826,0.7702,0.7577,0.7454,0.7331,0.7208,0.7084,0.6961
1.1971,1.2411,1.2922,1.3532,1.4157,1.4829,1.5501,1.6179,1.6857,1.755,1.8247,1.9041,0.9102,0.7809,0.8175,0.8442,0.8557,0.867,0.8774,0.8879,0.8983,0.9087,0.919,0.9294,0.9398
4.5328,4.4634,4.3828,4.2864,4.1878,4.0816,3.9755,3.8684,3.7613,3.652,3.542,3.4165,3.2794,3.1828,0.9755,1.0756,1.0576,1.0398,1.0232,1.0067,0.9903,0.9739,0.9575,0.9412,0.9248
6.1308,5.6289,5.1278,4.6277,4.1278,10.0,10.0,10.0,10.0,10.0,10.0,10.0,10.0,10.0,10.0,10.0,10.0,9.9951,9.8361,9.6772,9.5196,9.3621,9.2047,9.0474,8.8901
1.6391,1.6993,1.7692,1.8528,1.9383,2.0303,2.1224,2.2152,2.3081,2.4029,2.4983,2.6071,2.726,2.8097,1.0998,1.1559,1.1716,1.187,1.2014,1.2157,1.2299,1.2441,1.2583,1.2725,1.2867
2.8392,2.7957,2.7453,2.6849,2.6231,2.5566,2.4902,2.4231,2.356,2.2875,2.2186,2.14,2.0542,0.7364,0.7002,0.6738,0.6624,0.6513,0.6409,0.6306,0.6203,0.61,0.5998,0.5895,0.5793
1.5736,1.6314,1.6985,1.7787,1.8609,1.9492,2.0376,2.1267,2.2159,2.3069,1.716,0.9623,0.9461,1.0265,1.0746,1.1097,1.1248,1.1396,1.1534,1.1671,1.1808,1.1944,1.208,1.2217,1.2353
10.0,10.0,10.0,10.0,10.0,10.0,10.0,10.0,10.0,10.0,10.0,10.0,10.0,10.0,10.0,10.0,10.0,10.0,10.0,10.0,3.7999,4.3057,4.8115,5.3174,5.2816
4.8082,4.7345,4.649,4.5468,4.4422,4.3296,3.8713,3.2536,2.636,2.0186,1.4012,1.4949,1.3495,1.2471,1.1857,1.141,1.1218,1.1029,1.0854,1.0679,1.0505,1.0331,1.0157,0.9984,0.981
1.2076,1.252,1.3035,1.3651,1.4281,1.4959,1.5637,1.6321,1.7005,1.7704,1.8407,1.9209,2.0084,0.7878,0.8247,0.8517,0.8632,0.8746,0.8851,0.8957,0.9062,0.9166,0.9271,0.9375,0.948
3.3196,3.2687,3.2097,3.1391,3.0669,2.9892,2.9114,2.833,2.7546,2.6745,2.594,2.5021,2.4017,0.567,0.8186,0.7877,0.7745,0.7615,0.7494,0.7372,0.7252,0.7132,0.7013,0.6893,0.6773
4.2131,4.3679,4.5475,4.7623,4.2958,3.7761,3.2565,2.7369,2.2174,1.698,1.1787,2.2274,2.5329,2.7483,2.8771,2.9712,3.0114,3.0511,3.088,3.1248,3.1613,3.1979,3.2344,3.2708,3.3073
2.6864,2.7851,2.8996,3.0366,3.1768,3.3276,3.4785,3.6307,3.7828,3.9383,4.0946,4.2729,4.4677,4.605,4.6872,1.4081,1.9202,1.9455,1.969,1.9925,2.0158,2.039,2.0623,2.0856,2.1088
3.0502,3.0034,2.9492,2.8844,2.818,2.7466,2.6751,2.6031,2.5311,2.4575,2.3834,1.7432,0.586,0.7911,0.7522,0.7238,0.7116,0.6997,0.6885,0.6774,0.6664,0.6554,0.6443,0.6333,0.6223
1.2704,1.3171,1.3712,1.436,1.5023,1.5736,1.645,1.7169,1.7889,1.8624,1.9363,1.7587,0.494,0.8287,0.8676,0.8959,0.9081,0.92,0.9311,0.9422,0.9533,0.9643,0.9753,0.9863,0.9973
6.4002,6.3021,6.1883,6.0523,5.913,5.7631,5.6133,5.4621,5.3109,5.1565,5.0012,4.824,4.6305,4.4941,4.4124,1.4109,1.4932,1.4681,1.4448,1.4214,1.3983,1.3752,1.352,1.3289,1.3058
6.3776,5.8555,5.3342,4.814,4.2939,3.7745,4.4411,4.1995,3.9579,3.7111,3.463,3.1798,2.8706,2.6526,2.5221,2.427,2.3862,2.346,2.3087,2.2714,2.2344,2.1975,2.1605,2.1236,2.0867
1.3882,1.4392,1.4984,1.5692,1.6416,1.7196,1.7975,1.8762,1.9548,2.0351,2.1159,2.2081,2.3087,0.6107,0.948,0.979,0.9923,1.0053,1.0175,1.0296,1.0417,1.0537,1.0657,1.0777,1.0898
2.897,2.8526,2.8011,2.7395,2.6765,2.6086,2.5408,2.4724,2.4039,2.334,2.2637,2.1835,2.0959,0.7514,0.7144,0.6874,0.6759,0.6645,0.654,0.6434,0.6329,0.6224,0.612,0.6015,0.5911
1.9983,2.0717,2.1569,2.2587,2.363,2.4752,2.5874,2.7006,2.6458,2.0261,1.4064,0.7887,1.2013,1.3035,1.3646,1.4092,1.4283,1.4471,1.4646,1.4821,1.4994,1.5167,1.534,1.5513,1.5686
10.0,10.0,10.0,10.0,10.0,10.0,10.0,10.0,10.0,10.0,10.0,10.0,10.0,10.0,10.0,10.0,10.0,10.0,10.0,3.3437,3.804,4.3104,4.8168,5.3232,5.8295
3.7912,3.7331,3.6657,3.5851,3.5026,3.4139,3.3251,3.2355,3.146,2.4666,1.7123,0.9602,1.0641,0.9833,0.9349,0.8997,0.8845,0.8697,0.8558,0.842,0.8283,0.8146,0.8009,0.7872,0.7735
1.1862,1.2297,1.2803,1.3408,1.4027,1.4693,1.5359,1.6031,1.6703,1.7389,1.8079,1.8867,1.9727,0.7737,0.81,0.8365,0.8478,0.859,0.8694,0.8798,0.89,0.9003,0.9106,0.9209,0.9311
3.9263,3.8661,3.7963,3.7129,3.6274,3.5355,3.4435,3.3508,3.2581,3.1633,3.0681,2.9593,2.8406,2.7569,0.9682,0.9317,0.9161,0.9006,0.8863,0.872,0.8578,0.8436,0.8294,0.8152,0.8011
6.1466,5.6435,5.1411,4.6397,4.1385,3.6378,3.1372,2.6367,5.9947,6.9965,8.0039,9.1535,10.0,10.0,10.0,10.0,10.0,10.0,10.0,10.0,10.0,10.0,10.0,10.0,10.0
1.9031,1.9731,2.0542,2.1512,2.2505,2.3574,2.4643,2.5721,2.6799,2.79,2.9007,3.0271,3.1651,3.2623,0.9753,1.3421,1.3603,1.3782,1.3949,1.4115,1.428,1.4445,1.461,1.4775,1.494
2.8804,2.8362,2.785,2.7238,2.6611,2.5937,2.5262,2.4582,2.3901,2.3206,2.2508,2.171,0.8931,0.7471,0.7103,0.6835,0.672,0.6607,0.6502,0.6397,0.6293,0.6189,0.6085,0.5981,0.5877
1.4239,1.4762,1.5369,1.6095,1.6838,1.7637,1.8437,1.9243,2.005,2.0874,2.0507,1.15,0.856,0.9288,0.9723,1.0041,1.0177,1.0311,1.0436,1.056,1.0684,1.0807,1.0931,1.1054,1.1177
10.0,10.0,10.0,10.0,10.0,10.0,10.0,10.0,9.7898,9.5051,9.2188,8.8922,8.5355,8.284,8.1335,8.0237,1.824,2.3434,2.6632,2.6202,2.5775,2.5349,2.4922,2.4496,2.4071
5.9591,5.8678,5.7619,5.272,4.7024,4.1336,3.5648,2.996,2.4273,1.8587,2.0178,1.8528,1.6726,1.5456,1.4696,1.4141,1.3903,1.3669,1.3452,1.3235,1.3019,1.2804,1.2589,1.2373,1.2158
1.2553,1.3015,1.355,1.419,1.4845,1.555,1.6255,1.6966,1.7677,1.8403,1.9134,1.9967,2.0877,0.8002,0.8573,0.8853,0.8973,0.9091,0.9201,0.9311,0.942,0.9528,0.9637,0.9746,0.9854
3.1051,3.0575,3.0023,2.9363,2.8687,2.796,2.7233,2.6499,2.5766,2.5017,2.4263,2.3404,2.2465,0.6521,0.7657,0.7368,0.7245,0.7123,0.7009,0.6896,0.6784,0.6672,0.6559,0.6447,0.6335
2.9205,3.0278,3.1523,3.3012,3.4536,3.6176,3.4293,2.8821,2.335,1.7881,1.2412,1.544,1.7558,1.905,1.9944,2.0596,2.0875,2.115,2.1405,2.1661,2.1914,2.2167,2.242,2.2673,2.2926
3.7425,3.88,4.0395,4.2303,4.4256,4.6357,4.8459,5.0579,5.2699,5.4864,5.7042,5.9527,6.224,6.4153,6.5298,6.6133,1.8802,2.3996,2.743,2.7757,2.8082,2.8406,2.873,2.9054,2.9378
3.2568,3.2069,3.149,3.0798,3.0089,2.9326,2.8564,2.7794,2.7025,2.6239,2.3392,1.3118,0.9141,0.8447,0.8031,0.7728,0.7599,0.7471,0.7352,0.7233,0.7115,0.6998,0.688,0.6762,0.6645
1.2216,1.2665,1.3185,1.3808,1.4446,1.5132,1.5818,1.651,1.7202,1.7908,1.8619,1.943,0.5961,0.7969,0.8342,0.8615,0.8732,0.8847,0.8953,0.906,0.9166,0.9272,0.9378,0.9484,0.9589
5.092,5.014,4.9235,4.8152,4.7044,4.5852,4.4659,4.3457,4.2254,4.1025,3.979,3.838,3.684,3.5755,0.9214,1.2083,1.188,1.168,1.1495,1.1309,1.1125,1.0941,1.0757,1.0573,1.0389
6.2102,5.7019,5.1943,4.6877,4.1813,3.6755,3.1697,7.9431,7.4862,7.0194,6.55,6.0144,5.4295,5.0172,4.7705,4.5904,4.5133,4.4374,4.3668,4.2962,4.2263,4.1564,4.0865,4.0167,3.9468
1.53,1.5862,1.6514,1.7294,1.8093,1.8952,1.9811,2.0677,2.1544,2.2429,2.332,2.4335,2.5445,2.6227,1.0448,1.079,1.0936,1.108,1.1214,1.1348,1.148,1.1613,1.1745,1.1878,1.201
2.8554,2.8116,2.7609,2.7002,2.638,2.5712,2.5043,2.4369,2.3694,2.3005,2.2312,2.1522,2.0658,0.7406,0.7042,0.6776,0.6662,0.655,0.6446,0.6342,0.6238,0.6135,0.6032,0.5929,0.5826
1.7096,1.7724,1.8453,1.9324,2.0216,2.1176,2.2137,2.3105,2.4073,2.2755,1.5796,0.8858,1.0278,1.1152,1.1675,1.2056,1.222,1.2381,1.253,1.268,1.2828,1.2976,1.3124,1.3272,1.342
10.0,9.9902,9.9902,9.9902,9.9902,9.9902,9.9902,9.9902,9.9902,9.9902,9.9902,9.9902,9.9902,9.9902,9.9902,9.9902,9.9902,9.9902,2.8544,3.2891,3.7941,4.2992,4.8043,5.3093,5.8144
4.3522,4.2855,4.2082,4.1156,4.0209,3.919,3.8171,3.4901,2.8275,2.1653,1.5031,0.9677,1.2216,1.1288,1.0733,1.0328,1.0154,0.9983,0.9825,0.9666,0.9509,0.9351,0.9194,0.9037,0.888
1.1971,1.2411,1.2921,1.3531,1.4156,1.4828,1.55,1.6179,1.6857,1.7549,1.8246,1.9041,1.9909,0.7809,0.8175,0.8442,0.8556,0.8669,0.8774,0.8879,0.8982,0.9086,0.919,0.9293,0.9397
3.5218,3.4678,3.4052,3.3303,3.2537,3.1712,3.0887,3.0056,2.9224,2.8374,2.752,2.6544,2.548,0.6015,0.8685,0.8357,0.8217,0.8078,0.795,0.7822,0.7694,0.7567,0.744,0.7313,0.7185
5.92,5.7635,5.2504,4.7384,4.2265,3.7152,3.204,2.6928,2.1816,1.6706,2.7368,3.1298,3.5591,3.8617,4.0428,4.1749,4.2315,4.2872,4.339,4.3908,4.4421,4.4934,4.5447,4.596,4.6472
2.3167,2.4018,2.5005,2.6187,2.7395,2.8696,2.9997,3.131,3.2622,3.3962,3.531,3.6848,3.8528,3.9712,4.0421,1.4792,1.6559,1.6777,1.698,1.7182,1.7383,1.7584,1.7785,1.7985,1.8186
2.9776,2.932,2.8791,2.8158,2.751,2.6813,2.6115,2.5412,2.4709,2.399,2.3268,2.2296,0.572,0.7723,0.7343,0.7066,0.6947,0.683,0.6722,0.6613,0.6505,0.6398,0.629,0.6183,0.6075
1.3228,1.3714,1.4278,1.4952,1.5642,1.6385,1.7128,1.7877,1.8627,1.9392,2.0162,1.4599,0.5143,0.8629,0.9033,0.9328,0.9455,0.9579,0.9695,0.9811,0.9926,1.004,1.0155,1.0269,1.0384
7.7458,7.6271,7.4894,7.3247,7.1562,6.9748,6.7934,6.6104,6.4275,6.2406,6.0526,5.8382,5.604,5.4389,5.3401,1.366,1.8072,1.7768,1.7485,1.7203,1.6923,1.6643,1.6363,1.6083,1.5804
6.5859,6.0468,5.5085,4.9713,4.4342,3.8978,3.3614,2.8251,2.3914,2.9078,2.7133,2.4915,2.2492,2.0784,1.9762,1.9016,1.8696,1.8382,1.8089,1.7797,1.7507,1.7218,1.6928,1.6639,1.635
1.332,1.3809,1.4377,1.5056,1.5751,1.6499,1.7247,1.8002,1.8756,1.9527,2.0302,2.1186,2.2152,0.586,0.9096,0.9393,0.9521,0.9646,0.9763,0.9879,0.9995,1.011,1.0225,1.0341,1.0456
2.9685,2.923,2.8702,2.8071,2.7425,2.673,2.6035,2.5334,2.4632,2.3916,2.3196,2.2374,2.1476,0.7699,0.732,0.7044,0.6926,0.6809,0.6701,0.6593,0.6485,0.6378,0.6271,0.6164,0.6056
2.2694,2.3528,2.4495,2.5652,2.6837,2.8111,2.9386,3.0671,2.5136,1.9248,1.3362,0.7493,1.3644,1.4804,1.5498,1.6004,1.6221,1.6435,1.6633,1.6832,1.7029,1.7225,1.7422,1.7618,1.7815
6.3345,6.5672,6.8373,7.1602,7.4908,7.8465,8.2022,8.561,8.9198,9.1604,9.1604,9.1604,9.1604,9.1604,9.1604,9.1604,9.1604,9.1604,2.8389,3.3539,3.8689,4.384,4.8629,4.9177,4.9726
3.5617,3.5072,3.4438,3.3681,3.2906,3.2072,3.1238,3.0397,2.9555,2.7445,1.9051,1.0683,0.9997,0.9238,0.8783,0.8452,0.831,0.817,0.804,0.791,0.7782,0.7653,0.7524,0.7396,0.7267
1.1977,1.2417,1.2927,1.3538,1.4163,1.4836,1.5508,1.6187,1.6865,1.7558,1.8255,1.905,1.3743,0.7813,0.8179,0.8446,0.8561,0.8673,0.8778,0.8883,0.8987,0.9091,0.9194,0.9298,0.9402
4.2971,4.2313,4.1549,4.0635,3.97,3.8694,3.7688,3.6673,3.5658,3.4621,3.3578,3.2389,3.1089,3.0173,1.0257,1.0197,1.0026,0.9857,0.97,0.9544,0.9388,0.9233,0.9078,0.8922,0.8767
6.162,5.6576,5.1539,4.6513,4.1488,3.6469,3.1451,2.6433,8.9321,8.9321,8.9321,8.9321,8.9321,8.9321,8.9321,8.9321,8.9321,8.9321,8.9321,8.9321,8.9321,8.9321,8.9321,8.9321,8.9321
1.7382,1.802,1.8761,1.9648,2.0555,2.1531,2.2507,2.3491,2.4476,2.5482,2.6493,2.7647,2.8907,2.9796,1.0529,1.2258,1.2424,1.2588,1.274,1.2892,1.3042,1.3193,1.3344,1.3494,1.3645
2.8668,2.8229,2.7719,2.711,2.6486,2.5815,2.5143,2.4466,2.3789,2.3097,2.2402,2.1608,1.9013,0.7435,0.707,0.6803,0.6689,0.6576,0.6472,0.6367,0.6263,0.616,0.6056,0.5953,0.5849
1.5191,1.5749,1.6397,1.7172,1.7964,1.8817,1.9671,2.0531,2.1391,2.227,1.8381,1.0307,0.9133,0.9909,1.0374,1.0713,1.0858,1.1001,1.1134,1.1267,1.1399,1.1531,1.1662,1.1794,1.1925
8.7149,8.7149,8.7149,8.7149,8.7149,8.7149,8.7149,8.7149,8.7149,8.7149,8.7149,8.7149,8.7149,8.7149,8.7149,8.7149,8.7149,8.7149,2.8283,3.3414,3.8545,3.8337,3.7693,3.7048,3.6404
5.2145,5.1346,5.0419,4.931,4.8175,4.3648,3.7642,3.1636,2.563,1.9627,1.3625,1.6212,1.4636,1.3524,1.2859,1.2374,1.2166,1.1961,1.1771,1.1581,1.1392,1.1204,1.1015,1.0827,1.0639
1.2308,1.2761,1.3285,1.3913,1.4555,1.5246,1.5937,1.6635,1.7332,1.8044,1.876,1.9577,2.047,0.8029,0.8405,0.868,0.8798,0.8914,0.9021,0.9129,0.9236,0.9342,0.9449,0.9555,0.9662
3.2484,3.1986,3.1409,3.0718,3.0011,2.9251,2.849,2.7723,2.6955,2.6172,2.5383,2.4484,2.3502,0.5548,0.8011,0.7708,0.7579,0.7451,0.7333,0.7214,0.7097,0.698,0.6862,0.6745,0.6628
3.6189,3.7519,3.9062,4.0907,4.2795,3.8676,3.3354,2.8032,2.2711,1.7391,1.2073,1.9133,2.1757,2.3607,2.4714,2.5521,2.5867,2.6208,2.6524,2.6841,2.7155,2.7469,2.7782,2.8095,2.8409
3.0253,3.1364,3.2654,3.4197,3.5775,3.7474,3.9173,4.0887,4.26,4.4351,4.6111,4.812,5.0313,5.186,5.2785,1.491,1.9375,2.1909,2.2173,2.2438,2.27,2.2963,2.3225,2.3487,2.3749
3.1404,3.0923,3.0364,2.9697,2.9013,2.8278,2.7543,2.6801,2.6059,2.5301,2.4539,1.5554,0.8814,0.8145,0.7744,0.7452,0.7327,0.7204,0.7089,0.6975,0.6861,0.6747,0.6634,0.6521,0.6407
1.257,1.3032,1.3568,1.4209,1.4865,1.5571,1.6277,1.6989,1.7701,1.8428,1.916,1.9994,0.4888,0.82,0.8584,0.8865,0.8985,0.9103,0.9213,0.9323,0.9432,0.9541,0.965,0.9759,0.9868
5.8544,5.7647,5.6606,5.5362,5.4088,5.2717,5.1346,4.9963,4.858,4.7168,4.5747,4.4126,4.2356,4.1108,0.9253,1.3892,1.3659,1.3429,1.3216,1.3002,1.279,1.2579,1.2367,1.2156,1.1945
6.3422,5.8231,5.3047,4.7873,4.2701,3.7536,3.2371,2.7206,4.8518,4.5493,4.2451,3.898,3.5189,3.2517,3.0918,2.9751,2.9251,2.8759,2.8302,2.7844,2.7391,2.6938,2.6485,2.6032,2.558
1.4461,1.4993,1.5609,1.6346,1.7101,1.7913,1.8725,1.9544,2.0363,2.12,2.2042,2.3002,2.405,0.6362,0.9875,1.0198,1.0336,1.0473,1.0599,1.0726,1.0851,1.0976,1.1102,1.1227,1.1352
2.8948,2.8504,2.799,2.7374,2.6744,2.6066,2.5389,2.4705,2.4021,2.3323,2.262,2.1819,2.0943,0.7508,0.7139,0.6869,0.6754,0.664,0.6535,0.6429,0.6324,0.622,0.6115,0.6011,0.5906
1.8861,1.9554,2.0358,2.1319,2.2304,2.3363,2.4422,2.549,2.6558,2.1251,1.4752,0.8272,1.1339,1.2303,1.288,1.3301,1.3481,1.3659,1.3824,1.3989,1.4152,1.4316,1.4479,1.4642,1.4806
8.0766,8.0766,8.0766,8.0766,8.0766,8.0766,8.0766,8.0766,8.0766,8.0766,8.0766,8.0766,8.0766,8.0766,8.0766,8.0766,8.0766,2.3076,2.8022,3.3105,3.8189,4.3272,4.8356,5.344,5.8523
4.0078,3.9464,3.8751,3.7899,3.7027,3.6089,3.515,3.4203,3.0733,2.3535,1.6337,0.9161,1.1249,1.0395,0.9883,0.951,0.9351,0.9193,0.9047,0.8901,0.8756,0.8611,0.8466,0.8322,0.8177
1.1963,1.2402,1.2912,1.3522,1.4146,1.4818,1.549,1.6168,1.6845,1.7537,1.8233,1.9028,1.9895,0.7803,0.8169,0.8436,0.8551,0.8663,0.8768,0.8873,0.8976,0.908,0.9184,0.9287,0.9391
3.7799,3.722,3.6548,3.5745,3.4922,3.4037,3.3152,3.2259,3.1366,3.0454,2.9537,2.849,2.7347,2.6542,0.9322,0.897,0.8819,0.8671,0.8533,0.8395,0.8258,0.8122,0.7985,0.7849,0.7712
6.2277,5.7179,5.2088,4.7008,4.193,3.6858,3.1786,2.6714,2.1643,4.0492,4.6322,5.2975,6.024,6.5362,6.8426,7.0663,7.1621,7.2564,7.3441,7.4317,7.5186,7.6054,7.6922,7.779,7.8657
2.0532,2.1287,2.2162,2.3209,2.428,2.5433,2.6586,2.7749,2.8912,3.01,3.1295,3.2658,3.4147,3.5196,0.9661,1.448,1.4676,1.4869,1.5049,1.5228,1.5407,1.5584,1.5762,1.594,1.6118
2.932,2.8871,2.835,2.7726,2.7088,2.6402,2.5715,2.5023,2.433,2.3623,2.2911,2.2099,0.6806,0.7604,0.7231,0.6958,0.6841,0.6726,0.6619,0.6512,0.6406,0.63,0.6194,0.6088,0.5982
1.3906,1.4417,1.501,1.5719,1.6445,1.7226,1.8007,1.8795,1.9582,2.0387,2.1196,1.2582,0.8361,0.9071,0.9497,0.9807,0.994,1.0071,1.0193,1.0314,1.0435,1.0555,1.0676,1.0796,1.0917
7.7283,7.7283,7.7283,7.7283,7.7283,7.7283,7.7283,7.7283,7.7283,7.7283,7.7214,7.4478,7.1491,6.9384,6.8124,6.7204,1.8657,2.2667,2.2306,2.1946,2.1588,2.1231,2.0874,2.0518,2.0161
6.6429,6.3009,5.74,5.1802,4.6206,4.0616,3.5027,2.9439,2.385,1.8264,2.2493,2.0654,1.8645,1.7229,1.6382,1.5763,1.5499,1.5238,1.4996,1.4753,1.4513,1.4273,1.4033,1.3793,1.3553
1.2905,1.338,1.393,1.4588,1.5261,1.5986,1.6711,1.7442,1.8173,1.8919,1.967,2.0527,2.1463,0.7035,0.8813,0.9101,0.9224,0.9346,0.9459,0.9572,0.9684,0.9795,0.9907,1.0019,1.0131
3.0679,3.0209,2.9664,2.9011,2.8344,2.7625,2.6907,2.6182,2.5458,2.4717,2.3973,2.3124,2.2196,0.7464,0.7566,0.728,0.7158,0.7037,0.6925,0.6814,0.6703,0.6592,0.6481,0.637,0.6259
2.6459,2.7431,2.8559,2.9908,3.1289,3.2775,3.4261,2.979,2.4135,1.8482,1.2829,1.3989,1.5907,1.7259,1.8069,1.8659,1.8912,1.9161,1.9393,1.9624,1.9854,2.0083,2.0312,2.0541,2.077
4.4622,4.6262,4.8164,5.0439,5.2767,5.5273,5.7779,6.0306,6.2834,6.5416,6.8012,7.0975,7.4211,7.5255,7.5255,7.5255,7.5255,2.3832,2.9114,3.3095,3.3482,3.3869,3.4256,3.4642,3.5028
3.386,3.3341,3.2739,3.2019,3.1282,3.0489,2.9697,2.8897,2.8097,2.728,2.1636,1.2133,0.9504,0.8782,0.835,0.8035,0.79,0.7767,0.7643,0.752,0.7398,0.7275,0.7153,0.7031,0.6908
1.2192,1.2639,1.3159,1.3781,1.4417,1.5102,1.5786,1.6477,1.7167,1.7873,1.8582,1.9392,0.7653,0.7953,0.8326,0.8598,0.8714,0.8829,0.8936,0.9042,0.9148,0.9254,0.9359,0.9465,0.957
4.7823,4.709,4.624,4.5223,4.4183,4.3063,4.1943,4.0813,3.9684,3.853,3.7369,3.6045,3.4599,3.358,0.9642,1.1348,1.1158,1.097,1.0796,1.0621,1.0448,1.0275,1.0103,0.993,0.9757
6.2272,5.7174,5.2084,4.7005,4.1927,3.6855,3.1783,2.6712,2.1641,7.3707,7.3707,7.3707,7.3707,7.3707,7.34,7.063,6.9444,6.8275,6.7189,6.6103,6.5027,6.3951,6.2876,6.1802,6.0727
1.6128,1.672,1.7408,1.823,1.9072,1.9977,2.0883,2.1797,2.271,2.3643,2.4582,2.5653,2.6822,2.7646,1.1014,1.1374,1.1528,1.168,1.1821,1.1962,1.2102,1.2241,1.2381,1.2521,1.266
2.8764,2.8324,2.7812,2.7201,2.6575,2.5901,2.5228,2.4548,2.3869,2.3175,2.2477,2.168,2.0811,0.746,0.7093,0.6826,0.6711,0.6598,0.6493,0.6388,0.6284,0.618,0.6076,0.5973,0.5869
1.6409,1.7012,1.7711,1.8548,1.9404,2.0325,2.1247,2.2176,2.3106,2.4055,1.6793,0.9417,0.9865,1.0704,1.1205,1.1572,1.1729,1.1883,1.2027,1.217,1.2312,1.2455,1.2597,1.2739,1.2881
7.2222,7.2222,7.2222,7.2222,7.2222,7.2222,7.2222,7.2222,7.2222,7.2222,7.2222,7.2222,7.2222,7.2222,7.2222,7.2222,7.2222,2.3063,2.8174,3.3285,3.8397,4.3508,4.8619,5.3731,5.8842
4.6742,4.6026,4.5195,4.4201,4.3184,4.2089,4.0187,3.3775,2.7363,2.0954,1.4546,1.4533,1.3119,1.2123,1.1527,1.1092,1.0905,1.0722,1.0551,1.0381,1.0212,1.0043,0.9874,0.9705,0.9537
1.2171,1.2618,1.3137,1.3757,1.4392,1.5076,1.5759,1.6449,1.7138,1.7842,1.8551,1.9359,2.0241,0.7939,0.8311,0.8583,0.8699,0.8814,0.892,0.9027,0.9132,0.9238,0.9343,0.9449,0.9554
3.4326,3.38,3.3189,3.246,3.1713,3.0909,3.0105,2.9294,2.8484,2.7655,2.6823,2.5872,2.4834,0.5863,0.8465,0.8145,0.8009,0.7874,0.7749,0.7623,0.7499,0.7375,0.7251,0.7127,0.7003
4.7901,4.9661,5.1703,4.8404,4.3175,3.7952,3.273,2.7508,2.2286,1.7066,1.1971,2.5325,2.8798,3.1246,3.2711,3.378,3.4238,3.4689,3.5108,3.5527,3.5943,3.6358,3.6773,3.7188,3.7602
2.5606,2.6547,2.7639,2.8944,3.0281,3.1718,3.3156,3.4607,3.6057,3.7539,3.9029,4.0729,4.2586,4.3894,4.4678,1.4509,1.8303,1.8544,1.8768,1.8992,1.9214,1.9436,1.9658,1.9879,2.0101
3.0568,3.01,2.9557,2.8907,2.8241,2.7526,2.681,2.6088,2.5366,2.4628,2.3887,1.9241,0.5873,0.7928,0.7538,0.7254,0.7132,0.7012,0.69,0.6789,0.6678,0.6568,0.6458,0.6347,0.6237
1.305,1.3529,1.4085,1.4751,1.5432,1.6164,1.6897,1.7636,1.8376,1.9131,1.989,1.6498,0.5074,0.8512,0.8911,0.9203,0.9327,0.945,0.9564,0.9679,0.9792,0.9905,1.0018,1.0131,1.0244
6.9366,6.8304,6.7071,6.5596,6.4086,6.2462,6.0838,5.9199,5.7561,5.5887,5.4204,5.2283,5.0186,4.8707,4.7823,1.4096,1.6184,1.5912,1.5659,1.5406,1.5155,1.4904,1.4654,1.4403,1.4153
6.5318,5.9971,5.4632,4.9304,4.3978,3.8658,3.3338,2.8019,2.27,3.3955,3.1684,2.9093,2.6264,2.4269,2.3076,2.2205,2.1832,2.1465,2.1123,2.0782,2.0444,2.0105,1.9767,1.943,1.9092
1.3823,1.4331,1.492,1.5625,1.6346,1.7123,1.7899,1.8682,1.9465,2.0265,2.1069,2.1987,2.2989,0.6081,0.944,0.9748,0.988,1.0011,1.0131,1.0252,1.0372,1.0492,1.0612,1.0732,1.0851
2.9588,2.9135,2.8609,2.798,2.7336,2.6643,2.595,2.5252,2.4553,2.3839,2.3121,2.2302,2.1407,0.7674,0.7297,0.7021,0.6903,0.6787,0.6679,0.6571,0.6464,0.6357,0.6251,0.6144,0.6037
2.1193,2.1971,2.2875,2.3955,2.5061,2.6251,2.7441,2.8642,2.6247,2.0099,1.3952,0.7824,1.2741,1.3824,1.4472,1.4945,1.5148,1.5348,1.5533,1.5718,1.5902,1.6086,1.6269,1.6453,1.6636
6.7783,6.7783,6.7783,6.7783,6.7783,6.7783,6.7783,6.7783,6.7783,6.7783,6.7783,6.7783,6.7783,6.7783,6.7783,6.7783,6.7783,2.3275,2.8433,3.3591,3.8749,4.3908,4.9066,5.4224,5.9382
3.7449,3.6876,3.621,3.5414,3.4599,3.3722,3.2845,3.196,3.1076,2.5974,1.803,1.0111,1.0511,0.9713,0.9235,0.8887,0.8737,0.859,0.8454,0.8317,0.8182,0.8046,0.7911,0.7776,0.7641
1.2051,1.2494,1.3008,1.3622,1.4251,1.4928,1.5605,1.6287,1.697,1.7667,1.8368,1.9169,2.0042,0.7861,0.823,0.8499,0.8614,0.8727,0.8833,0.8938,0.9043,0.9147,0.9252,0.9356,0.946
4.1106,4.0477,3.9746,3.8872,3.7977,3.7015,3.6052,3.5081,3.411,3.3118,3.2121,3.0983,2.974,2.8864,1.0137,0.9754,0.9591,0.9429,0.9279,0.9129,0.8981,0.8832,0.8684,0.8535,0.8387
6.2289,5.719,5.2099,4.7018,4.1938,3.6865,3.1792,2.672,2.1647,6.6524,6.6524,6.6524,6.6524,6.6524,6.6524,6.6524,6.6524,6.6524,6.6524,6.6524,6.6524,6.6524,6.6524,6.6524,6.6524
1.8593,1.9276,2.0069,2.1017,2.1987,2.3031,2.4075,2.5128,2.6181,2.7257,2.8339,2.9574,3.0922,3.1872,1.0162,1.3112,1.329,1.3465,1.3627,1.379,1.3951,1.4112,1.4274,1.4435,1.4595
2.9113,2.8667,2.815,2.7531,2.6897,2.6215,2.5534,2.4846,2.4158,2.3456,2.2749,2.1943,1.1349,0.7551,0.7179,0.6909,0.6792,0.6678,0.6572,0.6466,0.6361,0.6255,0.615,0.6045,0.594
1.4774,1.5317,1.5946,1.67,1.7471,1.83,1.913,1.9967,2.0803,2.1658,1.9885,1.1151,0.8882,0.9637,1.0089,1.0419,1.056,1.0699,1.0828,1.0957,1.1086,1.1214,1.1342,1.147,1.1597
6.5312,6.5312,6.5312,6.5312,6.5312,6.5312,6.5312,6.5312,6.5312,6.5312,6.5312,6.5312,6.5312,6.5312,6.5312,6.5312,1.8661,2.3622,2.8857,3.0494,2.9998,2.9501,2.9005,2.851,2.8014
5.7224,5.6347,5.533,5.4113,4.8614,4.2733,3.6853,3.0973,2.5093,1.9216,1.4308,1.7792,1.6061,1.4842,1.4112,1.3579,1.3351,1.3126,1.2918,1.2709,1.2502,1.2295,1.2088,1.1882,1.1675
1.2619,1.3083,1.3621,1.4264,1.4923,1.5631,1.634,1.7055,1.7769,1.8499,1.9234,2.0072,2.0987,0.8232,0.8617,0.8899,0.902,0.9139,0.9249,0.9359,0.9469,0.9578,0.9687,0.9797,0.9906
3.1995,3.1504,3.0936,3.0255,2.9559,2.881,2.8061,2.7305,2.6549,2.5777,2.5001,2.4115,2.3148,0.6179,0.789,0.7592,0.7465,0.7339,0.7222,0.7106,0.699,0.6874,0.6759,0.6643,0.6528
3.1949,3.3123,3.4485,3.6114,3.7781,3.9575,3.437,2.8886,2.3403,1.7921,1.244,1.6891,1.9208,2.0841,2.1818,2.2531,2.2836,2.3137,2.3417,2.3696,2.3973,2.425,2.4527,2.4803,2.508
3.4759,3.6036,3.7518,3.929,4.1103,4.3055,4.5007,4.6976,4.8945,5.0956,5.2979,5.5286,5.7807,5.9583,6.0646,6.1422,1.9188,2.4651,2.5476,2.578,2.6081,2.6383,2.6684,2.6985,2.7286
3.2536,3.2038,3.1459,3.0768,3.006,2.9298,2.8536,2.7767,2.6999,2.6214,2.5215,1.414,0.9132,0.8439,0.8024,0.7721,0.7591,0.7463,0.7345,0.7226,0.7108,0.6991,0.6873,0.6756,0.6638
1.2514,1.2973,1.3507,1.4145,1.4798,1.5501,1.6203,1.6912,1.7621,1.8345,1.9073,1.9904,0.5355,0.8163,0.8546,0.8825,0.8944,0.9062,0.9172,0.9281,0.939,0.9498,0.9607,0.9715,0.9823
5.4312,5.348,5.2515,5.136,5.0178,4.8906,4.7635,4.6352,4.5069,4.3758,4.244,4.0937,3.9294,3.8137,0.9173,1.2888,1.2672,1.2459,1.226,1.2062,1.1866,1.167,1.1473,1.1277,1.1081
6.274,5.8251,5.3065,4.789,4.2716,3.7549,3.2382,2.7216,2.2049,1.7926,5.4948,5.0455,4.5548,4.2089,4.0019,3.8509,3.7862,3.7225,3.6633,3.6041,3.5454,3.4868,3.4282,3.3696,3.311
1.517,1.5727,1.6374,1.7147,1.7939,1.8791,1.9643,2.0502,2.1361,2.2239,2.3122,2.4129,2.5229,2.6004,1.0359,1.0698,1.0843,1.0986,1.1119,1.1251,1.1383,1.1514,1.1646,1.1777,1.1908
2.9095,2.8649,2.8132,2.7513,2.688,2.6199,2.5517,2.483,2.4143,2.3441,2.2735,2.1929,2.105,0.7546,0.7175,0.6904,0.6788,0.6674,0.6568,0.6462,0.6356,0.6251,0.6146,0.6041,0.5936
1.7975,1.8635,1.9402,2.0318,2.1256,2.2265,2.3275,2.4293,2.5311,2.2458,1.5589,0.8742,1.0806,1.1725,1.2275,1.2676,1.2848,1.3017,1.3174,1.3332,1.3488,1.3643,1.3799,1.3955,1.411
6.166,6.166,6.166,6.166,6.166,6.166,6.166,6.166,6.166,6.166,6.166,6.166,6.166,6.166,6.166,6.166,1.8028,2.3161,2.8294,3.3427,3.856,4.3693,4.8826,5.396,5.9093
4.2719,4.2064,4.1305,4.0397,3.9467,3.8467,3.7466,3.6457,2.9574,2.2647,1.5721,0.9498,1.199,1.108,1.0535,1.0137,0.9967,0.9799,0.9643,0.9487,0.9333,0.9179,0.9024,0.887,0.8716
1.2135,1.2581,1.3098,1.3717,1.435,1.5031,1.5713,1.64,1.7087,1.779,1.8496,1.9301,2.0181,0.7916,0.8287,0.8558,0.8674,0.8788,0.8894,0.9,0.9105,0.9211,0.9316,0.9421,0.9526
3.6672,3.611,3.5458,3.4679,3.3881,3.3022,3.2163,3.1297,3.0431,2.9546,2.8656,2.7641,2.6532,2.575,0.9044,0.8702,0.8556,0.8412,0.8278,0.8145,0.8012,0.7879,0.7747,0.7615,0.7482
6.0617,5.8271,5.3083,4.7906,4.2731,3.7562,3.2393,2.7225,2.2057,1.689,3.2917,3.7645,4.2808,4.6447,4.8625,5.0215,5.0895,5.1566,5.2188,5.2811,5.3429,5.4046,5.4663,5.5279,5.5896
2.2394,2.3217,2.4172,2.5313,2.6482,2.774,2.8997,3.0266,3.1534,3.283,3.4133,3.562,3.7244,3.8388,3.9073,1.5344,1.6007,1.6218,1.6414,1.6609,1.6804,1.6998,1.7192,1.7386,1.758
3.0023,2.9563,2.9029,2.8391,2.7737,2.7034,2.6331,2.5622,2.4913,2.4189,2.346,2.2629,0.5768,0.7787,0.7404,0.7124,0.7005,0.6887,0.6777,0.6668,0.6559,0.6451,0.6342,0.6234,0.6125
1.3674,1.4176,1.4759,1.5456,1.617,1.6937,1.7705,1.848,1.9254,2.0046,2.0841,1.3951,0.8221,0.8919,0.9338,0.9643,0.9774,0.9902,1.0022,1.0142,1.026,1.0379,1.0497,1.0615,1.0734
5.9609,5.9609,5.9609,5.9609,5.9609,5.9609,5.9609,5.9609,5.9609,5.9609,5.9609,5.9609,5.9609,5.9609,5.9066,1.3733,1.9199,1.9653,1.934,1.9028,1.8718,1.8408,1.8099,1.779,1.748
5.9362,5.9362,5.6763,5.1227,4.5693,4.0166,3.4639,2.9112,2.3586,1.8061,2.551,2.3424,2.1146,1.954,1.8579,1.7878,1.7578,1.7282,1.7007,1.6732,1.646,1.6188,1.5915,1.5643,1.5371
1.335,1.3841,1.441,1.509,1.5787,1.6537,1.7286,1.8043,1.8799,1.9571,2.0348,2.1234,2.2202,0.6324,0.9117,0.9415,0.9542,0.9668,0.9785,0.9902,1.0017,1.0133,1.0249,1.0364,1.048
3.05,3.0033,2.949,2.8842,2.8178,2.7464,2.675,2.603,2.5309,2.4573,2.3833,2.2989,2.2066,0.7911,0.7521,0.7238,0.7116,0.6996,0.6885,0.6774,0.6663,0.6553,0.6443,0.6333,0.6223
2.4359,2.5253,2.6292,2.7534,2.8805,3.0173,3.1541,3.0991,2.5108,1.9227,1.3347,0.7705,1.4644,1.5889,1.6634,1.7178,1.7411,1.764,1.7853,1.8066,1.8277,1.8489,1.87,1.8911,1.9121
5.5378,5.7413,5.8395,5.8395,5.8395,5.8395,5.8395,5.8395,5.8395,5.8395,5.8395,5.8395,5.8395,5.8395,5.8395,5.8395,1.8534,2.3811,2.9089,3.4366,3.9643,4.2033,4.2513,4.2992,4.3472
3.5444,3.4901,3.4271,3.3518,3.2746,3.1916,3.1086,3.0249,2.9412,2.8557,2.0264,1.1363,0.9948,0.9193,0.8741,0.8411,0.827,0.813,0.8001,0.7872,0.7744,0.7616,0.7488,0.736,0.7232
1.224,1.2689,1.3211,1.3835,1.4474,1.5161,1.5848,1.6542,1.7235,1.7943,1.8655,1.9468,1.0689,0.7984,0.8358,0.8632,0.8748,0.8864,0.8971,0.9078,0.9184,0.929,0.9396,0.9502,0.9608
4.5386,4.4691,4.3884,4.2919,4.1932,4.0869,3.9806,3.8734,3.7662,3.6567,3.5465,3.4209,3.2836,3.1869,1.0164,1.077,1.0589,1.0411,1.0245,1.008,0.9916,0.9752,0.9588,0.9424,0.926
5.7459,5.7459,5.2533,4.741,4.2288,3.7173,3.2057,2.6943,2.1828,1.6715,5.7459,5.7459,5.7459,5.7459,5.7459,5.7459,5.7459,5.7459,5.7459,5.7459,5.7459,5.7459,5.7459,5.7459,5.7459
1.7137,1.7766,1.8497,1.937,2.0265,2.1227,2.2189,2.316,2.4131,2.5122,2.6119,2.7257,2.85,2.9375,1.1058,1.2085,1.2249,1.241,1.256,1.271,1.2858,1.3007,1.3155,1.3304,1.3452
2.9146,2.87,2.8181,2.7562,2.6927,2.6245,2.5562,2.4874,2.4186,2.3482,2.2775,2.1968,2.1087,0.7559,0.7188,0.6916,0.68,0.6686,0.6579,0.6473,0.6368,0.6262,0.6157,0.6052,0.5947
1.5878,1.6461,1.7138,1.7948,1.8776,1.9668,2.0559,2.1459,2.2358,2.3277,1.8012,1.01,0.9546,1.0357,1.0843,1.1197,1.1349,1.1499,1.1637,1.1776,1.1914,1.2052,1.2189,1.2327,1.2464
5.6552,5.6552,5.6552,5.6552,5.6552,5.6552,5.6552,5.6552,5.6552,5.6552,5.6552,5.6552,5.6552,5.6552,5.6552,5.6552,1.8274,2.3477,2.868,3.3883,3.9086,4.4289,4.7693,4.6878,4.6063
5.0711,4.9934,4.9033,4.7955,4.6851,4.5433,3.9181,3.293,2.6679,2.043,1.4182,1.5767,1.4233,1.3153,1.2506,1.2034,1.1832,1.1633,1.1448,1.1263,1.1079,1.0896,1.0713,1.053,1.0347
1.2448,1.2905,1.3436,1.407,1.472,1.5419,1.6118,1.6823,1.7528,1.8248,1.8973,1.9799,2.0702,0.812,0.85,0.8778,0.8897,0.9014,0.9123,0.9232,0.934,0.9448,0.9556,0.9664,0.9771
3.369,3.3174,3.2575,3.1859,3.1125,3.0337,2.9548,2.8752,2.7956,2.7143,2.6326,2.5393,2.4374,0.5754,0.8308,0.7995,0.786,0.7728,0.7605,0.7482,0.736,0.7239,0.7117,0.6995,0.6874
4.0568,4.2058,4.3788,4.5856,4.4372,3.9005,3.3637,2.8271,2.2904,1.7539,1.2175,2.1448,2.4389,2.6463,2.7703,2.8609,2.8997,2.9379,2.9733,3.0088,3.044,3.0792,3.1143,3.1494,3.1846
2.8736,2.9792,3.1017,3.2482,3.3981,3.5595,3.7209,3.8836,4.0464,4.2127,4.3799,4.5707,4.779,4.9259,5.0138,1.4326,2.0028,2.081,2.1062,2.1313,2.1562,2.1811,2.206,2.2309,2.2558
3.1577,3.1093,3.0531,2.986,2.9173,2.8434,2.7694,2.6948,2.6202,2.5441,2.4674,1.7057,0.6066,0.819,0.7787,0.7493,0.7367,0.7243,0.7128,0.7013,0.6899,0.6785,0.6671,0.6557,0.6443
1.2956,1.3432,1.3984,1.4644,1.5321,1.6048,1.6776,1.7509,1.8243,1.8993,1.9747,1.9031,0.5037,0.8451,0.8847,0.9136,0.926,0.9382,0.9496,0.9609,0.9721,0.9834,0.9946,1.0058,1.017
5.4822,5.4822,5.4822,5.4822,5.4822,5.4822,5.4822,5.4005,5.251,5.0983,4.9448,4.7696,4.5782,4.4433,4.3626,1.4641,1.4764,1.4516,1.4285,1.4054,1.3825,1.3596,1.3368,1.3139,1.2911
5.4613,5.4613,5.4518,4.9201,4.3886,3.8577,3.3268,2.7961,2.2653,1.7347,3.8168,3.5047,3.1639,2.9236,2.7798,2.6749,2.63,2.5857,2.5446,2.5035,2.4627,2.422,2.3813,2.3406,2.2999
1.4442,1.4973,1.5589,1.6325,1.7079,1.789,1.8701,1.9519,2.0337,2.1173,2.2013,2.2972,2.4019,0.6354,0.9863,1.0185,1.0323,1.0459,1.0585,1.0712,1.0837,1.0962,1.1087,1.1212,1.1337
2.9671,2.9216,2.8689,2.8058,2.7412,2.6718,2.6023,2.5322,2.4621,2.3905,2.3185,2.2364,2.1467,0.7695,0.7317,0.7041,0.6923,0.6806,0.6698,0.659,0.6482,0.6375,0.6268,0.6161,0.6054
2.0018,2.0753,2.1607,2.2627,2.3672,2.4796,2.592,2.7054,2.7603,2.1138,1.4673,0.8228,1.2035,1.3058,1.367,1.4117,1.4308,1.4497,1.4672,1.4847,1.502,1.5194,1.5367,1.5541,1.5714
5.3794,5.3794,5.3794,5.3794,5.3794,5.3794,5.3794,5.3794,5.3794,5.3794,5.3794,5.3794,5.3794,5.3794,5.3794,5.3794,1.8253,2.345,2.8647,3.3844,3.9041,4.4238,4.9435,5.3794,5.3794
3.968,3.9072,3.8366,3.7523,3.6659,3.573,3.4801,3.3864,3.2415,2.4823,1.7231,0.9663,1.1137,1.0291,0.9785,0.9416,0.9258,0.9102,0.8957,0.8813,0.8669,0.8526,0.8382,0.8239,0.8096
1.2198,1.2646,1.3166,1.3788,1.4425,1.511,1.5795,1.6486,1.7177,1.7883,1.8592,1.9402,2.0287,0.7957,0.833,0.8602,0.8719,0.8834,0.8941,0.9047,0.9153,0.9259,0.9364,0.947,0.9576
3.9662,3.9054,3.8349,3.7506,3.6643,3.5714,3.4785,3.3849,3.2912,3.1955,3.0992,2.9894,2.8695,2.785,0.9781,0.9412,0.9254,0.9098,0.8953,0.8809,0.8665,0.8522,0.8379,0.8235,0.8092
5.2998,5.2998,5.2977,4.781,4.2645,3.7487,3.2328,2.717,2.2012,1.6857,5.2998,5.2998,5.2998,5.2998,5.2998,5.2998,5.2998,5.2998,5.2998,5.2998,5.2998,5.2998,5.2998,5.2998,5.2998
2.0079,2.0817,2.1673,2.2697,2.3745,2.4872,2.6,2.7137,2.8274,2.9436,3.0605,3.1938,3.3394,3.442,0.9885,1.416,1.4352,1.4541,1.4717,1.4892,1.5067,1.5241,1.5415,1.5588,1.5762
2.9742,2.9286,2.8758,2.8125,2.7478,2.6782,2.6085,2.5383,2.468,2.3962,2.3241,2.2417,0.8179,0.7714,0.7335,0.7058,0.6939,0.6822,0.6714,0.6605,0.6498,0.639,0.6283,0.6176,0.6068
1.4472,1.5004,1.5621,1.6359,1.7114,1.7927,1.8739,1.9559,2.0379,2.1216,2.1753,1.2199,0.8701,0.944,0.9883,1.0206,1.0344,1.0481,1.0607,1.0734,1.0859,1.0985,1.111,1.1235,1.1361
5.2226,5.2226,5.2226,5.2226,5.2226,5.2226,5.2226,5.2226,5.2226,5.2226,5.2226,5.2226,5.2226,5.2226,5.2226,5.2226,1.8874,2.4248,2.5427,2.5016,2.4609,2.4202,2.3795,2.3388,2.2982
5.2036,5.2036,5.2036,5.2036,4.7921,4.2124,3.6327,3.0532,2.4736,1.8942,2.1554,1.9792,1.7867,1.651,1.5698,1.5106,1.4852,1.4602,1.437,1.4138,1.3907,1.3677,1.3447,1.3218,1.2988
1.3018,1.3496,1.4051,1.4715,1.5394,1.6125,1.6856,1.7594,1.8331,1.9084,1.9842,2.0706,2.165,0.7799,0.889,0.918,0.9305,0.9427,0.9541,0.9655,0.9768,0.9881,0.9994,1.0106,1.0219
3.1719,3.1233,3.0669,2.9995,2.9305,2.8562,2.7819,2.707,2.6321,2.5555,2.4786,2.3907,2.2948,0.7034,0.7822,0.7527,0.74,0.7276,0.716,0.7045,0.693,0.6815,0.6701,0.6586,0.6472
2.8827,2.9886,3.1116,3.2585,3.4089,3.5708,3.5644,2.9957,2.427,1.8585,1.2901,1.5241,1.7331,1.8804,1.9686,2.0329,2.0605,2.0876,2.1129,2.1381,2.1631,2.1881,2.213,2.238,2.2629
4.0956,4.246,4.4206,4.6294,4.8431,5.0731,5.1292,5.1292,5.1292,5.1292,5.1292,5.1292,5.1292,5.1292,5.1292,1.4655,1.9124,2.4568,3.0013,3.0376,3.0731,3.1086,3.1441,3.1795,3.215
3.3934,3.3415,3.2811,3.209,3.1351,3.0557,2.9762,2.8961,2.8159,2.734,2.329,1.3061,0.9525,0.8801,0.8368,0.8053,0.7917,0.7784,0.766,0.7537,0.7414,0.7291,0.7169,0.7046,0.6924
1.2534,1.2995,1.3529,1.4168,1.4822,1.5526,1.623,1.694,1.765,1.8375,1.9104,1.9936,0.6689,0.8176,0.8559,0.8839,0.8959,0.9077,0.9187,0.9296,0.9405,0.9514,0.9622,0.9731,0.9839
5.0747,5.0243,4.9335,4.8251,4.714,4.5946,4.4751,4.3545,4.234,4.1109,3.9871,3.8458,3.6915,3.5828,0.9627,1.2108,1.1905,1.1704,1.1518,1.1332,1.1148,1.0963,1.0779,1.0595,1.041
5.0568,5.0568,5.0568,4.8198,4.2991,3.7791,3.259,2.7391,2.2191,1.6993,5.0568,5.0568,5.0568,5.0568,5.0568,5.0568,5.0568,5.0568,5.0568,5.0568,5.0153,4.9323,4.8494,4.7665,4.6836
1.6033,1.6622,1.7305,1.8123,1.8959,1.986,2.076,2.1668,2.2576,2.3504,2.4437,2.5502,2.6664,2.7484,1.0949,1.1307,1.146,1.1611,1.1751,1.1891,1.203,1.2169,1.2308,1.2447,1.2586
2.9419,2.8968,2.8445,2.7819,2.7179,2.649,2.5801,2.5107,2.4412,2.3702,2.2988,2.2174,2.1284,0.763,0.7255,0.6981,0.6864,0.6748,0.6641,0.6534,0.6427,0.6321,0.6215,0.6108,0.6002
1.7288,1.7924,1.8661,1.9542,2.0444,2.1415,2.2386,2.3365,2.4344,2.3927,1.6609,0.9314,1.0394,1.1277,1.1806,1.2192,1.2357,1.252,1.2671,1.2822,1.2972,1.3122,1.3272,1.3422,1.3571
4.9864,4.9864,4.9864,4.9864,4.9864,4.9864,4.9864,4.9864,4.9864,4.9864,4.9864,4.9864,4.9864,4.9864,4.9864,4.9864,1.8313,2.3527,2.8741,3.3955,3.9169,4.4384,4.9598,4.9864,4.9864
4.5948,4.5244,4.4427,4.3451,4.2451,4.1375,4.0299,3.5418,2.8694,2.1973,1.5253,1.4286,1.2897,1.1917,1.1331,1.0903,1.072,1.054,1.0372,1.0205,1.0039,0.9872,0.9707,0.9541,0.9375
1.2384,1.2839,1.3367,1.3998,1.4644,1.5339,1.6035,1.6736,1.7438,1.8154,1.8875,1.9697,2.0595,0.8078,0.8457,0.8733,0.8851,0.8968,0.9076,0.9185,0.9292,0.9399,0.9507,0.9614,0.9721
3.5849,3.53,3.4662,3.39,3.312,3.2281,3.1441,3.0594,2.9748,2.8883,2.8013,2.702,2.5936,0.6123,0.8841,0.8507,0.8364,0.8223,0.8093,0.7962,0.7832,0.7703,0.7573,0.7444,0.7314
4.918,4.918,4.918,4.9119,4.3813,3.8513,3.3213,2.7914,2.2615,1.7318,2.5802,2.9508,3.3555,3.6407,3.8114,3.936,3.9894,4.0419,4.0907,4.1395,4.1879,4.2363,4.2847,4.333,4.3813
2.4729,2.5638,2.6692,2.7953,2.9243,3.0632,3.2021,3.3421,3.4822,3.6253,3.7692,3.9334,4.1127,4.2391,4.3147,1.5099,1.7676,1.7909,1.8125,1.8341,1.8556,1.877,1.8984,1.9198,1.9412
3.0933,3.0459,2.9909,2.9252,2.8579,2.7854,2.713,2.6399,2.5669,2.4922,2.4172,2.1613,0.5943,0.8023,0.7628,0.734,0.7217,0.7096,0.6983,0.687,0.6758,0.6646,0.6535,0.6423,0.6311
1.3536,1.4033,1.461,1.53,1.6007,1.6767,1.7527,1.8293,1.906,1.9843,2.0631,1.5712,0.5263,0.8829,0.9243,0.9546,0.9675,0.9802,0.9921,1.0039,1.0157,1.0274,1.0391,1.0508,1.0626
4.8514,4.8514,4.8514,4.8514,4.8514,4.8514,4.8514,4.8514,4.8514,4.8514,4.8514,4.8514,4.8514,4.8514,4.8514,1.4222,1.7795,1.7495,1.7217,1.6939,1.6663,1.6387,1.6112,1.5836,1.5561
4.8351,4.8351,4.8351,4.8351,4.548,3.9979,3.4477,2.8976,2.3476,1.7977,2.9549,2.7133,2.4494,2.2634,2.1521,2.0709,2.0361,2.0018,1.97,1.9382,1.9066,1.8751,1.8436,1.812,1.7805
1.3902,1.4412,1.5005,1.5714,1.6439,1.722,1.8001,1.8788,1.9575,2.038,2.1189,2.2112,2.312,0.6116,0.9493,0.9804,0.9937,1.0067,1.0189,1.0311,1.0431,1.0552,1.0672,1.0792,1.0913
3.0514,3.0046,2.9504,2.8855,2.8191,2.7477,2.6762,2.6041,2.5321,2.4584,2.3844,2.2999,2.2076,0.7914,0.7525,0.7241,0.7119,0.6999,0.6888,0.6777,0.6667,0.6556,0.6446,0.6336,0.6226
2.2741,2.3577,2.4546,2.5706,2.6892,2.8169,2.9447,3.0735,2.6302,2.0141,1.3981,0.784,1.3672,1.4834,1.553,1.6037,1.6255,1.6469,1.6668,1.6867,1.7064,1.7261,1.7458,1.7655,1.7852
4.7707,4.7707,4.7707,4.7707,4.7707,4.7707,4.7707,4.7707,4.7707,4.7707,4.7707,4.7707,4.7707,4.7707,4.7707,1.3631,1.8633,2.3939,2.9244,3.4549,3.9855,4.516,4.7707,4.7707,4.7707
3.7376,3.6803,3.6139,3.5344,3.4531,3.3656,3.2781,3.1898,3.1015,2.7656,1.9198,1.0766,1.049,0.9694,0.9217,0.8869,0.872,0.8574,0.8437,0.8301,0.8166,0.8031,0.7896,0.7761,0.7626
1.2363,1.2817,1.3344,1.3975,1.462,1.5314,1.6008,1.6708,1.7409,1.8124,1.8843,1.9664,1.7578,0.8064,0.8443,0.8719,0.8837,0.8953,0.9061,0.9169,0.9277,0.9384,0.9491,0.9598,0.9705
4.3499,4.2832,4.2059,4.1134,4.0188,3.9169,3.8151,3.7123,3.6096,3.5046,3.3991,3.2786,3.1471,3.0544,1.0727,1.0322,1.0149,0.9978,0.9819,0.9661,0.9503,0.9346,0.9189,0.9032,0.8875
4.708,4.708,4.708,4.708,4.2913,3.7722,3.2531,2.7341,2.215,1.6962,4.708,4.708,4.708,4.708,4.708,4.708,4.708,4.708,4.708,4.708,4.708,4.708,4.708,4.708,4.708
1.8367,1.9042,1.9825,2.0761,2.172,2.2751,2.3782,2.4823,2.5863,2.6926,2.7995,2.9214,3.0546,3.1485,1.0699,1.2953,1.3128,1.3301,1.3462,1.3622,1.3782,1.3941,1.41,1.4259,1.4418
2.9713,2.9258,2.873,2.8098,2.7451,2.6756,2.606,2.5358,2.4656,2.3939,2.3218,2.2396,1.5552,0.7706,0.7327,0.7051,0.6932,0.6816,0.6707,0.6599,0.6492,0.6384,0.6277,0.617,0.6062
1.5487,1.6056,1.6716,1.7505,1.8313,1.9183,2.0053,2.093,2.1807,2.2703,1.9509,1.094,0.931,1.0102,1.0576,1.0921,1.1069,1.1215,1.1351,1.1486,1.162,1.1755,1.1889,1.2023,1.2157
4.647,4.647,4.647,4.647,4.647,4.647,4.647,4.647,4.647,4.647,4.647,4.647,4.647,4.647,4.647,1.3388,1.8717,2.4046,2.9375,3.4704,3.6028,3.5432,3.4837,3.4241,3.3646
4.632,4.632,4.632,4.632,4.632,4.4625,3.8484,3.2344,2.6204,2.0066,1.393,1.7302,1.5619,1.4433,1.3724,1.3206,1.2984,1.2765,1.2562,1.2359,1.2158,1.1957,1.1756,1.1555,1.1354
1.281,1.3281,1.3827,1.448,1.5149,1.5868,1.6588,1.7313,1.8039,1.878,1.9525,2.0376,2.1305,0.8356,0.8748,0.9034,0.9157,0.9277,0.9389,0.9501,0.9612,0.9723,0.9834,0.9945,1.0056
3.3298,3.2788,3.2196,3.1488,3.0763,2.9984,2.9204,2.8417,2.7631,2.6827,2.6019,2.5097,2.4091,0.5938,0.8211,0.7902,0.7769,0.7638,0.7517,0.7395,0.7275,0.7154,0.7034,0.6914,0.6794
3.5508,3.6812,3.8326,4.0136,4.1989,4.0343,3.4791,2.924,2.3689,1.8141,1.2593,1.8772,2.1347,2.3162,2.4248,2.504,2.538,2.5714,2.6025,2.6335,2.6643,2.6951,2.7259,2.7566,2.7873
3.2839,3.4046,3.5446,3.712,3.8834,4.0677,4.2522,4.4382,4.5729,4.5729,4.5729,4.5729,4.5729,4.5729,4.5729,1.424,1.9908,2.3782,2.4069,2.4356,2.4641,2.4926,2.521,2.5494,2.5779
3.2833,3.233,3.1746,3.1048,3.0334,2.9565,2.8796,2.8021,2.7245,2.6453,2.5656,1.545,0.9215,0.8516,0.8097,0.7791,0.766,0.7531,0.7412,0.7292,0.7173,0.7055,0.6936,0.6817,0.6699
1.2946,1.3422,1.3974,1.4634,1.5309,1.6036,1.6763,1.7496,1.823,1.8979,1.9732,2.0592,0.5034,0.8445,0.8841,0.913,0.9253,0.9375,0.9489,0.9602,0.9714,0.9826,0.9938,1.005,1.0163
4.5295,4.5295,4.5295,4.5295,4.5295,4.5295,4.5295,4.5295,4.5295,4.5295,4.5295,4.4206,4.2432,4.1182,0.9269,1.3917,1.3684,1.3453,1.3239,1.3026,1.2813,1.2601,1.239,1.2178,1.1966
4.5153,4.5153,4.5153,4.5153,4.4072,3.8741,3.341,2.8079,2.2749,1.7421,1.2901,4.4081,3.9794,3.6772,3.4964,3.3644,3.3079,3.2523,3.2005,3.1488,3.0976,3.0463,2.9951,2.9439,2.8927
1.5199,1.5757,1.6405,1.718,1.7973,1.8826,1.968,2.0541,2.1402,2.2281,2.3165,2.4175,2.5277,2.6053,1.0379,1.0718,1.0864,1.1007,1.114,1.1273,1.1404,1.1536,1.1668,1.1799,1.1931
2.994,2.9481,2.8949,2.8312,2.7661,2.696,2.6258,2.5551,2.4844,2.4122,2.3395,2.2566,2.1661,0.7765,0.7383,0.7105,0.6985,0.6868,0.6759,0.6649,0.6541,0.6433,0.6325,0.6217,0.6109
1.911,1.9812,2.0626,2.1601,2.2598,2.3671,2.4744,2.5826,2.6909,2.2402,1.5551,0.8721,1.1489,1.2465,1.305,1.3476,1.3659,1.3839,1.4006,1.4173,1.4339,1.4505,1.467,1.4836,1.5001
4.4591,4.4591,4.4591,4.4591,4.4591,4.4591,4.4591,4.4591,4.4591,4.4591,4.4591,4.4591,4.4591,4.4591,4.4591,1.3236,1.8504,2.3773,2.9041,3.431,3.9578,4.4591,4.4591,4.4591,4.4591
4.2396,4.1747,4.0993,4.0092,3.9169,3.8176,3.7183,3.6182,3.1267,2.3943,1.6621,0.9427,1.19,1.0996,1.0455,1.0061,0.9892,0.9725,0.957,0.9416,0.9263,0.9109,0.8956,0.8803,0.865
1.2423,1.288,1.3409,1.4043,1.4691,1.5389,1.6086,1.679,1.7494,1.8213,1.8936,1.976,2.0661,0.8104,0.8484,0.8761,0.888,0.8997,0.9106,0.9214,0.9322,0.943,0.9537,0.9645,0.9752
3.859,3.7999,3.7313,3.6492,3.5653,3.4749,3.3845,3.2934,3.2022,3.1091,3.0155,2.9086,2.792,2.7097,0.9517,0.9157,0.9004,0.8852,0.8711,0.8571,0.8431,0.8292,0.8152,0.8013,0.7873
4.4043,4.4043,4.4043,4.4043,4.3634,3.8356,3.3078,2.78,2.2523,1.7247,1.2584,4.4043,4.4043,4.4043,4.4043,4.4043,4.4043,4.4043,4.4043,4.4043,4.4043,4.4043,4.4043,4.4043,4.4043
2.1917,2.2722,2.3656,2.4774,2.5918,2.7148,2.8379,2.962,3.0862,3.213,3.3405,3.486,3.645,3.757,1.0312,1.5456,1.5666,1.5872,1.6064,1.6255,1.6445,1.6635,1.6825,1.7015,1.7205
3.0576,3.0107,2.9564,2.8914,2.8248,2.7532,2.6816,2.6094,2.5372,2.4634,2.3892,2.3046,0.6468,0.793,0.754,0.7256,0.7134,0.7014,0.6902,0.6791,0.668,0.657,0.6459,0.6349,0.6238
1.428,1.4805,1.5413,1.6141,1.6887,1.7689,1.849,1.9299,2.0108,2.0934,2.1765,1.3515,0.8585,0.9315,0.9752,1.007,1.0207,1.0341,1.0466,1.0591,1.0715,1.0839,1.0963,1.1086,1.121
4.3508,4.3508,4.3508,4.3508,4.3508,4.3508,4.3508,4.3508,4.3508,4.3508,4.3508,4.3508,4.3508,4.3508,4.3508,1.3947,1.9498,2.2126,2.1774,2.1422,2.1073,2.0725,2.0376,2.0028,1.968
4.3377,4.3377,4.3377,4.3377,4.3377,4.1812,3.6058,3.0305,2.4552,1.8802,1.3051,2.2371,2.0196,1.8662,1.7744,1.7075,1.6788,1.6505,1.6243,1.598,1.572,1.546,1.52,1.494,1.4681
1.3518,1.4015,1.4591,1.528,1.5985,1.6745,1.7504,1.8269,1.9035,1.9817,2.0604,2.1501,2.2481,0.6973,0.9231,0.9533,0.9662,0.9789,0.9908,1.0026,1.0143,1.026,1.0377,1.0495,1.0612
3.1656,3.1171,3.0609,2.9936,2.9247,2.8505,2.7764,2.7016,2.6269,2.5505,2.4737,2.386,2.2903,0.8183,0.7807,0.7512,0.7386,0.7262,0.7146,0.7031,0.6916,0.6802,0.6687,0.6573,0.6459
2.6489,2.7462,2.8591,2.9941,3.1324,3.2811,3.4299,3.1279,2.5341,1.9406,1.3471,0.8379,1.5925,1.7279,1.8089,1.868,1.8933,1.9183,1.9414,1.9646,1.9876,2.0105,2.0335,2.0564,2.0794
4.2858,4.2858,4.2858,4.2858,4.2858,4.2858,4.2858,4.2858,4.2858,4.2858,4.2858,4.2858,4.2858,4.2858,4.2858,1.3722,1.9184,2.4646,3.0108,3.557,3.7435,3.7868,3.83,3.8732,3.9164
3.5646,3.51,3.4466,3.3708,3.2932,3.2098,3.1263,3.0421,2.9579,2.8719,2.1817,1.2234,1.0005,0.9245,0.879,0.8459,0.8317,0.8177,0.8047,0.7917,0.7788,0.7659,0.753,0.7401,0.7273
1.2635,1.3099,1.3638,1.4282,1.4941,1.5651,1.636,1.7076,1.7791,1.8523,1.9258,2.0097,0.8891,0.8242,0.8628,0.891,0.9031,0.915,0.926,0.9371,0.9481,0.959,0.9699,0.9809,0.9918
4.2477,4.2477,4.2477,4.2477,4.2477,4.2477,4.2477,4.1384,4.0239,3.9069,3.7892,3.655,3.5083,3.405,1.018,1.1507,1.1314,1.1123,1.0947,1.077,1.0594,1.0419,1.0244,1.0069,0.9894
4.2352,4.2352,4.2352,4.2352,4.2352,3.8274,3.3007,2.7741,2.2475,1.7211,1.21,4.2352,4.2352,4.2352,4.2352,4.2352,4.2352,4.2352,4.2352,4.2352,4.2352,4.2352,4.2352,4.2352,4.2352
1.7083,1.7711,1.8439,1.931,2.0202,2.1161,2.212,2.3088,2.4056,2.5044,2.6038,2.7172,2.8411,2.9284,1.1666,1.2047,1.2211,1.2371,1.2521,1.267,1.2819,1.2967,1.3115,1.3262,1.341
2.9933,2.9475,2.8943,2.8306,2.7655,2.6954,2.6253,2.5546,2.4839,2.4117,2.339,2.2562,2.1656,0.7764,0.7382,0.7103,0.6984,0.6866,0.6757,0.6648,0.654,0.6432,0.6323,0.6215,0.6107
1.6776,1.7393,1.8108,1.8963,1.9838,2.078,2.1723,2.2673,2.3623,2.4594,1.7855,1.0012,1.0086,1.0943,1.1456,1.1831,1.1991,1.2149,1.2296,1.2443,1.2588,1.2733,1.2879,1.3024,1.3169
4.1857,4.1857,4.1857,4.1857,4.1857,4.1857,4.1857,4.1857,4.1857,4.1857,4.1857,4.1857,4.1857,4.1857,4.1857,1.339,1.872,2.405,2.938,3.4709,4.0039,4.1857,4.1857,4.1857,4.1857
4.1735,4.1735,4.1735,4.1735,4.1735,4.1735,4.122,3.4644,2.8067,2.1493,1.492,1.5521,1.4012,1.2948,1.2311,1.1846,1.1647,1.1451,1.1269,1.1087,1.0907,1.0726,1.0546,1.0366,1.0185
1.2718,1.3185,1.3727,1.4376,1.504,1.5754,1.6468,1.7188,1.7909,1.8645,1.9385,2.0229,2.1151,0.8296,0.8685,0.8969,0.909,0.921,0.9321,0.9433,0.9543,0.9653,0.9763,0.9873,0.9984
3.531,3.4769,3.4142,3.3391,3.2623,3.1796,3.0969,3.0135,2.9301,2.8449,2.7592,2.6614,2.5547,0.6031,0.8708,0.8379,0.8238,0.81,0.7971,0.7842,0.7714,0.7587,0.7459,0.7332,0.7204
4.1374,4.1374,4.1374,4.1374,4.1374,3.9744,3.4274,2.8806,2.3338,1.7871,1.2406,2.4537,2.7902,3.0274,3.1693,3.2729,3.3173,3.361,3.4016,3.4422,3.4824,3.5227,3.5629,3.603,3.6432
2.7702,2.872,2.9901,3.1313,3.2758,3.4314,3.587,3.7439,3.9008,4.0611,4.1255,4.1255,4.1255,4.1255,4.1255,1.4965,1.98,2.0061,2.0304,2.0546,2.0786,2.1026,2.1266,2.1506,2.1746
3.2082,3.1591,3.102,3.0338,2.964,2.8889,2.8138,2.738,2.6622,2.5848,2.507,1.9009,0.6163,0.8321,0.7912,0.7613,0.7485,0.7359,0.7242,0.7125,0.7009,0.6893,0.6777,0.6662,0.6546
1.3492,1.3988,1.4563,1.5251,1.5955,1.6712,1.747,1.8234,1.8998,1.9779,2.0564,1.8028,0.5246,0.8801,0.9213,0.9515,0.9644,0.9771,0.9889,1.0007,1.0124,1.0241,1.0357,1.0474,1.0591
4.0902,4.0902,4.0902,4.0902,4.0902,4.0902,4.0902,4.0902,4.0902,4.0902,4.0902,4.0902,4.0902,4.0902,4.0902,1.4829,1.6183,1.591,1.5657,1.5404,1.5153,1.4903,1.4652,1.4402,1.4151
4.0785,4.0785,4.0785,4.0785,4.0785,4.0059,3.4547,2.9035,2.3523,1.8013,1.2504,3.2284,2.9144,2.6931,2.5607,2.464,2.4227,2.3819,2.344,2.3061,2.2686,2.2311,2.1936,2.1561,2.1186
1.4579,1.5114,1.5736,1.6479,1.724,1.8059,1.8877,1.9703,2.0529,2.1372,2.2221,2.3189,2.4246,0.6414,0.9956,1.0281,1.042,1.0558,1.0685,1.0813,1.0939,1.1066,1.1192,1.1318,1.1444
3.0728,3.0257,2.9711,2.9058,2.8389,2.7669,2.695,2.6224,2.5498,2.4757,2.4011,2.316,2.2231,0.797,0.7578,0.7292,0.7169,0.7049,0.6937,0.6824,0.6713,0.6602,0.6491,0.638,0.6269
2.1503,2.2293,2.3209,2.4306,2.5428,2.6635,2.7843,2.9061,2.7758,2.1256,1.4755,0.8274,1.2927,1.4026,1.4684,1.5164,1.5369,1.5572,1.576,1.5948,1.6135,1.6321,1.6507,1.6693,1.688
4.0326,4.0326,4.0326,4.0326,4.0326,4.0326,4.0326,4.0326,4.0326,4.0326,4.0326,4.0326,4.0326,4.0326,4.0326,1.3486,1.8854,2.4222,2.959,3.4958,4.0326,4.0326,4.0326,4.0326,4.0326
3.9728,3.9119,3.8413,3.7568,3.6704,3.5773,3.4843,3.3905,3.2966,2.6484,1.8385,1.0309,1.1151,1.0304,0.9797,0.9427,0.9269,0.9113,0.8968,0.8823,0.868,0.8536,0.8392,0.8249,0.8106
1.2568,1.303,1.3565,1.4206,1.4862,1.5568,1.6274,1.6985,1.7697,1.8425,1.9156,1.999,2.0902,0.8198,0.8583,0.8863,0.8983,0.9102,0.9211,0.9321,0.943,0.9539,0.9648,0.9757,0.9866
3.9989,3.9989,3.9989,3.9798,3.8882,3.7897,3.6911,3.5917,3.4923,3.3907,3.2886,3.1721,3.0448,2.9552,1.0379,0.9987,0.9819,0.9654,0.95,0.9347,0.9195,0.9043,0.8891,0.8739,0.8587
3.9878,3.9878,3.9878,3.9878,3.9878,3.8525,3.3223,2.7923,2.2622,1.7323,1.2025,3.9878,3.9878,3.9878,3.9878,3.9878,3.9878,3.9878,3.9878,3.9878,3.9878,3.9878,3.9878,3.9878,3.9878
1.9876,2.0606,2.1453,2.2466,2.3504,2.462,2.5736,2.6862,2.7987,2.9138,3.0294,3.1614,3.3055,3.4071,1.044,1.4017,1.4206,1.4394,1.4567,1.4741,1.4914,1.5086,1.5258,1.543,1.5602
3.0487,3.002,2.9478,2.883,2.8166,2.7452,2.6738,2.6018,2.5298,2.4563,2.3823,2.2979,1.0256,0.7907,0.7518,0.7235,0.7113,0.6993,0.6882,0.6771,0.6661,0.655,0.644,0.633,0.622
1.5225,1.5784,1.6434,1.721,1.8004,1.8859,1.9714,2.0577,2.1439,2.232,2.1364,1.198,0.9153,0.9931,1.0397,1.0737,1.0882,1.1026,1.1159,1.1292,1.1424,1.1556,1.1688,1.182,1.1952
3.9439,3.9439,3.9439,3.9439,3.9439,3.9439,3.9439,3.9439,3.9439,3.9439,3.9439,3.9439,3.9439,3.9439,3.9439,1.3802,1.9295,2.4789,2.9698,2.9218,2.8742,2.8267,2.7792,2.7317,2.6842
3.9331,3.9331,3.9331,3.9331,3.9331,3.9331,3.8083,3.2007,2.5931,1.9857,1.3784,1.9237,1.7366,1.6047,1.5258,1.4682,1.4436,1.4193,1.3967,1.3741,1.3518,1.3294,1.307,1.2847,1.2624
1.3272,1.3759,1.4325,1.5002,1.5694,1.6439,1.7185,1.7936,1.8688,1.9456,2.0228,2.1109,2.2072,0.8657,0.9063,0.9359,0.9486,0.9611,0.9727,0.9843,0.9958,1.0073,1.0188,1.0303,1.0418
3.3146,3.2638,3.2049,3.1344,3.0623,2.9847,2.9071,2.8288,2.7505,2.6705,2.5901,2.4983,2.3981,0.6738,0.8174,0.7865,0.7733,0.7603,0.7482,0.7361,0.7242,0.7122,0.7002,0.6882,0.6763
3.1884,3.3056,3.4415,3.6041,3.7705,3.901,3.623,3.045,2.4669,1.8891,1.3114,1.6857,1.9169,2.0798,2.1774,2.2485,2.279,2.309,2.3369,2.3648,2.3925,2.4201,2.4477,2.4753,2.5029
3.8379,3.8904,3.8904,3.8904,3.8904,3.8904,3.8904,3.8904,3.8904,3.8904,3.8904,3.8904,3.8904,3.8904,3.8904,1.4252,1.9925,2.5598,2.8129,2.8465,2.8798,2.913,2.9463,2.9795,3.0127
3.4381,3.3855,3.3243,3.2513,3.1764,3.0959,3.0154,2.9342,2.853,2.77,2.5413,1.4251,0.965,0.8917,0.8479,0.8159,0.8022,0.7887,0.7761,0.7636,0.7512,0.7387,0.7263,0.7139,0.7015
1.3024,1.3502,1.4057,1.4721,1.5401,1.6132,1.6864,1.7601,1.8339,1.9093,1.985,2.0715,0.6033,0.8495,0.8894,0.9184,0.9309,0.9432,0.9545,0.9659,0.9772,0.9885,0.9998,1.0111,1.0224
3.859,3.859,3.859,3.859,3.859,3.859,3.859,3.859,3.859,3.859,3.859,3.859,3.859,3.859,0.9719,1.3082,1.2863,1.2646,1.2445,1.2244,1.2045,1.1845,1.1646,1.1447,1.1248
3.8486,3.8486,3.8486,3.8486,3.8486,3.8486,3.3774,2.8385,2.2997,1.7611,1.2225,3.8486,3.8486,3.8486,3.8486,3.8486,3.8486,3.8486,3.8486,3.8486,3.8486,3.8486,3.8486,3.8486,3.8486
1.612,1.6712,1.7399,1.8221,1.9062,1.9968,2.0873,2.1786,2.2699,2.3632,2.457,2.564,2.6809,2.7633,1.1008,1.1368,1.1522,1.1674,1.1815,1.1956,1.2096,1.2235,1.2375,1.2515,1.2654
3.0409,2.9943,2.9403,2.8756,2.8095,2.7382,2.667,2.5952,2.5234,2.45,2.3762,2.292,2.2001,0.7887,0.7499,0.7216,0.7095,0.6975,0.6865,0.6754,0.6644,0.6534,0.6424,0.6314,0.6204
1.8428,1.9105,1.9891,2.083,2.1792,2.2827,2.3862,2.4906,2.5949,2.3943,1.6621,0.932,1.1079,1.2021,1.2584,1.2996,1.3172,1.3345,1.3507,1.3668,1.3828,1.3987,1.4147,1.4307,1.4466
3.8077,3.8077,3.8077,3.8077,3.8077,3.8077,3.8077,3.8077,3.8077,3.8077,3.8077,3.8077,3.8077,3.8077,3.8077,1.3506,1.8882,2.4258,2.9634,3.501,3.8077,3.8077,3.8077,3.8077,3.8077
3.7976,3.7976,3.7976,3.7976,3.7976,3.7976,3.7976,3.7565,3.0434,2.3306,1.6178,1.0166,1.2832,1.1858,1.1275,1.0849,1.0667,1.0487,1.0321,1.0154,0.9988,0.9823,0.9658,0.9493,0.9328
1.2736,1.3204,1.3747,1.4396,1.5061,1.5776,1.6491,1.7212,1.7934,1.8671,1.9412,2.0257,2.1181,0.8308,0.8697,0.8981,0.9103,0.9223,0.9334,0.9446,0.9556,0.9667,0.9777,0.9887,0.9998
3.7776,3.7281,3.6608,3.5803,3.4979,3.4093,3.3206,3.2312,3.1417,3.0504,2.9585,2.8537,2.7392,2.6585,0.9337,0.8984,0.8834,0.8685,0.8547,0.8409,0.8272,0.8135,0.7998,0.7861,0.7725
3.7677,3.7677,3.7677,3.7677,3.7677,3.7677,3.4069,2.8633,2.3198,1.7764,1.2331,3.5447,3.7677,3.7677,3.7677,3.7677,3.7677,3.7677,3.7677,3.7677,3.7677,3.7677,3.7677,3.7677,3.7677
2.4214,2.5103,2.6136,2.737,2.8634,2.9993,3.1353,3.2725,3.4096,3.5497,3.6906,3.7578,3.7578,3.7578,1.0737,1.5887,1.7307,1.7535,1.7747,1.7959,1.8169,1.8379,1.8589,1.8798,1.9008
3.1644,3.116,3.0597,2.9924,2.9236,2.8495,2.7754,2.7006,2.6259,2.5495,2.4727,2.3851,0.6079,0.8207,0.7804,0.7509,0.7383,0.7259,0.7143,0.7028,0.6914,0.6799,0.6685,0.6571,0.6456
1.4195,1.4717,1.5322,1.6046,1.6786,1.7584,1.8381,1.9185,1.9989,2.081,2.1636,1.5197,0.5519,0.926,0.9694,1.0011,1.0146,1.028,1.0404,1.0528,1.0651,1.0774,1.0897,1.102,1.1143
3.7285,3.7285,3.7285,3.7285,3.7285,3.7285,3.7285,3.7285,3.7285,3.7285,3.7285,3.7285,3.7285,3.7285,3.7285,1.4507,1.9891,1.9556,1.9245,1.8934,1.8626,1.8318,1.801,1.7702,1.7394
3.7188,3.7188,3.7188,3.7188,3.7188,3.7188,3.6047,3.0296,2.4545,1.8796,1.3048,2.578,2.3272,2.1505,2.0448,1.9676,1.9345,1.902,1.8717,1.8415,1.8115,1.7815,1.7516,1.7217,1.6917
1.4137,1.4656,1.5259,1.5979,1.6717,1.7511,1.8305,1.9106,1.9906,2.0724,2.1547,2.2486,2.3511,0.6367,0.9654,0.9969,1.0105,1.0238,1.0361,1.0485,1.0608,1.073,1.0853,1.0975,1.1097
3.1814,3.1326,3.0761,3.0084,2.9392,2.8647,2.7902,2.7151,2.6399,2.5631,2.486,2.3979,2.3017,0.8251,0.7845,0.7549,0.7423,0.7298,0.7182,0.7066,0.695,0.6835,0.6721,0.6606,0.6491
2.4729,2.5638,2.6692,2.7953,2.9243,3.0632,3.202,3.2901,2.6655,2.0412,1.4169,0.7946,1.4867,1.6131,1.6887,1.7439,1.7676,1.7908,1.8125,1.8341,1.8556,1.877,1.8984,1.9198,1.9412
3.6806,3.6806,3.6806,3.6806,3.6806,3.6806,3.6806,3.6806,3.6806,3.6806,3.6806,3.6806,3.6806,3.6806,3.6806,1.3859,1.9375,2.4892,3.0408,3.5925,3.6806,3.6806,3.6806,3.6806,3.6806
3.6712,3.6712,3.6485,3.5683,3.4862,3.3978,3.3095,3.2203,3.1312,2.982,2.07,1.1608,1.0591,0.9787,0.9306,0.8954,0.8804,0.8656,0.8518,0.838,0.8244,0.8108,0.7971,0.7835,0.7699
1.2822,1.3293,1.384,1.4493,1.5163,1.5883,1.6603,1.7329,1.8055,1.8797,1.9543,2.0394,1.3141,0.8364,0.8756,0.9042,0.9165,0.9286,0.9398,0.951,0.9621,0.9732,0.9843,0.9954,1.0065
3.6525,3.6525,3.6525,3.6525,3.6525,3.6525,3.6525,3.6525,3.6525,3.6525,3.6407,3.5117,3.3708,3.2715,1.0854,1.1056,1.087,1.0687,1.0517,1.0348,1.0179,1.0011,0.9842,0.9674,0.9506
3.6432,3.6432,3.6432,3.6432,3.6432,3.6432,3.3653,2.8284,2.2915,1.7548,1.2181,3.6432,3.6432,3.6432,3.6432,3.6432,3.6432,3.6432,3.6432,3.6432,3.6432,3.6432,3.6432,3.6432,3.6432
1.8366,1.9041,1.9824,2.076,2.1719,2.275,2.3781,2.4822,2.5862,2.6925,2.7993,2.9213,3.0545,3.1483,1.1397,1.2952,1.3128,1.3301,1.3461,1.3622,1.3781,1.394,1.4099,1.4258,1.4417
3.0661,3.0191,2.9646,2.8994,2.8327,2.7609,2.6891,2.6167,2.5443,2.4703,2.3959,2.311,2.2183,0.7952,0.7561,0.7276,0.7154,0.7033,0.6921,0.681,0.6699,0.6588,0.6477,0.6366,0.6256
1.6423,1.7026,1.7726,1.8564,1.9421,2.0343,2.1265,2.2195,2.3125,2.4076,1.9385,1.0871,0.9873,1.0713,1.1215,1.1582,1.1739,1.1893,1.2037,1.218,1.2323,1.2465,1.2607,1.275,1.2892
3.6065,3.6065,3.6065,3.6065,3.6065,3.6065,3.6065,3.6065,3.6065,3.6065,3.6065,3.6065,3.6065,3.6065,3.6065,1.378,1.9264,2.4749,3.0234,3.5719,3.6065,3.6065,3.6065,3.6065,3.6065
3.5975,3.5975,3.5975,3.5975,3.5975,3.5975,3.5975,3.4165,2.7679,2.1196,1.4714,1.7056,1.5397,1.4228,1.3528,1.3018,1.2799,1.2584,1.2384,1.2184,1.1985,1.1787,1.1589,1.1391,1.1193
1.315,1.3634,1.4194,1.4865,1.5551,1.6289,1.7028,1.7773,1.8518,1.9279,2.0044,2.0917,2.187,0.8578,0.898,0.9274,0.94,0.9523,0.9638,0.9753,0.9868,0.9981,1.0095,1.0209,1.0323
3.505,3.4513,3.389,3.3144,3.2382,3.1561,3.074,2.9912,2.9084,2.8239,2.7388,2.6418,2.5358,0.5986,0.8643,0.8317,0.8178,0.804,0.7912,0.7784,0.7658,0.7531,0.7404,0.7278,0.7151
3.5706,3.5706,3.5706,3.5706,3.5706,3.5706,3.5615,2.9933,2.4251,1.8571,1.2891,2.125,2.4164,2.6219,2.7448,2.8345,2.8729,2.9108,2.9459,2.9811,3.016,3.0508,3.0856,3.1204,3.1552
3.1563,3.2723,3.4068,3.5617,3.5617,3.5617,3.5617,3.5617,3.5617,3.5617,3.5617,3.5617,3.5617,3.5617,1.0176,1.4942,2.089,2.2858,2.3134,2.341,2.3684,2.3957,2.423,2.4504,2.4777
3.3511,3.2998,3.2402,3.169,3.0961,3.0176,2.9391,2.86,2.7808,2.6999,2.6186,1.7147,0.6438,0.8692,0.8264,0.7952,0.7819,0.7687,0.7565,0.7443,0.7321,0.72,0.7079,0.6958,0.6837
1.3545,1.4042,1.462,1.531,1.6017,1.6778,1.7538,1.8306,1.9073,1.9857,2.0645,2.1171,0.5266,0.8835,0.925,0.9552,0.9681,0.9809,0.9927,1.0046,1.0163,1.0281,1.0398,1.0515,1.0633
3.5354,3.5354,3.5354,3.5354,3.5354,3.5354,3.5354,3.5354,3.5354,3.5354,3.5354,3.5354,3.5354,3.5354,1.0101,1.5242,1.4986,1.4734,1.4499,1.4265,1.4033,1.3801,1.3569,1.3337,1.3105
3.5267,3.5267,3.5267,3.5267,3.5267,3.5267,3.486,2.9298,2.3736,1.8177,1.2618,3.5267,3.5267,3.3211,3.1578,3.0386,2.9876,2.9373,2.8906,2.8439,2.7976,2.7513,2.7051,2.6588,2.6126
1.5407,1.5973,1.663,1.7415,1.8219,1.9084,1.995,2.0822,2.1695,2.2587,2.3483,2.4506,2.5623,0.6778,1.0521,1.0865,1.1012,1.1157,1.1292,1.1427,1.1561,1.1694,1.1828,1.1961,1.2094
3.1158,3.068,3.0126,2.9464,2.8786,2.8056,2.7327,2.6591,2.5855,2.5103,2.4347,2.3484,2.2542,0.8081,0.7684,0.7394,0.727,0.7147,0.7034,0.692,0.6807,0.6695,0.6582,0.647,0.6357
2.0574,2.133,2.2207,2.3256,2.433,2.5485,2.6641,2.7806,2.8971,2.2617,1.57,0.8804,1.2369,1.3421,1.405,1.4509,1.4706,1.49,1.508,1.526,1.5438,1.5616,1.5794,1.5973,1.6151
3.4923,3.4923,3.4923,3.4923,3.4923,3.4923,3.4923,3.4923,3.4923,3.4923,3.4923,3.4923,3.4923,3.4923,3.4923,1.374,1.9208,2.4677,3.0146,3.4923,3.4923,3.4923,3.4923,3.4923,3.4923
3.4838,3.4838,3.4838,3.4838,3.4838,3.4838,3.4838,3.4838,3.3464,2.5626,1.7789,0.9975,1.1956,1.1048,1.0505,1.0109,0.9939,0.9771,0.9616,0.9461,0.9307,0.9153,0.8999,0.8845,0.8691
1.2864,1.3336,1.3885,1.4541,1.5212,1.5934,1.6657,1.7385,1.8114,1.8858,1.9607,2.0461,2.1393,0.8391,0.8785,0.9072,0.9195,0.9316,0.9428,0.9541,0.9652,0.9764,0.9875,0.9987,1.0098
3.467,3.467,3.467,3.467,3.467,3.467,3.467,3.467,3.4105,3.3113,3.2116,3.0978,2.9735,2.8859,1.0135,0.9753,0.9589,0.9428,0.9278,0.9128,0.8979,0.8831,0.8682,0.8534,0.8385
3.4586,3.4586,3.4586,3.4586,3.4586,3.4586,3.4163,2.8713,2.3262,1.7814,1.2366,3.4586,3.4586,3.4586,3.4586,3.4586,3.4586,3.4586,3.4586,3.4586,3.4586,3.4586,3.4586,3.4586,3.4586
2.1741,2.254,2.3467,2.4575,2.571,2.693,2.8151,2.9383,3.0614,3.1872,3.3137,3.4503,3.4503,3.4503,1.0276,1.5332,1.554,1.5745,1.5935,1.6125,1.6313,1.6502,1.669,1.6878,1.7067
3.1498,3.1015,3.0455,2.9786,2.91,2.8363,2.7625,2.6881,2.6137,2.5377,2.4613,2.3741,0.7776,0.8169,0.7768,0.7474,0.7349,0.7225,0.711,0.6995,0.6881,0.6768,0.6654,0.654,0.6426
1.5089,1.5644,1.6287,1.7056,1.7844,1.8691,1.9538,2.0393,2.1248,2.2121,2.2999,1.3285,0.9072,0.9843,1.0304,1.0641,1.0785,1.0928,1.106,1.1192,1.1322,1.1453,1.1584,1.1715,1.1845
3.4256,3.4256,3.4256,3.4256,3.4256,3.4256,3.4256,3.4256,3.4256,3.4256,3.4256,3.4256,3.4256,3.4256,3.4256,1.4329,2.0032,2.5437,2.5032,2.4628,2.4227,2.3826,2.3425,2.3025,2.2625
3.4174,3.4174,3.4174,3.4174,3.4174,3.4174,3.4174,3.1918,2.5859,1.9802,1.3746,2.1717,1.9605,1.8116,1.7225,1.6575,1.6297,1.6023,1.5768,1.5513,1.526,1.5008,1.4756,1.4503,1.4251
1.3848,1.4357,1.4948,1.5654,1.6376,1.7154,1.7932,1.8716,1.95,2.0302,2.1107,2.2027,2.3031,0.782,0.9457,0.9766,0.9898,1.0029,1.015,1.0271,1.0391,1.0511,1.0631,1.0751,1.0871
3.3241,3.2732,3.2141,3.1434,3.0711,2.9932,2.9154,2.8369,2.7583,2.6781,2.5975,2.5055,2.4049,0.78,0.8197,0.7888,0.7756,0.7625,0.7504,0.7383,0.7262,0.7142,0.7022,0.6902,0.6782
2.9242,3.0316,3.1563,3.3054,3.3931,3.3931,3.3931,3.1945,2.5881,1.9819,1.3758,1.546,1.758,1.9075,1.9969,2.0622,2.0901,2.1177,2.1432,2.1688,2.1942,2.2195,2.2448,2.2702,2.2955
3.3851,3.3851,3.3851,3.3851,3.3851,3.3851,3.3851,3.3851,3.3851,3.3851,3.3851,3.3851,3.3851,3.3851,0.9672,1.4369,2.0088,2.5807,3.1526,3.3851,3.3851,3.3851,3.3851,3.3851,3.3851
3.3771,3.3771,3.3771,3.3771,3.3519,3.267,3.182,3.0963,3.0106,2.9231,2.3818,1.3356,1.0183,0.941,0.8947,0.8609,0.8465,0.8322,0.819,0.8058,0.7926,0.7795,0.7664,0.7533,0.7402
1.3195,1.368,1.4243,1.4915,1.5604,1.6345,1.7086,1.7833,1.8581,1.9344,2.0112,2.0988,0.7763,0.8607,0.9011,0.9305,0.9432,0.9556,0.9671,0.9787,0.9901,1.0015,1.013,1.0244,1.0358
3.3613,3.3613,3.3613,3.3613,3.3613,3.3613,3.3613,3.3613,3.3613,3.3613,3.3613,3.3613,3.3613,3.3613,1.0322,1.2458,1.2249,1.2043,1.1851,1.166,1.147,1.128,1.1091,1.0901,1.0712
3.3535,3.3535,3.3535,3.3535,3.3535,3.3535,3.3535,2.8898,2.3412,1.7928,1.2445,3.3535,3.3535,3.3535,3.3535,3.3535,3.3535,3.3535,3.3535,3.3535,3.3535,3.3535,3.3535,3.3535,3.3535
1.7245,1.7879,1.8614,1.9493,2.0393,2.1361,2.233,2.3306,2.4283,2.5281,2.6284,2.7429,2.868,2.9561,1.1776,1.2161,1.2326,1.2489,1.2639,1.279,1.294,1.3089,1.3239,1.3388,1.3537
3.1103,3.0627,3.0074,2.9412,2.8736,2.8007,2.7279,2.6544,2.581,2.5059,2.4304,2.3443,2.2503,0.8067,0.767,0.7381,0.7257,0.7135,0.7021,0.6908,0.6795,0.6683,0.657,0.6458,0.6346
1.7948,1.8608,1.9373,2.0288,2.1225,2.2232,2.324,2.4257,2.5274,2.5829,1.793,1.0055,1.0791,1.1708,1.2257,1.2657,1.2829,1.2998,1.3155,1.3312,1.3468,1.3623,1.3779,1.3934,1.4089
3.3224,3.3224,3.3224,3.3224,3.3224,3.3224,3.3224,3.3224,3.3224,3.3224,3.3224,3.3224,3.3224,3.3224,3.3224,1.3879,1.9403,2.4927,3.0451,3.3224,3.3224,3.3224,3.3224,3.3224,3.3224
3.3147,3.3147,3.3147,3.3147,3.3147,3.3147,3.3147,3.3147,2.9894,2.2892,1.5891,0.9471,1.3981,1.292,1.2284,1.1821,1.1622,1.1427,1.1245,1.1063,1.0883,1.0703,1.0523,1.0343,1.0163
1.3148,1.3631,1.4192,1.4862,1.5548,1.6287,1.7025,1.777,1.8515,1.9276,2.0041,2.0914,2.1867,0.8577,0.8979,0.9272,0.9398,0.9522,0.9637,0.9752,0.9866,0.998,1.0094,1.0208,1.0321
3.2994,3.2994,3.2994,3.2994,3.2994,3.2994,3.2856,3.1971,3.1086,3.0182,2.9273,2.8236,2.7103,0.6398,0.9238,0.889,0.874,0.8593,0.8457,0.832,0.8185,0.8049,0.7914,0.7779,0.7643
3.2918,3.2918,3.2918,3.2918,3.2918,3.2918,3.2918,2.9703,2.4064,1.8428,1.2792,2.8771,3.2717,3.2918,3.2918,3.2918,3.2918,3.2918,3.2918,3.2918,3.2918,3.2918,3.2918,3.2918,3.2918
2.7128,2.8125,2.9282,3.0665,3.208,3.2843,3.2843,3.2843,3.2843,3.2843,3.2843,3.2843,3.2843,3.2843,0.9533,1.5822,1.9391,1.9646,1.9883,2.0121,2.0356,2.0591,2.0826,2.1061,2.1296
3.2768,3.2484,3.1898,3.1196,3.0478,2.9706,2.8933,2.8154,2.7375,2.6579,2.5779,2.1588,0.6338,0.8556,0.8135,0.7828,0.7697,0.7567,0.7447,0.7327,0.7207,0.7088,0.6969,0.685,0.6731
1.422,1.4743,1.5349,1.6074,1.6816,1.7615,1.8413,1.9219,2.0024,2.0847,2.1675,1.7391,0.5529,0.9276,0.9711,1.0028,1.0164,1.0298,1.0423,1.0547,1.067,1.0794,1.0917,1.104,1.1163
3.2619,3.2619,3.2619,3.2619,3.2619,3.2619,3.2619,3.2619,3.2619,3.2619,3.2619,3.2619,3.2619,3.2619,0.932,1.5204,1.8028,1.7724,1.7442,1.7161,1.6881,1.6602,1.6323,1.6044,1.5765
3.2545,3.2545,3.2545,3.2545,3.2545,3.2545,3.2545,3.0515,2.4722,1.8932,1.3142,3.0428,2.7469,2.5383,2.4135,2.3224,2.2834,2.2449,2.2092,2.1735,2.1382,2.1028,2.0674,2.0321,1.9968
1.4899,1.5446,1.6081,1.6841,1.7618,1.8455,1.9291,2.0135,2.0979,2.1841,2.2708,2.3697,2.4778,0.6554,1.0174,1.0507,1.0649,1.0789,1.092,1.105,1.1179,1.1308,1.1437,1.1566,1.1695
3.2207,3.1714,3.1141,3.0457,2.9756,2.9002,2.8247,2.7487,2.6726,2.5949,2.5167,2.4276,2.3302,0.8353,0.7943,0.7643,0.7514,0.7388,0.727,0.7153,0.7037,0.692,0.6804,0.6688,0.6571
2.3422,2.4282,2.5281,2.6475,2.7697,2.9012,3.0328,3.1654,2.8265,2.1645,1.5025,0.8425,1.4081,1.5278,1.5995,1.6517,1.6741,1.6962,1.7167,1.7371,1.7575,1.7778,1.798,1.8183,1.8386
3.2252,3.2252,3.2252,3.2252,3.2252,3.2252,3.2252,3.2252,3.2252,3.2252,3.2252,3.2252,3.2252,3.2252,0.9215,1.4099,1.9711,2.5323,3.0935,3.2252,3.2252,3.2252,3.2252,3.2252,3.2252
3.218,3.218,3.218,3.218,3.218,3.218,3.218,3.218,3.218,2.8639,1.988,1.1148,1.1308,1.0449,0.9935,0.956,0.94,0.9241,0.9094,0.8947,0.8802,0.8656,0.8511,0.8365,0.822
1.3106,1.3588,1.4146,1.4815,1.5498,1.6234,1.697,1.7713,1.8455,1.9213,1.9976,2.0846,2.1797,0.8549,0.895,0.9243,0.9368,0.9491,0.9606,0.9721,0.9834,0.9948,1.0061,1.0175,1.0288
3.2036,3.2036,3.2036,3.2036,3.2036,3.2036,3.2036,3.2036,3.2036,3.2036,3.2036,3.2036,3.2036,3.1769,1.1157,1.0736,1.0556,1.0378,1.0213,1.0048,0.9885,0.9721,0.9558,0.9394,0.9231
3.1964,3.1964,3.1964,3.1964,3.1964,3.1964,3.1964,2.9046,2.3532,1.802,1.2509,3.1964,3.1964,3.1964,3.1964,3.1964,3.1964,3.1964,3.1964,3.1964,3.1964,3.1964,3.1964,3.1964,3.1964
1.9944,2.0677,2.1527,2.2544,2.3585,2.4705,2.5825,2.6954,2.8084,2.9238,3.0398,3.1723,3.1893,3.1893,1.117,1.4065,1.4255,1.4443,1.4618,1.4792,1.4965,1.5138,1.5311,1.5483,1.5656
3.1634,3.1149,3.0587,2.9914,2.9226,2.8485,2.7744,2.6997,2.625,2.5487,2.4719,2.3843,1.3667,0.8205,0.7801,0.7507,0.7381,0.7256,0.7141,0.7026,0.6911,0.6797,0.6683,0.6568,0.6454
1.6221,1.6817,1.7509,1.8336,1.9182,2.0093,2.1004,2.1923,2.2841,2.378,2.1284,1.1936,0.9752,1.0581,1.1077,1.1439,1.1594,1.1747,1.1889,1.2031,1.2172,1.2312,1.2453,1.2593,1.2734
3.1682,3.1682,3.1682,3.1682,3.1682,3.1682,3.1682,3.1682,3.1682,3.1682,3.1682,3.1682,3.1682,3.1682,0.9052,1.4284,1.997,2.5656,3.1342,3.1682,3.1682,3.1682,3.1682,3.1682,3.1682
3.1612,3.1612,3.1612,3.1612,3.1612,3.1612,3.1612,3.1612,2.7527,2.108,1.4633,0.9032,1.7142,1.584,1.5061,1.4493,1.4249,1.4009,1.3787,1.3564,1.3343,1.3122,1.2902,1.2681,1.2461
1.3699,1.4202,1.4786,1.5484,1.6199,1.6968,1.7738,1.8514,1.929,2.0082,2.0879,2.1789,2.2782,0.8936,0.9355,0.9661,0.9791,0.992,1.004,1.016,1.0279,1.0398,1.0516,1.0635,1.0753
3.1473,3.1473,3.1473,3.1473,3.1473,3.1473,3.076,2.9932,2.9103,2.8257,2.7406,2.6435,2.5375,0.6567,0.8649,0.8323,0.8183,0.8045,0.7917,0.7789,0.7663,0.7536,0.7409,0.7282,0.7156
3.1404,3.1404,3.1404,3.1404,3.1404,3.1404,3.1404,3.134,2.5391,1.9444,1.3497,1.8978,2.1581,2.3415,2.4513,2.5314,2.5657,2.5995,2.6309,2.6623,2.6935,2.7246,2.7557,2.7867,2.8178
3.1336,3.1336,3.1336,3.1336,3.1336,3.1336,3.1336,3.1336,3.1336,3.1336,3.1336,3.1336,3.1336,3.1336,0.906,1.5036,2.1021,2.6587,2.6908,2.723,2.7548,2.7866,2.8184,2.8502,2.882
3.1267,3.1267,3.1267,3.1267,3.1267,3.1267,3.0941,3.0107,2.9274,2.8423,2.7567,1.5797,0.9902,0.915,0.87,0.8371,0.8231,0.8092,0.7964,0.7835,0.7707,0.758,0.7453,0.7325,0.7198
1.3702,1.4205,1.479,1.5488,1.6203,1.6972,1.7742,1.8518,1.9294,2.0087,2.0884,2.1794,0.5597,0.8938,0.9357,0.9663,0.9794,0.9923,1.0043,1.0162,1.0281,1.04,1.0519,1.0637,1.0756
3.1131,3.1131,3.1131,3.1131,3.1131,3.1131,3.1131,3.1131,3.1131,3.1131,3.1131,3.1131,3.1131,3.1131,0.9938,1.4345,1.4104,1.3866,1.3646,1.3425,1.3207,1.2988,1.277,1.2552,1.2333
3.1064,3.1064,3.1064,3.1064,3.1064,3.1064,3.1064,2.9786,2.4132,1.8479,1.2828,3.1064,3.1064,3.1064,3.1064,3.1064,3.1064,3.1064,3.1064,3.1064,3.1064,3.1064,3.1064,3.1064,3.1064
1.6421,1.7024,1.7725,1.8562,1.9419,2.0341,2.1263,2.2193,2.3123,2.4073,2.5029,2.6119,2.731,2.8149,1.1214,1.158,1.1737,1.1892,1.2036,1.2179,1.2322,1.2464,1.2606,1.2748,1.2891
3.093,3.093,3.0775,3.0099,2.9406,2.8661,2.7915,2.7164,2.6412,2.5644,2.4872,2.399,2.3028,0.8255,0.7849,0.7553,0.7426,0.7301,0.7185,0.7069,0.6954,0.6839,0.6724,0.6609,0.6494
1.9913,2.0645,2.1494,2.2509,2.3548,2.4666,2.5784,2.6912,2.804,2.4283,1.6856,0.9452,1.1972,1.2989,1.3599,1.4043,1.4233,1.4421,1.4595,1.4769,1.4942,1.5114,1.5287,1.5459,1.5632
3.0797,3.0797,3.0797,3.0797,3.0797,3.0797,3.0797,3.0797,3.0797,3.0797,3.0797,3.0797,3.0797,3.0797,0.8799,1.4102,1.9714,2.5327,3.0797,3.0797,3.0797,3.0797,3.0797,3.0797,3.0797
3.0731,3.0731,3.0731,3.0731,3.0731,3.0731,3.0731,3.0731,3.0731,2.5051,1.739,0.9752,1.2946,1.1963,1.1375,1.0945,1.0762,1.058,1.0412,1.0244,1.0077,0.991,0.9744,0.9577,0.9411
1.3264,1.3752,1.4317,1.4993,1.5686,1.643,1.7175,1.7927,1.8678,1.9445,2.0217,2.1098,2.206,0.8652,0.9058,0.9354,0.9481,0.9606,0.9722,0.9838,0.9953,1.0068,1.0183,1.0298,1.0413
3.06,3.06,3.06,3.06,3.06,3.06,3.06,3.06,3.06,3.06,3.06,3.0539,2.9314,2.845,0.9992,0.9615,0.9453,0.9294,0.9146,0.8999,0.8852,0.8706,0.8559,0.8413,0.8267
3.0535,3.0535,3.0535,3.0535,3.0535,3.0535,3.0535,2.9746,2.41,1.8455,1.2811,3.0535,3.0535,3.0535,3.0535,3.0535,3.0535,3.0535,3.0535,3.0535,3.0535,3.0535,3.0535,3.0535,3.0535
2.4076,2.496,2.5986,2.7214,2.847,2.9822,3.047,3.047,3.047,3.047,3.047,3.047,3.047,3.047,1.0205,1.6937,1.7208,1.7435,1.7646,1.7856,1.8065,1.8274,1.8482,1.8691,1.8899
3.0405,3.0405,3.0405,3.0405,3.0293,2.9525,2.8758,2.7983,2.7209,2.6417,2.5622,2.4714,0.6366,0.8504,0.8086,0.7781,0.765,0.7521,0.7402,0.7282,0.7164,0.7045,0.6927,0.6808,0.669
1.5082,1.5636,1.6279,1.7048,1.7835,1.8681,1.9528,2.0383,2.1237,2.211,2.2987,1.4947,0.9067,0.9838,1.0299,1.0636,1.078,1.0922,1.1054,1.1186,1.1317,1.1447,1.1578,1.1708,1.1839
3.0277,3.0277,3.0277,3.0277,3.0277,3.0277,3.0277,3.0277,3.0277,3.0277,3.0277,3.0277,3.0277,3.0277,0.9033,1.4991,2.0958,2.2293,2.1938,2.1584,2.1232,2.0881,2.053,2.0179,1.9828
3.0213,3.0213,3.0213,3.0213,3.0213,3.0213,3.0213,3.0213,2.5998,1.9908,1.382,0.8632,2.254,2.0829,1.9805,1.9057,1.8737,1.8422,1.8129,1.7836,1.7545,1.7255,1.6965,1.6675,1.6385
1.4565,1.51,1.5721,1.6463,1.7224,1.8041,1.8859,1.9684,2.0509,2.1352,2.22,2.3167,2.4223,0.7123,0.9946,1.0271,1.0411,1.0548,1.0675,1.0803,1.0929,1.1055,1.1181,1.1307,1.1433
3.0086,3.0086,3.0086,3.0086,3.0086,3.0086,2.947,2.8676,2.7882,2.7072,2.6256,2.5326,2.431,0.8715,0.8286,0.7973,0.784,0.7708,0.7585,0.7463,0.7341,0.722,0.7098,0.6977,0.6856
2.7315,2.8319,2.9483,3.0023,3.0023,3.0023,3.0023,3.0023,2.7374,2.0963,1.4552,0.8578,1.6422,1.7818,1.8653,1.9263,1.9524,1.9781,2.002,2.0259,2.0496,2.0733,2.0969,2.1206,2.1442
2.996,2.996,2.996,2.996,2.996,2.996,2.996,2.996,2.996,2.996,2.996,2.996,2.996,2.996,0.8796,1.4599,2.0409,2.622,2.996,2.996,2.996,2.996,2.996,2.996,2.996
2.9898,2.9898,2.9898,2.9898,2.9898,2.9898,2.9898,2.9898,2.9898,2.9898,2.2653,1.2703,1.0838,1.0015,0.9522,0.9163,0.9009,0.8857,0.8716,0.8576,0.8436,0.8296,0.8157,0.8018,0.7878
1.3472,1.3967,1.4541,1.5228,1.5931,1.6688,1.7444,1.8207,1.897,1.975,2.0534,2.1428,1.0776,0.8788,0.92,0.9501,0.9629,0.9756,0.9874,0.9992,1.0109,1.0226,1.0342,1.0459,1.0576
2.9774,2.9774,2.9774,2.9774,2.9774,2.9774,2.9774,2.9774,2.9774,2.9774,2.9774,2.9774,2.9774,2.9774,1.1062,1.2013,1.1811,1.1612,1.1428,1.1243,1.106,1.0877,1.0694,1.0511,1.0329
2.9712,2.9712,2.9712,2.9712,2.9712,2.9712,2.9712,2.9644,2.4017,1.8391,1.2767,2.9712,2.9712,2.9712,2.9712,2.9712,2.9712,2.9712,2.9712,2.9712,2.9712,2.9712,2.9712,2.9712,2.9712
1.8627,1.9311,2.0105,2.1055,2.2027,2.3073,2.4119,2.5174,2.6229,2.7307,2.8391,2.9628,2.965,2.965,1.2313,1.3136,1.3314,1.3489,1.3652,1.3815,1.3977,1.4138,1.43,1.4461,1.4622
2.9589,2.9589,2.9589,2.9589,2.9589,2.8866,2.8115,2.7358,2.66,2.5827,2.5049,2.4162,2.3192,0.8314,0.7905,0.7607,0.7479,0.7353,0.7236,0.7119,0.7004,0.6888,0.6772,0.6656,0.654
1.7657,1.8306,1.9059,1.9959,2.088,2.1872,2.2863,2.3864,2.4864,2.5885,1.9547,1.0961,1.0616,1.1518,1.2058,1.2452,1.2621,1.2787,1.2942,1.3096,1.3249,1.3402,1.3555,1.3708,1.3861
2.9468,2.9468,2.9468,2.9468,2.9468,2.9468,2.9468,2.9468,2.9468,2.9468,2.9468,2.9468,2.9468,2.9468,0.8659,1.4371,2.0091,2.5811,2.9468,2.9468,2.9468,2.9468,2.9468,2.9468,2.9468
2.9407,2.9407,2.9407,2.9407,2.9407,2.9407,2.9407,2.9407,2.9407,2.2696,1.5755,0.8835,1.5414,1.4243,1.3543,1.3032,1.2813,1.2597,1.2397,1.2197,1.1998,1.1799,1.1601,1.1403,1.1205
1.368,1.4183,1.4766,1.5463,1.6177,1.6945,1.7713,1.8488,1.9263,2.0055,2.0851,2.1759,2.2751,0.8924,0.9342,0.9647,0.9778,0.9907,1.0026,1.0146,1.0265,1.0383,1.0502,1.062,1.0739
2.9287,2.9287,2.9287,2.9287,2.9287,2.9287,2.9287,2.9287,2.9287,2.9287,2.9223,2.8187,2.7056,0.6387,0.9222,0.8874,0.8725,0.8578,0.8442,0.8306,0.817,0.8035,0.79,0.7765,0.763
2.9227,2.9227,2.9227,2.9227,2.9227,2.9227,2.9227,2.9227,2.516,1.9267,1.3374,0.8351,2.7966,2.9227,2.9227,2.9227,2.9227,2.9227,2.9227,2.9227,2.9227,2.9227,2.9227,2.9227,2.9227
2.9168,2.9168,2.9168,2.9168,2.9168,2.9168,2.9168,2.9168,2.9168,2.9168,2.9168,2.9168,2.9168,2.9168,0.9575,1.5892,2.2086,2.2377,2.2647,2.2918,2.3186,2.3454,2.3721,2.3989,2.4256
2.9109,2.9109,2.9109,2.9109,2.9109,2.9109,2.9109,2.9109,2.8769,2.7933,2.7091,1.9387,0.666,0.8992,0.855,0.8227,0.8089,0.7953,0.7826,0.77,0.7574,0.7449,0.7324,0.7199,0.7074
1.4364,1.4891,1.5504,1.6236,1.6986,1.7792,1.8599,1.9412,2.0226,2.1057,2.1893,2.0334,0.5585,0.937,0.9809,1.013,1.0267,1.0402,1.0528,1.0653,1.0778,1.0902,1.1027,1.1151,1.1276
2.8991,2.8991,2.8991,2.8991,2.8991,2.8991,2.8991,2.8991,2.8991,2.8991,2.8991,2.8991,2.8991,2.8991,0.968,1.6066,1.6689,1.6409,1.6148,1.5887,1.5628,1.5369,1.5111,1.4853,1.4595
2.8932,2.8932,2.8932,2.8932,2.8932,2.8932,2.8932,2.8932,2.5103,1.9223,1.3344,0.8266,2.8932,2.8932,2.8932,2.8275,2.7801,2.7333,2.6898,2.6463,2.6033,2.5602,2.5172,2.4741,2.4311
1.5837,1.6419,1.7094,1.7901,1.8728,1.9617,2.0506,2.1403,2.23,2.3217,2.4138,2.519,2.6338,0.6967,1.0815,1.1168,1.132,1.1469,1.1607,1.1746,1.1883,1.202,1.2158,1.2295,1.2432
2.8816,2.8816,2.8816,2.8816,2.8816,2.8816,2.8816,2.8049,2.7273,2.648,2.5683,2.4773,2.3779,0.8524,0.8105,0.7799,0.7668,0.7539,0.7419,0.7299,0.7181,0.7062,0.6943,0.6824,0.6706
2.2488,2.3314,2.4273,2.5419,2.6593,2.7856,2.8758,2.8758,2.8758,2.3159,1.6076,0.9015,1.352,1.4669,1.5357,1.5859,1.6074,1.6285,1.6482,1.6679,1.6874,1.7069,1.7264,1.7458,1.7653
2.8701,2.8701,2.8701,2.8701,2.8701,2.8701,2.8701,2.8701,2.8701,2.8701,2.8701,2.8701,2.8701,2.8701,0.8711,1.4457,2.0211,2.5966,2.8701,2.8701,2.8701,2.8701,2.8701,2.8701,2.8701
2.8643,2.8643,2.8643,2.8643,2.8643,2.8643,2.8643,2.8643,2.8643,2.7833,1.9321,1.0834,1.2189,1.1263,1.0709,1.0305,1.0132,0.9961,0.9803,0.9645,0.9488,0.9331,0.9174,0.9017,0.886
1.3502,1.3998,1.4574,1.5262,1.5967,1.6725,1.7484,1.8248,1.9013,1.9794,2.058,2.1477,2.2456,0.8808,0.9221,0.9522,0.9651,0.9778,0.9896,1.0014,1.0132,1.0249,1.0366,1.0482,1.0599
2.8529,2.8529,2.8529,2.8529,2.8529,2.8529,2.8529,2.8529,2.8529,2.8529,2.8529,2.8529,2.8529,2.8529,1.0951,1.0538,1.0361,1.0187,1.0025,0.9863,0.9702,0.9542,0.9381,0.9221,0.9061
2.8473,2.8473,2.8473,2.8473,2.8473,2.8473,2.8473,2.8473,2.4357,1.8652,1.2948,0.8135,2.8473,2.8473,2.8473,2.8473,2.8473,2.8473,2.8473,2.8473,2.8473,2.8473,2.8473,2.8473,2.8473
2.1905,2.271,2.3644,2.476,2.5903,2.7133,2.8364,2.8416,2.8416,2.8416,2.8416,2.8416,2.8416,2.8416,1.1055,1.5448,1.5657,1.5863,1.6055,1.6246,1.6436,1.6626,1.6816,1.7006,1.7195
2.836,2.836,2.836,2.836,2.836,2.836,2.836,2.8076,2.7299,2.6505,2.5707,2.4796,0.9727,0.8533,0.8113,0.7807,0.7676,0.7546,0.7426,0.7306,0.7187,0.7069,0.695,0.6831,0.6712
1.6172,1.6766,1.7456,1.828,1.9124,2.0032,2.094,2.1856,2.2772,2.3708,2.3673,1.3275,0.9723,1.0549,1.1044,1.1405,1.1559,1.1712,1.1853,1.1994,1.2135,1.2275,1.2415,1.2555,1.2695
2.8248,2.8248,2.8248,2.8248,2.8248,2.8248,2.8248,2.8248,2.8248,2.8248,2.8248,2.8248,2.8248,2.8248,0.8994,1.4927,2.0869,2.6811,2.8248,2.8248,2.8248,2.8105,2.7633,2.716,2.6688
2.8193,2.8193,2.8193,2.8193,2.8193,2.8193,2.8193,2.8193,2.7622,2.1152,1.4683,0.8234,1.9376,1.7905,1.7024,1.6382,1.6107,1.5836,1.5584,1.5332,1.5082,1.4833,1.4583,1.4334,1.4085
1.4388,1.4916,1.553,1.6263,1.7014,1.7822,1.863,1.9445,2.026,2.1092,2.1929,2.2885,2.3928,0.8953,0.9825,1.0146,1.0284,1.0419,1.0545,1.0671,1.0796,1.092,1.1045,1.117,1.1294
2.8082,2.8082,2.8082,2.8082,2.8082,2.8082,2.8082,2.8082,2.8082,2.8082,2.7662,2.6682,2.5611,0.7589,0.873,0.84,0.8259,0.812,0.7991,0.7862,0.7734,0.7606,0.7478,0.735,0.7223
2.8027,2.8027,2.8027,2.8027,2.8027,2.8027,2.8027,2.8027,2.681,2.053,1.4252,0.8008,1.9761,2.1441,2.2447,2.318,2.3495,2.3804,2.4092,2.4379,2.4664,2.4949,2.5234,2.5518,2.5803
2.7973,2.7973,2.7973,2.7973,2.7973,2.7973,2.7973,2.7973,2.7973,2.7973,2.7973,2.7973,2.7973,2.7973,0.9194,1.5259,2.1333,2.7406,2.7973,2.7973,2.7973,2.7973,2.7973,2.7973,2.7973
2.7918,2.7918,2.7918,2.7918,2.7918,2.7918,2.7918,2.7918,2.7918,2.7918,2.6442,1.4828,1.0515,0.9716,0.9239,0.889,0.8741,0.8593,0.8457,0.832,0.8185,0.8049,0.7914,0.7779,0.7643
1.3976,1.449,1.5086,1.5798,1.6527,1.7312,1.8097,1.8889,1.968,2.0489,2.1302,2.223,0.7051,0.9117,0.9544,0.9856,0.999,1.0121,1.0244,1.0366,1.0487,1.0608,1.0729,1.085,1.0971
2.781,2.781,2.781,2.781,2.781,2.781,2.781,2.781,2.781,2.781,2.781,2.781,2.781,2.781,1.062,1.3705,1.3475,1.3248,1.3038,1.2827,1.2618,1.2409,1.2201,1.1992,1.1784
2.7756,2.7756,2.7756,2.7756,2.7756,2.7756,2.7756,2.7756,2.4735,1.8942,1.3149,0.793,2.7756,2.7756,2.7756,2.7756,2.7756,2.7756,2.7756,2.7756,2.7756,2.7756,2.7756,2.7756,2.7756
1.767,1.8319,1.9073,1.9974,2.0896,2.1888,2.288,2.3881,2.4882,2.5904,2.6933,2.7702,2.7702,2.7702,1.2067,1.2461,1.263,1.2796,1.2951,1.3106,1.3259,1.3412,1.3565,1.3718,1.3871
2.7649,2.7649,2.7649,2.7649,2.7649,2.7649,2.7649,2.7649,2.7202,2.6411,2.5616,2.4708,2.3717,0.8502,0.8084,0.7779,0.7648,0.752,0.74,0.728,0.7162,0.7043,0.6925,0.6807,0.6688
1.9496,2.0212,2.1043,2.2037,2.3054,2.4149,2.5244,2.6348,2.7453,2.6339,1.8284,1.0253,1.1721,1.2717,1.3314,1.3749,1.3935,1.4119,1.4289,1.446,1.4629,1.4798,1.4967,1.5135,1.5304
2.7543,2.7543,2.7543,2.7543,2.7543,2.7543,2.7543,2.7543,2.7543,2.7543,2.7543,2.7543,2.7543,2.7543,0.8792,1.4592,2.04,2.6208,2.7543,2.7543,2.7543,2.7543,2.7543,2.7543,2.7543
2.749,2.749,2.749,2.749,2.749,2.749,2.749,2.749,2.749,2.4749,1.718,0.9634,1.4174,1.3098,1.2454,1.1984,1.1783,1.1584,1.14,1.1216,1.1033,1.0851,1.0668,1.0486,1.0304
1.379,1.4297,1.4885,1.5588,1.6307,1.7082,1.7856,1.8637,1.9419,2.0216,2.1019,2.1934,2.2934,0.8995,0.9417,0.9725,0.9857,0.9987,1.0107,1.0228,1.0348,1.0467,1.0587,1.0706,1.0825
2.7385,2.7385,2.7385,2.7385,2.7385,2.7385,2.7385,2.7385,2.7385,2.7385,2.7385,2.7385,2.7385,0.689,0.9948,0.9572,0.9412,0.9253,0.9106,0.8959,0.8813,0.8667,0.8522,0.8376,0.823
2.7333,2.7333,2.7333,2.7333,2.7333,2.7333,2.7333,2.7333,2.5175,1.9279,1.3383,0.7809,2.7333,2.7333,2.7333,2.7333,2.7333,2.7333,2.7333,2.7333,2.7333,2.7333,2.7333,2.7333,2.7333
2.7044,2.7281,2.7281,2.7281,2.7281,2.7281,2.7281,2.7281,2.7281,2.7281,2.7281,2.7281,2.7281,2.7281,1.0229,1.6977,1.933,1.9585,1.9822,2.0058,2.0293,2.0527,2.0761,2.0996,2.123
2.7229,2.7229,2.7229,2.7229,2.7229,2.7229,2.7229,2.7229,2.7229,2.7229,2.6898,2.509,0.6613,0.8928,0.8489,0.8168,0.8031,0.7896,0.777,0.7645,0.752,0.7396,0.7272,0.7147,0.7023
1.5211,1.577,1.6418,1.7194,1.7987,1.8842,1.9696,2.0557,2.1419,2.2299,2.3184,1.7111,0.5914,0.9922,1.0387,1.0727,1.0872,1.1016,1.1149,1.1282,1.1414,1.1545,1.1677,1.1809,1.1941
2.7126,2.7126,2.7126,2.7126,2.7126,2.7126,2.7126,2.7126,2.7126,2.7126,2.7126,2.7126,2.7126,2.7126,0.9532,1.5819,2.0482,2.0138,1.9818,1.9497,1.918,1.8863,1.8545,1.8228,1.7912
2.7075,2.7075,2.7075,2.7075,2.7075,2.7075,2.7075,2.7075,2.6368,2.0192,1.4017,0.786,2.6503,2.4491,2.3286,2.2407,2.2031,2.166,2.1316,2.0971,2.063,2.0289,1.9947,1.9607,1.9266
1.5455,1.6023,1.6681,1.7469,1.8276,1.9144,2.0012,2.0887,2.1762,2.2657,2.3556,2.4582,2.5703,0.6799,1.0554,1.0899,1.1047,1.1192,1.1327,1.1463,1.1597,1.1731,1.1864,1.1998,1.2132
2.6973,2.6973,2.6973,2.6973,2.6973,2.6973,2.6973,2.6973,2.6973,2.6973,2.6771,2.5823,2.4787,0.8886,0.8449,0.813,0.7993,0.7859,0.7734,0.7609,0.7485,0.7361,0.7237,0.7114,0.699
2.5948,2.6901,2.6922,2.6922,2.6922,2.6922,2.6922,2.6922,2.6922,2.2377,1.5533,0.8711,1.56,1.6926,1.772,1.8299,1.8547,1.8791,1.9018,1.9245,1.947,1.9695,1.992,2.0145,2.0369
2.6872,2.6872,2.6872,2.6872,2.6872,2.6872,2.6872,2.6872,2.6872,2.6872,2.6872,2.6872,2.6872,2.6872,0.9014,1.4959,2.0914,2.6868,2.6872,2.6872,2.6872,2.6872,2.6872,2.6872,2.6872
2.6821,2.6821,2.6821,2.6821,2.6821,2.6821,2.6821,2.6821,2.6821,2.6821,2.1851,1.2254,1.1646,1.0761,1.0232,0.9846,0.9681,0.9518,0.9366,0.9215,0.9065,0.8915,0.8765,0.8615,0.8465
1.3872,1.4381,1.4973,1.568,1.6404,1.7183,1.7962,1.8748,1.9533,2.0336,2.1143,2.2064,1.7186,0.9049,0.9473,0.9783,0.9915,1.0046,1.0167,1.0288,1.0409,1.0529,1.0649,1.0769,1.0889
2.6721,2.6721,2.6721,2.6721,2.6721,2.6721,2.6721,2.6721,2.6721,2.6721,2.6721,2.6721,2.6721,2.6721,1.1975,1.1728,1.1531,1.1337,1.1156,1.0976,1.0797,1.0619,1.044,1.0262,1.0083
2.6672,2.6672,2.6672,2.6672,2.6672,2.6672,2.6672,2.6672,2.4847,1.9027,1.3208,0.762,2.6672,2.6672,2.6672,2.6672,2.6672,2.6672,2.6672,2.6672,2.6672,2.6672,2.6672,2.6672,2.6672
2.0341,2.1089,2.1956,2.2993,2.4054,2.5197,2.6339,2.6622,2.6622,2.6622,2.6622,2.6622,2.6622,2.6622,1.2139,1.4345,1.4539,1.4731,1.4909,1.5087,1.5263,1.544,1.5616,1.5792,1.5968
2.6573,2.6573,2.6573,2.6573,2.6573,2.6573,2.6573,2.6573,2.6573,2.6573,2.6037,2.5115,2.0055,0.8642,0.8217,0.7907,0.7774,0.7643,0.7522,0.74,0.728,0.7159,0.7039,0.6919,0.6798
1.7554,1.8199,1.8947,1.9842,2.0758,2.1744,2.2729,2.3724,2.4718,2.5734,2.1568,1.2094,1.0553,1.145,1.1987,1.2379,1.2547,1.2712,1.2866,1.3019,1.3171,1.3324,1.3476,1.3628,1.378
2.6475,2.6475,2.6475,2.6475,2.6475,2.6475,2.6475,2.6475,2.6475,2.6475,2.6475,2.6475,2.6475,2.6475,0.9043,1.5009,2.0983,2.6475,2.6475,2.6475,2.6475,2.6475,2.6475,2.6475,2.6475
2.6426,2.6426,2.6426,2.6426,2.6426,2.6426,2.6426,2.6426,2.6426,2.2727,1.5776,0.8847,1.7226,1.5918,1.5135,1.4564,1.4319,1.4078,1.3854,1.363,1.3408,1.3186,1.2965,1.2743,1.2522
1.4357,1.4885,1.5497,1.6229,1.6978,1.7784,1.859,1.9403,2.0217,2.1047,2.1883,2.2836,2.3877,0.9365,0.9804,1.0125,1.0262,1.0397,1.0523,1.0648,1.0773,1.0897,1.1022,1.1146,1.127
2.6329,2.6329,2.6329,2.6329,2.6329,2.6329,2.6329,2.6329,2.6329,2.6329,2.6329,2.6329,2.6329,0.6526,0.9294,0.8944,0.8793,0.8645,0.8508,0.837,0.8234,0.8098,0.7962,0.7826,0.769
2.628,2.628,2.628,2.628,2.628,2.628,2.628,2.628,2.628,2.0323,1.4108,0.7911,2.4829,2.628,2.628,2.628,2.628,2.628,2.628,2.628,2.628,2.628,2.628,2.628,2.628
2.6232,2.6232,2.6232,2.6232,2.6232,2.6232,2.6232,2.6232,2.6232,2.6232,2.6232,2.6232,2.6232,2.6232,0.9707,1.611,2.2523,2.6001,2.6232,2.6232,2.6232,2.6232,2.6232,2.6232,2.6232
2.6184,2.6184,2.6184,2.6184,2.6184,2.6184,2.6184,2.6184,2.6184,2.6184,2.6184,1.7854,1.032,0.9536,0.9067,0.8725,0.8578,0.8434,0.83,0.8166,0.8033,0.79,0.7767,0.7634,0.7502
1.464,1.5178,1.5802,1.6549,1.7313,1.8135,1.8957,1.9786,2.0616,2.1463,2.2315,2.3287,0.5692,0.955,0.9998,1.0325,1.0465,1.0602,1.073,1.0858,1.0985,1.1112,1.1239,1.1366,1.1493
2.6089,2.6089,2.6089,2.6089,2.6089,2.6089,2.6089,2.6089,2.6089,2.6089,2.6089,2.6089,2.6089,2.6089,1.0325,1.6016,1.5747,1.5482,1.5236,1.499,1.4746,1.4502,1.4258,1.4014,1.377
2.6042,2.6042,2.6042,2.6042,2.6042,2.6042,2.6042,2.6042,2.5718,1.9694,1.3671,0.7666,2.6042,2.6042,2.6042,2.6042,2.6042,2.6042,2.6042,2.6042,2.6042,2.6042,2.6042,2.6042,2.6042
1.6999,1.7623,1.8348,1.9215,2.0102,2.1056,2.2011,2.2974,2.3937,2.492,2.5909,2.5995,2.5995,0.7427,1.1608,1.1988,1.215,1.231,1.2459,1.2608,1.2755,1.2903,1.305,1.3197,1.3344
2.5948,2.5948,2.5948,2.5948,2.5948,2.5948,2.5948,2.5948,2.5948,2.5948,2.5948,2.5504,2.4481,0.8776,0.8345,0.803,0.7895,0.7762,0.7638,0.7515,0.7393,0.727,0.7148,0.7026,0.6904
2.1884,2.2688,2.3621,2.4736,2.5878,2.5901,2.5901,2.5901,2.5901,2.5034,1.7378,0.9745,1.3156,1.4275,1.4944,1.5433,1.5642,1.5848,1.6039,1.6231,1.6421,1.661,1.68,1.6989,1.7179
2.5854,2.5854,2.5854,2.5854,2.5854,2.5854,2.5854,2.5854,2.5854,2.5854,2.5854,2.5854,2.5854,2.5854,0.9011,1.4955,2.0908,2.5854,2.5854,2.5854,2.5854,2.5854,2.5854,2.5854,2.5854
2.5807,2.5807,2.5807,2.5807,2.5807,2.5807,2.5807,2.5807,2.5807,2.5807,1.9005,1.0657,1.3282,1.2274,1.167,1.123,1.1041,1.0855,1.0683,1.051,1.0339,1.0168,0.9997,0.9826,0.9655
1.4034,1.455,1.5148,1.5863,1.6596,1.7384,1.8172,1.8967,1.9762,2.0574,2.139,2.2322,2.334,0.9155,0.9584,0.9897,1.0031,1.0163,1.0286,1.0409,1.053,1.0652,1.0774,1.0895,1.1017
2.5715,2.5715,2.5715,2.5715,2.5715,2.5715,2.5715,2.5715,2.5715,2.5715,2.5715,2.5715,2.5715,2.5715,1.087,1.0459,1.0284,1.0111,0.995,0.9789,0.963,0.947,0.9311,0.9152,0.8993
2.5669,2.5669,2.5669,2.5669,2.5669,2.5669,2.5669,2.5669,2.5437,1.9479,1.3522,0.7582,2.5669,2.5669,2.5669,2.5669,2.5669,2.5669,2.5669,2.5669,2.5669,2.5669,2.5669,2.5669,2.5669
2.4377,2.5272,2.5623,2.5623,2.5623,2.5623,2.5623,2.5623,2.5623,2.5623,2.5623,2.5623,2.5623,2.5623,1.1058,1.7191,1.7424,1.7653,1.7867,1.808,1.8291,1.8503,1.8714,1.8925,1.9136
2.5577,2.5577,2.5577,2.5577,2.5577,2.5577,2.5577,2.5577,2.5577,2.5577,2.5577,2.5577,0.7727,0.8954,0.8513,0.8192,0.8055,0.7919,0.7793,0.7667,0.7542,0.7417,0.7293,0.7168,0.7044
1.6286,1.6884,1.7579,1.8409,1.9259,2.0173,2.1088,2.201,2.2933,2.3875,2.4823,1.4989,0.9791,1.0623,1.1122,1.1485,1.1641,1.1794,1.1937,1.2079,1.222,1.2361,1.2502,1.2643,1.2784
2.5486,2.5486,2.5486,2.5486,2.5486,2.5486,2.5486,2.5486,2.5486,2.5486,2.5486,2.5486,2.5486,2.5486,0.9485,1.5742,2.2008,2.5486,2.5486,2.521,2.48,2.4389,2.3979,2.357,2.316
2.5441,2.5441,2.5441,2.5441,2.5441,2.5441,2.5441,2.5441,2.5441,2.1432,1.4877,0.8343,2.2304,2.061,1.9597,1.8857,1.854,1.8228,1.7939,1.7649,1.7361,1.7074,1.6787,1.65,1.6213
1.5253,1.5813,1.6463,1.7241,1.8037,1.8893,1.975,2.0614,2.1478,2.236,2.3248,2.426,2.5366,0.8139,1.0416,1.0756,1.0902,1.1046,1.1179,1.1313,1.1445,1.1577,1.1709,1.1841,1.1973
2.5351,2.5351,2.5351,2.5351,2.5351,2.5351,2.5351,2.5351,2.5351,2.5351,2.5351,2.5351,2.5351,0.8978,0.8895,0.856,0.8416,0.8274,0.8143,0.8011,0.7881,0.775,0.762,0.749,0.7359
2.5306,2.5306,2.5306,2.5306,2.5306,2.5306,2.5306,2.5306,2.5306,2.1886,1.5193,0.852,1.8495,2.0067,2.1008,2.1695,2.1989,2.2278,2.2547,2.2816,2.3083,2.335,2.3616,2.3883,2.4149
2.5262,2.5262,2.5262,2.5262,2.5262,2.5262,2.5262,2.5262,2.5262,2.5262,2.5262,2.5262,2.5262,2.5262,0.9418,1.5631,2.1852,2.5262,2.5262,2.5262,2.5262,2.5262,2.5262,2.5262,2.5262
2.5217,2.5217,2.5217,2.5217,2.5217,2.5217,2.5217,2.5217,2.5217,2.5217,2.5217,1.4161,1.1277,1.0421,0.9908,0.9535,0.9374,0.9217,0.907,0.8923,0.8778,0.8633,0.8488,0.8343,0.8198
1.4388,1.4917,1.553,1.6264,1.7015,1.7823,1.8631,1.9446,2.0261,2.1093,2.1931,2.2886,0.9422,0.9386,0.9826,1.0147,1.0284,1.042,1.0546,1.0672,1.0796,1.0921,1.1046,1.117,1.1295
2.5129,2.5129,2.5129,2.5129,2.5129,2.5129,2.5129,2.5129,2.5129,2.5129,2.5129,2.5129,2.5129,2.5129,1.1467,1.3288,1.3065,1.2845,1.2641,1.2437,1.2234,1.2032,1.1829,1.1627,1.1425
2.5085,2.5085,2.5085,2.5085,2.5085,2.5085,2.5085,2.5085,2.5085,1.9595,1.3602,0.7628,2.5085,2.5085,2.5085,2.5085,2.5085,2.5085,2.5085,2.5085,2.5085,2.5085,2.5085,2.5085,2.5085
1.9224,1.993,2.0749,2.1729,2.2733,2.3812,2.4892,2.5041,2.5041,2.5041,2.5041,2.5041,2.5041,2.5041,1.3128,1.3557,1.374,1.3921,1.409,1.4258,1.4424,1.4591,1.4758,1.4924,1.509
2.4997,2.4997,2.4997,2.4997,2.4997,2.4997,2.4997,2.4997,2.4997,2.4997,2.4997,2.4997,2.4652,0.8837,0.8403,0.8086,0.795,0.7816,0.7692,0.7568,0.7444,0.7321,0.7198,0.7075,0.6952
1.9316,2.0026,2.085,2.1834,2.2842,2.3927,2.4954,2.4954,2.4954,2.4954,2.0066,1.1252,1.1613,1.26,1.3191,1.3622,1.3807,1.3989,1.4158,1.4327,1.4494,1.4662,1.4829,1.4996,1.5163
2.4911,2.4911,2.4911,2.4911,2.4911,2.4911,2.4911,2.4911,2.4911,2.4911,2.4911,2.4911,2.4911,2.4911,0.9182,1.5239,2.1305,2.4911,2.4911,2.4911,2.4911,2.4911,2.4911,2.4911,2.4911
2.4867,2.4867,2.4867,2.4867,2.4867,2.4867,2.4867,2.4867,2.4867,2.4725,1.7163,0.9625,1.572,1.4526,1.3812,1.3291,1.3067,1.2848,1.2643,1.2439,1.2236,1.2034,1.1832,1.1629,1.1427
1.4471,1.5003,1.562,1.6358,1.7113,1.7926,1.8738,1.9558,2.0378,2.1215,2.2057,2.3018,2.4067,0.944,0.9882,1.0205,1.0344,1.048,1.0607,1.0733,1.0859,1.0984,1.1109,1.1235,1.136
2.4781,2.4781,2.4781,2.4781,2.4781,2.4781,2.4781,2.4781,2.4781,2.4781,2.4781,2.4781,2.4781,0.6933,1.001,0.9632,0.9471,0.9311,0.9163,0.9015,0.8868,0.8722,0.8575,0.8428,0.8282
2.4739,2.4739,2.4739,2.4739,2.4739,2.4739,2.4739,2.4739,2.4739,2.0331,1.4113,0.7914,2.4739,2.4739,2.4739,2.4739,2.4739,2.4739,2.4739,2.4739,2.4739,2.4739,2.4739,2.4739,2.4739
2.4696,2.4696,2.4696,2.4696,2.4696,2.4696,2.4696,2.4696,2.4696,2.4696,2.4696,2.4696,2.4696,2.4696,1.036,1.7194,2.2085,2.2376,2.2646,2.2917,2.3185,2.3452,2.372,2.3987,2.4255
2.4653,2.4653,2.4653,2.4653,2.4653,2.4653,2.4653,2.4653,2.4653,2.4653,2.4653,2.2434,0.701,0.9463,0.8998,0.8658,0.8513,0.837,0.8236,0.8103,0.7971,0.784,0.7708,0.7576,0.7444
1.5496,1.6065,1.6725,1.7515,1.8324,1.9194,2.0064,2.0942,2.182,2.2716,2.3618,2.0004,0.6025,1.0108,1.0582,1.0928,1.1076,1.1222,1.1357,1.1493,1.1627,1.1761,1.1896,1.203,1.2164
2.4569,2.4569,2.4569,2.4569,2.4569,2.4569,2.4569,2.4569,2.4569,2.4569,2.4569,2.4569,2.4569,2.4569,1.0158,1.6859,1.8981,1.8661,1.8364,1.8068,1.7773,1.7479,1.7186,1.6892,1.6598
2.4527,2.4527,2.4527,2.4527,2.4527,2.4527,2.4527,2.4527,2.4527,2.0682,1.4357,0.8051,2.4527,2.4527,2.4527,2.4527,2.4527,2.4527,2.4527,2.4527,2.4527,2.4527,2.4131,2.3719,2.3306
1.6567,1.7175,1.7882,1.8726,1.9591,2.0521,2.1451,2.239,2.3328,2.4287,2.4485,2.4485,2.4485,0.6996,1.1313,1.1683,1.1841,1.1997,1.2142,1.2287,1.2431,1.2574,1.2718,1.2861,1.3005
2.4443,2.4443,2.4443,2.4443,2.4443,2.4443,2.4443,2.4443,2.4443,2.4443,2.4443,2.4443,2.4443,0.9148,0.8698,0.837,0.823,0.8091,0.7962,0.7834,0.7706,0.7579,0.7451,0.7324,0.7197
2.4402,2.4402,2.4402,2.4402,2.4402,2.4402,2.4402,2.4402,2.4402,2.414,1.6758,0.9397,1.5061,1.6342,1.7108,1.7667,1.7907,1.8142,1.8362,1.8581,1.8798,1.9015,1.9232,1.9449,1.9666
2.436,2.436,2.436,2.436,2.436,2.436,2.436,2.436,2.436,2.436,2.436,2.436,2.436,2.436,0.9326,1.5478,2.1639,2.436,2.436,2.436,2.436,2.436,2.436,2.436,2.436
2.4319,2.4319,2.4319,2.4319,2.4319,2.4319,2.4319,2.4319,2.4319,2.4319,2.1379,1.1988,1.2653,1.1693,1.1118,1.0698,1.0518,1.0341,1.0177,1.0012,0.9849,0.9686,0.9524,0.9361,0.9198
1.4422,1.4952,1.5567,1.6302,1.7054,1.7864,1.8674,1.9491,2.0308,2.1142,2.1981,2.2939,2.3985,0.9407,0.9849,1.017,1.0308,1.0444,1.057,1.0696,1.0821,1.0946,1.1071,1.1196,1.1321
2.4237,2.4237,2.4237,2.4237,2.4237,2.4237,2.4237,2.4237,2.4237,2.4237,2.4237,2.4237,2.4237,2.4237,1.2052,1.1597,1.1403,1.1211,1.1032,1.0854,1.0677,1.0501,1.0324,1.0148,0.9971
2.4196,2.4196,2.4196,2.4196,2.4196,2.4196,2.4196,2.4196,2.4196,1.9876,1.3797,0.7737,2.4196,2.4196,2.4196,2.4196,2.4196,2.4196,2.4196,2.4196,2.4196,2.4196,2.4196,2.4196,2.4196
2.2498,2.3325,2.4155,2.4155,2.4155,2.4155,2.4155,2.4155,2.4155,2.4155,2.4155,2.4155,2.4155,2.4155,1.2112,1.5866,1.6081,1.6293,1.649,1.6686,1.6882,1.7077,1.7271,1.7466,1.7661
2.4114,2.4114,2.4114,2.4114,2.4114,2.4114,2.4114,2.4114,2.4114,2.4114,2.4114,2.4114,1.2855,0.9071,0.8625,0.8299,0.816,0.8023,0.7895,0.7767,0.7641,0.7515,0.7388,0.7262,0.7136
1.7649,1.8298,1.905,1.995,2.0871,2.1862,2.2853,2.3853,2.4074,2.4074,2.4074,1.3534,1.0611,1.1513,1.2053,1.2447,1.2615,1.2781,1.2936,1.309,1.3243,1.3396,1.3549,1.3702,1.3855
2.4034,2.4034,2.4034,2.4034,2.4034,2.4034,2.4034,2.4034,2.4034,2.4034,2.4034,2.4034,2.4034,2.4034,0.9538,1.5831,2.2132,2.4034,2.4034,2.4034,2.4034,2.4034,2.4034,2.4034,2.4034
2.3993,2.3993,2.3993,2.3993,2.3993,2.3993,2.3993,2.3993,2.3993,2.3007,1.597,0.8956,1.9563,1.8077,1.7188,1.6539,1.6262,1.5988,1.5734,1.548,1.5227,1.4976,1.4724,1.4472,1.4221
1.5219,1.5778,1.6427,1.7203,1.7997,1.8852,1.9707,2.0569,2.1431,2.2311,2.3197,2.3953,2.3953,0.9928,1.0393,1.0733,1.0878,1.1022,1.1155,1.1288,1.142,1.1552,1.1684,1.1815,1.1947
2.3913,2.3913,2.3913,2.3913,2.3913,2.3913,2.3913,2.3913,2.3913,2.3913,2.3913,2.3913,2.3913,0.7559,0.9467,0.9109,0.8956,0.8806,0.8666,0.8526,0.8387,0.8248,0.8109,0.7971,0.7832
2.3873,2.3873,2.3873,2.3873,2.3873,2.3873,2.3873,2.3873,2.3873,2.1658,1.5034,0.8431,2.2727,2.3873,2.3873,2.3873,2.3873,2.3873,2.3873,2.3873,2.3873,2.3873,2.3873,2.3873,2.3873
2.3834,2.3834,2.3834,2.3834,2.3834,2.3834,2.3834,2.3834,2.3834,2.3834,2.3834,2.3834,2.3834,2.3834,0.9943,1.6502,2.307,2.3834,2.3834,2.3834,2.3834,2.3834,2.3834,2.3834,2.3834
2.3794,2.3794,2.3794,2.3794,2.3794,2.3794,2.3794,2.3794,2.3794,2.3794,2.3794,1.6815,1.1059,1.022,0.9717,0.935,0.9193,0.9038,0.8895,0.8751,0.8609,0.8466,0.8324,0.8182,0.8039
1.5076,1.563,1.6272,1.7041,1.7828,1.8674,1.9521,2.0375,2.1229,2.2101,2.2978,2.3755,0.6645,0.9834,1.0295,1.0632,1.0776,1.0918,1.1049,1.1181,1.1312,1.1443,1.1573,1.1704,1.1834
2.3715,2.3715,2.3715,2.3715,2.3715,2.3715,2.3715,2.3715,2.3715,2.3715,2.3715,2.3715,2.3715,2.3715,1.1133,1.5387,1.5128,1.4874,1.4637,1.4401,1.4166,1.3932,1.3698,1.3464,1.3229
2.3676,2.3676,2.3676,2.3676,2.3676,2.3676,2.3676,2.3676,2.3676,2.0382,1.4149,0.7934,2.3676,2.3676,2.3676,2.3676,2.3676,2.3676,2.3676,2.3676,2.3676,2.3676,2.3676,2.3676,2.3676
1.8454,1.9132,1.9918,2.0859,2.1822,2.2858,2.3637,2.3637,2.3637,2.3637,2.3637,2.3637,2.3637,0.6754,1.2602,1.3014,1.319,1.3364,1.3525,1.3687,1.3847,1.4007,1.4167,1.4326,1.4486
2.3598,2.3598,2.3598,2.3598,2.3598,2.3598,2.3598,2.3598,2.3598,2.3598,2.3598,2.3598,2.3598,0.9127,0.8678,0.8351,0.8211,0.8072,0.7944,0.7816,0.7688,0.7561,0.7434,0.7307,0.718
2.1594,2.2387,2.3308,2.356,2.356,2.356,2.356,2.356,2.356,2.356,1.901,1.066,1.2982,1.4086,1.4746,1.5228,1.5434,1.5638,1.5827,1.6016,1.6203,1.639,1.6577,1.6764,1.6951
2.3521,2.3521,2.3521,2.3521,2.3521,2.3521,2.3521,2.3521,2.3521,2.3521,2.3521,2.3521,2.3521,2.3521,0.9417,1.5629,2.1849,2.3521,2.3521,2.3521,2.3521,2.3521,2.3521,2.3521,2.3521
2.3482,2.3482,2.3482,2.3482,2.3482,2.3482,2.3482,2.3482,2.3482,2.3482,1.8936,1.0619,1.466,1.3547,1.288,1.2394,1.2186,1.1981,1.179,1.16,1.1411,1.1222,1.1034,1.0845,1.0656
1.4736,1.5277,1.5906,1.6657,1.7426,1.8253,1.9081,1.9916,2.075,2.1603,2.246,2.3439,2.3444,0.9612,1.0063,1.0392,1.0533,1.0672,1.0801,1.0929,1.1057,1.1185,1.1313,1.144,1.1568
2.3406,2.3406,2.3406,2.3406,2.3406,2.3406,2.3406,2.3406,2.3406,2.3406,2.3406,2.3406,2.3406,0.6687,1.092,1.0508,1.0331,1.0157,0.9996,0.9834,0.9674,0.9514,0.9354,0.9194,0.9034
2.3368,2.3368,2.3368,2.3368,2.3368,2.3368,2.3368,2.3368,2.3368,2.0552,1.4267,0.8,2.3368,2.3368,2.3368,2.3368,2.3368,2.3368,2.3368,2.3368,2.3368,2.3368,2.3368,2.3368,2.3368
2.333,2.333,2.333,2.333,2.333,2.333,2.333,2.333,2.333,2.333,2.333,2.333,2.333,2.333,1.1189,1.857,1.9694,1.9953,2.0194,2.0435,2.0674,2.0913,2.1152,2.139,2.1629
2.3292,2.3292,2.3292,2.3292,2.3292,2.3292,2.3292,2.3292,2.3292,2.3292,2.3292,2.3292,0.6655,0.9494,0.9027,0.8687,0.8541,0.8397,0.8263,0.813,0.7998,0.7865,0.7733,0.7601,0.7469
1.6586,1.7195,1.7902,1.8748,1.9613,2.0545,2.1476,2.2415,2.3254,2.3254,2.3254,1.7234,0.6449,1.0819,1.1326,1.1696,1.1855,1.2011,1.2156,1.2301,1.2445,1.2589,1.2733,1.2876,1.302
2.3216,2.3216,2.3216,2.3216,2.3216,2.3216,2.3216,2.3216,2.3216,2.3216,2.3216,2.3216,2.3216,2.3216,1.011,1.6779,2.3216,2.3216,2.3089,2.2716,2.2346,2.1977,2.1607,2.1238,2.0869
2.3179,2.3179,2.3179,2.3179,2.3179,2.3179,2.3179,2.3179,2.3179,2.1955,1.5241,0.8546,2.3179,2.3179,2.3067,2.2196,2.1823,2.1456,2.1115,2.0773,2.0435,2.0097,1.9759,1.9422,1.9084
1.6346,1.6947,1.7644,1.8477,1.933,2.0248,2.1166,2.2092,2.3018,2.3141,2.3141,2.3141,2.3141,0.7594,1.1163,1.1528,1.1684,1.1838,1.1981,1.2124,1.2266,1.2407,1.2549,1.269,1.2832
2.3104,2.3104,2.3104,2.3104,2.3104,2.3104,2.3104,2.3104,2.3104,2.3104,2.3104,2.3104,2.3104,0.9636,0.9162,0.8817,0.8668,0.8523,0.8387,0.8252,0.8117,0.7983,0.7849,0.7715,0.758
2.3067,2.3067,2.3067,2.3067,2.3067,2.3067,2.3067,2.3067,2.3067,2.3067,1.6378,0.9184,1.7664,1.9166,2.0065,2.072,2.1001,2.1278,2.1535,2.1792,2.2047,2.2301,2.2556,2.281,2.3065
2.303,2.303,2.303,2.303,2.303,2.303,2.303,2.303,2.303,2.303,2.303,2.303,2.303,2.303,0.9751,1.6183,2.2625,2.303,2.303,2.303,2.303,2.303,2.303,2.303,2.303
2.2993,2.2993,2.2993,2.2993,2.2993,2.2993,2.2993,2.2993,2.2993,2.2993,2.2993,1.3757,1.2236,1.1307,1.0751,1.0345,1.0171,1.0,0.9841,0.9682,0.9525,0.9367,0.921,0.9052,0.8895
1.4972,1.5522,1.616,1.6923,1.7705,1.8545,1.9386,2.0234,2.1082,2.1948,2.282,2.2956,1.3859,0.9766,1.0224,1.0558,1.0701,1.0842,1.0973,1.1104,1.1234,1.1364,1.1493,1.1623,1.1753
2.2919,2.2919,2.2919,2.2919,2.2919,2.2919,2.2919,2.2919,2.2919,2.2919,2.2919,2.2919,2.2919,2.2919,1.2532,1.308,1.286,1.2644,1.2443,1.2242,1.2042,1.1843,1.1644,1.1445,1.1246
2.2883,2.2883,2.2883,2.2883,2.2883,2.2883,2.2883,2.2883,2.2883,2.0489,1.4223,0.7976,2.2883,2.2883,2.2883,2.2883,2.2883,2.2883,2.2883,2.2883,2.2883,2.2883,2.2883,2.2883,2.2883
2.1184,2.1962,2.2846,2.2846,2.2846,2.2846,2.2846,2.2846,2.2846,2.2846,2.2846,2.2846,2.2846,2.2846,1.3467,1.4939,1.5142,1.5341,1.5527,1.5712,1.5896,1.6079,1.6263,1.6446,1.663
2.281,2.281,2.281,2.281,2.281,2.281,2.281,2.281,2.281,2.281,2.281,2.281,2.281,0.9285,0.8828,0.8495,0.8352,0.8212,0.8081,0.7951,0.7821,0.7692,0.7563,0.7433,0.7304
1.9388,2.0101,2.0927,2.1916,2.2774,2.2774,2.2774,2.2774,2.2774,2.2774,2.233,1.2522,1.1656,1.2647,1.324,1.3673,1.3858,1.4041,1.421,1.438,1.4548,1.4716,1.4884,1.5052,1.522
2.2738,2.2738,2.2738,2.2738,2.2738,2.2738,2.2738,2.2738,2.2738,2.2738,2.2738,2.2738,2.2738,2.2738,0.9694,1.6088,2.2492,2.2738,2.2738,2.2738,2.2738,2.2738,2.2738,2.2738,2.2738
2.2702,2.2702,2.2702,2.2702,2.2702,2.2702,2.2702,2.2702,2.2702,2.2702,1.736,0.9735,1.7702,1.6358,1.5553,1.4966,1.4715,1.4467,1.4237,1.4007,1.3779,1.3551,1.3323,1.3096,1.2868
1.5353,1.5917,1.6572,1.7354,1.8156,1.9018,1.988,2.075,2.1619,2.2508,2.2666,2.2666,2.2666,1.0015,1.0485,1.0827,1.0974,1.1119,1.1253,1.1387,1.152,1.1653,1.1786,1.1919,1.2052
2.263,2.263,2.263,2.263,2.263,2.263,2.263,2.263,2.263,2.263,2.263,2.263,2.263,0.6641,1.0194,0.9809,0.9644,0.9482,0.9331,0.9181,0.9031,0.8882,0.8732,0.8583,0.8434
2.2594,2.2594,2.2594,2.2594,2.2594,2.2594,2.2594,2.2594,2.2594,2.1679,1.5049,0.8439,2.2594,2.2594,2.2594,2.2594,2.2594,2.2594,2.2594,2.2594,2.2594,2.2594,2.2594,2.2594,2.2594
2.2559,2.2559,2.2559,2.2559,2.2559,2.2559,2.2559,2.2559,2.2559,2.2559,2.2559,2.2559,2.2559,2.2559,1.0615,1.7618,2.2559,2.2559,2.2559,2.2559,2.2559,2.2559,2.2559,2.2559,2.2559
2.2523,2.2523,2.2523,2.2523,2.2523,2.2523,2.2523,2.2523,2.2523,2.2523,2.2523,2.0691,0.6435,1.0145,0.9646,0.9282,0.9126,0.8973,0.883,0.8687,0.8546,0.8404,0.8263,0.8122,0.7981
1.5968,1.6554,1.7235,1.8049,1.8882,1.9779,2.0676,2.158,2.2484,2.2488,2.2488,2.2488,0.6208,1.0416,1.0904,1.1261,1.1413,1.1563,1.1703,1.1843,1.1981,1.212,1.2258,1.2396,1.2535
2.2453,2.2453,2.2453,2.2453,2.2453,2.2453,2.2453,2.2453,2.2453,2.2453,2.2453,2.2453,2.2453,2.2453,1.0952,1.8177,1.8001,1.7698,1.7417,1.7135,1.6856,1.6577,1.6299,1.602,1.5742
2.2418,2.2418,2.2418,2.2418,2.2418,2.2418,2.2418,2.2418,2.2418,2.1426,1.4873,0.8341,2.2418,2.2418,2.2418,2.2418,2.2418,2.2418,2.2418,2.2418,2.2418,2.2418,2.2418,2.2418,2.2418
1.7973,1.8633,1.9399,2.0316,2.1254,2.2263,2.2383,2.2383,2.2383,2.2383,2.2383,2.2383,2.2383,0.6395,1.2274,1.2675,1.2847,1.3016,1.3173,1.333,1.3486,1.3642,1.3797,1.3953,1.4109
2.2348,2.2348,2.2348,2.2348,2.2348,2.2348,2.2348,2.2348,2.2348,2.2348,2.2348,2.2348,2.2348,0.9526,0.9057,0.8715,0.8569,0.8425,0.8291,0.8157,0.8024,0.7891,0.7759,0.7626,0.7493
2.2313,2.2313,2.2313,2.2313,2.2313,2.2313,2.2313,2.2313,2.2313,2.2313,1.8305,1.0265,1.4784,1.6041,1.6793,1.7342,1.7577,1.7808,1.8023,1.8238,1.8452,1.8665,1.8878,1.9091,1.9304
2.2278,2.2278,2.2278,2.2278,2.2278,2.2278,2.2278,2.2278,2.2278,2.2278,2.2278,2.2278,2.2278,2.2278,0.9759,1.6196,2.2278,2.2278,2.2278,2.2278,2.2278,2.2278,2.2278,2.2278,2.2278
2.2244,2.2244,2.2244,2.2244,2.2244,2.2244,2.2244,2.2244,2.2244,2.2244,2.1232,1.1906,1.393,1.2872,1.2239,1.1777,1.1579,1.1384,1.1203,1.1022,1.0843,1.0663,1.0484,1.0305,1.0126
1.5164,1.5721,1.6368,1.7141,1.7932,1.8784,1.9635,2.0494,2.1353,2.2209,2.2209,2.2209,2.2209,0.9892,1.0356,1.0694,1.0839,1.0982,1.1114,1.1247,1.1378,1.151,1.1641,1.1773,1.1904
2.2175,2.2175,2.2175,2.2175,2.2175,2.2175,2.2175,2.2175,2.2175,2.2175,2.2175,2.2175,2.2175,0.6336,1.2086,1.163,1.1434,1.1242,1.1063,1.0884,1.0707,1.053,1.0353,1.0176,0.9999
2.2141,2.2141,2.2141,2.2141,2.2141,2.2141,2.2141,2.2141,2.2141,2.1,1.4578,0.8175,2.2141,2.2141,2.2141,2.2141,2.2141,2.2141,2.2141,2.2141,2.2141,2.2141,2.2141,2.2141,2.2141
2.2106,2.2106,2.2106,2.2106,2.2106,2.2106,2.2106,2.2106,2.2106,2.2106,2.2106,2.2106,2.2106,2.2106,1.2246,1.7816,1.8058,1.8295,1.8516,1.8737,1.8957,1.9176,1.9394,1.9613,1.9832
2.2072,2.2072,2.2072,2.2072,2.2072,2.2072,2.2072,2.2072,2.2072,2.2072,2.2072,2.2072,0.9787,0.9631,0.9157,0.8812,0.8664,0.8518,0.8383,0.8247,0.8113,0.7979,0.7844,0.771,0.7576
1.7974,1.8634,1.94,2.0317,2.1255,2.2038,2.2038,2.2038,2.2038,2.2038,2.2038,1.5402,1.0806,1.1724,1.2274,1.2675,1.2847,1.3016,1.3174,1.3331,1.3487,1.3642,1.3798,1.3954,1.4109
2.2005,2.2005,2.2005,2.2005,2.2005,2.2005,2.2005,2.2005,2.2005,2.2005,2.2005,2.2005,2.2005,2.2005,1.0179,1.6893,2.2005,2.2005,2.2005,2.2005,2.2005,2.2005,2.2005,2.2005,2.2005
2.1971,2.1971,2.1971,2.1971,2.1971,2.1971,2.1971,2.1971,2.1971,2.1971,1.6369,0.9179,2.1971,2.0934,1.9905,1.9153,1.8832,1.8515,1.822,1.7926,1.7634,1.7342,1.7051,1.6759,1.6468
1.6326,1.6926,1.7622,1.8454,1.9306,2.0223,2.1139,2.1937,2.1937,2.1937,2.1937,2.1937,2.1937,0.956,1.1149,1.1513,1.1669,1.1823,1.1966,1.2109,1.225,1.2392,1.2533,1.2674,1.2816
2.1904,2.1904,2.1904,2.1904,2.1904,2.1904,2.1904,2.1904,2.1904,2.1904,2.1904,2.1904,2.1904,0.8966,0.9761,0.9392,0.9234,0.9079,0.8935,0.879,0.8647,0.8504,0.8361,0.8218,0.8075
2.187,2.187,2.187,2.187,2.187,2.187,2.187,2.187,2.187,2.187,1.6217,0.9094,2.1369,2.187,2.187,2.187,2.187,2.187,2.187,2.187,2.187,2.187,2.187,2.187,2.187
2.1837,2.1837,2.1837,2.1837,2.1837,2.1837,2.1837,2.1837,2.1837,2.1837,2.1837,2.1837,2.1837,2.1837,1.0308,1.7108,2.1837,2.1837,2.1837,2.1837,2.1837,2.1837,2.1837,2.1837,2.1837
2.1804,2.1804,2.1804,2.1804,2.1804,2.1804,2.1804,2.1804,2.1804,2.1804,2.1804,1.6177,1.2001,1.109,1.0544,1.0146,0.9976,0.9808,0.9652,0.9496,0.9341,0.9187,0.9032,0.8878,0.8724
1.5711,1.6288,1.6958,1.7759,1.8579,1.9461,2.0344,2.1234,2.1771,2.1771,2.1771,2.1771,0.8694,1.0249,1.0729,1.108,1.123,1.1378,1.1515,1.1653,1.1789,1.1925,1.2061,1.2197,1.2333
2.1738,2.1738,2.1738,2.1738,2.1738,2.1738,2.1738,2.1738,2.1738,2.1738,2.1738,2.1738,2.1738,2.1738,1.216,1.5054,1.4802,1.4553,1.4321,1.409,1.386,1.3631,1.3402,1.3173,1.2944
2.1705,2.1705,2.1705,2.1705,2.1705,2.1705,2.1705,2.1705,2.1705,2.1348,1.4819,0.831,2.1705,2.1705,2.1705,2.1705,2.1705,2.1705,2.1705,2.1705,2.1705,2.1705,2.1705,2.1705,2.1705
2.0305,2.1051,2.1672,2.1672,2.1672,2.1672,2.1672,2.1672,2.1672,2.1672,2.1672,2.1672,2.1672,0.6192,1.3866,1.4319,1.4513,1.4705,1.4882,1.506,1.5236,1.5412,1.5588,1.5764,1.5939
2.1639,2.1639,2.1639,2.1639,2.1639,2.1639,2.1639,2.1639,2.1639,2.1639,2.1639,2.1639,2.1639,0.9607,0.9135,0.879,0.8642,0.8497,0.8362,0.8226,0.8093,0.7959,0.7825,0.7691,0.7557
2.1607,2.1607,2.1607,2.1607,2.1607,2.1607,2.1607,2.1607,2.1607,2.1607,2.1094,1.1829,1.3005,1.411,1.4772,1.5255,1.5462,1.5665,1.5854,1.6044,1.6231,1.6419,1.6606,1.6793,1.6981
2.1574,2.1574,2.1574,2.1574,2.1574,2.1574,2.1574,2.1574,2.1574,2.1574,2.1574,2.1574,2.1574,2.1574,0.996,1.653,2.1574,2.1574,2.1574,2.1574,2.1574,2.1574,2.1574,2.1574,2.1574
2.1542,2.1542,2.1542,2.1542,2.1542,2.1542,2.1542,2.1542,2.1542,2.1542,1.9138,1.0732,1.6429,1.5181,1.4435,1.389,1.3656,1.3427,1.3213,1.3,1.2788,1.2576,1.2365,1.2154,1.1942
1.5663,1.6238,1.6906,1.7704,1.8522,1.9401,2.0281,2.1168,2.1509,2.1509,2.1509,2.1509,2.1509,1.0217,1.0696,1.1045,1.1195,1.1343,1.148,1.1617,1.1752,1.1888,1.2024,1.2159,1.2295
2.1477,2.1477,2.1477,2.1477,2.1477,2.1477,2.1477,2.1477,2.1477,2.1477,2.1477,2.1477,2.1477,0.6136,1.1121,1.0702,1.0522,1.0345,1.018,1.0016,0.9853,0.969,0.9527,0.9364,0.9201
2.1445,2.1445,2.1445,2.1445,2.1445,2.1445,2.1445,2.1445,2.1445,2.1445,1.524,0.8546,2.1445,2.1445,2.1445,2.1445,2.1445,2.1445,2.1445,2.1445,2.1445,2.1445,2.1445,2.1445,2.1445
2.1413,2.1413,2.1413,2.1413,2.1413,2.1413,2.1413,2.1413,2.1413,2.1413,2.1413,2.1413,2.1413,2.1413,1.1474,1.9043,2.1413,2.1413,2.1413,2.1413,2.1413,2.1413,2.1413,2.1413,2.1413
2.1381,2.1381,2.1381,2.1381,2.1381,2.1381,2.1381,2.1381,2.1381,2.1381,2.1381,2.1381,0.6109,1.0194,0.9693,0.9327,0.917,0.9016,0.8873,0.8729,0.8587,0.8445,0.8303,0.8161,0.8019
1.7113,1.7742,1.8471,1.9344,2.0237,2.1198,2.1349,2.1349,2.1349,2.1349,2.1349,2.026,0.61,1.1163,1.1686,1.2068,1.2232,1.2393,1.2543,1.2692,1.2841,1.2989,1.3137,1.3286,1.3434
2.1317,2.1317,2.1317,2.1317,2.1317,2.1317,2.1317,2.1317,2.1317,2.1317,2.1317,2.1317,2.1317,2.1317,1.0914,1.8114,2.1317,2.1317,2.1317,2.1131,2.0787,2.0443,2.0099,1.9756,1.9412
2.1286,2.1286,2.1286,2.1286,2.1286,2.1286,2.1286,2.1286,2.1286,2.1286,1.5815,0.8869,2.1286,2.1286,2.1286,2.1286,2.1286,2.1286,2.1286,2.1286,2.1286,2.1286,2.1286,2.1286,2.1286
1.7749,1.8401,1.9158,2.0063,2.0989,2.1254,2.1254,2.1254,2.1254,2.1254,2.1254,2.1254,2.1254,0.726,1.2121,1.2517,1.2687,1.2854,1.3009,1.3164,1.3318,1.3472,1.3626,1.3779,1.3933
2.1223,2.1223,2.1223,2.1223,2.1223,2.1223,2.1223,2.1223,2.1223,2.1223,2.1223,2.1223,2.1223,1.0054,0.9559,0.9198,0.9044,0.8892,0.875,0.8609,0.8469,0.8329,0.8189,0.8049,0.7909
2.1191,2.1191,2.1191,2.1191,2.1191,2.1191,2.1191,2.1191,2.1191,2.1191,1.7896,1.0036,1.7217,1.8681,1.9557,2.0196,2.047,2.0739,2.099,2.1191,2.1191,2.1191,2.1191,2.1191,2.1191
2.116,2.116,2.116,2.116,2.116,2.116,2.116,2.116,2.116,2.116,2.116,2.116,2.116,2.116,1.0226,1.6971,2.116,2.116,2.116,2.116,2.116,2.116,2.116,2.116,2.116
2.1129,2.1129,2.1129,2.1129,2.1129,2.1129,2.1129,2.1129,2.1129,2.1129,2.1129,1.3606,1.3464,1.2441,1.183,1.1383,1.1192,1.1004,1.0829,1.0654,1.048,1.0307,1.0133,0.996,0.9787
1.5779,1.6359,1.7031,1.7836,1.8659,1.9545,2.0431,2.1098,2.1098,2.1098,2.1098,2.1098,2.1098,1.0293,1.0775,1.1127,1.1278,1.1427,1.1565,1.1703,1.184,1.1977,1.2113,1.225,1.2386
2.1067,2.1067,2.1067,2.1067,2.1067,2.1067,2.1067,2.1067,2.1067,2.1067,2.1067,2.1067,2.1067,0.6019,1.3601,1.3088,1.2868,1.2652,1.2451,1.2249,1.205,1.1851,1.1651,1.1452,1.1253
2.1036,2.1036,2.1036,2.1036,2.1036,2.1036,2.1036,2.1036,2.1036,2.1036,1.5063,0.8447,2.1036,2.1036,2.1036,2.1036,2.1036,2.1036,2.1036,2.1036,2.1036,2.1036,2.1036,2.1036,2.1036
2.1005,2.1005,2.1005,2.1005,2.1005,2.1005,2.1005,2.1005,2.1005,2.1005,2.1005,2.1005,2.1005,0.6001,1.3606,1.6721,1.6948,1.7171,1.7378,1.7586,1.7791,1.7997,1.8202,1.8408,1.8613
2.0974,2.0974,2.0974,2.0974,2.0974,2.0974,2.0974,2.0974,2.0974,2.0974,2.0974,2.0974,1.8454,0.9882,0.9396,0.9041,0.889,0.874,0.8601,0.8462,0.8324,0.8187,0.8049,0.7911,0.7774
1.975,2.0476,2.0944,2.0944,2.0944,2.0944,2.0944,2.0944,2.0944,2.0944,2.0944,1.417,1.1874,1.2883,1.3487,1.3928,1.4117,1.4303,1.4476,1.4648,1.482,1.4991,1.5162,1.5333,1.5504
2.0913,2.0913,2.0913,2.0913,2.0913,2.0913,2.0913,2.0913,2.0913,2.0913,2.0913,2.0913,2.0913,2.0913,1.0369,1.7208,2.0913,2.0913,2.0913,2.0913,2.0913,2.0913,2.0913,2.0913,2.0913
2.0883,2.0883,2.0883,2.0883,2.0883,2.0883,2.0883,2.0883,2.0883,2.0883,1.7812,0.9988,2.0307,1.8765,1.7843,1.7169,1.6881,1.6597,1.6333,1.6069,1.5807,1.5546,1.5284,1.5023,1.4762
1.6506,1.7112,1.7816,1.8658,1.9519,2.0446,2.0852,2.0852,2.0852,2.0852,2.0852,2.0852,2.0852,1.0767,1.1272,1.164,1.1798,1.1953,1.2098,1.2242,1.2385,1.2528,1.2671,1.2814,1.2957
2.0822,2.0822,2.0822,2.0822,2.0822,2.0822,2.0822,2.0822,2.0822,2.0822,2.0822,2.0822,2.0822,0.7755,1.0528,1.013,0.996,0.9793,0.9637,0.9481,0.9327,0.9172,0.9018,0.8864,0.871
2.0792,2.0792,2.0792,2.0792,2.0792,2.0792,2.0792,2.0792,2.0792,2.0792,1.6266,0.9121,2.0792,2.0792,2.0792,2.0792,2.0792,2.0792,2.0792,2.0792,2.0792,2.0792,2.0792,2.0792,2.0792
2.0762,2.0762,2.0762,2.0762,2.0762,2.0762,2.0762,2.0762,2.0762,2.0762,2.0762,2.0762,2.0762,2.0762,1.1028,1.8303,2.0762,2.0762,2.0762,2.0762,2.0762,2.0762,2.0762,2.0762,2.0762
2.0732,2.0732,2.0732,2.0732,2.0732,2.0732,2.0732,2.0732,2.0732,2.0732,2.0732,1.9628,0.5923,1.1027,1.0485,1.0089,0.992,0.9753,0.9598,0.9443,0.9289,0.9135,0.8982,0.8828,0.8675
1.6681,1.7294,1.8005,1.8856,1.9726,2.0663,2.0702,2.0702,2.0702,2.0702,2.0702,2.0702,0.6516,1.0881,1.1392,1.1764,1.1923,1.208,1.2226,1.2372,1.2517,1.2661,1.2806,1.295,1.3095
2.0672,2.0672,2.0672,2.0672,2.0672,2.0672,2.0672,2.0672,2.0672,2.0672,2.0672,2.0672,2.0672,2.0672,1.1977,1.7764,1.7466,1.7172,1.6899,1.6626,1.6355,1.6085,1.5814,1.5544,1.5274
2.0642,2.0642,2.0642,2.0642,2.0642,2.0642,2.0642,2.0642,2.0642,2.0642,1.562,0.8759,2.0642,2.0642,2.0642,2.0642,2.0642,2.0642,2.0642,2.0642,2.0642,2.0642,2.0642,2.0642,2.0642
1.9786,2.0513,2.0613,2.0613,2.0613,2.0613,2.0613,2.0613,2.0613,2.0613,2.0613,2.0613,2.0613,0.6002,1.3512,1.3953,1.4143,1.4329,1.4502,1.4675,1.4847,1.5018,1.5189,1.5361,1.5532
2.0583,2.0583,2.0583,2.0583,2.0583,2.0583,2.0583,2.0583,2.0583,2.0583,2.0583,2.0583,2.0583,1.0055,0.9561,0.92,0.9045,0.8893,0.8752,0.861,0.847,0.833,0.819,0.805,0.791
2.0553,2.0553,2.0553,2.0553,2.0553,2.0553,2.0553,2.0553,2.0553,2.0553,2.0303,1.1385,1.4775,1.6031,1.6782,1.7331,1.7566,1.7797,1.8012,1.8227,1.844,1.8653,1.8866,1.9079,1.9292
2.0524,2.0524,2.0524,2.0524,2.0524,2.0524,2.0524,2.0524,2.0524,2.0524,2.0524,2.0524,2.0524,2.0524,1.0352,1.7181,2.0524,2.0524,2.0524,2.0524,2.0524,2.0524,2.0524,2.0524,2.0524
2.0495,2.0495,2.0495,2.0495,2.0495,2.0495,2.0495,2.0495,2.0495,2.0495,2.0495,1.2025,1.5583,1.44,1.3691,1.3175,1.2953,1.2735,1.2533,1.233,1.213,1.1929,1.1728,1.1528,1.1328
1.6167,1.6761,1.745,1.8274,1.9118,2.0025,2.0465,2.0465,2.0465,2.0465,2.0465,2.0465,2.0465,1.0546,1.104,1.1401,1.1555,1.1708,1.1849,1.1991,1.2131,1.2271,1.2411,1.2551,1.2691
2.0436,2.0436,2.0436,2.0436,2.0436,2.0436,2.0436,2.0436,2.0436,2.0436,2.0436,2.0436,2.0436,0.5839,1.2315,1.185,1.1651,1.1455,1.1273,1.1091,1.091,1.0729,1.0549,1.0369,1.0189
2.0407,2.0407,2.0407,2.0407,2.0407,2.0407,2.0407,2.0407,2.0407,2.0407,1.5619,0.8759,2.0407,2.0407,2.0407,2.0407,2.0407,2.0407,2.0407,2.0407,2.0407,2.0407,2.0407,2.0407,2.0407
2.0378,2.0378,2.0378,2.0378,2.0378,2.0378,2.0378,2.0378,2.0378,2.0378,2.0378,2.0378,2.0378,0.5822,1.2575,2.0378,2.0378,2.0378,2.0378,2.0378,2.0378,2.0378,2.0378,2.0378,2.0378
2.0349,2.0349,2.0349,2.0349,2.0349,2.0349,2.0349,2.0349,2.0349,2.0349,2.0349,2.0349,0.818,1.0371,0.9861,0.9489,0.933,0.9173,0.9027,0.8881,0.8736,0.8592,0.8448,0.8303,0.8159
1.8583,1.9266,2.0058,2.032,2.032,2.032,2.032,2.032,2.032,2.032,2.032,1.7898,0.5806,1.2122,1.269,1.3105,1.3283,1.3458,1.362,1.3783,1.3944,1.4105,1.4266,1.4427,1.4588
2.0292,2.0292,2.0292,2.0292,2.0292,2.0292,2.0292,2.0292,2.0292,2.0292,2.0292,2.0292,2.0292,2.0292,1.1019,1.8287,2.0292,2.0292,2.0292,2.0292,2.0292,2.0292,2.0292,2.0292,2.0292
2.0263,2.0263,2.0263,2.0263,2.0263,2.0263,2.0263,2.0263,2.0263,2.0263,1.703,0.955,2.0263,2.0263,2.0263,2.0263,2.0263,2.0263,2.0263,2.0263,2.0263,2.0263,2.0232,1.9886,1.9541
1.7771,1.8424,1.9182,2.0088,2.0234,2.0234,2.0234,2.0234,2.0234,2.0234,2.0234,2.0234,2.0234,0.898,1.2136,1.2533,1.2703,1.287,1.3025,1.3181,1.3335,1.3489,1.3643,1.3797,1.3951
2.0206,2.0206,2.0206,2.0206,2.0206,2.0206,2.0206,2.0206,2.0206,2.0206,2.0206,2.0206,2.0206,1.0742,1.0213,0.9828,0.9663,0.95,0.9349,0.9198,0.9048,0.8899,0.8749,0.8599,0.845
2.0177,2.0177,2.0177,2.0177,2.0177,2.0177,2.0177,2.0177,2.0177,2.0177,1.7758,0.9958,2.0177,2.0177,2.0177,2.0177,2.0177,2.0177,2.0177,2.0177,2.0177,2.0177,2.0177,2.0177,2.0177
2.0149,2.0149,2.0149,2.0149,2.0149,2.0149,2.0149,2.0149,2.0149,2.0149,2.0149,2.0149,2.0149,2.0149,1.0845,1.7999,2.0149,2.0149,2.0149,2.0149,2.0149,2.0149,2.0149,2.0149,2.0149
2.0121,2.0121,2.0121,2.0121,2.0121,2.0121,2.0121,2.0121,2.0121,2.0121,2.0121,1.5912,0.5749,1.2221,1.162,1.1182,1.0994,1.0809,1.0637,1.0465,1.0295,1.0124,0.9954,0.9784,0.9614
1.6616,1.7227,1.7935,1.8782,1.9649,2.0093,2.0093,2.0093,2.0093,2.0093,2.0093,2.0093,1.2257,1.0839,1.1347,1.1718,1.1877,1.2033,1.2179,1.2324,1.2468,1.2612,1.2756,1.29,1.3044
2.0064,2.0064,2.0064,2.0064,2.0064,2.0064,2.0064,2.0064,2.0064,2.0064,2.0064,2.0064,2.0064,0.5733,1.3496,1.5024,1.4771,1.4523,1.4292,1.4061,1.3832,1.3603,1.3374,1.3146,1.2917
2.0036,2.0036,2.0036,2.0036,2.0036,2.0036,2.0036,2.0036,2.0036,2.0036,1.5753,0.8834,2.0036,2.0036,2.0036,2.0036,2.0036,2.0036,2.0036,2.0036,2.0036,2.0036,2.0036,2.0036,2.0036
2.0008,2.0008,2.0008,2.0008,2.0008,2.0008,2.0008,2.0008,2.0008,2.0008,2.0008,2.0008,2.0008,0.5717,1.5384,1.6021,1.6238,1.6452,1.6651,1.685,1.7047,1.7244,1.744,1.7637,1.7834
1.998,1.998,1.998,1.998,1.998,1.998,1.998,1.998,1.998,1.998,1.998,1.998,1.998,1.0263,0.9759,0.939,0.9232,0.9077,0.8933,0.8788,0.8645,0.8502,0.8359,0.8217,0.8074
1.9953,1.9953,1.9953,1.9953,1.9953,1.9953,1.9953,1.9953,1.9953,1.9953,1.9953,1.3359,1.3257,1.4384,1.5058,1.555,1.5761,1.5969,1.6161,1.6354,1.6546,1.6737,1.6928,1.7119,1.7309
1.9925,1.9925,1.9925,1.9925,1.9925,1.9925,1.9925,1.9925,1.9925,1.9925,1.9925,1.9925,1.9925,1.9925,1.0694,1.7748,1.9925,1.9925,1.9925,1.9925,1.9925,1.9925,1.9925,1.9925,1.9925
1.9897,1.9897,1.9897,1.9897,1.9897,1.9897,1.9897,1.9897,1.9897,1.9897,1.9671,1.1031,1.8763,1.7338,1.6486,1.5863,1.5597,1.5335,1.5091,1.4847,1.4605,1.4363,1.4122,1.3881,1.3639
1.6902,1.7523,1.8243,1.9105,1.987,1.987,1.987,1.987,1.987,1.987,1.987,1.987,1.987,1.1025,1.1542,1.1919,1.2081,1.224,1.2388,1.2536,1.2682,1.2829,1.2975,1.3122,1.3268
1.9842,1.9842,1.9842,1.9842,1.9842,1.9842,1.9842,1.9842,1.9842,1.9842,1.9842,1.9842,1.9842,0.6979,1.1514,1.108,1.0894,1.071,1.054,1.037,1.0201,1.0032,0.9863,0.9695,0.9526
1.9815,1.9815,1.9815,1.9815,1.9815,1.9815,1.9815,1.9815,1.9815,1.9815,1.6531,0.927,1.9815,1.9815,1.9815,1.9815,1.9815,1.9815,1.9815,1.9815,1.9815,1.9815,1.9815,1.9815,1.9815
1.9787,1.9787,1.9787,1.9787,1.9787,1.9787,1.9787,1.9787,1.9787,1.9787,1.9787,1.9787,1.9787,0.5654,1.1957,1.9787,1.9787,1.9787,1.9787,1.9787,1.9787,1.9787,1.9787,1.9787,1.9787
1.976,1.976,1.976,1.976,1.976,1.976,1.976,1.976,1.976,1.976,1.976,1.976,0.5646,1.1118,1.0572,1.0173,1.0002,0.9833,0.9677,0.9521,0.9366,0.9211,0.9056,0.8901,0.8746
1.7942,1.8601,1.9366,1.9733,1.9733,1.9733,1.9733,1.9733,1.9733,1.9733,1.9733,1.9733,0.5638,1.1704,1.2252,1.2653,1.2824,1.2993,1.315,1.3307,1.3463,1.3618,1.3774,1.3929,1.4084
1.9706,1.9706,1.9706,1.9706,1.9706,1.9706,1.9706,1.9706,1.9706,1.9706,1.9706,1.9706,1.9706,0.563,1.1973,1.9706,1.9706,1.9706,1.9706,1.9706,1.9706,1.9594,1.9264,1.8935,1.8606
1.9679,1.9679,1.9679,1.9679,1.9679,1.9679,1.9679,1.9679,1.9679,1.9679,1.6675,0.9351,1.9679,1.9679,1.9679,1.9679,1.9679,1.9679,1.9679,1.9679,1.9679,1.9679,1.9679,1.9679,1.9679
1.9592,1.9652,1.9652,1.9652,1.9652,1.9652,1.9652,1.9652,1.9652,1.9652,1.9652,1.9652,1.9652,0.7115,1.3379,1.3816,1.4004,1.4188,1.4359,1.4531,1.4701,1.4871,1.504,1.521,1.5379
1.9625,1.9625,1.9625,1.9625,1.9625,1.9625,1.9625,1.9625,1.9625,1.9625,1.9625,1.9625,1.9625,1.0657,1.0133,0.9751,0.9587,0.9425,0.9276,0.9126,0.8977,0.8829,0.868,0.8532,0.8383
1.9598,1.9598,1.9598,1.9598,1.9598,1.9598,1.9598,1.9598,1.9598,1.9598,1.9598,1.1153,1.7154,1.8612,1.9485,1.9598,1.9598,1.9598,1.9598,1.9598,1.9598,1.9598,1.9598,1.9598,1.9598
1.9571,1.9571,1.9571,1.9571,1.9571,1.9571,1.9571,1.9571,1.9571,1.9571,1.9571,1.9571,1.9571,1.9571,1.0896,1.8084,1.9571,1.9571,1.9571,1.9571,1.9571,1.9571,1.9571,1.9571,1.9571
1.9545,1.9545,1.9545,1.9545,1.9545,1.9545,1.9545,1.9545,1.9545,1.9545,1.9545,1.3732,1.5077,1.3932,1.3247,1.2747,1.2533,1.2322,1.2126,1.193,1.1736,1.1542,1.1348,1.1154,1.096
1.6899,1.752,1.824,1.9102,1.9518,1.9518,1.9518,1.9518,1.9518,1.9518,1.9518,1.9518,1.9518,1.1023,1.154,1.1917,1.2079,1.2238,1.2386,1.2534,1.268,1.2827,1.2973,1.3119,1.3266
1.9492,1.9492,1.9492,1.9492,1.9492,1.9492,1.9492,1.9492,1.9492,1.9492,1.9492,1.9492,1.9492,0.5569,1.3872,1.3349,1.3124,1.2904,1.2698,1.2493,1.229,1.2086,1.1883,1.168,1.1477
1.9465,1.9465,1.9465,1.9465,1.9465,1.9465,1.9465,1.9465,1.9465,1.9465,1.6214,0.9092,1.9465,1.9465,1.9465,1.9465,1.9465,1.9465,1.9465,1.9465,1.9465,1.9465,1.9465,1.9465,1.9465
1.9439,1.9439,1.9439,1.9439,1.9439,1.9439,1.9439,1.9439,1.9439,1.9439,1.9439,1.9439,1.9439,0.5554,1.4001,1.9085,1.9344,1.9439,1.9439,1.9439,1.9439,1.9439,1.9439,1.9439,1.9439
1.9412,1.9412,1.9412,1.9412,1.9412,1.9412,1.9412,1.9412,1.9412,1.9412,1.9412,1.9412,1.3176,1.0691,1.0165,0.9782,0.9618,0.9456,0.9305,0.9155,0.9006,0.8857,0.8708,0.8559,0.841
1.9386,1.9386,1.9386,1.9386,1.9386,1.9386,1.9386,1.9386,1.9386,1.9386,1.9386,1.6378,0.5539,1.336,1.3987,1.4444,1.464,1.4833,1.5012,1.5191,1.5369,1.5546,1.5724,1.5901,1.6078
1.936,1.936,1.936,1.936,1.936,1.936,1.936,1.936,1.936,1.936,1.936,1.936,1.936,1.936,1.1276,1.8715,1.936,1.936,1.936,1.936,1.936,1.936,1.936,1.936,1.936
1.9334,1.9334,1.9334,1.9334,1.9334,1.9334,1.9334,1.9334,1.9334,1.9334,1.8601,1.0431,1.9334,1.9334,1.9334,1.9334,1.9334,1.9334,1.9181,1.8871,1.8564,1.8257,1.795,1.7643,1.7336
1.8047,1.8711,1.9308,1.9308,1.9308,1.9308,1.9308,1.9308,1.9308,1.9308,1.9308,1.9308,1.9308,1.1678,1.2325,1.2727,1.29,1.307,1.3228,1.3386,1.3542,1.3698,1.3855,1.4011,1.4167
1.9282,1.9282,1.9282,1.9282,1.9282,1.9282,1.9282,1.9282,1.9282,1.9282,1.9282,1.9282,1.9282,0.9305,1.1063,1.0646,1.0467,1.0291,1.0127,0.9963,0.9801,0.9639,0.9477,0.9315,0.9153
1.9256,1.9256,1.9256,1.9256,1.9256,1.9256,1.9256,1.9256,1.9256,1.9256,1.7885,1.003,1.9256,1.9256,1.9256,1.9256,1.9256,1.9256,1.9256,1.9256,1.9256,1.9256,1.9256,1.9256,1.9256
1.923,1.923,1.923,1.923,1.923,1.923,1.923,1.923,1.923,1.923,1.923,1.923,1.923,0.5494,1.1657,1.923,1.923,1.923,1.923,1.923,1.923,1.923,1.923,1.923,1.923
1.9204,1.9204,1.9204,1.9204,1.9204,1.9204,1.9204,1.9204,1.9204,1.9204,1.9204,1.9152,0.5487,1.2199,1.1599,1.1161,1.0974,1.0789,1.0617,1.0446,1.0276,1.0106,0.9936,0.9766,0.9596
1.7731,1.8383,1.9139,1.9179,1.9179,1.9179,1.9179,1.9179,1.9179,1.9179,1.9179,1.9179,0.8479,1.1566,1.2109,1.2504,1.2674,1.2841,1.2996,1.3151,1.3305,1.3458,1.3612,1.3766,1.3919
1.9153,1.9153,1.9153,1.9153,1.9153,1.9153,1.9153,1.9153,1.9153,1.9153,1.9153,1.9153,1.9153,0.5472,1.3337,1.7665,1.7368,1.7076,1.6804,1.6532,1.6263,1.5994,1.5725,1.5457,1.5188
1.9127,1.9127,1.9127,1.9127,1.9127,1.9127,1.9127,1.9127,1.9127,1.9127,1.6692,0.9361,1.9127,1.9127,1.9127,1.9127,1.9127,1.9127,1.9127,1.9127,1.9127,1.9127,1.9127,1.9127,1.9127
1.9102,1.9102,1.9102,1.9102,1.9102,1.9102,1.9102,1.9102,1.9102,1.9102,1.9102,1.9102,1.9102,0.6055,1.5156,1.5651,1.5863,1.6072,1.6266,1.6461,1.6653,1.6845,1.7038,1.723,1.7422
1.9077,1.9077,1.9077,1.9077,1.9077,1.9077,1.9077,1.9077,1.9077,1.9077,1.9077,1.9077,1.9077,1.0801,1.027,0.9882,0.9716,0.9553,0.9401,0.9249,0.9098,0.8948,0.8797,0.8647,0.8497
1.9051,1.9051,1.9051,1.9051,1.9051,1.9051,1.9051,1.9051,1.9051,1.9051,1.9051,1.2876,1.5079,1.6361,1.7128,1.7688,1.7928,1.8164,1.8383,1.8603,1.882,1.9037,1.9051,1.9051,1.9051
1.9026,1.9026,1.9026,1.9026,1.9026,1.9026,1.9026,1.9026,1.9026,1.9026,1.9026,1.9026,1.9026,1.9026,1.1177,1.8551,1.9026,1.9026,1.9026,1.9026,1.9026,1.9026,1.9026,1.9026,1.9026
1.9001,1.9001,1.9001,1.9001,1.9001,1.9001,1.9001,1.9001,1.9001,1.9001,1.9001,1.2392,1.7793,1.6442,1.5633,1.5043,1.479,1.4542,1.431,1.4079,1.385,1.3621,1.3392,1.3163,1.2934
1.7545,1.8189,1.8937,1.8976,1.8976,1.8976,1.8976,1.8976,1.8976,1.8976,1.8976,1.8976,1.8976,1.1445,1.1981,1.2373,1.2541,1.2706,1.2859,1.3013,1.3165,1.3317,1.3469,1.3621,1.3773
1.895,1.895,1.895,1.895,1.895,1.895,1.895,1.895,1.895,1.895,1.895,1.895,1.895,0.6485,1.2797,1.2314,1.2107,1.1903,1.1714,1.1525,1.1337,1.1149,1.0962,1.0775,1.0587
1.8925,1.8925,1.8925,1.8925,1.8925,1.8925,1.8925,1.8925,1.8925,1.8925,1.7039,0.9555,1.8925,1.8925,1.8925,1.8925,1.8925,1.8925,1.8925,1.8925,1.8925,1.8925,1.8925,1.8925,1.8925
1.89,1.89,1.89,1.89,1.89,1.89,1.89,1.89,1.89,1.89,1.89,1.89,1.89,0.54,1.3163,1.89,1.89,1.89,1.89,1.89,1.89,1.89,1.89,1.89,1.89
1.8876,1.8876,1.8876,1.8876,1.8876,1.8876,1.8876,1.8876,1.8876,1.8876,1.8876,1.8876,0.7298,1.1375,1.0816,1.0408,1.0233,1.0061,0.9901,0.9741,0.9582,0.9423,0.9265,0.9107,0.8948
1.8851,1.8851,1.8851,1.8851,1.8851,1.8851,1.8851,1.8851,1.8851,1.8851,1.8851,1.8851,0.5386,1.2774,1.3373,1.381,1.3997,1.4182,1.4353,1.4524,1.4694,1.4864,1.5033,1.5203,1.5372
1.8826,1.8826,1.8826,1.8826,1.8826,1.8826,1.8826,1.8826,1.8826,1.8826,1.8826,1.8826,1.8826,0.5379,1.2153,1.8826,1.8826,1.8826,1.8826,1.8826,1.8826,1.8826,1.8826,1.8826,1.8826
1.8801,1.8801,1.8801,1.8801,1.8801,1.8801,1.8801,1.8801,1.8801,1.8801,1.8057,1.0126,1.8801,1.8801,1.8801,1.8801,1.8801,1.8801,1.8801,1.8801,1.8801,1.8801,1.8801,1.8801,1.8801
1.8777,1.8777,1.8777,1.8777,1.8777,1.8777,1.8777,1.8777,1.8777,1.8777,1.8777,1.8777,1.8777,0.8715,1.3465,1.3905,1.4093,1.4279,1.4451,1.4624,1.4795,1.4966,1.5136,1.5307,1.5478
1.8752,1.8752,1.8752,1.8752,1.8752,1.8752,1.8752,1.8752,1.8752,1.8752,1.8752,1.8752,1.8752,1.1455,1.0892,1.0481,1.0305,1.0131,0.997,0.9809,0.9649,0.949,0.933,0.9171,0.9011
1.8728,1.8728,1.8728,1.8728,1.8728,1.8728,1.8728,1.8728,1.8728,1.8728,1.8728,1.1119,1.8728,1.8728,1.8728,1.8728,1.8728,1.8728,1.8728,1.8728,1.8728,1.8728,1.8728,1.8728,1.8728
1.8703,1.8703,1.8703,1.8703,1.8703,1.8703,1.8703,1.8703,1.8703,1.8703,1.8703,1.8703,1.8703,0.5344,1.1629,1.8703,1.8703,1.8703,1.8703,1.8703,1.8703,1.8703,1.8703,1.8703,1.8703
1.8679,1.8679,1.8679,1.8679,1.8679,1.8679,1.8679,1.8679,1.8679,1.8679,1.8679,1.6045,0.5337,1.3741,1.3066,1.2573,1.2361,1.2153,1.196,1.1767,1.1575,1.1384,1.1192,1.1001,1.081
1.7913,1.8571,1.8655,1.8655,1.8655,1.8655,1.8655,1.8655,1.8655,1.8655,1.8655,1.8655,1.8655,1.1685,1.2232,1.2632,1.2803,1.2972,1.3129,1.3286,1.3441,1.3596,1.3751,1.3906,1.4061
1.863,1.863,1.863,1.863,1.863,1.863,1.863,1.863,1.863,1.863,1.863,1.863,1.863,0.5323,1.5295,1.5346,1.5089,1.4835,1.4599,1.4363,1.4129,1.3895,1.3662,1.3428,1.3195
1.8606,1.8606,1.8606,1.8606,1.8606,1.8606,1.8606,1.8606,1.8606,1.8606,1.7071,0.9573,1.8606,1.8606,1.8606,1.8606,1.8606,1.8606,1.8606,1.8606,1.8606,1.8606,1.8606,1.8606,1.8606
1.8582,1.8582,1.8582,1.8582,1.8582,1.8582,1.8582,1.8582,1.8582,1.8582,1.8582,1.8582,1.8582,0.5415,1.5882,1.8319,1.8568,1.8582,1.8582,1.8582,1.8582,1.8582,1.8582,1.8582,1.8582
1.8558,1.8558,1.8558,1.8558,1.8558,1.8558,1.8558,1.8558,1.8558,1.8558,1.8558,1.8558,1.8558,1.118,1.063,1.0229,1.0057,0.9888,0.9731,0.9573,0.9418,0.9262,0.9106,0.895,0.8795
1.8534,1.8534,1.8534,1.8534,1.8534,1.8534,1.8534,1.8534,1.8534,1.8534,1.8534,1.5437,0.5295,1.4983,1.5685,1.6198,1.6417,1.6634,1.6835,1.7036,1.7235,1.7434,1.7633,1.7832,1.803
1.851,1.851,1.851,1.851,1.851,1.851,1.851,1.851,1.851,1.851,1.851,1.851,1.851,0.5289,1.171,1.851,1.851,1.851,1.851,1.851,1.851,1.851,1.851,1.851,1.851
1.8486,1.8486,1.8486,1.8486,1.8486,1.8486,1.8486,1.8486,1.8486,1.8486,1.8486,1.1581,1.8486,1.8486,1.8486,1.8486,1.8257,1.795,1.7664,1.7379,1.7096,1.6813,1.653,1.6248,1.5965
1.8462,1.8462,1.8462,1.8462,1.8462,1.8462,1.8462,1.8462,1.8462,1.8462,1.8462,1.8462,1.8462,1.2138,1.2707,1.3122,1.33,1.3476,1.3638,1.3801,1.3962,1.4124,1.4285,1.4446,1.4607
1.8439,1.8439,1.8439,1.8439,1.8439,1.8439,1.8439,1.8439,1.8439,1.8439,1.8439,1.8439,1.8439,0.8304,1.2174,1.1715,1.1518,1.1324,1.1144,1.0964,1.0785,1.0607,1.0429,1.025,1.0072
1.8415,1.8415,1.8415,1.8415,1.8415,1.8415,1.8415,1.8415,1.8415,1.8415,1.8301,1.0263,1.8415,1.8415,1.8415,1.8415,1.8415,1.8415,1.8415,1.8415,1.8415,1.8415,1.8415,1.8415,1.8415
1.8391,1.8391,1.8391,1.8391,1.8391,1.8391,1.8391,1.8391,1.8391,1.8391,1.8391,1.8391,1.8391,0.5255,1.2724,1.8391,1.8391,1.8391,1.8391,1.8391,1.8391,1.8391,1.8391,1.8391,1.8391
1.8368,1.8368,1.8368,1.8368,1.8368,1.8368,1.8368,1.8368,1.8368,1.8368,1.8368,1.8368,0.5248,1.2381,1.1772,1.1328,1.1138,1.095,1.0776,1.0602,1.0429,1.0257,1.0084,0.9912,0.974
1.8344,1.8344,1.8344,1.8344,1.8344,1.8344,1.8344,1.8344,1.8344,1.8344,1.8344,1.8344,0.6723,1.253,1.3117,1.3546,1.3729,1.391,1.4078,1.4246,1.4413,1.4579,1.4746,1.4912,1.5078
1.8321,1.8321,1.8321,1.8321,1.8321,1.8321,1.8321,1.8321,1.8321,1.8321,1.8321,1.8321,1.8321,0.5235,1.3416,1.8321,1.8321,1.8321,1.8321,1.8321,1.8321,1.8321,1.8321,1.8321,1.8321
1.8297,1.8297,1.8297,1.8297,1.8297,1.8297,1.8297,1.8297,1.8297,1.8297,1.7954,1.0068,1.8297,1.8297,1.8297,1.8297,1.8297,1.8297,1.8297,1.8297,1.8297,1.8297,1.8297,1.8297,1.8297
1.8274,1.8274,1.8274,1.8274,1.8274,1.8274,1.8274,1.8274,1.8274,1.8274,1.8274,1.8274,1.8274,0.7172,1.5093,1.5587,1.5798,1.6006,1.6199,1.6393,1.6584,1.6776,1.6967,1.7159,1.735
1.8251,1.8251,1.8251,1.8251,1.8251,1.8251,1.8251,1.8251,1.8251,1.8251,1.8251,1.8251,1.8251,1.1538,1.097,1.0556,1.0379,1.0204,1.0042,0.988,0.9719,0.9558,0.9397,0.9237,0.9076
1.8228,1.8228,1.8228,1.8228,1.8228,1.8228,1.8228,1.8228,1.8228,1.8228,1.8228,1.2677,1.7541,1.8228,1.8228,1.8228,1.8228,1.8228,1.8228,1.8228,1.8228,1.8228,1.8228,1.8228,1.8228
1.8204,1.8204,1.8204,1.8204,1.8204,1.8204,1.8204,1.8204,1.8204,1.8204,1.8204,1.8204,1.8204,0.5201,1.186,1.8204,1.8204,1.8204,1.8204,1.8204,1.8204,1.8204,1.8204,1.8204,1.8204
1.8181,1.8181,1.8181,1.8181,1.8181,1.8181,1.8181,1.8181,1.8181,1.8181,1.8181,1.4206,0.5195,1.5971,1.5185,1.4612,1.4367,1.4125,1.39,1.3676,1.3453,1.3231,1.3008,1.2786,1.2564
1.8158,1.8158,1.8158,1.8158,1.8158,1.8158,1.8158,1.8158,1.8158,1.8158,1.8158,1.8158,1.8158,1.2062,1.2628,1.304,1.3217,1.3391,1.3553,1.3715,1.3875,1.4035,1.4195,1.4355,1.4516
1.8135,1.8135,1.8135,1.8135,1.8135,1.8135,1.8135,1.8135,1.8135,1.8135,1.8135,1.8135,1.8135,0.6197,1.4492,1.3945,1.3711,1.348,1.3266,1.3052,1.2839,1.2627,1.2414,1.2202,1.199
1.8112,1.8112,1.8112,1.8112,1.8112,1.8112,1.8112,1.8112,1.8112,1.8112,1.7837,1.0002,1.8112,1.8112,1.8112,1.8112,1.8112,1.8112,1.8112,1.8112,1.8112,1.8112,1.8112,1.8112,1.8112
1.809,1.809,1.809,1.809,1.809,1.809,1.809,1.809,1.809,1.809,1.809,1.809,1.809,0.5168,1.4751,1.809,1.809,1.809,1.809,1.809,1.809,1.809,1.809,1.809,1.809
1.8067,1.8067,1.8067,1.8067,1.8067,1.8067,1.8067,1.8067,1.8067,1.8067,1.8067,1.8067,1.0831,1.1825,1.1243,1.0819,1.0637,1.0458,1.0292,1.0126,0.9961,0.9796,0.9631,0.9467,0.9302
1.8044,1.8044,1.8044,1.8044,1.8044,1.8044,1.8044,1.8044,1.8044,1.8044,1.8044,1.8044,0.5155,1.4182,1.4847,1.5333,1.554,1.5745,1.5935,1.6125,1.6314,1.6502,1.6691,1.6879,1.7067
1.8021,1.8021,1.8021,1.8021,1.8021,1.8021,1.8021,1.8021,1.8021,1.8021,1.8021,1.8021,1.8021,0.5149,1.2541,1.8021,1.8021,1.8021,1.8021,1.8021,1.8021,1.8021,1.8021,1.8021,1.8021
1.7999,1.7999,1.7999,1.7999,1.7999,1.7999,1.7999,1.7999,1.7999,1.7999,1.7999,1.1148,1.7999,1.7999,1.7999,1.7999,1.7999,1.7999,1.7999,1.7999,1.7999,1.7999,1.7999,1.7999,1.7999
1.7976,1.7976,1.7976,1.7976,1.7976,1.7976,1.7976,1.7976,1.7976,1.7976,1.7976,1.7976,1.7976,1.1154,1.3787,1.4238,1.4431,1.4621,1.4797,1.4974,1.5149,1.5324,1.5499,1.5674,1.5848
1.7954,1.7954,1.7954,1.7954,1.7954,1.7954,1.7954,1.7954,1.7954,1.7954,1.7954,1.7954,1.7954,1.1576,1.1899,1.145,1.1258,1.1068,1.0892,1.0716,1.0542,1.0367,1.0193,1.0019,0.9845
1.7931,1.7931,1.7931,1.7931,1.7931,1.7931,1.7931,1.7931,1.7931,1.7931,1.7931,1.1289,1.7931,1.7931,1.7931,1.7931,1.7931,1.7931,1.7931,1.7931,1.7931,1.7931,1.7931,1.7931,1.7931
1.7909,1.7909,1.7909,1.7909,1.7909,1.7909,1.7909,1.7909,1.7909,1.7909,1.7909,1.7909,1.7909,0.5117,1.2613,1.7909,1.7909,1.7909,1.7909,1.7909,1.7909,1.7909,1.7909,1.7909,1.7909
1.7886,1.7886,1.7886,1.7886,1.7886,1.7886,1.7886,1.7886,1.7886,1.7886,1.7886,1.7886,0.511,1.3822,1.3142,1.2646,1.2434,1.2224,1.203,1.1836,1.1643,1.145,1.1258,1.1065,1.0873
1.7864,1.7864,1.7864,1.7864,1.7864,1.7864,1.7864,1.7864,1.7864,1.7864,1.7864,1.7864,1.181,1.2586,1.3176,1.3607,1.3791,1.3973,1.4141,1.431,1.4478,1.4645,1.4812,1.4979,1.5146
1.7842,1.7842,1.7842,1.7842,1.7842,1.7842,1.7842,1.7842,1.7842,1.7842,1.7842,1.7842,1.7842,0.519,1.5221,1.7842,1.7784,1.7484,1.7206,1.6928,1.6653,1.6377,1.6102,1.5827,1.5551
1.782,1.782,1.782,1.782,1.782,1.782,1.782,1.782,1.782,1.782,1.782,1.0242,1.782,1.782,1.782,1.782,1.782,1.782,1.782,1.782,1.782,1.782,1.782,1.782,1.782
1.7798,1.7798,1.7798,1.7798,1.7798,1.7798,1.7798,1.7798,1.7798,1.7798,1.7798,1.7798,1.7798,0.6281,1.7438,1.7798,1.7798,1.7798,1.7798,1.7798,1.7798,1.7798,1.7798,1.7798,1.7798
1.7776,1.7776,1.7776,1.7776,1.7776,1.7776,1.7776,1.7776,1.7776,1.7776,1.7776,1.7776,1.7776,1.1883,1.1298,1.0872,1.0689,1.051,1.0342,1.0175,1.001,0.9844,0.9679,0.9513,0.9348
1.7754,1.7754,1.7754,1.7754,1.7754,1.7754,1.7754,1.7754,1.7754,1.7754,1.7754,1.4952,0.5072,1.7153,1.7754,1.7754,1.7754,1.7754,1.7754,1.7754,1.7754,1.7754,1.7754,1.7754,1.7754
1.7732,1.7732,1.7732,1.7732,1.7732,1.7732,1.7732,1.7732,1.7732,1.7732,1.7732,1.7732,1.7732,0.5066,1.2364,1.7732,1.7732,1.7732,1.7732,1.7732,1.7732,1.7732,1.7732,1.7732,1.7732
1.771,1.771,1.771,1.771,1.771,1.771,1.771,1.771,1.771,1.771,1.771,1.3111,1.771,1.771,1.771,1.766,1.7364,1.7071,1.68,1.6528,1.6259,1.599,1.5722,1.5453,1.5184
1.7688,1.7688,1.7688,1.7688,1.7688,1.7688,1.7688,1.7688,1.7688,1.7688,1.7688,1.7688,1.7688,1.2729,1.3326,1.3761,1.3948,1.4132,1.4302,1.4473,1.4642,1.4811,1.498,1.5149,1.5318
1.7666,1.7666,1.7666,1.7666,1.7666,1.7666,1.7666,1.7666,1.7666,1.7666,1.7666,1.7666,1.7666,0.7714,1.3649,1.3134,1.2913,1.2696,1.2494,1.2292,1.2092,1.1892,1.1692,1.1492,1.1292
1.7644,1.7644,1.7644,1.7644,1.7644,1.7644,1.7644,1.7644,1.7644,1.7644,1.7644,1.0687,1.7644,1.7644,1.7644,1.7644,1.7644,1.7644,1.7644,1.7644,1.7644,1.7644,1.7644,1.7644,1.7644
1.7623,1.7623,1.7623,1.7623,1.7623,1.7623,1.7623,1.7623,1.7623,1.7623,1.7623,1.7623,1.7623,0.5035,1.4142,1.7623,1.7623,1.7623,1.7623,1.7623,1.7623,1.7623,1.7623,1.7623,1.7623
1.7601,1.7601,1.7601,1.7601,1.7601,1.7601,1.7601,1.7601,1.7601,1.7601,1.7601,1.7601,0.6887,1.2797,1.2168,1.1708,1.1512,1.1318,1.1138,1.0958,1.078,1.0601,1.0423,1.0245,1.0067
1.7579,1.7579,1.7579,1.7579,1.7579,1.7579,1.7579,1.7579,1.7579,1.7579,1.7579,1.7579,0.5776,1.3816,1.4463,1.4936,1.5139,1.5338,1.5523,1.5709,1.5892,1.6076,1.6259,1.6443,1.6626
1.7558,1.7558,1.7558,1.7558,1.7558,1.7558,1.7558,1.7558,1.7558,1.7558,1.7558,1.7558,1.7558,0.5017,1.3756,1.7558,1.7558,1.7558,1.7558,1.7558,1.7558,1.7558,1.7558,1.7558,1.7558
1.7536,1.7536,1.7536,1.7536,1.7536,1.7536,1.7536,1.7536,1.7536,1.7536,1.7536,1.102,1.7536,1.7536,1.7536,1.7536,1.7536,1.7536,1.7536,1.7536,1.7536,1.7536,1.7536,1.7536,1.7536
1.7515,1.7515,1.7515,1.7515,1.7515,1.7515,1.7515,1.7515,1.7515,1.7515,1.7515,1.7515,1.7515,0.8773,1.534,1.5842,1.6056,1.6268,1.6464,1.6661,1.6855,1.705,1.7245,1.7439,1.7515
1.7494,1.7494,1.7494,1.7494,1.7494,1.7494,1.7494,1.7494,1.7494,1.7494,1.7494,1.7494,1.7494,1.2541,1.1924,1.1474,1.1282,1.1092,1.0915,1.0739,1.0564,1.0389,1.0215,1.004,0.9866
1.7472,1.7472,1.7472,1.7472,1.7472,1.7472,1.7472,1.7472,1.7472,1.7472,1.7472,1.2757,1.7472,1.7472,1.7472,1.7472,1.7472,1.7472,1.7472,1.7472,1.7472,1.7472,1.7472,1.7472,1.7472
1.7451,1.7451,1.7451,1.7451,1.7451,1.7451,1.7451,1.7451,1.7451,1.7451,1.7451,1.7451,1.7451,0.4986,1.2805,1.7451,1.7451,1.7451,1.7451,1.7451,1.7451,1.7451,1.7451,1.7451,1.7451
1.743,1.743,1.743,1.743,1.743,1.743,1.743,1.743,1.743,1.743,1.743,1.6697,0.498,1.589,1.5109,1.4539,1.4294,1.4054,1.383,1.3607,1.3385,1.3164,1.2943,1.2721,1.25
1.7409,1.7409,1.7409,1.7409,1.7409,1.7409,1.7409,1.7409,1.7409,1.7409,1.7409,1.7409,1.7409,1.2939,1.3545,1.3988,1.4178,1.4365,1.4538,1.4712,1.4884,1.5056,1.5227,1.5399,1.5571
1.7388,1.7388,1.7388,1.7388,1.7388,1.7388,1.7388,1.7388,1.7388,1.7388,1.7388,1.7388,1.7388,0.6083,1.6793,1.6159,1.5888,1.562,1.5372,1.5124,1.4877,1.4631,1.4385,1.4139,1.3893
1.7366,1.7366,1.7366,1.7366,1.7366,1.7366,1.7366,1.7366,1.7366,1.7366,1.7366,1.066,1.7366,1.7366,1.7366,1.7366,1.7366,1.7366,1.7366,1.7366,1.7366,1.7366,1.7366,1.7366,1.7366
1.7345,1.7345,1.7345,1.7345,1.7345,1.7345,1.7345,1.7345,1.7345,1.7345,1.7345,1.7345,1.7345,0.5759,1.689,1.7345,1.7345,1.7345,1.7345,1.7345,1.7345,1.7345,1.7345,1.7345,1.7345
1.7324,1.7324,1.7324,1.7324,1.7324,1.7324,1.7324,1.7324,1.7324,1.7324,1.7324,1.7324,1.7324,1.2519,1.1904,1.1454,1.1262,1.1072,1.0896,1.072,1.0546,1.0371,1.0197,1.0023,0.9848
1.7304,1.7304,1.7304,1.7304,1.7304,1.7304,1.7304,1.7304,1.7304,1.7304,1.7304,1.7304,0.4944,1.6073,1.6827,1.7304,1.7304,1.7304,1.7304,1.7304,1.7304,1.7304,1.7304,1.7304,1.7304
1.7283,1.7283,1.7283,1.7283,1.7283,1.7283,1.7283,1.7283,1.7283,1.7283,1.7283,1.7283,1.7283,0.4938,1.3188,1.7283,1.7283,1.7283,1.7283,1.7283,1.7283,1.7283,1.7283,1.7283,1.7283
1.7262,1.7262,1.7262,1.7262,1.7262,1.7262,1.7262,1.7262,1.7262,1.7262,1.7262,1.252,1.7262,1.7262,1.7262,1.7262,1.7262,1.7262,1.7262,1.7262,1.7262,1.7262,1.7262,1.7262,1.7262
1.7241,1.7241,1.7241,1.7241,1.7241,1.7241,1.7241,1.7241,1.7241,1.7241,1.7241,1.7241,1.7241,1.375,1.4395,1.4866,1.5067,1.5266,1.545,1.5634,1.5817,1.6,1.6182,1.6365,1.6547
1.722,1.722,1.722,1.722,1.722,1.722,1.722,1.722,1.722,1.722,1.722,1.722,1.722,1.0258,1.3256,1.2755,1.2541,1.233,1.2134,1.1938,1.1743,1.1549,1.1355,1.1161,1.0967
1.72,1.72,1.72,1.72,1.72,1.72,1.72,1.72,1.72,1.72,1.72,1.1697,1.72,1.72,1.72,1.72,1.72,1.72,1.72,1.72,1.72,1.72,1.72,1.72,1.72
1.7179,1.7179,1.7179,1.7179,1.7179,1.7179,1.7179,1.7179,1.7179,1.7179,1.7179,1.7179,1.7179,0.4908,1.3946,1.7179,1.7179,1.7179,1.7179,1.7179,1.7179,1.7179,1.7179,1.7179,1.7179
1.7159,1.7159,1.7159,1.7159,1.7159,1.7159,1.7159,1.7159,1.7159,1.7159,1.7159,1.7159,0.526,1.4204,1.3505,1.2995,1.2777,1.2562,1.2362,1.2163,1.1965,1.1767,1.1569,1.1371,1.1173
1.7138,1.7138,1.7138,1.7138,1.7138,1.7138,1.7138,1.7138,1.7138,1.7138,1.7138,1.7138,0.8904,1.3819,1.4467,1.494,1.5142,1.5342,1.5527,1.5713,1.5896,1.608,1.6263,1.6447,1.663
1.7118,1.7118,1.7118,1.7118,1.7118,1.7118,1.7118,1.7118,1.7118,1.7118,1.7118,1.7118,1.7118,0.5284,1.5498,1.7118,1.7118,1.7118,1.7118,1.7118,1.7118,1.7118,1.7118,1.7118,1.7118
1.7097,1.7097,1.7097,1.7097,1.7097,1.7097,1.7097,1.7097,1.7097,1.7097,1.7097,1.1171,1.7097,1.7097,1.7097,1.7097,1.7097,1.7097,1.7097,1.7097,1.7097,1.7097,1.7097,1.7097,1.7097
1.7077,1.7077,1.7077,1.7077,1.7077,1.7077,1.7077,1.7077,1.7077,1.7077,1.7077,1.7077,1.7077,0.7493,1.7077,1.7077,1.7077,1.7077,1.7077,1.7077,1.7077,1.7077,1.7077,1.7077,1.7077
1.7057,1.7057,1.7057,1.7057,1.7057,1.7057,1.7057,1.7057,1.7057,1.7057,1.7057,1.7057,1.7057,1.2877,1.2244,1.1782,1.1584,1.1389,1.1208,1.1027,1.0847,1.0668,1.0488,1.0309,1.013
1.7036,1.7036,1.7036,1.7036,1.7036,1.7036,1.7036,1.7036,1.7036,1.7036,1.7036,1.4883,0.4867,1.7036,1.7036,1.7036,1.7036,1.7036,1.7036,1.7036,1.7036,1.7036,1.7036,1.7036,1.7036
1.7016,1.7016,1.7016,1.7016,1.7016,1.7016,1.7016,1.7016,1.7016,1.7016,1.7016,1.7016,1.7016,0.4862,1.3313,1.7016,1.7016,1.7016,1.7016,1.7016,1.7016,1.7016,1.7016,1.7016,1.7016
1.6996,1.6996,1.6996,1.6996,1.6996,1.6996,1.6996,1.6996,1.6996,1.6996,1.6996,1.5204,0.4856,1.6996,1.6996,1.6996,1.6996,1.6744,1.6478,1.6212,1.5948,1.5684,1.542,1.5157,1.4893
1.6976,1.6976,1.6976,1.6976,1.6976,1.6976,1.6976,1.6976,1.6976,1.6976,1.6976,1.6976,1.6976,1.3619,1.4258,1.4724,1.4923,1.512,1.5302,1.5485,1.5666,1.5847,1.6028,1.6209,1.6389
1.6956,1.6956,1.6956,1.6956,1.6956,1.6956,1.6956,1.6956,1.6956,1.6956,1.6956,1.6956,1.6956,0.743,1.5657,1.5066,1.4813,1.4564,1.4332,1.4101,1.3871,1.3642,1.3412,1.3183,1.2954
1.6936,1.6936,1.6936,1.6936,1.6936,1.6936,1.6936,1.6936,1.6936,1.6936,1.6936,1.136,1.6936,1.6936,1.6936,1.6936,1.6936,1.6936,1.6936,1.6936,1.6936,1.6936,1.6936,1.6936,1.6936
1.6916,1.6916,1.6916,1.6916,1.6916,1.6916,1.6916,1.6916,1.6916,1.6916,1.6916,1.6916,1.6916,0.5479,1.6071,1.6916,1.6916,1.6916,1.6916,1.6916,1.6916,1.6916,1.6916,1.6916,1.6916
1.6896,1.6896,1.6896,1.6896,1.6896,1.6896,1.6896,1.6896,1.6896,1.6896,1.6896,1.6896,0.9805,1.351,1.2846,1.2361,1.2154,1.1949,1.1759,1.1569,1.1381,1.1192,1.1004,1.0816,1.0628
1.6876,1.6876,1.6876,1.6876,1.6876,1.6876,1.6876,1.6876,1.6876,1.6876,1.6876,1.6876,0.5262,1.5569,1.6299,1.6831,1.6876,1.6876,1.6876,1.6876,1.6876,1.6876,1.6876,1.6876,1.6876
1.6856,1.6856,1.6856,1.6856,1.6856,1.6856,1.6856,1.6856,1.6856,1.6856,1.6856,1.6856,1.6856,0.4916,1.4418,1.6856,1.6856,1.6856,1.6856,1.6856,1.6856,1.6856,1.6856,1.6856,1.6856
1.6836,1.6836,1.6836,1.6836,1.6836,1.6836,1.6836,1.6836,1.6836,1.6836,1.6836,1.2324,1.6836,1.6836,1.6836,1.6836,1.6836,1.6836,1.6836,1.6836,1.6836,1.6836,1.6836,1.6836,1.6836
1.6816,1.6816,1.6816,1.6816,1.6816,1.6816,1.6816,1.6816,1.6816,1.6816,1.6816,1.6816,1.6816,1.1202,1.5954,1.6476,1.6699,1.6816,1.6816,1.6816,1.6816,1.6816,1.6816,1.6816,1.6816
1.6797,1.6797,1.6797,1.6797,1.6797,1.6797,1.6797,1.6797,1.6797,1.6797,1.6797,1.6797,1.6797,1.3927,1.3242,1.2742,1.2528,1.2317,1.2122,1.1926,1.1731,1.1537,1.1343,1.115,1.0956
1.6777,1.6777,1.6777,1.6777,1.6777,1.6777,1.6777,1.6777,1.6777,1.6777,1.6777,1.3155,0.4793,1.6777,1.6777,1.6777,1.6777,1.6777,1.6777,1.6777,1.6777,1.6777,1.6777,1.6777,1.6777
1.6757,1.6757,1.6757,1.6757,1.6757,1.6757,1.6757,1.6757,1.6757,1.6757,1.6757,1.6757,1.6757,0.4816,1.4126,1.6757,1.6757,1.6757,1.6757,1.6757,1.6757,1.6757,1.6757,1.6757,1.6757
1.6738,1.6738,1.6738,1.6738,1.6738,1.6738,1.6738,1.6738,1.6738,1.6738,1.6738,1.6738,0.4782,1.6228,1.543,1.4847,1.4598,1.4352,1.4124,1.3896,1.367,1.3443,1.3217,1.2992,1.2766
1.6718,1.6718,1.6718,1.6718,1.6718,1.6718,1.6718,1.6718,1.6718,1.6718,1.6718,1.6718,1.6718,1.4183,1.4848,1.5333,1.5541,1.5746,1.5936,1.6126,1.6315,1.6503,1.6691,1.6718,1.6718
1.6699,1.6699,1.6699,1.6699,1.6699,1.6699,1.6699,1.6699,1.6699,1.6699,1.6699,1.6699,1.6699,0.6144,1.6699,1.6699,1.6699,1.6699,1.6699,1.6699,1.6699,1.6699,1.6699,1.6699,1.6572
1.6679,1.6679,1.6679,1.6679,1.6679,1.6679,1.6679,1.6679,1.6679,1.6679,1.6679,1.1612,1.6679,1.6679,1.6679,1.6679,1.6679,1.6679,1.6679,1.6679,1.6679,1.6679,1.6679,1.6679,1.6679
1.666,1.666,1.666,1.666,1.666,1.666,1.666,1.666,1.666,1.666,1.666,1.666,1.666,0.6775,1.666,1.666,1.666,1.666,1.666,1.666,1.666,1.666,1.666,1.666,1.666
1.6641,1.6641,1.6641,1.6641,1.6641,1.6641,1.6641,1.6641,1.6641,1.6641,1.6641,1.6641,1.6641,1.3554,1.2887,1.2401,1.2192,1.1987,1.1797,1.1606,1.1417,1.1228,1.1039,1.0851,1.0662
1.6621,1.6621,1.6621,1.6621,1.6621,1.6621,1.6621,1.6621,1.6621,1.6621,1.6621,1.6621,0.4749,1.6621,1.6621,1.6621,1.6621,1.6621,1.6621,1.6621,1.6621,1.6621,1.6621,1.6621,1.6621
1.6602,1.6602,1.6602,1.6602,1.6602,1.6602,1.6602,1.6602,1.6602,1.6602,1.6602,1.6602,1.6602,0.4837,1.4188,1.6602,1.6602,1.6602,1.6602,1.6602,1.6602,1.6602,1.6602,1.6602,1.6602
1.6583,1.6583,1.6583,1.6583,1.6583,1.6583,1.6583,1.6583,1.6583,1.6583,1.6583,1.4419,0.4738,1.6583,1.6583,1.6583,1.6583,1.6583,1.6583,1.6583,1.6583,1.6583,1.6583,1.6583,1.6583
1.6564,1.6564,1.6564,1.6564,1.6564,1.6564,1.6564,1.6564,1.6564,1.6564,1.6564,1.6564,1.6564,1.4698,1.5387,1.589,1.6106,1.6318,1.6515,1.6564,1.6564,1.6564,1.6564,1.6564,1.6564
1.6545,1.6545,1.6545,1.6545,1.6545,1.6545,1.6545,1.6545,1.6545,1.6545,1.6545,1.6545,1.6545,0.9589,1.5135,1.4563,1.4319,1.4078,1.3854,1.363,1.3408,1.3186,1.2965,1.2743,1.2521
1.6526,1.6526,1.6526,1.6526,1.6526,1.6526,1.6526,1.6526,1.6526,1.6526,1.6526,1.2419,1.6526,1.6526,1.6526,1.6526,1.6526,1.6526,1.6526,1.6526,1.6526,1.6526,1.6526,1.6526,1.6526
1.6507,1.6507,1.6507,1.6507,1.6507,1.6507,1.6507,1.6507,1.6507,1.6507,1.6507,1.6507,1.6507,0.5387,1.58,1.6507,1.6507,1.6507,1.6507,1.6507,1.6507,1.6507,1.6507,1.6507,1.6507
1.6488,1.6488,1.6488,1.6488,1.6488,1.6488,1.6488,1.6488,1.6488,1.6488,1.6488,1.6488,0.6903,1.4971,1.4234,1.3697,1.3467,1.324,1.303,1.2819,1.2611,1.2402,1.2193,1.1985,1.1777
1.6469,1.6469,1.6469,1.6469,1.6469,1.6469,1.6469,1.6469,1.6469,1.6469,1.6469,1.6469,0.7541,1.5546,1.6275,1.6469,1.6469,1.6469,1.6469,1.6469,1.6469,1.6469,1.6469,1.6469,1.6469
1.645,1.645,1.645,1.645,1.645,1.645,1.645,1.645,1.645,1.645,1.645,1.645,1.645,0.5525,1.6206,1.645,1.645,1.645,1.645,1.645,1.645,1.645,1.645,1.645,1.645
1.6431,1.6431,1.6431,1.6431,1.6431,1.6431,1.6431,1.6431,1.6431,1.6431,1.6431,1.2484,0.4695,1.6431,1.6431,1.6431,1.6431,1.6431,1.6431,1.6431,1.6431,1.6431,1.6431,1.6431,1.6431
1.6412,1.6412,1.6412,1.6412,1.6412,1.6412,1.6412,1.6412,1.6412,1.6412,1.6412,1.6412,1.6412,0.927,1.6412,1.6412,1.6412,1.6412,1.6412,1.6412,1.6412,1.6412,1.6412,1.6412,1.6412
1.6393,1.6393,1.6393,1.6393,1.6393,1.6393,1.6393,1.6393,1.6393,1.6393,1.6393,1.6393,1.6393,1.4301,1.3598,1.3085,1.2865,1.2648,1.2447,1.2246,1.2047,1.1847,1.1648,1.1449,1.125
1.6375,1.6375,1.6375,1.6375,1.6375,1.6375,1.6375,1.6375,1.6375,1.6375,1.6375,1.5268,0.4678,1.6375,1.6375,1.6375,1.6375,1.6375,1.6375,1.6375,1.6375,1.6375,1.6375,1.6375,1.6375
1.6356,1.6356,1.6356,1.6356,1.6356,1.6356,1.6356,1.6356,1.6356,1.6356,1.6356,1.6356,1.6356,0.5011,1.4697,1.6356,1.6356,1.6356,1.6356,1.6356,1.6356,1.6356,1.6356,1.6356,1.6356
1.6337,1.6337,1.6337,1.6337,1.6337,1.6337,1.6337,1.6337,1.6337,1.6337,1.6337,1.6337,0.4668,1.6337,1.6337,1.6337,1.6337,1.6337,1.6337,1.6337,1.6167,1.59,1.5632,1.5365,1.5098
1.6319,1.6319,1.6319,1.6319,1.6319,1.6319,1.6319,1.6319,1.6319,1.6319,1.6319,1.6319,1.6319,1.4945,1.5646,1.6157,1.6319,1.6319,1.6319,1.6319,1.6319,1.6319,1.6319,1.6319,1.6319
1.63,1.63,1.63,1.63,1.63,1.63,1.63,1.63,1.63,1.63,1.63,1.63,1.63,0.7424,1.63,1.63,1.63,1.63,1.63,1.63,1.63,1.612,1.5849,1.5578,1.5308
1.6282,1.6282,1.6282,1.6282,1.6282,1.6282,1.6282,1.6282,1.6282,1.6282,1.6282,1.2391,0.4652,1.6282,1.6282,1.6282,1.6282,1.6282,1.6282,1.6282,1.6282,1.6282,1.6282,1.6282,1.6282
1.6263,1.6263,1.6263,1.6263,1.6263,1.6263,1.6263,1.6263,1.6263,1.6263,1.6263,1.6263,1.6263,0.6408,1.6263,1.6263,1.6263,1.6263,1.6263,1.6263,1.6263,1.6263,1.6263,1.6263,1.6263
1.6245,1.6245,1.6245,1.6245,1.6245,1.6245,1.6245,1.6245,1.6245,1.6245,1.6245,1.6245,1.5958,1.4648,1.3928,1.3402,1.3177,1.2955,1.2749,1.2543,1.2339,1.2135,1.1931,1.1727,1.1523
1.6226,1.6226,1.6226,1.6226,1.6226,1.6226,1.6226,1.6226,1.6226,1.6226,1.6226,1.6226,0.5044,1.6226,1.6226,1.6226,1.6226,1.6226,1.6226,1.6226,1.6226,1.6226,1.6226,1.6226,1.6226
1.6208,1.6208,1.6208,1.6208,1.6208,1.6208,1.6208,1.6208,1.6208,1.6208,1.6208,1.6208,1.6208,0.5296,1.5533,1.6208,1.6208,1.6208,1.6208,1.6208,1.6208,1.6208,1.6208,1.6208,1.6208
1.619,1.619,1.619,1.619,1.619,1.619,1.619,1.619,1.619,1.619,1.619,1.4175,0.4626,1.619,1.619,1.619,1.619,1.619,1.619,1.619,1.619,1.619,1.619,1.619,1.619
1.6171,1.6171,1.6171,1.6171,1.6171,1.6171,1.6171,1.6171,1.6171,1.6171,1.6171,1.6171,1.6171,1.5195,1.6171,1.6171,1.6171,1.6171,1.6171,1.6171,1.6171,1.6171,1.6171,1.6171,1.6171
1.6153,1.6153,1.6153,1.6153,1.6153,1.6153,1.6153,1.6153,1.6153,1.6153,1.6153,1.6153,1.6153,1.3423,1.5123,1.4552,1.4308,1.4067,1.3843,1.362,1.3398,1.3176,1.2955,1.2733,1.2512
1.6135,1.6135,1.6135,1.6135,1.6135,1.6135,1.6135,1.6135,1.6135,1.6135,1.6135,1.3974,0.461,1.6135,1.6135,1.6135,1.6135,1.6135,1.6135,1.6135,1.6135,1.6135,1.6135,1.6135,1.6135
1.6117,1.6117,1.6117,1.6117,1.6117,1.6117,1.6117,1.6117,1.6117,1.6117,1.6117,1.6117,1.6117,0.5465,1.6028,1.6117,1.6117,1.6117,1.6117,1.6117,1.6117,1.6117,1.6117,1.6117,1.6117
1.6099,1.6099,1.6099,1.6099,1.6099,1.6099,1.6099,1.6099,1.6099,1.6099,1.6099,1.6099,0.5604,1.6099,1.6099,1.5645,1.5382,1.5123,1.4883,1.4642,1.4404,1.4166,1.3928,1.369,1.3451
1.6081,1.6081,1.6081,1.6081,1.6081,1.6081,1.6081,1.6081,1.6081,1.6081,1.6081,1.6081,1.2803,1.5995,1.6081,1.6081,1.6081,1.6081,1.6081,1.6081,1.6081,1.6081,1.6081,1.6081,1.6081
1.6063,1.6063,1.6063,1.6063,1.6063,1.6063,1.6063,1.6063,1.6063,1.6063,1.6063,1.6063,1.6063,0.6415,1.6063,1.6063,1.6063,1.6063,1.6063,1.6063,1.6063,1.6063,1.6063,1.6063,1.6063
1.6045,1.6045,1.6045,1.6045,1.6045,1.6045,1.6045,1.6045,1.6045,1.6045,1.6045,1.302,0.4584,1.6045,1.6045,1.6045,1.6045,1.6045,1.6045,1.6045,1.6045,1.6045,1.6045,1.6045,1.6045
1.6027,1.6027,1.6027,1.6027,1.6027,1.6027,1.6027,1.6027,1.6027,1.6027,1.6027,1.6027,1.6027,0.8264,1.6027,1.6027,1.6027,1.6027,1.6027,1.6027,1.6027,1.6027,1.6027,1.6027,1.6027
1.6009,1.6009,1.6009,1.6009,1.6009,1.6009,1.6009,1.6009,1.6009,1.6009,1.6009,1.6009,1.6009,1.5111,1.4368,1.3826,1.3593,1.3365,1.3152,1.294,1.2729,1.2518,1.2308,1.2098,1.1887
1.5991,1.5991,1.5991,1.5991,1.5991,1.5991,1.5991,1.5991,1.5991,1.5991,1.5991,1.5991,0.4569,1.5991,1.5991,1.5991,1.5991,1.5991,1.5991,1.5991,1.5991,1.5991,1.5991,1.5991,1.5991
1.5973,1.5973,1.5973,1.5973,1.5973,1.5973,1.5973,1.5973,1.5973,1.5973,1.5973,1.5973,1.5973,0.5363,1.573,1.5973,1.5973,1.5973,1.5973,1.5973,1.5973,1.5973,1.5973,1.5973,1.5973
1.5955,1.5955,1.5955,1.5955,1.5955,1.5955,1.5955,1.5955,1.5955,1.5955,1.5955,1.5955,0.4559,1.5955,1.5955,1.5955,1.5955,1.5955,1.5955,1.5955,1.5955,1.5955,1.5955,1.5955,1.5955
1.5938,1.5938,1.5938,1.5938,1.5938,1.5938,1.5938,1.5938,1.5938,1.5938,1.5938,1.5938,1.5938,1.5938,1.5938,1.5938,1.5938,1.5938,1.5938,1.5938,1.5938,1.5938,1.5938,1.5938,1.5938
1.592,1.592,1.592,1.592,1.592,1.592,1.592,1.592,1.592,1.592,1.592,1.592,1.592,0.9433,1.592,1.592,1.592,1.592,1.592,1.592,1.5826,1.5564,1.5302,1.5041,1.4779
1.5902,1.5902,1.5902,1.5902,1.5902,1.5902,1.5902,1.5902,1.5902,1.5902,1.5902,1.3612,0.4544,1.5902,1.5902,1.5902,1.5902,1.5902,1.5902,1.5902,1.5902,1.5902,1.5902,1.5902,1.5902
1.5885,1.5885,1.5885,1.5885,1.5885,1.5885,1.5885,1.5885,1.5885,1.5885,1.5885,1.5885,1.5885,0.6308,1.5885,1.5885,1.5885,1.5885,1.5885,1.5885,1.5885,1.5885,1.5885,1.5885,1.5885
1.5867,1.5867,1.5867,1.5867,1.5867,1.5867,1.5867,1.5867,1.5867,1.5867,1.5867,1.5867,0.9754,1.5867,1.5506,1.492,1.467,1.4423,1.4194,1.3964,1.3737,1.351,1.3283,1.3056,1.2828
1.585,1.585,1.585,1.585,1.585,1.585,1.585,1.585,1.585,1.585,1.585,1.585,0.6944,1.585,1.585,1.585,1.585,1.585,1.585,1.585,1.585,1.585,1.585,1.585,1.585
1.5832,1.5832,1.5832,1.5832,1.5832,1.5832,1.5832,1.5832,1.5832,1.5832,1.5832,1.5832,1.5832,0.5979,1.5832,1.5832,1.5832,1.5832,1.5832,1.5832,1.5832,1.5832,1.5832,1.5832,1.5832
1.5815,1.5815,1.5815,1.5815,1.5815,1.5815,1.5815,1.5815,1.5815,1.5815,1.5815,1.4425,0.4518,1.5815,1.5815,1.5815,1.5815,1.5815,1.5815,1.5815,1.5815,1.5815,1.5815,1.5815,1.5815
1.5797,1.5797,1.5797,1.5797,1.5797,1.5797,1.5797,1.5797,1.5797,1.5797,1.5797,1.5797,1.5797,1.2064,1.5797,1.5797,1.5797,1.5797,1.5797,1.5797,1.5797,1.5797,1.5797,1.5797,1.5797
1.578,1.578,1.578,1.578,1.578,1.578,1.578,1.578,1.578,1.578,1.578,1.578,1.578,1.578,1.5621,1.5031,1.4779,1.453,1.4299,1.4068,1.3839,1.361,1.3381,1.3152,1.2924
1.5763,1.5763,1.5763,1.5763,1.5763,1.5763,1.5763,1.5763,1.5763,1.5763,1.5763,1.5763,0.4504,1.5763,1.5763,1.5763,1.5763,1.5763,1.5763,1.5763,1.5763,1.5763,1.5763,1.5763,1.5763
1.5745,1.5745,1.5745,1.5745,1.5745,1.5745,1.5745,1.5745,1.5745,1.5745,1.5745,1.5745,1.5745,0.5725,1.5745,1.5745,1.5745,1.5745,1.5745,1.5745,1.5745,1.5745,1.5745,1.5745,1.5745
1.5728,1.5728,1.5728,1.5728,1.5728,1.5728,1.5728,1.5728,1.5728,1.5728,1.5728,1.5728,0.4963,1.5728,1.5728,1.5728,1.5728,1.5728,1.5728,1.5728,1.5728,1.5728,1.5728,1.5728,1.5728
1.5711,1.5711,1.5711,1.5711,1.5711,1.5711,1.5711,1.5711,1.5711,1.5711,1.5711,1.5711,1.5711,1.5711,1.5711,1.5711,1.5711,1.5711,1.5711,1.5711,1.5711,1.5711,1.5711,1.5711,1.5711
1.5693,1.5693,1.5693,1.5693,1.5693,1.5693,1.5693,1.5693,1.5693,1.5693,1.5693,1.5693,1.5693,0.7749,1.5693,1.5693,1.5693,1.5693,1.5693,1.5693,1.5693,1.5693,1.5693,1.5693,1.5693
1.5676,1.5676,1.5676,1.5676,1.5676,1.5676,1.5676,1.5676,1.5676,1.5676,1.5676,1.4011,0.4479,1.5676,1.5676,1.5676,1.5676,1.5676,1.5676,1.5676,1.5676,1.5676,1.5676,1.5676,1.5676
1.5659,1.5659,1.5659,1.5659,1.5659,1.5659,1.5659,1.5659,1.5659,1.5659,1.5659,1.5659,1.5659,0.7804,1.5659,1.5659,1.5659,1.5659,1.5659,1.5659,1.5659,1.5659,1.5659,1.5659,1.5659
1.5642,1.5642,1.5642,1.5642,1.5642,1.5642,1.5642,1.5642,1.5642,1.5642,1.5642,1.5642,1.5642,1.5642,1.5642,1.5077,1.4824,1.4575,1.4343,1.4111,1.3881,1.3652,1.3422,1.3193,1.2963
1.5625,1.5625,1.5625,1.5625,1.5625,1.5625,1.5625,1.5625,1.5625,1.5625,1.5625,1.5625,0.5104,1.5625,1.5625,1.5625,1.5625,1.5625,1.5625,1.5625,1.5625,1.5625,1.5625,1.5625,1.5625
1.5608,1.5608,1.5608,1.5608,1.5608,1.5608,1.5608,1.5608,1.5608,1.5608,1.5608,1.5608,1.5608,0.5927,1.5608,1.5608,1.5608,1.5608,1.5608,1.5608,1.5608,1.5608,1.5608,1.5608,1.5608
1.5591,1.5591,1.5591,1.5591,1.5591,1.5591,1.5591,1.5591,1.5591,1.5591,1.5591,1.5591,0.4455,1.5591,1.5591,1.5591,1.5591,1.5591,1.5591,1.5591,1.5591,1.5591,1.5591,1.5591,1.5591
1.5574,1.5574,1.5574,1.5574,1.5574,1.5574,1.5574,1.5574,1.5574,1.5574,1.5574,1.5574,1.5574,1.5574,1.5574,1.5574,1.5574,1.5574,1.5574,1.5574,1.5574,1.5574,1.5574,1.5574,1.5574
1.5557,1.5557,1.5557,1.5557,1.5557,1.5557,1.5557,1.5557,1.5557,1.5557,1.5557,1.5557,1.5557,1.2856,1.5557,1.5557,1.5557,1.5557,1.5557,1.5557,1.5557,1.5557,1.5402,1.5139,1.4876
1.554,1.554,1.554,1.554,1.554,1.554,1.554,1.554,1.554,1.554,1.554,1.5466,0.444,1.554,1.554,1.554,1.554,1.554,1.554,1.554,1.554,1.554,1.554,1.554,1.554
1.5524,1.5524,1.5524,1.5524,1.5524,1.5524,1.5524,1.5524,1.5524,1.5524,1.5524,1.5524,1.5524,0.6458,1.5524,1.5524,1.5524,1.5524,1.5524,1.5524,1.5524,1.5524,1.5524,1.5524,1.5524
1.5507,1.5507,1.5507,1.5507,1.5507,1.5507,1.5507,1.5507,1.5507,1.5507,1.5507,1.5507,0.7545,1.5507,1.5507,1.5507,1.5507,1.5507,1.5507,1.5507,1.5507,1.5507,1.5317,1.5056,1.4794
1.549,1.549,1.549,1.549,1.549,1.549,1.549,1.549,1.549,1.549,1.549,1.549,1.0783,1.549,1.549,1.549,1.549,1.549,1.549,1.549,1.549,1.549,1.549,1.549,1.549
1.5473,1.5473,1.5473,1.5473,1.5473,1.5473,1.5473,1.5473,1.5473,1.5473,1.5473,1.5473,1.5473,0.7005,1.5473,1.5473,1.5473,1.5473,1.5473,1.5473,1.5473,1.5473,1.5473,1.5473,1.5473
1.5457,1.5457,1.5457,1.5457,1.5457,1.5457,1.5457,1.5457,1.5457,1.5457,1.5457,1.5228,0.4416,1.5457,1.5457,1.5457,1.5457,1.5457,1.5457,1.5457,1.5457,1.5457,1.5457,1.5457,1.5457
1.544,1.544,1.544,1.544,1.544,1.544,1.544,1.544,1.544,1.544,1.544,1.544,1.544,1.0625,1.544,1.544,1.544,1.544,1.544,1.544,1.544,1.544,1.544,1.544,1.544
1.5423,1.5423,1.5423,1.5423,1.5423,1.5423,1.5423,1.5423,1.5423,1.5423,1.5423,1.5423,1.5423,1.5423,1.5423,1.5423,1.5423,1.5423,1.5312,1.5065,1.482,1.4574,1.433,1.4085,1.384
1.5407,1.5407,1.5407,1.5407,1.5407,1.5407,1.5407,1.5407,1.5407,1.5407,1.5407,1.5407,0.4402,1.5407,1.5407,1.5407,1.5407,1.5407,1.5407,1.5407,1.5407,1.5407,1.5407,1.5407,1.5407
1.539,1.539,1.539,1.539,1.539,1.539,1.539,1.539,1.539,1.539,1.539,1.539,1.539,0.6217,1.539,1.539,1.539,1.539,1.539,1.539,1.539,1.539,1.539,1.539,1.539
1.5374,1.5374,1.5374,1.5374,1.5374,1.5374,1.5374,1.5374,1.5374,1.5374,1.5374,1.5374,0.4699,1.5374,1.5374,1.5374,1.5374,1.5374,1.5374,1.5374,1.5374,1.5374,1.5374,1.5374,1.5374
1.5357,1.5357,1.5357,1.5357,1.5357,1.5357,1.5357,1.5357,1.5357,1.5357,1.5357,1.5357,1.5357,1.5357,1.5357,1.5357,1.5357,1.5357,1.5357,1.5357,1.5357,1.5357,1.5357,1.5357,1.5357
1.5341,1.5341,1.5341,1.5341,1.5341,1.5341,1.5341,1.5341,1.5341,1.5341,1.5341,1.5341,1.5341,0.9858,1.5341,1.5341,1.5341,1.5341,1.5341,1.5341,1.5341,1.5341,1.5341,1.5341,1.5341
1.5324,1.5324,1.5324,1.5324,1.5324,1.5324,1.5324,1.5324,1.5324,1.5324,1.5324,1.5324,0.4378,1.5324,1.5324,1.5324,1.5324,1.5324,1.5324,1.5324,1.5324,1.5324,1.5324,1.5324,1.5324
1.5308,1.5308,1.5308,1.5308,1.5308,1.5308,1.5308,1.5308,1.5308,1.5308,1.5308,1.5308,1.5308,0.7766,1.5308,1.5308,1.5308,1.5308,1.5308,1.5308,1.5308,1.5308,1.5308,1.5308,1.5308
1.5292,1.5292,1.5292,1.5292,1.5292,1.5292,1.5292,1.5292,1.5292,1.5292,1.5292,1.5292,1.5292,1.5292,1.5292,1.5292,1.5292,1.5292,1.5292,1.5292,1.5292,1.5292,1.5198,1.4938,1.4678
1.5275,1.5275,1.5275,1.5275,1.5275,1.5275,1.5275,1.5275,1.5275,1.5275,1.5275,1.5275,0.6936,1.5275,1.5275,1.5275,1.5275,1.5275,1.5275,1.5275,1.5275,1.5275,1.5275,1.5275,1.5275
1.5259,1.5259,1.5259,1.5259,1.5259,1.5259,1.5259,1.5259,1.5259,1.5259,1.5259,1.5259,1.5259,0.681,1.5259,1.5259,1.5259,1.5259,1.5259,1.5259,1.5259,1.5259,1.5259,1.5259,1.5259
1.5243,1.5243,1.5243,1.5243,1.5243,1.5243,1.5243,1.5243,1.5243,1.5243,1.5243,1.5243,0.4355,1.5243,1.5243,1.5243,1.5243,1.5243,1.5243,1.5243,1.5243,1.5243,1.5243,1.5243,1.5243
1.5227,1.5227,1.5227,1.5227,1.5227,1.5227,1.5227,1.5227,1.5227,1.5227,1.5227,1.5227,1.5227,1.5227,1.5227,1.5227,1.5227,1.5227,1.5227,1.5227,1.5227,1.5227,1.5227,1.5227,1.5227
1.5211,1.5211,1.5211,1.5211,1.5211,1.5211,1.5211,1.5211,1.5211,1.5211,1.5211,1.5211,1.5211,1.5211,1.5211,1.5211,1.5211,1.5211,1.5211,1.5211,1.5211,1.5211,1.5211,1.5211,1.5211
1.5194,1.5194,1.5194,1.5194,1.5194,1.5194,1.5194,1.5194,1.5194,1.5194,1.5194,1.5194,0.4341,1.5194,1.5194,1.5194,1.5194,1.5194,1.5194,1.5194,1.5194,1.5194,1.5194,1.5194,1.5194
1.5178,1.5178,1.5178,1.5178,1.5178,1.5178,1.5178,1.5178,1.5178,1.5178,1.5178,1.5178,1.5178,0.6905,1.5178,1.5178,1.5178,1.5178,1.5178,1.5178,1.5178,1.5178,1.5178,1.5178,1.5178
1.5162,1.5162,1.5162,1.5162,1.5162,1.5162,1.5162,1.5162,1.5162,1.5162,1.5162,1.5162,0.6624,1.5162,1.5162,1.5162,1.5162,1.5162,1.5162,1.5162,1.5162,1.5162,1.5162,1.5162,1.5162
1.5146,1.5146,1.5146,1.5146,1.5146,1.5146,1.5146,1.5146,1.5146,1.5146,1.5146,1.5146,1.5146,1.5146,1.5146,1.5146,1.5146,1.5146,1.5146,1.5146,1.5146,1.5146,1.5146,1.5146,1.5146
1.513,1.513,1.513,1.513,1.513,1.513,1.513,1.513,1.513,1.513,1.513,1.513,1.513,0.861,1.513,1.513,1.513,1.513,1.513,1.513,1.513,1.513,1.513,1.513,1.513
1.5114,1.5114,1.5114,1.5114,1.5114,1.5114,1.5114,1.5114,1.5114,1.5114,1.5114,1.5114,0.4318,1.5114,1.5114,1.5114,1.5114,1.5114,1.5114,1.5114,1.5114,1.5114,1.5114,1.5114,1.5114
1.5098,1.5098,1.5098,1.5098,1.5098,1.5098,1.5098,1.5098,1.5098,1.5098,1.5098,1.5098,1.5098,1.0137,1.5098,1.5098,1.5098,1.5098,1.5098,1.5098,1.5098,1.5098,1.5098,1.5098,1.5098
1.5083,1.5083,1.5083,1.5083,1.5083,1.5083,1.5083,1.5083,1.5083,1.5083,1.5083,1.5083,1.5083,1.5083,1.5083,1.5083,1.5083,1.5083,1.5083,1.5083,1.5083,1.5083,1.5083,1.5083,1.5083
1.5067,1.5067,1.5067,1.5067,1.5067,1.5067,1.5067,1.5067,1.5067,1.5067,1.5067,1.5067,0.5552,1.5067,1.5067,1.5067,1.5067,1.5067,1.5067,1.5067,1.5067,1.5067,1.5067,1.5067,1.5067
1.5051,1.5051,1.5051,1.5051,1.5051,1.5051,1.5051,1.5051,1.5051,1.5051,1.5051,1.5051,1.5051,0.7058,1.5051,1.5051,1.5051,1.5051,1.5051,1.5051,1.5051,1.5051,1.5051,1.5051,1.5051
1.5035,1.5035,1.5035,1.5035,1.5035,1.5035,1.5035,1.5035,1.5035,1.5035,1.5035,1.5035,0.474,1.5035,1.5035,1.5035,1.5035,1.5035,1.5035,1.5035,1.5035,1.5035,1.5035,1.5035,1.5035
1.5019,1.5019,1.5019,1.5019,1.5019,1.5019,1.5019,1.5019,1.5019,1.5019,1.5019,1.5019,1.5019,1.5019,1.5019,1.5019,1.5019,1.5019,1.5019,1.5019,1.5019,1.5019,1.5019,1.5019,1.5019
1.5004,1.5004,1.5004,1.5004,1.5004,1.5004,1.5004,1.5004,1.5004,1.5004,1.5004,1.5004,1.5004,1.3488,1.5004,1.5004,1.5004,1.5004,1.5004,1.5004,1.5004,1.5004,1.5004,1.5004,1.5004
1.4988,1.4988,1.4988,1.4988,1.4988,1.4988,1.4988,1.4988,1.4988,1.4988,1.4988,1.4988,0.4282,1.4988,1.4988,1.4988,1.4988,1.4988,1.4988,1.4988,1.4988,1.4988,1.4988,1.4988,1.4988
1.4972,1.4972,1.4972,1.4972,1.4972,1.4972,1.4972,1.4972,1.4972,1.4972,1.4972,1.4972,1.4972,0.8177,1.4972,1.4972,1.4972,1.4972,1.4972,1.4972,1.4972,1.4972,1.4972,1.4972,1.4972
1.4957,1.4957,1.4957,1.4957,1.4957,1.4957,1.4957,1.4957,1.4957,1.4957,1.4957,1.4957,1.1236,1.4957,1.4957,1.4957,1.4957,1.4957,1.4957,1.4957,1.4957,1.4957,1.4957,1.4957,1.4957
1.4941,1.4941,1.4941,1.4941,1.4941,1.4941,1.4941,1.4941,1.4941,1.4941,1.4941,1.4941,1.048,1.4941,1.4941,1.4941,1.4941,1.4941,1.4941,1.4941,1.4941,1.4941,1.4941,1.4941,1.4941
1.4926,1.4926,1.4926,1.4926,1.4926,1.4926,1.4926,1.4926,1.4926,1.4926,1.4926,1.4926,1.4926,0.8239,1.4926,1.4926,1.4926,1.4926,1.4926,1.4926,1.4926,1.4926,1.4926,1.4926,1.4926
1.491,1.491,1.491,1.491,1.491,1.491,1.491,1.491,1.491,1.491,1.491,1.491,0.426,1.491,1.491,1.491,1.491,1.491,1.491,1.491,1.491,1.491,1.491,1.491,1.491
1.4895,1.4895,1.4895,1.4895,1.4895,1.4895,1.4895,1.4895,1.4895,1.4895,1.4895,1.4895,1.4895,1.4895,1.4895,1.4895,1.4895,1.4895,1.4895,1.4895,1.4895,1.4895,1.4895,1.4895,1.4895
1.4879,1.4879,1.4879,1.4879,1.4879,1.4879,1.4879,1.4879,1.4879,1.4879,1.4879,1.4879,1.4879,1.4879,1.4879,1.4879,1.4879,1.4879,1.4879,1.4879,1.4879,1.4879,1.4879,1.4879,1.4879
1.4864,1.4864,1.4864,1.4864,1.4864,1.4864,1.4864,1.4864,1.4864,1.4864,1.4864,1.4864,0.5033,1.4864,1.4864,1.4864,1.4864,1.4864,1.4864,1.4864,1.4864,1.4864,1.4864,1.4864,1.4864
1.4848,1.4848,1.4848,1.4848,1.4848,1.4848,1.4848,1.4848,1.4848,1.4848,1.4848,1.4848,1.4848,0.7803,1.4848,1.4848,1.4848,1.4848,1.4848,1.4848,1.4848,1.4848,1.4848,1.4848,1.4848
1.4833,1.4833,1.4833,1.4833,1.4833,1.4833,1.4833,1.4833,1.4833,1.4833,1.4833,1.4833,0.6426,1.4833,1.4833,1.4833,1.4833,1.4833,1.4833,1.4833,1.4833,1.4833,1.4833,1.4833,1.4833
1.4818,1.4818,1.4818,1.4818,1.4818,1.4818,1.4818,1.4818,1.4818,1.4818,1.4818,1.4818,1.4818,1.4818,1.4818,1.4818,1.4818,1.4818,1.4818,1.4818,1.4818,1.4818,1.4818,1.4818,1.4818
1.4802,1.4802,1.4802,1.4802,1.4802,1.4802,1.4802,1.4802,1.4802,1.4802,1.4802,1.4802,1.4802,1.1328,1.4802,1.4802,1.4802,1.4802,1.4802,1.4802,1.4802,1.4802,1.4802,1.4802,1.4802
1.4787,1.4787,1.4787,1.4787,1.4787,1.4787,1.4787,1.4787,1.4787,1.4787,1.4787,1.4787,0.4285,1.4787,1.4787,1.4787,1.4787,1.4787,1.4787,1.4787,1.4787,1.4787,1.4787,1.4787,1.4787
1.4772,1.4772,1.4772,1.4772,1.4772,1.4772,1.4772,1.4772,1.4772,1.4772,1.4772,1.4772,1.4772,1.0484,1.4772,1.4772,1.4772,1.4772,1.4772,1.4772,1.4772,1.4772,1.4772,1.4772,1.4772
1.4757,1.4757,1.4757,1.4757,1.4757,1.4757,1.4757,1.4757,1.4757,1.4757,1.4757,1.4757,1.4757,1.4757,1.4757,1.4757,1.4757,1.4757,1.4757,1.4757,1.4757,1.4757,1.4757,1.4757,1.4757
1.4741,1.4741,1.4741,1.4741,1.4741,1.4741,1.4741,1.4741,1.4741,1.4741,1.4741,1.4741,0.7766,1.4741,1.4741,1.4741,1.4741,1.4741,1.4741,1.4741,1.4741,1.4741,1.4741,1.4741,1.4741
1.4726,1.4726,1.4726,1.4726,1.4726,1.4726,1.4726,1.4726,1.4726,1.4726,1.4726,1.4726,1.4726,0.8537,1.4726,1.4726,1.4726,1.4726,1.4726,1.4726,1.4726,1.4726,1.4726,1.4726,1.4726
1.4711,1.4711,1.4711,1.4711,1.4711,1.4711,1.4711,1.4711,1.4711,1.4711,1.4711,1.4711,0.5152,1.4711,1.4711,1.4711,1.4711,1.4711,1.4711,1.4711,1.4711,1.4711,1.4711,1.4711,1.4711
1.4696,1.4696,1.4696,1.4696,1.4696,1.4696,1.4696,1.4696,1.4696,1.4696,1.4696,1.4696,1.4696,1.4696,1.4696,1.4696,1.4696,1.4696,1.4696,1.4696,1.4696,1.4696,1.4696,1.4696,1.4696
1.4681,1.4681,1.4681,1.4681,1.4681,1.4681,1.4681,1.4681,1.4681,1.4681,1.4681,1.4681,1.4681,1.4681,1.4681,1.4681,1.4681,1.4681,1.4681,1.4681,1.4681,1.4681,1.4681,1.4681,1.4681
1.4666,1.4666,1.4666,1.4666,1.4666,1.4666,1.4666,1.4666,1.4666,1.4666,1.4666,1.4666,0.5024,1.4666,1.4666,1.4666,1.4666,1.4666,1.4666,1.4666,1.4666,1.4666,1.4666,1.4666,1.4666
1.4651,1.4651,1.4651,1.4651,1.4651,1.4651,1.4651,1.4651,1.4651,1.4651,1.4651,1.4651,1.4651,0.9282,1.4651,1.4651,1.4651,1.4651,1.4651,1.4651,1.4651,1.4651,1.4651,1.4651,1.4651
1.4636,1.4636,1.4636,1.4636,1.4636,1.4636,1.4636,1.4636,1.4636,1.4636,1.4636,1.4636,1.0045,1.4636,1.4636,1.4636,1.4636,1.4636,1.4636,1.4636,1.4636,1.4636,1.4636,1.4636,1.4636
1.4621,1.4621,1.4621,1.4621,1.4621,1.4621,1.4621,1.4621,1.4621,1.4621,1.4621,1.4621,1.4621,1.4621,1.4621,1.4621,1.4621,1.4621,1.4621,1.4621,1.4621,1.4621,1.4621,1.4621,1.4621
1.4606,1.4606,1.4606,1.4606,1.4606,1.4606,1.4606,1.4606,1.4606,1.4606,1.4606,1.4606,1.4606,1.0798,1.4606,1.4606,1.4606,1.4606,1.4606,1.4606,1.4606,1.4606,1.4606,1.4606,1.4606
1.4591,1.4591,1.4591,1.4591,1.4591,1.4591,1.4591,1.4591,1.4591,1.4591,1.4591,1.4591,0.4955,1.4591,1.4591,1.4591,1.4591,1.4591,1.4591,1.4591,1.4591,1.4591,1.4591,1.4591,1.4591
1.4577,1.4577,1.4577,1.4577,1.4577,1.4577,1.4577,1.4577,1.4577,1.4577,1.4577,1.4577,1.4577,1.4577,1.4577,1.4577,1.4577,1.4577,1.4577,1.4577,1.4577,1.4577,1.4577,1.4577,1.4577
1.4562,1.4562,1.4562,1.4562,1.4562,1.4562,1.4562,1.4562,1.4562,1.4562,1.4562,1.4562,1.4562,1.4562,1.4562,1.4562,1.4562,1.4562,1.4562,1.4562,1.4562,1.4562,1.4562,1.4562,1.4562
1.4547,1.4547,1.4547,1.4547,1.4547,1.4547,1.4547,1.4547,1.4547,1.4547,1.4547,1.4547,0.6945,1.4547,1.4547,1.4547,1.4547,1.4547,1.4547,1.4547,1.4547,1.4547,1.4547,1.4547,1.4547
1.4532,1.4532,1.4532,1.4532,1.4532,1.4532,1.4532,1.4532,1.4532,1.4532,1.4532,1.4532,1.4532,0.9622,1.4532,1.4532,1.4532,1.4532,1.4532,1.4532,1.4532,1.4532,1.4532,1.4532,1.4532
1.4517,1.4517,1.4517,1.4517,1.4517,1.4517,1.4517,1.4517,1.4517,1.4517,1.4517,1.4517,0.6992,1.4517,1.4517,1.4517,1.4517,1.4517,1.4517,1.4517,1.4517,1.4517,1.4517,1.4517,1.4517
1.4503,1.4503,1.4503,1.4503,1.4503,1.4503,1.4503,1.4503,1.4503,1.4503,1.4503,1.4503,1.4503,1.4503,1.4503,1.4503,1.4503,1.4503,1.4503,1.4503,1.4503,1.4503,1.4503,1.4503,1.4503
1.4488,1.4488,1.4488,1.4488,1.4488,1.4488,1.4488,1.4488,1.4488,1.4488,1.4488,1.4488,1.4488,1.4488,1.4488,1.4488,1.4488,1.4488,1.4488,1.4488,1.4488,1.4488,1.4488,1.4488,1.4488
1.4473,1.4473,1.4473,1.4473,1.4473,1.4473,1.4473,1.4473,1.4473,1.4473,1.4473,1.4473,0.5525,1.4473,1.4473,1.4473,1.4473,1.4473,1.4473,1.4473,1.4473,1.4473,1.4473,1.4473,1.4473
1.4459,1.4459,1.4459,1.4459,1.4459,1.4459,1.4459,1.4459,1.4459,1.4459,1.4459,1.4459,1.4459,1.2153,1.4459,1.4459,1.4459,1.4459,1.4459,1.4459,1.4459,1.4459,1.4459,1.4459,1.4459
1.4444,1.4444,1.4444,1.4444,1.4444,1.4444,1.4444,1.4444,1.4444,1.4444,1.4444,1.4444,1.4444,1.4444,1.4444,1.4444,1.4444,1.4444,1.4444,1.4444,1.4444,1.4444,1.4444,1.4444,1.4444
1.443,1.443,1.443,1.443,1.443,1.443,1.443,1.443,1.443,1.443,1.443,1.443,1.2594,1.443,1.443,1.443,1.443,1.443,1.443,1.443,1.443,1.443,1.443,1.443,1.443
1.4415,1.4415,1.4415,1.4415,1.4415,1.4415,1.4415,1.4415,1.4415,1.4415,1.4415,1.4415,1.4415,1.1571,1.4415,1.4415,1.4415,1.4415,1.4415,1.4415,1.4415,1.4415,1.4415,1.4415,1.4415
1.4401,1.4401,1.4401,1.4401,1.4401,1.4401,1.4401,1.4401,1.4401,1.4401,1.4401,1.4401,0.6333,1.4401,1.4401,1.4401,1.4401,1.4401,1.4401,1.4401,1.4401,1.4401,1.4401,1.4401,1.4401
1.4386,1.4386,1.4386,1.4386,1.4386,1.4386,1.4386,1.4386,1.4386,1.4386,1.4386,1.4386,1.4386,1.4386,1.4386,1.4386,1.4386,1.4386,1.4386,1.4386,1.4386,1.4386,1.4386,1.4386,1.4386
1.4372,1.4372,1.4372,1.4372,1.4372,1.4372,1.4372,1.4372,1.4372,1.4372,1.4372,1.4372,1.4372,1.4372,1.4372,1.4372,1.4372,1.4372,1.4372,1.4372,1.4372,1.4372,1.4372,1.4372,1.4372
1.4358,1.4358,1.4358,1.4358,1.4358,1.4358,1.4358,1.4358,1.4358,1.4358,1.4358,1.4358,0.7223,1.4358,1.4358,1.4358,1.4358,1.4358,1.4358,1.4358,1.4358,1.4358,1.4358,1.4358,1.4358
1.4343,1.4343,1.4343,1.4343,1.4343,1.4343,1.4343,1.4343,1.4343,1.4343,1.4343,1.4343,1.4343,1.2121,1.4343,1.4343,1.4343,1.4343,1.4343,1.4343,1.4343,1.4343,1.4343,1.4343,1.4343
1.4329,1.4329,1.4329,1.4329,1.4329,1.4329,1.4329,1.4329,1.4329,1.4329,1.4329,1.4329,1.1078,1.4329,1.4329,1.4329,1.4329,1.4329,1.4329,1.4329,1.4329,1.4329,1.4329,1.4329,1.4329
1.4315,1.4315,1.4315,1.4315,1.4315,1.4315,1.4315,1.4315,1.4315,1.4315,1.4315,1.4315,1.4315,1.4315,1.4315,1.4315,1.4315,1.4315,1.4315,1.4315,1.4315,1.4315,1.4315,1.4315,1.4315
1.43,1.43,1.43,1.43,1.43,1.43,1.43,1.43,1.43,1.43,1.43,1.43,1.43,1.43,1.43,1.43,1.43,1.43,1.43,1.43,1.43,1.43,1.43,1.43,1.43
1.4286,1.4286,1.4286,1.4286,1.4286,1.4286,1.4286,1.4286,1.4286,1.4286,1.4286,1.4286,0.6922,1.4286,1.4286,1.4286,1.4286,1.4286,1.4286,1.4286,1.4286,1.4286,1.4286,1.4286,1.4286
1.4272,1.4272,1.4272,1.4272,1.4272,1.4272,1.4272,1.4272,1.4272,1.4272,1.4272,1.4272,1.4272,1.4272,1.4272,1.4272,1.4272,1.4272,1.4272,1.4272,1.4272,1.4272,1.4272,1.4272,1.4272
1.4258,1.4258,1.4258,1.4258,1.4258,1.4258,1.4258,1.4258,1.4258,1.4258,1.4258,1.4258,1.4258,1.4258,1.4258,1.4258,1.4258,1.4258,1.4258,1.4258,1.4258,1.4258,1.4258,1.4258,1.4258
1.4243,1.4243,1.4243,1.4243,1.4243,1.4243,1.4243,1.4243,1.4243,1.4243,1.4243,1.4243,1.1829,1.4243,1.4243,1.4243,1.4243,1.4243,1.4243,1.4243,1.4243,1.4243,1.4243,1.4243,1.4243
1.4229,1.4229,1.4229,1.4229,1.4229,1.4229,1.4229,1.4229,1.4229,1.4229,1.4229,1.4229,1.4229,1.4229,1.4229,1.4229,1.4229,1.4229,1.4229,1.4229,1.4229,1.4229,1.4229,1.4229,1.4229
1.4215,1.4215,1.4215,1.4215,1.4215,1.4215,1.4215,1.4215,1.4215,1.4215,1.4215,1.4215,0.9611,1.4215,1.4215,1.4215,1.4215,1.4215,1.4215,1.4215,1.4215,1.4215,1.4215,1.4215,1.4215
1.4201,1.4201,1.4201,1.4201,1.4201,1.4201,1.4201,1.4201,1.4201,1.4201,1.4201,1.4201,1.4201,1.4201,1.4201,1.4201,1.4201,1.4201,1.4201,1.4201,1.4201,1.4201,1.4201,1.4201,1.4201
1.4187,1.4187,1.4187,1.4187,1.4187,1.4187,1.4187,1.4187,1.4187,1.4187,1.4187,1.4187,1.4187,1.4187,1.4187,1.4187,1.4187,1.4187,1.4187,1.4187,1.4187,1.4187,1.4187,1.4187,1.4187
1.4173,1.4173,1.4173,1.4173,1.4173,1.4173,1.4173,1.4173,1.4173,1.4173,1.4173,1.4173,0.9314,1.4173,1.4173,1.4173,1.4173,1.4173,1.4173,1.4173,1.4173,1.4173,1.4173,1.4173,1.4173
1.4159,1.4159,1.4159,1.4159,1.4159,1.4159,1.4159,1.4159,1.4159,1.4159,1.4159,1.4159,1.4159,1.4159,1.4159,1.4159,1.4159,1.4159,1.4159,1.4159,1.4159,1.4159,1.4159,1.4159,1.4159
1.4145,1.4145,1.4145,1.4145,1.4145,1.4145,1.4145,1.4145,1.4145,1.4145,1.4145,1.4145,1.4145,1.4145,1.4145,1.4145,1.4145,1.4145,1.4145,1.4145,1.4145,1.4145,1.4145,1.4145,1.4145
1.4131,1.4131,1.4131,1.4131,1.4131,1.4131,1.4131,1.4131,1.4131,1.4131,1.4131,1.4131,1.4131,1.4131,1.4131,1.4131,1.4131,1.4131,1.4131,1.4131,1.4131,1.4131,1.4131,1.4131,1.4131
1.4117,1.4117,1.4117,1.4117,1.4117,1.4117,1.4117,1.4117,1.4117,1.4117,1.4117,1.4117,1.4117,1.4117,1.4117,1.4117,1.4117,1.4117,1.4117,1.4117,1.4117,1.4117,1.4117,1.4117,1.4117
1.4103,1.4103,1.4103,1.4103,1.4103,1.4103,1.4103,1.4103,1.4103,1.4103,1.4103,1.4103,1.1759,1.4103,1.4103,1.4103,1.4103,1.4103,1.4103,1.4103,1.4103,1.4103,1.4103,1.4103,1.4103
1.4089,1.4089,1.4089,1.4089,1.4089,1.4089,1.4089,1.4089,1.4089,1.4089,1.4089,1.4089,1.4089,1.4089,1.4089,1.4089,1.4089,1.4089,1.4089,1.4089,1.4089,1.4089,1.4089,1.4089,1.4089
1.4076,1.4076,1.4076,1.4076,1.4076,1.4076,1.4076,1.4076,1.4076,1.4076,1.4076,1.4076,1.4076,1.4076,1.4076,1.4076,1.4076,1.4076,1.4076,1.4076,1.4076,1.4076,1.4076,1.4076,1.4076
1.4062,1.4062,1.4062,1.4062,1.4062,1.4062,1.4062,1.4062,1.4062,1.4062,1.4062,1.4062,1.4062,1.4062,1.4062,1.4062,1.4062,1.4062,1.4062,1.4062,1.4062,1.4062,1.4062,1.4062,1.4062
1.4048,1.4048,1.4048,1.4048,1.4048,1.4048,1.4048,1.4048,1.4048,1.4048,1.4048,1.4048,1.4048,1.4048,1.4048,1.4048,1.4048,1.4048,1.4048,1.4048,1.4048,1.4048,1.4048,1.4048,1.4048
1.4034,1.4034,1.4034,1.4034,1.4034,1.4034,1.4034,1.4034,1.4034,1.4034,1.4034,1.4034,1.4034,1.4034,1.4034,1.4034,1.4034,1.4034,1.4034,1.4034,1.4034,1.4034,1.4034,1.4034,1.4034
1.4021,1.4021,1.4021,1.4021,1.4021,1.4021,1.4021,1.4021,1.4021,1.4021,1.4021,1.4021,1.4021,1.4021,1.4021,1.4021,1.4021,1.4021,1.4021,1.4021,1.4021,1.4021,1.4021,1.4021,1.4021
1.4007,1.4007,1.4007,1.4007,1.4007,1.4007,1.4007,1.4007,1.4007,1.4007,1.4007,1.4007,1.4007,1.4007,1.4007,1.4007,1.4007,1.4007,1.4007,1.4007,1.4007,1.4007,1.4007,1.4007,1.4007
