1.6008,1.6008,1.6008,1.6008,1.6008,1.6008,1.6008,1.6008,1.6008,1.6008,1.6008,1.6008,1.6008,1.6008,1.6008,1.6008,1.6008,1.6008,1.6008,1.6008,1.6008,1.6008,1.6008,1.6008,1.6008,1.6008,1.6008
1.6023,1.6023,1.6023,1.6023,1.6023,1.6023,1.6023,1.6023,1.6023,1.6023,1.6023,1.6023,1.6023,1.6023,1.6023,1.6023,1.6023,1.6023,1.6023,1.6023,1.6023,1.6023,1.6023,1.6023,1.6023,1.6023,1.6023
1.6039,1.6039,1.6039,1.6039,1.6039,1.6039,1.6039,1.6039,1.6039,1.6039,1.6039,1.6039,1.6039,1.6039,1.6039,1.6039,1.6039,1.6039,1.6039,1.6039,1.6039,1.6039,1.6039,1.6039,1.6039,1.6039,1.6039
1.6055,1.6055,1.6055,1.6055,1.6055,1.6055,1.6055,1.6055,1.6055,1.6055,1.6055,1.6055,1.6055,1.6055,1.6055,1.6055,1.6055,1.6055,1.6055,1.6055,1.6055,1.6055,1.6055,1.6055,1.6055,1.6055,1.6055
1.6071,1.6071,1.6071,1.6071,1.6071,1.6071,1.6071,1.6071,1.6071,1.6071,1.6071,1.6071,1.6071,1.6071,1.6071,1.6071,1.6071,1.6071,1.6071,1.6071,1.6071,1.6071,1.6071,1.6071,1.6071,1.6071,1.6071
1.6086,1.6086,1.6086,1.6086,1.6086,1.6086,1.6086,1.6086,1.6086,1.6086,1.6086,1.6086,1.6086,1.6086,1.6086,1.6086,1.6086,1.6086,1.6086,1.6086,1.6086,1.6086,1.6086,1.6086,1.6086,1.6086,1.6086
1.6102,1.6102,1.6102,1.6102,1.6102,1.6102,1.6102,1.6102,1.6102,1.6102,1.6102,1.6102,1.6102,1.6102,1.6102,1.6102,1.6102,1.6102,1.6102,1.6102,1.6102,1.6102,1.6102,1.6102,1.6102,1.6102,1.6102
1.6118,1.6118,1.6118,1.6118,1.6118,1.6118,1.6118,1.6118,1.6118,1.6118,1.6118,1.6118,1.6118,1.6118,1.6118,1.6118,1.6118,1.6118,1.6118,1.6118,1.6118,1.6118,1.6118,1.6118,1.6118,1.6118,1.6118
1.6134,1.6134,1.6134,1.6134,1.6134,1.6134,1.6134,1.6134,1.6134,1.6134,1.6134,1.6134,1.6134,1.6134,1.6134,1.6134,1.6134,1.6134,1.6134,1.6134,1.6134,1.6134,1.6134,1.6134,1.6134,1.6134,1.6134
1.615,1.615,1.615,1.615,1.615,1.615,1.615,1.615,1.615,1.615,1.615,1.615,1.615,1.615,1.615,1.615,1.615,1.615,1.615,1.615,1.615,1.615,1.615,1.615,1.615,1.615,1.615
1.6166,1.6166,1.6166,1.6166,1.6166,1.6166,1.6166,1.6166,1.6166,1.6166,1.6166,1.6166,1.6166,1.6166,1.6166,1.6166,1.6166,1.6166,1.6166,1.6166,1.6166,1.6166,1.6166,1.6166,1.6166,1.6166,1.6166
1.6182,1.6182,1.6182,1.6182,1.6182,1.6182,1.6182,1.6182,1.6182,1.6182,1.6182,1.6182,1.6182,1.6182,1.6182,1.6182,1.6182,1.6182,1.6182,1.6182,1.6182,1.6182,1.6182,1.6182,1.6182,1.6182,1.6182
1.6198,1.6198,1.6198,1.6198,1.6198,1.6198,1.6198,1.6198,1.6198,1.6198,1.6198,1.6198,1.6198,1.6198,1.6198,1.6198,1.6198,1.6198,1.6198,1.6198,1.6198,1.6198,1.6198,1.6198,1.6198,1.6198,1.6198
1.6214,1.6214,1.6214,1.6214,1.6214,1.6214,1.6214,1.6214,1.6214,1.6214,1.6214,1.6214,1.6214,1.6214,1.6214,1.6214,1.6214,1.6214,1.6214,1.6214,1.6214,1.6214,1.6214,1.6214,1.6214,1.6214,1.6214
1.623,1.623,1.623,1.623,1.623,1.623,1.623,1.623,1.623,1.623,1.623,1.623,1.623,1.623,1.623,1.623,1.623,1.623,1.623,1.623,1.623,1.623,1.623,1.623,1.623,1.623,1.623
1.6246,1.6246,1.6246,1.6246,1.6246,1.6246,1.6246,1.6246,1.6246,1.6246,1.6246,1.6246,1.6246,1.6246,1.6246,1.6246,1.6246,1.6246,1.6246,1.6246,1.6246,1.6246,1.6246,1.6246,1.6246,1.6246,1.6246
1.6262,1.6262,1.6262,1.6262,1.6262,1.6262,1.6262,1.6262,1.6262,1.6262,1.6262,1.6262,1.6262,1.6262,1.6262,1.6262,1.6262,1.6262,1.6262,1.6262,1.6262,1.6262,1.6262,1.6262,1.6262,1.6262,1.6262
1.6278,1.6278,1.6278,1.6278,1.6278,1.6278,1.6278,1.6278,1.6278,1.6278,1.6278,1.6278,1.6278,1.6278,1.6278,1.6278,1.6278,1.6278,1.6278,1.6278,1.6278,1.6278,1.6278,1.6278,1.6278,1.6278,1.6278
1.6294,1.6294,1.6294,1.6294,1.6294,1.6294,1.6294,1.6294,1.6294,1.6294,1.6294,1.6294,1.6294,1.6294,1.6294,1.6294,1.6294,1.6294,1.6294,1.6294,1.6294,1.6294,1.6294,1.6294,1.6294,1.6294,1.6294
1.6311,1.6311,1.6311,1.6311,1.6311,1.6311,1.6311,1.6311,1.6311,1.6311,1.6311,1.6311,1.6311,1.6311,1.6311,1.6311,1.6311,1.6311,1.6311,1.6311,1.6311,1.6311,1.6311,1.6311,1.6311,1.6311,1.6311
1.6327,1.6327,1.6327,1.6327,1.6327,1.6327,1.6327,1.6327,1.6327,1.6327,1.6327,1.6327,1.6327,1.6327,1.6327,1.6327,1.6327,1.6327,1.6327,1.6327,1.6327,1.6327,1.6327,1.6327,1.6327,1.6327,1.6327
1.6343,1.6343,1.6343,1.6343,1.6343,1.6343,1.6343,1.6343,1.6343,1.6343,1.6343,1.6343,1.6343,1.6343,1.6343,1.6343,1.6343,1.6343,1.6343,1.6343,1.6343,1.6343,1.6343,1.6343,1.6343,1.6343,1.4082
1.6359,1.6359,1.6359,1.6359,1.6359,1.6359,1.6359,1.6359,1.6359,1.6359,1.6359,1.6359,1.6359,1.6359,1.6359,1.6359,1.6359,1.6359,1.6359,1.6359,1.6359,1.6359,1.6359,1.6359,1.6359,1.6359,1.6359
1.6376,1.6376,1.6376,1.6376,1.6376,1.6376,1.6376,1.6376,1.6376,1.6376,1.6376,1.6376,1.6376,1.6376,1.6376,1.6376,1.6376,1.6376,1.6376,1.6376,1.6376,1.6376,1.6376,1.6376,1.6376,1.6376,1.6376
1.6392,1.6392,1.6392,1.6392,1.6392,1.6392,1.6392,1.6392,1.6392,1.6392,1.6392,1.6392,1.6392,1.6392,1.6392,1.6392,1.6392,1.6392,1.6392,1.6392,1.6392,1.6392,1.6392,1.6392,1.6392,1.6392,1.6392
1.6409,1.6409,1.6409,1.6409,1.6409,1.6409,1.6409,1.6409,1.6409,1.6409,1.6409,1.6409,1.6409,1.6409,1.6409,1.6409,1.6409,1.6409,1.6409,1.6409,1.6409,1.6409,1.6409,1.6409,1.6409,1.6409,1.6409
1.6425,1.6425,1.6425,1.6425,1.6425,1.6425,1.6425,1.6425,1.6425,1.6425,1.6425,1.6425,1.6425,1.6425,1.6425,1.6425,1.6425,1.6425,1.6425,1.6425,1.6425,1.6425,1.6425,1.6425,1.6425,1.6425,1.3865
1.6442,1.6442,1.6442,1.6442,1.6442,1.6442,1.6442,1.6442,1.6442,1.6442,1.6442,1.6442,1.6442,1.6442,1.6442,1.6442,1.6442,1.6442,1.6442,1.6442,1.6442,1.6442,1.6442,1.6442,1.6442,1.6442,1.6442
1.6458,1.6458,1.6458,1.6458,1.6458,1.6458,1.6458,1.6458,1.6458,1.6458,1.6458,1.6458,1.6458,1.6458,1.6458,1.6458,1.6458,1.6458,1.6458,1.6458,1.6458,1.6458,1.6458,1.6458,1.6458,1.6458,1.6458
1.6475,1.6475,1.6475,1.6475,1.6475,1.6475,1.6475,1.6475,1.6475,1.6475,1.6475,1.6475,1.6475,1.6475,1.6475,1.6475,1.6475,1.6475,1.6475,1.6475,1.6475,1.6475,1.6475,1.6475,1.6475,1.6475,1.3486
1.6491,1.6491,1.6491,1.6491,1.6491,1.6491,1.6491,1.6491,1.6491,1.6491,1.6491,1.6491,1.6491,1.6491,1.6491,1.6491,1.6491,1.6491,1.6491,1.6491,1.6491,1.6491,1.6491,1.6491,1.6491,1.6491,1.6491
1.6508,1.6508,1.6508,1.6508,1.6508,1.6508,1.6508,1.6508,1.6508,1.6508,1.6508,1.6508,1.6508,1.6508,1.6508,1.6508,1.6508,1.6508,1.6508,1.6508,1.6508,1.6508,1.6508,1.6508,1.6508,1.6508,1.6508
1.6524,1.6524,1.6524,1.6524,1.6524,1.6524,1.6524,1.6524,1.6524,1.6524,1.6524,1.6524,1.6524,1.6524,1.6524,1.6524,1.6524,1.6524,1.6524,1.6524,1.6524,1.6524,1.6524,1.6524,1.6524,1.6524,1.6524
1.6541,1.6541,1.6541,1.6541,1.6541,1.6541,1.6541,1.6541,1.6541,1.6541,1.6541,1.6541,1.6541,1.6541,1.6541,1.6541,1.6541,1.6541,1.6541,1.6541,1.6541,1.6541,1.6541,1.6541,1.6541,1.6541,1.6541
1.6558,1.6558,1.6558,1.6558,1.6558,1.6558,1.6558,1.6558,1.6558,1.6558,1.6558,1.6558,1.6558,1.6558,1.6558,1.6558,1.6558,1.6558,1.6558,1.6558,1.6558,1.6558,1.6558,1.6558,1.6558,1.6227,1.109
1.6575,1.6575,1.6575,1.6575,1.6575,1.6575,1.6575,1.6575,1.6575,1.6575,1.6575,1.6575,1.6575,1.6575,1.6575,1.6575,1.6575,1.6575,1.6575,1.6575,1.6575,1.6575,1.6575,1.6575,1.6575,1.6575,1.6575
1.6591,1.6591,1.6591,1.6591,1.6591,1.6591,1.6591,1.6591,1.6591,1.6591,1.6591,1.6591,1.6591,1.6591,1.6591,1.6591,1.6591,1.6591,1.6591,1.6591,1.6591,1.6591,1.6591,1.6591,1.6591,1.6591,1.6591
1.6608,1.6608,1.6608,1.6608,1.6608,1.6608,1.6608,1.6608,1.6608,1.6608,1.6608,1.6608,1.6608,1.6608,1.6608,1.6608,1.6608,1.6608,1.6608,1.6608,1.6608,1.6608,1.6608,1.6608,1.6608,1.6608,1.579
1.6625,1.6625,1.6625,1.6625,1.6625,1.6625,1.6625,1.6625,1.6625,1.6625,1.6625,1.6625,1.6625,1.6625,1.6625,1.6625,1.6625,1.6625,1.6625,1.6625,1.6625,1.6625,1.6625,1.6625,1.6625,1.6625,1.6625
1.6642,1.6642,1.6642,1.6642,1.6642,1.6642,1.6642,1.6642,1.6642,1.6642,1.6642,1.6642,1.6642,1.6642,1.6642,1.6642,1.6642,1.6642,1.6642,1.6642,1.6642,1.6642,1.6642,1.6642,1.6642,1.6642,1.2984
1.6659,1.6659,1.6659,1.6659,1.6659,1.6659,1.6659,1.6659,1.6659,1.6659,1.6659,1.6659,1.6659,1.6659,1.6659,1.6659,1.6659,1.6659,1.6659,1.6659,1.6659,1.6659,1.6659,1.6659,1.6659,1.6659,1.6659
1.6676,1.6676,1.6676,1.6676,1.6676,1.6676,1.6676,1.6676,1.6676,1.6676,1.6676,1.6676,1.6676,1.6676,1.6676,1.6676,1.6676,1.6676,1.6676,1.6676,1.6676,1.6676,1.6676,1.6676,1.6676,1.6676,1.6676
1.6693,1.6693,1.6693,1.6693,1.6693,1.6693,1.6693,1.6693,1.6693,1.6693,1.6693,1.6693,1.6693,1.6693,1.6693,1.6693,1.6693,1.6693,1.6693,1.6693,1.6693,1.6693,1.6693,1.6693,1.6693,1.5138,1.0346
1.671,1.671,1.671,1.671,1.671,1.671,1.671,1.671,1.671,1.671,1.671,1.671,1.671,1.671,1.671,1.671,1.671,1.671,1.671,1.671,1.671,1.671,1.671,1.671,1.671,1.671,1.671
1.6727,1.6727,1.6727,1.6727,1.6727,1.6727,1.6727,1.6727,1.6727,1.6727,1.6727,1.6727,1.6727,1.6727,1.6727,1.6727,1.6727,1.6727,1.6727,1.6727,1.6727,1.6727,1.6727,1.6727,1.6727,1.6727,1.6727
1.6744,1.6744,1.6744,1.6744,1.6744,1.6744,1.6744,1.6744,1.6744,1.6744,1.6744,1.6744,1.6744,1.6744,1.6744,1.6744,1.6744,1.6744,1.6744,1.6744,1.6744,1.6744,1.6744,1.6744,1.6744,1.6744,1.6744
1.6761,1.6761,1.6761,1.6761,1.6761,1.6761,1.6761,1.6761,1.6761,1.6761,1.6761,1.6761,1.6761,1.6761,1.6761,1.6761,1.6761,1.6761,1.6761,1.6761,1.6761,1.6761,1.6761,1.6761,1.6761,1.6761,1.6761
1.6778,1.6778,1.6778,1.6778,1.6778,1.6778,1.6778,1.6778,1.6778,1.6778,1.6778,1.6778,1.6778,1.6778,1.6778,1.6778,1.6778,1.6778,1.6778,1.6778,1.6778,1.6778,1.6778,1.6778,1.6778,1.4469,0.9889
1.6795,1.6795,1.6795,1.6795,1.6795,1.6795,1.6795,1.6795,1.6795,1.6795,1.6795,1.6795,1.6795,1.6795,1.6795,1.6795,1.6795,1.6795,1.6795,1.6795,1.6795,1.6795,1.6795,1.6795,1.6795,1.6795,1.6795
1.6813,1.6813,1.6813,1.6813,1.6813,1.6813,1.6813,1.6813,1.6813,1.6813,1.6813,1.6813,1.6813,1.6813,1.6813,1.6813,1.6813,1.6813,1.6813,1.6813,1.6813,1.6813,1.6813,1.6813,1.6813,1.6813,1.6813
1.683,1.683,1.683,1.683,1.683,1.683,1.683,1.683,1.683,1.683,1.683,1.683,1.683,1.683,1.683,1.683,1.683,1.683,1.683,1.683,1.683,1.683,1.683,1.683,1.683,1.6461,1.1251
1.6847,1.6847,1.6847,1.6847,1.6847,1.6847,1.6847,1.6847,1.6847,1.6847,1.6847,1.6847,1.6847,1.6847,1.6847,1.6847,1.6847,1.6847,1.6847,1.6847,1.6847,1.6847,1.6847,1.6847,1.6847,1.6847,1.6847
1.6865,1.6865,1.6865,1.6865,1.6865,1.6865,1.6865,1.6865,1.6865,1.6865,1.6865,1.6865,1.6865,1.6865,1.6865,1.6865,1.6865,1.6865,1.6865,1.6865,1.6865,1.6865,1.6865,1.6865,1.6865,1.6865,1.3885
1.6882,1.6882,1.6882,1.6882,1.6882,1.6882,1.6882,1.6882,1.6882,1.6882,1.6882,1.6882,1.6882,1.6882,1.6882,1.6882,1.6882,1.6882,1.6882,1.6882,1.6882,1.6882,1.6882,1.6882,1.6882,1.6882,1.6882
1.6899,1.6899,1.6899,1.6899,1.6899,1.6899,1.6899,1.6899,1.6899,1.6899,1.6899,1.6899,1.6899,1.6899,1.6899,1.6899,1.6899,1.6899,1.6899,1.6899,1.6899,1.6899,1.6899,1.6899,1.6899,1.6899,1.6899
1.6917,1.6917,1.6917,1.6917,1.6917,1.6917,1.6917,1.6917,1.6917,1.6917,1.6917,1.6917,1.6917,1.6917,1.6917,1.6917,1.6917,1.6917,1.6917,1.6917,1.6917,1.6917,1.6917,1.6917,1.6897,1.2834,0.8771
1.6934,1.6934,1.6934,1.6934,1.6934,1.6934,1.6934,1.6934,1.6934,1.6934,1.6934,1.6934,1.6934,1.6934,1.6934,1.6934,1.6934,1.6934,1.6934,1.6934,1.6934,1.6934,1.6934,1.6934,1.6934,1.6934,1.6934
1.6952,1.6952,1.6952,1.6952,1.6952,1.6952,1.6952,1.6952,1.6952,1.6952,1.6952,1.6952,1.6952,1.6952,1.6952,1.6952,1.6952,1.6952,1.6952,1.6952,1.6952,1.6952,1.6952,1.6952,1.6952,1.6952,1.6952
1.6969,1.6969,1.6969,1.6969,1.6969,1.6969,1.6969,1.6969,1.6969,1.6969,1.6969,1.6969,1.6969,1.6969,1.6969,1.6969,1.6969,1.6969,1.6969,1.6969,1.6969,1.6969,1.6969,1.6969,1.6969,1.6969,1.5057
1.6987,1.6987,1.6987,1.6987,1.6987,1.6987,1.6987,1.6987,1.6987,1.6987,1.6987,1.6987,1.6987,1.6987,1.6987,1.6987,1.6987,1.6987,1.6987,1.6987,1.6987,1.6987,1.6987,1.6987,1.6987,1.6987,1.6987
1.7005,1.7005,1.7005,1.7005,1.7005,1.7005,1.7005,1.7005,1.7005,1.7005,1.7005,1.7005,1.7005,1.7005,1.7005,1.7005,1.7005,1.7005,1.7005,1.7005,1.7005,1.7005,1.7005,1.7005,1.7005,1.4127,0.9655
1.7022,1.7022,1.7022,1.7022,1.7022,1.7022,1.7022,1.7022,1.7022,1.7022,1.7022,1.7022,1.7022,1.7022,1.7022,1.7022,1.7022,1.7022,1.7022,1.7022,1.7022,1.7022,1.7022,1.7022,1.7022,1.7022,1.7022
1.704,1.704,1.704,1.704,1.704,1.704,1.704,1.704,1.704,1.704,1.704,1.704,1.704,1.704,1.704,1.704,1.704,1.704,1.704,1.704,1.704,1.704,1.704,1.704,1.704,1.704,1.704
1.7058,1.7058,1.7058,1.7058,1.7058,1.7058,1.7058,1.7058,1.7058,1.7058,1.7058,1.7058,1.7058,1.7058,1.7058,1.7058,1.7058,1.7058,1.7058,1.7058,1.7058,1.7058,1.7058,1.7058,1.7058,1.3043,0.8914
1.7076,1.7076,1.7076,1.7076,1.7076,1.7076,1.7076,1.7076,1.7076,1.7076,1.7076,1.7076,1.7076,1.7076,1.7076,1.7076,1.7076,1.7076,1.7076,1.7076,1.7076,1.7076,1.7076,1.7076,1.7076,1.7076,1.7076
1.7093,1.7093,1.7093,1.7093,1.7093,1.7093,1.7093,1.7093,1.7093,1.7093,1.7093,1.7093,1.7093,1.7093,1.7093,1.7093,1.7093,1.7093,1.7093,1.7093,1.7093,1.7093,1.7093,1.7093,1.7093,1.7093,1.7093
1.7111,1.7111,1.7111,1.7111,1.7111,1.7111,1.7111,1.7111,1.7111,1.7111,1.7111,1.7111,1.7111,1.7111,1.7111,1.7111,1.7111,1.7111,1.7111,1.7111,1.7111,1.7111,1.7111,1.7111,1.7111,1.7111,1.7111
1.7129,1.7129,1.7129,1.7129,1.7129,1.7129,1.7129,1.7129,1.7129,1.7129,1.7129,1.7129,1.7129,1.7129,1.7129,1.7129,1.7129,1.7129,1.7129,1.7129,1.7129,1.7129,1.7129,1.7129,1.7129,1.7129,1.7129
1.7147,1.7147,1.7147,1.7147,1.7147,1.7147,1.7147,1.7147,1.7147,1.7147,1.7147,1.7147,1.7147,1.7147,1.7147,1.7147,1.7147,1.7147,1.7147,1.7147,1.7147,1.7147,1.7147,1.7147,1.545,1.1735,0.802
1.7165,1.7165,1.7165,1.7165,1.7165,1.7165,1.7165,1.7165,1.7165,1.7165,1.7165,1.7165,1.7165,1.7165,1.7165,1.7165,1.7165,1.7165,1.7165,1.7165,1.7165,1.7165,1.7165,1.7165,1.7165,1.7165,1.7165
1.7183,1.7183,1.7183,1.7183,1.7183,1.7183,1.7183,1.7183,1.7183,1.7183,1.7183,1.7183,1.7183,1.7183,1.7183,1.7183,1.7183,1.7183,1.7183,1.7183,1.7183,1.7183,1.7183,1.7183,1.7183,1.7183,1.7183
1.7201,1.7201,1.7201,1.7201,1.7201,1.7201,1.7201,1.7201,1.7201,1.7201,1.7201,1.7201,1.7201,1.7201,1.7201,1.7201,1.7201,1.7201,1.7201,1.7201,1.7201,1.7201,1.7201,1.7201,1.7201,1.5516,1.0604
1.7219,1.7219,1.7219,1.7219,1.7219,1.7219,1.7219,1.7219,1.7219,1.7219,1.7219,1.7219,1.7219,1.7219,1.7219,1.7219,1.7219,1.7219,1.7219,1.7219,1.7219,1.7219,1.7219,1.7219,1.7219,1.7219,1.7219
1.7237,1.7237,1.7237,1.7237,1.7237,1.7237,1.7237,1.7237,1.7237,1.7237,1.7237,1.7237,1.7237,1.7237,1.7237,1.7237,1.7237,1.7237,1.7237,1.7237,1.7237,1.7237,1.7237,1.7237,1.7237,1.504,1.0279
1.7255,1.7255,1.7255,1.7255,1.7255,1.7255,1.7255,1.7255,1.7255,1.7255,1.7255,1.7255,1.7255,1.7255,1.7255,1.7255,1.7255,1.7255,1.7255,1.7255,1.7255,1.7255,1.7255,1.7255,1.7255,1.7255,1.7255
1.7274,1.7274,1.7274,1.7274,1.7274,1.7274,1.7274,1.7274,1.7274,1.7274,1.7274,1.7274,1.7274,1.7274,1.7274,1.7274,1.7274,1.7274,1.7274,1.7274,1.7274,1.7274,1.7274,1.7274,1.7274,1.7274,1.7274
1.7292,1.7292,1.7292,1.7292,1.7292,1.7292,1.7292,1.7292,1.7292,1.7292,1.7292,1.7292,1.7292,1.7292,1.7292,1.7292,1.7292,1.7292,1.7292,1.7292,1.7292,1.7292,1.7292,1.7292,1.47,1.1165,0.7631
1.731,1.731,1.731,1.731,1.731,1.731,1.731,1.731,1.731,1.731,1.731,1.731,1.731,1.731,1.731,1.731,1.731,1.731,1.731,1.731,1.731,1.731,1.731,1.731,1.731,1.731,1.731
1.7328,1.7328,1.7328,1.7328,1.7328,1.7328,1.7328,1.7328,1.7328,1.7328,1.7328,1.7328,1.7328,1.7328,1.7328,1.7328,1.7328,1.7328,1.7328,1.7328,1.7328,1.7328,1.7328,1.7328,1.7328,1.7328,1.7328
1.7347,1.7347,1.7347,1.7347,1.7347,1.7347,1.7347,1.7347,1.7347,1.7347,1.7347,1.7347,1.7347,1.7347,1.7347,1.7347,1.7347,1.7347,1.7347,1.7347,1.7347,1.7347,1.7347,1.7347,1.7347,1.7347,1.6283
1.7365,1.7365,1.7365,1.7365,1.7365,1.7365,1.7365,1.7365,1.7365,1.7365,1.7365,1.7365,1.7365,1.7365,1.6779,1.7365,1.7365,1.7365,1.7365,1.7365,1.7365,1.7365,1.7365,1.7365,1.7365,1.7365,1.7365
1.7384,1.7384,1.7384,1.7384,1.7384,1.7384,1.7384,1.7384,1.7384,1.7384,1.7384,1.7384,1.7384,1.7384,1.7384,1.7384,1.7384,1.7384,1.7384,1.7384,1.7384,1.7384,1.7384,1.7384,1.5104,1.1472,0.7841
1.7402,1.7402,1.7402,1.7402,1.7402,1.7402,1.7402,1.7402,1.7402,1.7402,1.7402,1.7402,1.7402,1.7402,1.7402,1.7402,1.7402,1.7402,1.7402,1.7402,1.7402,1.7402,1.7402,1.7402,1.7402,1.7402,1.7402
1.7421,1.7421,1.7421,1.7421,1.7421,1.7421,1.7421,1.7421,1.7421,1.7421,1.7421,1.7421,1.7421,1.7421,1.7421,1.7421,1.7421,1.7421,1.7421,1.7421,1.7421,1.7421,1.7421,1.7421,1.7421,1.7421,1.7421
1.7439,1.7439,1.7439,1.7439,1.7439,1.7439,1.7439,1.7439,1.7439,1.7439,1.7439,1.7439,1.7439,1.7439,1.7439,1.7439,1.7439,1.7439,1.7439,1.7439,1.7439,1.7439,1.7439,1.7439,1.6014,1.2163,0.8313
1.7458,1.7458,1.7458,1.7458,1.7458,1.7458,1.7458,1.7458,1.7458,1.7458,1.7458,1.7458,1.7458,1.7458,1.7458,1.7458,1.7458,1.7458,1.7458,1.7458,1.7458,1.7458,1.7458,1.7458,1.7458,1.7458,1.7458
1.7476,1.7476,1.7476,1.7476,1.7476,1.7476,1.7476,1.7476,1.7476,1.7476,1.7476,1.7476,1.7476,1.7476,1.7476,1.7476,1.7476,1.7476,1.7476,1.7476,1.7476,1.7476,1.7476,1.7476,1.7476,1.7476,1.2129
1.7495,1.7495,1.7495,1.7495,1.7495,1.7495,1.7495,1.7495,1.7495,1.7495,1.7495,1.7495,1.7495,1.7495,1.7495,1.7495,1.7495,1.7495,1.7495,1.7495,1.7495,1.7495,1.7495,1.7495,1.7495,1.7495,1.7495
1.7514,1.7514,1.7514,1.7514,1.7514,1.7514,1.7514,1.7514,1.7514,1.7514,1.7514,1.7514,1.7514,1.7514,1.7514,1.7514,1.7514,1.7514,1.7514,1.7514,1.7514,1.7514,1.7514,1.7514,1.7514,1.7514,1.7514
1.7532,1.7532,1.7532,1.7532,1.7532,1.7532,1.7532,1.7532,1.7532,1.7532,1.7532,1.7532,1.7532,1.7532,1.7532,1.7532,1.7532,1.7532,1.7532,1.7532,1.7532,1.7532,1.7532,1.6634,1.341,1.0186,0.6961
1.7551,1.7551,1.7551,1.7551,1.7551,1.7551,1.7551,1.7551,1.7551,1.7551,1.7551,1.7551,1.7551,1.7551,1.7551,1.7551,1.7551,1.7551,1.7551,1.7551,1.7551,1.7551,1.7551,1.7551,1.7551,1.7551,1.7551
1.757,1.757,1.757,1.757,1.757,1.757,1.757,1.757,1.757,1.757,1.757,1.757,1.757,1.757,1.757,1.757,1.757,1.757,1.757,1.757,1.757,1.757,1.757,1.757,1.757,1.757,1.757
1.7589,1.7589,1.7589,1.7589,1.7589,1.7589,1.7589,1.7589,1.7589,1.7589,1.7589,1.7589,1.7589,1.7589,1.7589,1.7589,1.7589,1.7589,1.7589,1.7589,1.7589,1.7589,1.7589,1.7589,1.7589,1.5827,1.0817
1.7608,1.7608,1.7608,1.7608,1.7608,1.7608,1.7608,1.7608,1.7608,1.7608,1.7608,1.7608,1.7608,1.7608,1.7608,1.7608,1.7608,1.7608,1.7608,1.7608,1.7608,1.7608,1.7608,1.7608,1.7608,1.7608,1.7608
1.7627,1.7627,1.7627,1.7627,1.7627,1.7627,1.7627,1.7627,1.7627,1.7627,1.7627,1.7627,1.7627,1.7627,1.7627,1.7627,1.7627,1.7627,1.7627,1.7627,1.7627,1.7627,1.7627,1.7627,1.5804,1.2004,0.8204
1.7646,1.7646,1.7646,1.7646,1.7646,1.7646,1.7646,1.7646,1.7646,1.7646,1.7646,1.7646,1.7646,1.7646,1.7646,1.7646,1.7646,1.7646,1.7646,1.7646,1.7646,1.7646,1.7646,1.7646,1.7646,1.7646,1.7646
1.7665,1.7665,1.7665,1.7665,1.7665,1.7665,1.7665,1.7665,1.7665,1.7665,1.7665,1.7665,1.7665,1.7665,1.7665,1.7665,1.7665,1.7665,1.7665,1.7665,1.7665,1.7665,1.7665,1.7665,1.7665,1.7665,1.7665
1.7684,1.7684,1.7684,1.7684,1.7684,1.7684,1.7684,1.7684,1.7684,1.7684,1.7684,1.7684,1.7684,1.7684,1.7684,1.7684,1.7684,1.7684,1.7684,1.7684,1.7684,1.7684,1.7684,1.6807,1.3549,1.0292,0.7034
1.7703,1.7703,1.7703,1.7703,1.7703,1.7703,1.7703,1.7703,1.7703,1.7703,1.7703,1.7703,1.7703,1.6055,1.7703,1.7703,1.7703,1.7703,1.7703,1.7703,1.7703,1.7703,1.7703,1.7703,1.7703,1.7703,1.7703
1.7722,1.7722,1.7722,1.7722,1.7722,1.7722,1.7722,1.7722,1.7722,1.7722,1.7722,1.7722,1.7722,1.7722,1.7722,1.7722,1.7722,1.7722,1.7722,1.7722,1.7722,1.7722,1.7722,1.7722,1.7722,1.7722,1.6747
1.7741,1.7741,1.7741,1.7741,1.7741,1.7741,1.7741,1.7741,1.7741,1.7741,1.7741,1.7741,1.7741,1.7741,1.7741,1.7741,1.7741,1.7741,1.7741,1.7741,1.7741,1.7741,1.7741,1.7741,1.7741,1.7741,1.7741
1.776,1.776,1.776,1.776,1.776,1.776,1.776,1.776,1.776,1.776,1.776,1.776,1.776,1.776,1.776,1.776,1.776,1.776,1.776,1.776,1.776,1.776,1.776,1.776,1.776,1.776,1.776
1.778,1.778,1.778,1.778,1.778,1.778,1.778,1.778,1.778,1.778,1.778,1.778,1.778,1.778,1.778,1.778,1.778,1.778,1.778,1.778,1.778,1.778,1.778,1.6079,1.2963,0.9846,0.6729
1.7799,1.7799,1.7799,1.7799,1.7799,1.7799,1.7799,1.7799,1.7799,1.7799,1.7799,1.7799,1.7799,1.7799,1.7799,1.7799,1.7799,1.7799,1.7799,1.7799,1.7799,1.7799,1.7799,1.7799,1.7799,1.7799,1.7799
1.7818,1.7818,1.7818,1.7818,1.7818,1.7818,1.7818,1.7818,1.7818,1.7818,1.7818,1.7818,1.7818,1.7818,1.7818,1.7818,1.7818,1.7818,1.7818,1.7818,1.7818,1.7818,1.7818,1.7818,1.7818,1.7818,1.7818
1.7838,1.7838,1.7838,1.7838,1.7838,1.7838,1.7838,1.7838,1.7838,1.7838,1.7838,1.7838,1.7838,1.7838,1.7838,1.7838,1.7838,1.7838,1.7838,1.7838,1.7838,1.7838,1.7838,1.7838,1.5798,1.2,0.8201
1.7857,1.7857,1.7857,1.7857,1.7857,1.7857,1.7857,1.7857,1.7857,1.7857,1.7857,1.7857,1.7857,1.7857,1.7857,1.7857,1.7857,1.7857,1.7857,1.7857,1.7857,1.7857,1.7857,1.7857,1.7857,1.7857,1.7857
1.7877,1.7877,1.7877,1.7877,1.7877,1.7877,1.7877,1.7877,1.7877,1.7877,1.7877,1.7877,1.7877,1.7877,1.7877,1.7877,1.7877,1.7877,1.7877,1.7877,1.7877,1.7877,1.7877,1.7877,1.7877,1.36,0.9295
1.7896,1.7896,1.7896,1.7896,1.7896,1.7896,1.7896,1.7896,1.7896,1.7896,1.7896,1.7896,1.7896,1.7896,1.7896,1.7896,1.7896,1.7896,1.7896,1.7896,1.7896,1.7896,1.7896,1.7896,1.7896,1.7896,1.7896
1.7916,1.7916,1.7916,1.7916,1.7916,1.7916,1.7916,1.7916,1.7916,1.7916,1.7916,1.7916,1.7916,1.7916,1.7916,1.7916,1.7916,1.7916,1.7916,1.7916,1.7916,1.7916,1.7916,1.7916,1.7916,1.7916,1.7916
1.7935,1.7935,1.7935,1.7935,1.7935,1.7935,1.7935,1.7935,1.7935,1.7935,1.7935,1.7935,1.7935,1.7935,1.7935,1.7935,1.7935,1.7935,1.7935,1.7935,1.7935,1.7935,1.7935,1.5122,1.2191,0.926,0.6329
1.7955,1.7955,1.7955,1.7955,1.7955,1.7955,1.7955,1.7955,1.7955,1.7955,1.7955,1.7955,1.7955,1.7955,1.7955,1.7955,1.7955,1.7955,1.7955,1.7955,1.7955,1.7955,1.7955,1.7955,1.7955,1.7955,1.7955
1.7975,1.7975,1.7975,1.7975,1.7975,1.7975,1.7975,1.7975,1.7975,1.7975,1.7975,1.7975,1.7975,1.7975,1.7975,1.7975,1.7975,1.7975,1.7975,1.7975,1.7975,1.7975,1.7975,1.7975,1.7975,1.7975,1.7975
1.7995,1.7995,1.7995,1.7995,1.7995,1.7995,1.7995,1.7995,1.7995,1.7995,1.7995,1.7995,1.7995,1.7995,1.7995,1.7995,1.7995,1.7995,1.7995,1.7995,1.7995,1.7995,1.7995,1.7995,1.7995,1.7348,1.1857
1.8014,1.8014,1.8014,1.8014,1.8014,1.8014,1.8014,1.8014,1.8014,1.8014,1.8014,1.8014,1.8014,1.8014,1.381,1.8014,1.8014,1.8014,1.8014,1.8014,1.8014,1.8014,1.8014,1.8014,1.8014,1.8014,1.8014
1.8034,1.8034,1.8034,1.8034,1.8034,1.8034,1.8034,1.8034,1.8034,1.8034,1.8034,1.8034,1.8034,1.8034,1.8034,1.8034,1.8034,1.8034,1.8034,1.8034,1.8034,1.8034,1.8034,1.6478,1.3284,1.009,0.6896
1.8054,1.8054,1.8054,1.8054,1.8054,1.8054,1.8054,1.8054,1.8054,1.8054,1.8054,1.8054,1.8054,1.8054,1.8054,1.8054,1.8054,1.8054,1.8054,1.8054,1.8054,1.8054,1.8054,1.8054,1.8054,1.8054,1.8054
1.8074,1.8074,1.8074,1.8074,1.8074,1.8074,1.8074,1.8074,1.8074,1.8074,1.8074,1.8074,1.8074,1.8074,1.8074,1.8074,1.8074,1.8074,1.8074,1.8074,1.8074,1.8074,1.8074,1.8074,1.8074,1.8074,1.8074
1.8094,1.8094,1.8094,1.8094,1.8094,1.8094,1.8094,1.8094,1.8094,1.8094,1.8094,1.8094,1.8094,1.8094,1.8094,1.8094,1.8094,1.8094,1.8094,1.8094,1.8094,1.8094,1.8094,1.6184,1.3047,0.991,0.6773
1.8114,1.8114,1.8114,1.8114,1.8114,1.8114,1.8114,1.8114,1.8114,1.8114,1.8114,1.8114,1.8114,1.8114,1.8114,1.8114,1.8114,1.8114,1.8114,1.8114,1.8114,1.8114,1.8114,1.8114,1.8114,1.8114,1.8114
1.8134,1.8134,1.8134,1.8134,1.8134,1.8134,1.8134,1.8134,1.8134,1.8134,1.8134,1.8134,1.8134,1.8134,1.8134,1.8134,1.8134,1.8134,1.8134,1.8134,1.8134,1.8134,1.8134,1.8134,1.8134,1.7206,1.1759
1.8154,1.8154,1.8154,1.8154,1.8154,1.8154,1.8154,1.8154,1.8154,1.8154,1.8154,1.8154,1.8154,1.8154,1.8154,1.8154,1.8154,1.8154,1.8154,1.8154,1.8154,1.8154,1.8154,1.8154,1.8154,1.8154,1.8154
1.8174,1.8174,1.8174,1.8174,1.8174,1.8174,1.8174,1.8174,1.8174,1.8174,1.8174,1.8174,1.8174,1.8174,1.8174,1.8174,1.8174,1.8174,1.8174,1.8174,1.8174,1.8174,1.8174,1.8174,1.8174,1.8174,1.8174
1.8194,1.8194,1.8194,1.8194,1.8194,1.8194,1.8194,1.8194,1.8194,1.8194,1.8194,1.8194,1.8194,1.8194,1.8194,1.8194,1.8194,1.8194,1.8194,1.8194,1.8194,1.8194,1.7157,1.4371,1.1586,0.88,0.6014
1.8215,1.8215,1.8215,1.8215,1.8215,1.8215,1.8215,1.8215,1.8215,1.8215,1.8215,1.8215,1.8215,1.8215,1.8215,1.8215,1.8215,1.8215,1.8215,1.8215,1.8215,1.8215,1.8215,1.8215,1.8215,1.8215,1.8215
1.8235,1.8235,1.8235,1.8235,1.8235,1.8235,1.8235,1.8235,1.8235,1.8235,1.8235,1.8235,1.8235,1.8235,1.8235,1.8235,1.8235,1.8235,1.8235,1.8235,1.8235,1.8235,1.8235,1.8235,1.8235,1.8235,1.8235
1.8255,1.8255,1.8255,1.8255,1.8255,1.8255,1.8255,1.8255,1.8255,1.8255,1.8255,1.8255,1.8255,1.8255,1.8255,1.8255,1.8255,1.8255,1.8255,1.8255,1.8255,1.8255,1.8255,1.8255,1.6378,1.244,0.8502
1.8276,1.8276,1.8276,1.8276,1.8276,1.8276,1.8276,1.8276,1.8276,1.8276,1.8276,1.8276,1.8276,1.8276,1.8276,1.8276,1.8276,1.8276,1.8276,1.8276,1.8276,1.8276,1.8276,1.8276,1.8276,1.8276,1.8276
1.8296,1.8296,1.8296,1.8296,1.8296,1.8296,1.8296,1.8296,1.8296,1.8296,1.8296,1.8296,1.8296,1.8296,1.8296,1.8296,1.8296,1.8296,1.8296,1.8296,1.8296,1.8296,1.8296,1.8036,1.454,1.1044,0.7548
1.8316,1.8316,1.8316,1.8316,1.8316,1.8316,1.8316,1.8316,1.8316,1.8316,1.8316,1.8316,1.8316,1.8316,1.8316,1.8316,1.8316,1.8316,1.8316,1.8316,1.8316,1.8316,1.8316,1.8316,1.8316,1.8316,1.8316
1.8337,1.8337,1.8337,1.8337,1.8337,1.8337,1.8337,1.8337,1.8337,1.8337,1.8337,1.8337,1.8337,1.8337,1.8337,1.8337,1.8337,1.8337,1.8337,1.8337,1.8337,1.8337,1.8337,1.8337,1.8337,1.8337,1.8337
1.8357,1.8357,1.8357,1.8357,1.8357,1.8357,1.8357,1.8357,1.8357,1.8357,1.8357,1.8357,1.8357,1.8357,1.8357,1.8357,1.8357,1.8357,1.8357,1.8357,1.8357,1.8357,1.7024,1.426,1.1496,0.8732,0.5968
1.8378,1.8378,1.8378,1.8378,1.8378,1.8378,1.8378,1.8378,1.8378,1.8378,1.8378,1.8378,1.8378,1.4556,1.8378,1.8378,1.8378,1.8378,1.8378,1.8378,1.8378,1.8378,1.8378,1.8378,1.8378,1.8378,1.8378
1.8399,1.8399,1.8399,1.8399,1.8399,1.8399,1.8399,1.8399,1.8399,1.8399,1.8399,1.8399,1.8399,1.8399,1.8399,1.8399,1.8399,1.8399,1.8399,1.8399,1.8399,1.8399,1.8399,1.8399,1.8399,1.8399,1.8129
1.8419,1.8419,1.8419,1.8419,1.8419,1.8419,1.8419,1.8419,1.8419,1.8419,1.8419,1.8419,1.8419,1.8419,1.8419,1.8419,1.8419,1.8419,1.8419,1.8419,1.8419,1.8419,1.8419,1.8419,1.8419,1.8419,1.414
1.844,1.844,1.844,1.844,1.844,1.844,1.844,1.844,1.844,1.844,1.844,1.844,1.844,1.844,1.844,1.844,1.844,1.844,1.844,1.844,1.844,1.844,1.844,1.844,1.844,1.844,1.844
1.8461,1.8461,1.8461,1.8461,1.8461,1.8461,1.8461,1.8461,1.8461,1.8461,1.8461,1.8461,1.8461,1.8461,1.8461,1.8461,1.8461,1.8461,1.8461,1.8461,1.8461,1.8461,1.72,1.4407,1.1615,0.8822,0.603
1.8482,1.8482,1.8482,1.8482,1.8482,1.8482,1.8482,1.8482,1.8482,1.8482,1.8482,1.8482,1.8482,1.8482,1.8482,1.8482,1.8482,1.8482,1.8482,1.8482,1.8482,1.8482,1.8482,1.8482,1.8482,1.8482,1.8482
1.8503,1.8503,1.8503,1.8503,1.8503,1.8503,1.8503,1.8503,1.8503,1.8503,1.8503,1.8503,1.8503,1.8503,1.8503,1.8503,1.8503,1.8503,1.8503,1.8503,1.8503,1.8503,1.8503,1.8503,1.8503,1.8503,1.8503
1.8523,1.8523,1.8523,1.8523,1.8523,1.8523,1.8523,1.8523,1.8523,1.8523,1.8523,1.8523,1.8523,1.8523,1.8523,1.8523,1.8523,1.8523,1.8523,1.8523,1.8523,1.8523,1.8523,1.6192,1.3054,0.9915,0.6777
1.8544,1.8544,1.8544,1.8544,1.8544,1.8544,1.8544,1.8544,1.8544,1.8544,1.8544,1.8544,1.8544,1.8544,1.8544,1.8544,1.8544,1.8544,1.8544,1.8544,1.8544,1.8544,1.8544,1.8544,1.8544,1.8544,1.8544
1.8565,1.8565,1.8565,1.8565,1.8565,1.8565,1.8565,1.8565,1.8565,1.8565,1.8565,1.8565,1.8565,1.8565,1.8565,1.8565,1.8565,1.8565,1.8565,1.8565,1.8565,1.8565,1.8565,1.8565,1.7319,1.3155,0.8991
1.8587,1.8587,1.8587,1.8587,1.8587,1.8587,1.8587,1.8587,1.8587,1.8587,1.8587,1.8587,1.8587,1.8587,1.8587,1.8587,1.8587,1.8587,1.8587,1.8587,1.8587,1.8587,1.8587,1.8587,1.8587,1.8587,1.8587
1.8608,1.8608,1.8608,1.8608,1.8608,1.8608,1.8608,1.8608,1.8608,1.8608,1.8608,1.8608,1.8608,1.8608,1.8608,1.8096,1.8608,1.8608,1.8608,1.8608,1.8608,1.8608,1.8608,1.8608,1.8608,1.8608,1.8608
1.8629,1.8629,1.8629,1.8629,1.8629,1.8629,1.8629,1.8629,1.8629,1.8629,1.8629,1.8629,1.8629,1.8629,1.8629,1.8629,1.8629,1.8629,1.8629,1.8629,1.8629,1.8421,1.5848,1.3275,1.0702,0.8129,0.5556
1.865,1.865,1.865,1.865,1.865,1.865,1.865,1.865,1.865,1.865,1.865,1.865,1.865,1.865,1.865,1.865,1.865,1.865,1.865,1.865,1.865,1.865,1.865,1.865,1.865,1.865,1.865
1.8671,1.8671,1.8671,1.8671,1.8671,1.8671,1.8671,1.8671,1.8671,1.8671,1.8671,1.8671,1.8671,1.8671,1.8671,1.8671,1.8671,1.8671,1.8671,1.8671,1.8671,1.8671,1.8671,1.8671,1.8671,1.8671,1.8671
1.8693,1.8693,1.8693,1.8693,1.8693,1.8693,1.8693,1.8693,1.8693,1.8693,1.8693,1.8693,1.8693,1.8693,1.8693,1.8693,1.8693,1.8693,1.8693,1.8693,1.8693,1.8693,1.8693,1.8693,1.7878,1.3579,0.9281
1.8714,1.8714,1.8714,1.8714,1.8714,1.8714,1.8714,1.8714,1.8714,1.8714,1.8714,1.8714,1.8714,1.8714,1.3765,1.8714,1.8714,1.8714,1.8714,1.8714,1.8714,1.8714,1.8714,1.8714,1.8714,1.8714,1.8714
1.8735,1.8735,1.8735,1.8735,1.8735,1.8735,1.8735,1.8735,1.8735,1.8735,1.8735,1.8735,1.8735,1.8735,1.8735,1.8735,1.8735,1.8735,1.8735,1.8735,1.8735,1.8735,1.8263,1.5298,1.2333,0.9367,0.6402
1.8757,1.8757,1.8757,1.8757,1.8757,1.8757,1.8757,1.8757,1.8757,1.8757,1.8757,1.8757,1.8757,1.8757,1.8757,1.8757,1.8757,1.8757,1.8757,1.8757,1.8757,1.8757,1.8757,1.8757,1.8757,1.8757,1.8757
1.8778,1.8778,1.8778,1.8778,1.8778,1.8778,1.8778,1.8778,1.8778,1.8778,1.8778,1.8778,1.8778,1.8778,1.8778,1.8778,1.8778,1.8778,1.8778,1.8778,1.8778,1.8778,1.8778,1.8778,1.8778,1.8778,1.8778
1.88,1.88,1.88,1.88,1.88,1.88,1.88,1.88,1.88,1.88,1.88,1.88,1.88,1.88,1.88,1.88,1.88,1.88,1.88,1.88,1.88,1.88,1.6576,1.3884,1.1193,0.8502,0.5811
1.8821,1.8821,1.8821,1.8821,1.8821,1.8821,1.8821,1.8821,1.8821,1.8821,1.8821,1.8821,1.8821,1.3672,1.8821,1.8821,1.8821,1.8821,1.8821,1.8821,1.8821,1.8821,1.8821,1.8821,1.8821,1.8821,1.8821
1.8843,1.8843,1.8843,1.8843,1.8843,1.8843,1.8843,1.8843,1.8843,1.8843,1.8843,1.8843,1.8843,1.8843,1.8843,1.8843,1.8843,1.8843,1.8843,1.8843,1.8843,1.8843,1.8843,1.8843,1.8843,1.7851,1.2201
1.8865,1.8865,1.8865,1.8865,1.8865,1.8865,1.8865,1.8865,1.8865,1.8865,1.8865,1.8865,1.8865,1.8865,1.8865,1.8865,1.8865,1.8865,1.8865,1.8865,1.8865,1.8865,1.8865,1.8865,1.8865,1.8865,1.8865
1.8886,1.8886,1.8886,1.8886,1.8886,1.8886,1.8886,1.8886,1.8886,1.8886,1.8886,1.8886,1.8886,1.8886,1.8886,1.8886,1.8886,1.8886,1.8886,1.8886,1.8886,1.8886,1.8886,1.8886,1.8886,1.8886,1.8886
1.8908,1.8908,1.8908,1.8908,1.8908,1.8908,1.8908,1.8908,1.8908,1.8908,1.8908,1.8908,1.8908,1.8908,1.8908,1.8908,1.8908,1.8908,1.8908,1.8908,1.8908,1.805,1.5529,1.3008,1.0486,0.7965,0.5444
1.893,1.893,1.893,1.893,1.893,1.893,1.893,1.893,1.893,1.893,1.893,1.893,1.893,1.893,1.893,1.893,1.893,1.893,1.893,1.893,1.893,1.893,1.893,1.893,1.893,1.893,1.893
1.8952,1.8952,1.8952,1.8952,1.8952,1.8952,1.8952,1.8952,1.8952,1.8952,1.8952,1.8952,1.8952,1.8952,1.8952,1.8952,1.8952,1.8952,1.8952,1.8952,1.8952,1.8952,1.8952,1.8952,1.8952,1.8952,1.8952
1.8974,1.8974,1.8974,1.8974,1.8974,1.8974,1.8974,1.8974,1.8974,1.8974,1.8974,1.8974,1.8974,1.8974,1.8974,1.8974,1.8974,1.8974,1.8974,1.8974,1.8974,1.8974,1.8974,1.6819,1.3559,1.0299,0.7039
1.8996,1.8996,1.8996,1.8996,1.8996,1.8996,1.8996,1.8996,1.8996,1.8996,1.8996,1.8996,1.8996,1.8996,1.8996,1.8996,1.8996,1.8996,1.8996,1.8996,1.8996,1.8996,1.8996,1.8996,1.8996,1.8996,1.8996
1.9018,1.9018,1.9018,1.9018,1.9018,1.9018,1.9018,1.9018,1.9018,1.9018,1.9018,1.9018,1.9018,1.9018,1.9018,1.9018,1.9018,1.9018,1.9018,1.9018,1.9018,1.9018,1.9018,1.7406,1.4032,1.0658,0.7284
1.904,1.904,1.904,1.904,1.904,1.904,1.904,1.904,1.904,1.904,1.904,1.904,1.904,1.904,1.904,1.904,1.904,1.904,1.904,1.904,1.904,1.904,1.904,1.904,1.904,1.904,1.904
1.9062,1.9062,1.9062,1.9062,1.9062,1.9062,1.9062,1.9062,1.9062,1.9062,1.9062,1.9062,1.9062,1.9062,1.9062,1.9062,1.9062,1.9062,1.9062,1.9062,1.9062,1.9062,1.9062,1.9062,1.9062,1.9062,1.9062
1.9084,1.9084,1.9084,1.9084,1.9084,1.9084,1.9084,1.9084,1.9084,1.9084,1.9084,1.9084,1.9084,1.9084,1.9084,1.9084,1.9084,1.9084,1.9084,1.9084,1.9084,1.751,1.5064,1.2618,1.0173,0.7727,0.5281
1.9107,1.9107,1.9107,1.9107,1.9107,1.9107,1.9107,1.9107,1.9107,1.9107,1.9107,1.9107,1.9107,1.9107,1.9107,1.9107,1.9107,1.9107,1.9107,1.9107,1.9107,1.9107,1.9107,1.9107,1.9107,1.9107,1.9107
1.9129,1.9129,1.9129,1.9129,1.9129,1.9129,1.9129,1.9129,1.9129,1.9129,1.9129,1.9129,1.9129,1.9129,1.9129,1.9129,1.9129,1.9129,1.9129,1.9129,1.9129,1.9129,1.9129,1.9129,1.9129,1.9129,1.9129
1.9151,1.9151,1.9151,1.9151,1.9151,1.9151,1.9151,1.9151,1.9151,1.9151,1.9151,1.9151,1.9151,1.9151,1.9151,1.9151,1.9151,1.9151,1.9151,1.9151,1.9151,1.9151,1.9151,1.9151,1.9151,1.5774,1.0781
1.9174,1.9174,1.9174,1.9174,1.9174,1.9174,1.9174,1.9174,1.9174,1.9174,1.9174,1.9174,1.9174,1.9174,1.1701,1.9174,1.9174,1.9174,1.9174,1.9174,1.9174,1.9174,1.9174,1.9174,1.9174,1.9174,1.9174
1.9196,1.9196,1.9196,1.9196,1.9196,1.9196,1.9196,1.9196,1.9196,1.9196,1.9196,1.9196,1.9196,1.9196,1.9196,1.9196,1.9196,1.9196,1.9196,1.9196,1.9196,1.8641,1.6038,1.3434,1.083,0.8226,0.5622
1.9219,1.9219,1.9219,1.9219,1.9219,1.9219,1.9219,1.9219,1.9219,1.9219,1.9219,1.9219,1.9219,1.9219,1.9219,1.9219,1.9219,1.9219,1.9219,1.9219,1.9219,1.9219,1.9219,1.9219,1.9219,1.9219,1.9219
1.9241,1.9241,1.9241,1.9241,1.9241,1.9241,1.9241,1.9241,1.9241,1.9241,1.9241,1.9241,1.9241,1.9241,1.9241,1.9241,1.9241,1.9241,1.9241,1.9241,1.9241,1.9241,1.9241,1.9241,1.9241,1.9241,1.9241
1.9264,1.9264,1.9264,1.9264,1.9264,1.9264,1.9264,1.9264,1.9264,1.9264,1.9264,1.9264,1.9264,1.9264,1.9264,1.9264,1.9264,1.9264,1.9264,1.9264,1.9264,1.9264,1.6635,1.3934,1.1233,0.8532,0.5832
1.9287,1.9287,1.9287,1.9287,1.9287,1.9287,1.9287,1.9287,1.9287,1.9287,1.9287,1.9287,1.9287,1.9287,1.9287,1.9287,1.9287,1.9287,1.9287,1.9287,1.9287,1.9287,1.9287,1.9287,1.9287,1.9287,1.9287
1.9309,1.9309,1.9309,1.9309,1.9309,1.9309,1.9309,1.9309,1.9309,1.9309,1.9309,1.9309,1.9309,1.9309,1.9309,1.9309,1.9309,1.9309,1.9309,1.9309,1.9309,1.9309,1.9309,1.9309,1.7569,1.3345,0.9121
1.9332,1.9332,1.9332,1.9332,1.9332,1.9332,1.9332,1.9332,1.9332,1.9332,1.9332,1.9332,1.9332,1.9332,1.9332,1.9332,1.9332,1.9332,1.9332,1.9332,1.9332,1.9332,1.9332,1.9332,1.9332,1.9332,1.9332
1.9355,1.9355,1.9355,1.9355,1.9355,1.9355,1.9355,1.9355,1.9355,1.9355,1.9355,1.9355,1.9355,1.9355,1.9355,1.7813,1.9355,1.9355,1.9355,1.9355,1.9355,1.9355,1.9355,1.9355,1.9355,1.9355,1.9355
1.9378,1.9378,1.9378,1.9378,1.9378,1.9378,1.9378,1.9378,1.9378,1.9378,1.9378,1.9378,1.9378,1.9378,1.9378,1.9378,1.9378,1.9378,1.9378,1.9378,1.9094,1.6754,1.4414,1.2074,0.9733,0.7393,0.5053
1.9401,1.9401,1.9401,1.9401,1.9401,1.9401,1.9401,1.9401,1.9401,1.9401,1.9401,1.9401,1.9401,1.9401,1.9401,1.9401,1.9401,1.9401,1.9401,1.9401,1.9401,1.9401,1.9401,1.9401,1.9401,1.9401,1.9401
1.9424,1.9424,1.9424,1.9424,1.9424,1.9424,1.9424,1.9424,1.9424,1.9424,1.9424,1.9424,1.9424,1.9424,1.9424,1.9424,1.9424,1.9424,1.9424,1.9424,1.9424,1.9424,1.9424,1.9424,1.9424,1.9424,1.9424
1.9447,1.9447,1.9447,1.9447,1.9447,1.9447,1.9447,1.9447,1.9447,1.9447,1.9447,1.9447,1.9447,1.9447,1.9447,1.9447,1.9447,1.9447,1.9447,1.9447,1.9447,1.9447,1.9447,1.8194,1.4667,1.1141,0.7614
1.947,1.947,1.947,1.947,1.947,1.947,1.947,1.947,1.947,1.947,1.947,1.947,1.947,1.947,1.947,1.947,1.947,1.947,1.947,1.947,1.947,1.947,1.947,1.947,1.947,1.947,1.947
1.9493,1.9493,1.9493,1.9493,1.9493,1.9493,1.9493,1.9493,1.9493,1.9493,1.9493,1.9493,1.9493,1.9493,1.9493,1.9493,1.9493,1.9493,1.9493,1.9493,1.9493,1.9493,1.7578,1.4724,1.187,0.9016,0.6162
1.9516,1.9516,1.9516,1.9516,1.9516,1.9516,1.9516,1.9516,1.9516,1.9516,1.9516,1.9516,1.9516,1.9516,1.9516,1.9516,1.9516,1.9516,1.9516,1.9516,1.9516,1.9516,1.9516,1.9516,1.9516,1.9516,1.9516
1.954,1.954,1.954,1.954,1.954,1.954,1.954,1.954,1.954,1.954,1.954,1.954,1.954,1.954,1.954,1.954,1.954,1.954,1.954,1.954,1.954,1.954,1.954,1.954,1.954,1.954,1.954
1.9563,1.9563,1.9563,1.9563,1.9563,1.9563,1.9563,1.9563,1.9563,1.9563,1.9563,1.9563,1.9563,1.9563,1.9563,1.9563,1.9563,1.9563,1.9563,1.9563,1.9479,1.7092,1.4705,1.2317,0.993,0.7542,0.5155
1.9586,1.9586,1.9586,1.9586,1.9586,1.9586,1.9586,1.9586,1.9586,1.9586,1.9586,1.9586,1.9586,1.209,1.9586,1.9586,1.9586,1.9586,1.9586,1.9586,1.9586,1.9586,1.9586,1.9586,1.9586,1.9586,1.9586
1.961,1.961,1.961,1.961,1.961,1.961,1.961,1.961,1.961,1.961,1.961,1.961,1.961,1.961,1.961,1.961,1.961,1.961,1.961,1.961,1.961,1.961,1.961,1.961,1.961,1.961,1.3449
1.9633,1.9633,1.9633,1.9633,1.9633,1.9633,1.9633,1.9633,1.9633,1.9633,1.9633,1.9633,1.9633,1.9633,1.9633,1.9633,1.9633,1.9633,1.9633,1.9633,1.9633,1.9633,1.9633,1.9633,1.9633,1.9633,1.3677
1.9657,1.9657,1.9657,1.9657,1.9657,1.9657,1.9657,1.9657,1.9657,1.9657,1.9657,1.9657,1.9657,1.9657,1.9657,1.9657,1.9657,1.9657,1.9657,1.9657,1.9657,1.9657,1.9657,1.9657,1.9657,1.9657,1.9657
1.968,1.968,1.968,1.968,1.968,1.968,1.968,1.968,1.968,1.968,1.968,1.968,1.968,1.968,1.968,1.968,1.968,1.968,1.968,1.968,1.9208,1.6854,1.45,1.2145,0.9791,0.7437,0.5083
1.9704,1.9704,1.9704,1.9704,1.9704,1.9704,1.9704,1.9704,1.9704,1.9704,1.9704,1.9704,1.9704,1.9704,1.9704,1.9704,1.9704,1.9704,1.9704,1.9704,1.9704,1.9704,1.9704,1.9704,1.9704,1.9704,1.9704
1.9728,1.9728,1.9728,1.9728,1.9728,1.9728,1.9728,1.9728,1.9728,1.9728,1.9728,1.9728,1.9728,1.9728,1.9728,1.9728,1.9728,1.9728,1.9728,1.9728,1.9728,1.9728,1.9728,1.9728,1.9728,1.9728,1.9728
1.9752,1.9752,1.9752,1.9752,1.9752,1.9752,1.9752,1.9752,1.9752,1.9752,1.9752,1.9752,1.9752,1.9752,1.9752,1.9752,1.9752,1.9752,1.9752,1.9752,1.9752,1.9752,1.7218,1.4423,1.1627,0.8832,0.6036
1.9775,1.9775,1.9775,1.9775,1.9775,1.9775,1.9775,1.9775,1.9775,1.9775,1.9775,1.9775,1.9775,1.9775,1.9775,1.9775,1.9775,1.9775,1.9775,1.9775,1.9775,1.9775,1.9775,1.9775,1.9775,1.9775,1.9775
1.9799,1.9799,1.9799,1.9799,1.9799,1.9799,1.9799,1.9799,1.9799,1.9799,1.9799,1.9799,1.9799,1.9799,1.9799,1.9799,1.9799,1.9799,1.9799,1.9799,1.9799,1.9799,1.9799,1.7408,1.4034,1.066,0.7285
1.9823,1.9823,1.9823,1.9823,1.9823,1.9823,1.9823,1.9823,1.9823,1.9823,1.9823,1.9823,1.9823,1.9823,1.9823,1.9823,1.9823,1.9823,1.9823,1.9823,1.9823,1.9823,1.9823,1.9823,1.9823,1.9823,1.9823
1.9847,1.9847,1.9847,1.9847,1.9847,1.9847,1.9847,1.9847,1.9847,1.9847,1.9847,1.9847,1.9847,1.9847,1.9847,1.6434,1.9847,1.9847,1.9847,1.9847,1.9847,1.9847,1.9847,1.9847,1.9847,1.9847,1.9847
1.9871,1.9871,1.9871,1.9871,1.9871,1.9871,1.9871,1.9871,1.9871,1.9871,1.9871,1.9871,1.9871,1.9871,1.9871,1.9871,1.9871,1.9871,1.9871,1.9871,1.8172,1.5945,1.3718,1.1491,0.9264,0.7036,0.4809
1.9896,1.9896,1.9896,1.9896,1.9896,1.9896,1.9896,1.9896,1.9896,1.9896,1.9896,1.9896,1.9605,1.9896,1.9896,1.9896,1.9896,1.9896,1.9896,1.9896,1.9896,1.9896,1.9896,1.9896,1.9896,1.9896,1.9896
1.992,1.992,1.992,1.992,1.992,1.992,1.992,1.992,1.992,1.992,1.992,1.992,1.992,1.992,1.992,1.992,1.992,1.992,1.992,1.992,1.992,1.992,1.992,1.992,1.992,1.992,1.992
1.9944,1.9944,1.9944,1.9944,1.9944,1.9944,1.9944,1.9944,1.9944,1.9944,1.9944,1.9944,1.9944,1.9944,1.9944,1.9944,1.9944,1.9944,1.9944,1.9944,1.9944,1.9944,1.9944,1.9944,1.6661,1.2655,0.8649
1.9968,1.9968,1.9968,1.9968,1.9968,1.9968,1.9968,1.9968,1.9968,1.9968,1.9968,1.9968,1.9968,1.9968,1.0517,1.9968,1.9968,1.9968,1.9968,1.9968,1.9968,1.9968,1.9968,1.9968,1.9968,1.9968,1.9968
1.9993,1.9993,1.9993,1.9993,1.9993,1.9993,1.9993,1.9993,1.9993,1.9993,1.9993,1.9993,1.9993,1.9993,1.9993,1.9993,1.9993,1.9993,1.9993,1.9993,1.9993,1.7886,1.5388,1.289,1.0391,0.7893,0.5394
2.0017,2.0017,2.0017,2.0017,2.0017,2.0017,2.0017,2.0017,2.0017,2.0017,2.0017,2.0017,2.0017,2.0017,2.0017,2.0017,2.0017,2.0017,2.0017,2.0017,2.0017,2.0017,2.0017,2.0017,2.0017,2.0017,2.0017
2.0042,2.0042,2.0042,2.0042,2.0042,2.0042,2.0042,2.0042,2.0042,2.0042,2.0042,2.0042,2.0042,2.0042,2.0042,2.0042,2.0042,2.0042,2.0042,2.0042,2.0042,2.0042,2.0042,2.0042,2.0042,2.0042,2.0042
2.0066,2.0066,2.0066,2.0066,2.0066,2.0066,2.0066,2.0066,2.0066,2.0066,2.0066,2.0066,2.0066,2.0066,2.0066,2.0066,2.0066,2.0066,2.0066,2.0066,1.9515,1.7123,1.4732,1.234,0.9948,0.7556,0.5164
2.0091,2.0091,2.0091,2.0091,2.0091,2.0091,2.0091,2.0091,2.0091,2.0091,2.0091,2.0091,2.0091,1.3719,2.0091,2.0091,2.0091,2.0091,2.0091,2.0091,2.0091,2.0091,2.0091,2.0091,2.0091,2.0091,2.0091
2.0115,2.0115,2.0115,2.0115,2.0115,2.0115,2.0115,2.0115,2.0115,2.0115,2.0115,2.0115,2.0115,2.0115,2.0115,2.0115,2.0115,2.0115,2.0115,2.0115,2.0115,2.0115,2.0115,2.0115,1.8578,1.4111,0.9645
2.014,2.014,2.014,2.014,2.014,2.014,2.014,2.014,2.014,2.014,2.014,2.014,2.014,2.014,2.014,2.014,2.014,2.014,2.014,2.014,2.014,2.014,2.014,2.014,2.014,2.014,2.014
2.0165,2.0165,2.0165,2.0165,2.0165,2.0165,2.0165,2.0165,2.0165,2.0165,2.0165,2.0165,2.0165,2.0165,2.0165,1.8419,2.0165,2.0165,2.0165,2.0165,2.0165,2.0165,2.0165,2.0165,2.0165,2.0165,2.0165
2.019,2.019,2.019,2.019,2.019,2.019,2.019,2.019,2.019,2.019,2.019,2.019,2.019,2.019,1.9716,2.019,2.019,2.019,2.019,1.9998,1.7815,1.5632,1.3448,1.1265,0.9081,0.6898,0.4714
2.0215,2.0215,2.0215,2.0215,2.0215,2.0215,2.0215,2.0215,2.0215,2.0215,2.0215,2.0215,2.0215,2.0215,2.0215,2.0215,2.0215,2.0215,2.0215,2.0215,2.0215,2.0215,2.0215,2.0215,2.0215,2.0215,2.0215
2.024,2.024,2.024,2.024,2.024,2.024,2.024,2.024,2.024,2.024,2.024,2.024,2.024,2.024,2.024,2.024,2.024,2.024,2.024,2.024,2.024,2.024,2.024,2.024,2.024,2.024,2.024
2.0265,2.0265,2.0265,2.0265,2.0265,2.0265,2.0265,2.0265,2.0265,2.0265,2.0265,2.0265,2.0265,2.0265,2.0265,2.0265,2.0265,2.0265,2.0265,2.0265,2.0265,2.0265,1.8435,1.5442,1.2449,0.9456,0.6463
2.029,2.029,2.029,2.029,2.029,2.029,2.029,2.029,2.029,2.029,2.029,2.029,2.029,2.029,1.969,2.029,2.029,2.029,2.029,2.029,2.029,2.029,2.029,2.029,2.029,2.029,2.029
2.0315,2.0315,2.0315,2.0315,2.0315,2.0315,2.0315,2.0315,2.0315,2.0315,2.0315,2.0315,2.0315,2.0315,2.0315,2.0315,2.0315,2.0315,2.0315,2.0315,2.0315,2.0227,1.7401,1.4576,1.1751,0.8925,0.61
2.034,2.034,2.034,2.034,2.034,2.034,2.034,2.034,2.034,2.034,2.034,2.034,2.034,2.034,2.034,2.034,2.034,2.034,2.034,2.034,2.034,2.034,2.034,2.034,2.034,2.034,2.034
2.0365,2.0365,2.0365,2.0365,2.0365,2.0365,2.0365,2.0365,2.0365,2.0365,2.0365,2.0365,2.0365,2.0365,2.0365,2.0365,2.0365,2.0365,2.0365,2.0365,2.0365,2.0365,2.0365,2.0365,2.0365,2.0365,2.0365
2.0391,2.0391,2.0391,2.0391,2.0391,2.0391,2.0391,2.0391,2.0391,2.0391,2.0391,2.0391,2.0391,2.0391,2.0391,2.0391,2.0391,2.0391,2.0391,1.988,1.771,1.5539,1.3369,1.1198,0.9028,0.6857,0.4687
2.0416,2.0416,2.0416,2.0416,2.0416,2.0416,2.0416,2.0416,2.0416,2.0416,2.0416,2.0416,2.0416,2.0416,2.0416,2.0416,2.0416,2.0416,2.0416,2.0416,2.0416,2.0416,2.0416,2.0416,2.0416,2.0416,2.0416
2.0442,2.0442,2.0442,2.0442,2.0442,2.0442,2.0442,2.0442,2.0442,2.0442,2.0442,2.0442,2.0442,2.0442,2.0442,2.0442,2.0442,2.0442,2.0442,2.0442,2.0442,2.0442,2.0442,2.0442,2.0442,2.0442,1.5884
2.0467,2.0467,2.0467,2.0467,2.0467,2.0467,2.0467,2.0467,2.0467,2.0467,2.0467,2.0467,2.0467,2.0467,2.0467,2.0467,2.0467,2.0467,2.0467,2.0467,2.0467,2.0467,2.0467,2.0467,2.0213,1.5353,1.0493
2.0493,2.0493,2.0493,2.0493,2.0493,2.0493,2.0493,2.0493,2.0493,2.0493,2.0493,2.0493,2.0493,2.0493,2.0493,2.0493,2.0493,2.0493,2.0493,2.0493,2.0493,2.0493,2.0493,2.0493,2.0493,2.0493,2.0493
2.0518,2.0518,2.0518,2.0518,2.0518,2.0518,2.0518,2.0518,2.0518,2.0518,2.0518,2.0518,2.0518,2.0518,2.0518,2.0518,2.0518,2.0518,2.0518,2.0518,1.8363,1.6112,1.3862,1.1611,0.9361,0.711,0.4859
2.0544,2.0544,2.0544,2.0544,2.0544,2.0544,2.0544,2.0544,2.0544,2.0544,2.0544,2.0544,2.0544,2.0544,2.0544,2.0544,2.0544,2.0544,2.0544,2.0544,2.0544,2.0544,2.0544,2.0544,2.0544,2.0544,2.0544
2.057,2.057,2.057,2.057,2.057,2.057,2.057,2.057,2.057,2.057,2.057,2.057,2.057,2.057,2.057,2.057,2.057,2.057,2.057,2.057,2.057,2.057,2.057,2.057,2.057,2.057,2.057
2.0596,2.0596,2.0596,2.0596,2.0596,2.0596,2.0596,2.0596,2.0596,2.0596,2.0596,2.0596,2.0596,2.0596,2.0596,2.0596,2.0596,2.0596,2.0596,2.0596,2.0081,1.762,1.5159,1.2698,1.0237,0.7775,0.5314
2.0622,2.0622,2.0622,2.0622,2.0622,2.0622,2.0622,2.0622,2.0622,2.0622,2.0622,2.0622,2.0622,2.0622,1.9525,2.0471,2.0622,2.0622,2.0622,2.0622,2.0622,2.0622,2.0622,2.0622,2.0622,2.0622,2.0622
2.0648,2.0648,2.0648,2.0648,2.0648,2.0648,2.0648,2.0648,2.0648,2.0648,2.0648,2.0648,2.0648,2.0648,2.0648,2.0648,2.0648,2.0648,2.0648,2.0648,2.0648,2.0648,2.0648,1.7959,1.4478,1.0997,0.7516
2.0674,2.0674,2.0674,2.0674,2.0674,2.0674,2.0674,2.0674,2.0674,2.0674,2.0674,2.0674,2.0674,2.0674,2.0674,2.0674,2.0674,2.0674,2.0674,2.0674,2.0674,2.0674,2.0674,2.0674,2.0674,2.0674,2.0674
2.07,2.07,2.07,2.07,2.07,2.07,2.07,2.07,2.07,2.07,2.07,2.07,2.07,2.07,2.07,1.4876,2.07,2.07,2.07,2.07,2.07,2.07,2.07,2.07,2.07,2.07,2.07
2.0726,2.0726,2.0726,2.0726,2.0726,2.0726,2.0726,2.0726,2.0726,2.0726,2.0726,2.0726,2.0726,2.0726,2.0726,2.0726,2.0726,2.0726,2.0726,1.8986,1.6913,1.484,1.2767,1.0694,0.8622,0.6549,0.4476
2.0752,2.0752,2.0752,2.0752,2.0752,2.0752,2.0752,2.0752,2.0752,2.0752,2.0752,2.0752,1.6645,2.0752,2.0752,2.0752,2.0752,2.0752,2.0752,2.0752,2.0752,2.0752,2.0752,2.0752,2.0752,2.0752,2.0752
2.0779,2.0779,2.0779,2.0779,2.0779,2.0779,2.0779,2.0779,2.0779,2.0779,2.0779,2.0779,2.0779,2.0779,2.0779,2.0779,2.0779,2.0779,2.0779,2.0779,2.0779,2.0779,2.0779,2.0779,2.0779,2.0779,2.0779
2.0805,2.0805,2.0805,2.0805,2.0805,2.0805,2.0805,2.0805,2.0805,2.0805,2.0805,2.0805,2.0805,2.0805,2.0805,2.0805,2.0805,2.0805,2.0805,2.0805,2.0805,2.0805,2.0544,1.7209,1.3873,1.0538,0.7202
2.0832,2.0832,2.0832,2.0832,2.0832,2.0832,2.0832,2.0832,2.0832,2.0832,2.0832,2.0832,2.0832,2.0832,1.3283,2.0081,2.0832,2.0832,2.0832,2.0832,2.0832,2.0832,2.0832,2.0832,2.0832,2.0832,2.0832
2.0858,2.0858,2.0858,2.0858,2.0858,2.0858,2.0858,2.0858,2.0858,2.0858,2.0858,2.0858,2.0858,2.0858,2.0858,2.0858,2.0858,2.0858,2.0858,2.0858,2.0015,1.7562,1.5109,1.2656,1.0203,0.775,0.5296
2.0885,2.0885,2.0885,2.0885,2.0885,2.0885,2.0885,2.0885,2.0885,2.0885,2.0885,2.0885,2.0885,2.0885,2.0885,2.0885,2.0885,2.0885,2.0885,2.0885,2.0885,2.0885,2.0885,2.0885,2.0885,2.0885,2.0885
2.0911,2.0911,2.0911,2.0911,2.0911,2.0911,2.0911,2.0911,2.0911,2.0911,2.0911,2.0911,2.0911,2.0911,2.0911,2.0911,2.0911,2.0911,2.0911,2.0911,2.0911,2.0911,2.0911,2.0911,2.0911,2.0911,2.0911
2.0938,2.0938,2.0938,2.0938,2.0938,2.0938,2.0938,2.0938,2.0938,2.0938,2.0938,2.0938,2.0938,2.0938,2.0938,2.0938,2.0938,2.0938,2.0938,1.9831,1.7666,1.5501,1.3336,1.1171,0.9005,0.684,0.4675
2.0965,2.0965,2.0965,2.0965,2.0965,2.0965,2.0965,2.0965,2.0965,2.0965,2.0965,2.0965,2.0965,1.0542,2.0366,2.0965,2.0965,2.0965,2.0965,2.0965,2.0965,2.0965,2.0965,2.0965,2.0965,2.0965,2.0965
2.0992,2.0992,2.0992,2.0992,2.0992,2.0992,2.0992,2.0992,2.0992,2.0992,2.0992,2.0992,2.0992,2.0992,2.0992,2.0992,2.0992,2.0992,2.0992,2.0992,2.0992,2.0992,2.0992,2.0992,2.0503,1.5573,1.0644
2.1019,2.1019,2.1019,2.1019,2.1019,2.1019,2.1019,2.1019,2.1019,2.1019,2.1019,2.1019,2.1019,2.1019,2.1019,2.1019,2.1019,2.1019,2.1019,2.1019,2.1019,2.1019,2.1019,2.1019,2.1019,2.0654,1.4116
2.1046,2.1046,2.1046,2.1046,2.1046,2.1046,2.1046,2.1046,2.1046,2.1046,2.1046,2.1046,2.1046,2.1046,2.1046,1.9726,2.1046,2.1046,2.1046,2.1046,2.1046,2.1046,2.1046,2.1046,2.1046,2.1046,2.1046
2.1073,2.1073,2.1073,2.1073,2.1073,2.1073,2.1073,2.1073,2.1073,2.1073,2.1073,2.1073,2.1073,2.1073,2.1073,2.1073,2.1073,2.1073,2.1073,1.9038,1.696,1.4881,1.2803,1.0724,0.8645,0.6567,0.4488
2.11,2.11,2.11,2.11,2.11,2.11,2.11,2.11,2.11,2.11,2.11,2.11,2.11,2.11,2.11,2.11,2.11,2.11,2.11,2.11,2.11,2.11,2.11,2.11,2.11,2.11,2.11
2.1127,2.1127,2.1127,2.1127,2.1127,2.1127,2.1127,2.1127,2.1127,2.1127,2.1127,2.1127,2.1127,2.1127,2.1127,2.1127,2.1127,2.1127,2.1127,2.1127,2.1127,2.1127,2.1127,2.1127,2.1127,2.1127,2.1127
2.1154,2.1154,2.1154,2.1154,2.1154,2.1154,2.1154,2.1154,2.1154,2.1154,2.1154,2.1154,2.1154,2.1154,2.1154,2.1154,2.1154,2.1154,2.1154,2.1154,2.1154,1.8669,1.6061,1.3454,1.0846,0.8238,0.563
2.1182,2.1182,2.1182,2.1182,2.1182,2.1182,2.1182,2.1182,2.1182,2.1182,2.1182,2.1182,2.1182,2.1182,1.8496,1.9391,2.1182,2.1182,2.1182,2.1182,2.1182,2.1182,2.1182,2.1182,2.1182,2.1182,2.1182
2.1209,2.1209,2.1209,2.1209,2.1209,2.1209,2.1209,2.1209,2.1209,2.1209,2.1209,2.1209,2.1209,2.1209,2.1209,2.1209,2.1209,2.1209,2.1209,2.1209,2.1209,2.052,1.7654,1.4788,1.1921,0.9055,0.6189
2.1237,2.1237,2.1237,2.1237,2.1237,2.1237,2.1237,2.1237,2.1237,2.1237,2.1237,2.1237,2.1237,2.1237,2.1237,2.1237,2.1237,2.1237,2.1237,2.1237,2.1237,2.1237,2.1237,2.1237,2.1237,2.1237,2.1237
2.1264,2.1264,2.1264,2.1264,2.1264,2.1264,2.1264,2.1264,2.1264,2.1264,2.1264,2.1264,2.1264,2.1264,2.1264,2.1264,2.1264,2.1264,2.1264,2.1264,2.1264,2.1264,2.1264,2.1264,2.1264,2.1264,2.1264
2.1292,2.1292,2.1292,2.1292,2.1292,2.1292,2.1292,2.1292,2.1292,2.1292,2.1292,2.1292,2.1292,2.1292,2.1292,2.1292,2.1292,2.1292,2.0437,1.8427,1.6415,1.4403,1.2391,1.038,0.8368,0.6356,0.4344
2.1319,2.1319,2.1319,2.1319,2.1319,2.1319,2.1319,2.1319,2.1319,2.1319,2.1319,2.1319,1.887,2.1319,2.1319,2.1319,2.1319,2.1319,2.1319,2.1319,2.1319,2.1319,2.1319,2.1319,2.1319,2.1319,2.1319
2.1347,2.1347,2.1347,2.1347,2.1347,2.1347,2.1347,2.1347,2.1347,2.1347,2.1347,2.1347,2.1347,2.1347,2.1347,2.1347,2.1347,2.1347,2.1347,2.1347,2.1347,2.1347,2.1347,2.1347,2.1347,2.1347,2.069
2.1375,2.1375,2.1375,2.1375,2.1375,2.1375,2.1375,2.1375,2.1375,2.1375,2.1375,2.1375,2.1375,2.1375,2.1375,2.1375,2.1375,2.1375,2.1375,2.1375,2.1375,2.1375,2.1375,2.0195,1.6281,1.2366,0.8452
2.1403,2.1403,2.1403,2.1403,2.1403,2.1403,2.1403,2.1403,2.1403,2.1403,2.1403,2.1403,2.1403,2.1403,0.9609,1.9978,2.1403,2.1403,2.1403,2.1403,2.1403,2.1403,2.1403,2.1403,2.1403,2.1403,2.1403
2.1431,2.1431,2.1431,2.1431,2.1431,2.1431,2.1431,2.1431,2.1431,2.1431,2.1431,2.1431,2.1431,2.1431,2.1431,2.1431,2.1431,2.1431,2.1431,2.0094,1.7901,1.5707,1.3513,1.1319,0.9125,0.6931,0.4737
2.1459,2.1459,2.1459,2.1459,2.1459,2.1459,2.1459,2.1459,2.1459,2.1459,2.1459,2.1459,2.1459,2.1459,2.1459,2.1459,2.1459,2.1459,2.1459,2.1459,2.1459,2.1459,2.1459,2.1459,2.1459,2.1459,2.1459
2.1487,2.1487,2.1487,2.1487,2.1487,2.1487,2.1487,2.1487,2.1487,2.1487,2.1487,2.1487,2.1487,2.1487,2.1487,2.1487,2.1487,2.1487,2.1487,2.1487,2.1487,2.1487,2.1487,2.1487,2.1487,2.1487,2.1487
2.1515,2.1515,2.1515,2.1515,2.1515,2.1515,2.1515,2.1515,2.1515,2.1515,2.1515,2.1515,2.1515,2.1515,2.1515,2.1515,2.1515,2.1515,2.1515,2.0264,1.8052,1.5839,1.3627,1.1414,0.9202,0.699,0.4777
2.1544,2.1544,2.1544,2.1544,2.1544,2.1544,2.1544,2.1544,2.1544,2.1544,2.1544,2.1544,2.1544,1.4662,1.8752,1.966,2.1544,2.1544,2.1544,2.1544,2.1544,2.1544,2.1544,2.1544,2.1544,2.1544,2.1544
2.1572,2.1572,2.1572,2.1572,2.1572,2.1572,2.1572,2.1572,2.1572,2.1572,2.1572,2.1572,2.1572,2.1572,2.1572,2.1572,2.1572,2.1572,2.1572,2.1572,2.1572,2.1572,2.1572,1.9098,1.5396,1.1694,0.7993
2.1601,2.1601,2.1601,2.1601,2.1601,2.1601,2.1601,2.1601,2.1601,2.1601,2.1601,2.1601,2.1601,2.1601,2.1601,2.1601,2.1601,2.1601,2.1601,2.1601,2.1601,2.1601,2.1601,2.1601,2.1601,2.1601,2.1601
2.1629,2.1629,2.1629,2.1629,2.1629,2.1629,2.1629,2.1629,2.1629,2.1629,2.1629,2.1629,2.1629,2.1629,2.1629,1.5512,2.1629,2.1629,2.1629,2.1629,2.1629,2.1629,2.1629,2.1629,2.1629,2.1629,2.1629
2.1658,2.1658,2.1658,2.1658,2.1658,2.1658,2.1658,2.1658,2.1658,2.1658,2.1658,2.1658,2.1658,2.1658,2.1657,2.1658,2.1658,2.1658,1.9948,1.7986,1.6022,1.4059,1.2095,1.0131,0.8168,0.6204,0.424
2.1686,2.1686,2.1686,2.1686,2.1686,2.1686,2.1686,2.1686,2.1686,2.1686,2.1686,2.1686,2.1686,2.1686,2.1686,2.1686,2.1686,2.1686,2.1686,2.1686,2.1686,2.1686,2.1686,2.1686,2.1686,2.1686,2.1686
2.1715,2.1715,2.1715,2.1715,2.1715,2.1715,2.1715,2.1715,2.1715,2.1715,2.1715,2.1715,2.1715,2.1715,2.1715,2.1715,2.1715,2.1715,2.1715,2.1715,2.1715,2.1715,2.1715,2.1715,2.1715,2.1715,2.1715
2.1744,2.1744,2.1744,2.1744,2.1744,2.1744,2.1744,2.1744,2.1744,2.1744,2.1744,2.1744,2.1744,2.1744,2.1744,2.1744,2.1744,2.1744,2.1744,2.1744,2.1744,2.0462,1.7604,1.4746,1.1887,0.9029,0.6171
2.1773,2.1773,2.1773,2.1773,2.1773,2.1773,2.1773,2.1773,2.1773,2.1773,2.1773,2.1773,2.1773,2.1773,1.7903,1.877,2.0698,2.1773,2.1773,2.1773,2.1773,2.1773,2.1773,2.1773,2.1773,2.1773,2.1773
2.1802,2.1802,2.1802,2.1802,2.1802,2.1802,2.1802,2.1802,2.1802,2.1802,2.1802,2.1802,2.1802,2.1802,2.1802,2.1802,2.1802,2.1802,2.1802,2.1802,2.0053,1.7595,1.5138,1.268,1.0222,0.7764,0.5307
2.1831,2.1831,2.1831,2.1831,2.1831,2.1831,2.1831,2.1831,2.1831,2.1831,2.1831,2.1831,2.1831,2.1831,2.1831,2.1831,2.1831,2.1831,2.1831,2.1831,2.1831,2.1831,2.1831,2.1831,2.1831,2.1831,2.1831
2.186,2.186,2.186,2.186,2.186,2.186,2.186,2.186,2.186,2.186,2.186,2.186,2.186,2.186,2.186,2.186,2.186,2.186,2.186,2.186,2.186,2.186,2.186,2.186,2.186,2.186,2.186
2.1889,2.1889,2.1889,2.1889,2.1889,2.1889,2.1889,2.1889,2.1889,2.1889,2.1889,2.1889,2.1889,1.7773,2.1889,2.1889,2.1889,2.1889,2.027,1.8276,1.6281,1.4286,1.229,1.0295,0.8299,0.6304,0.4308
2.1918,2.1918,2.1918,2.1918,2.1918,2.1918,2.1918,2.1918,2.1918,2.1918,2.1918,2.1918,2.1918,1.0368,2.003,2.0999,2.1918,2.1918,2.1918,2.1918,2.1918,2.1918,2.1918,2.1918,2.1918,2.1918,2.1918
2.1948,2.1948,2.1948,2.1948,2.1948,2.1948,2.1948,2.1948,2.1948,2.1948,2.1948,2.1948,2.1948,2.1948,2.1948,2.1948,2.1948,2.1948,2.1948,2.1948,2.1948,2.1948,2.1948,2.1948,2.1948,1.8082,1.2358
2.1977,2.1977,2.1977,2.1977,2.1977,2.1977,2.1977,2.1977,2.1977,2.1977,2.1977,2.1977,2.1977,2.1977,2.1977,2.1977,2.1977,2.1977,2.1977,2.1977,2.1977,2.1977,2.1977,2.1977,2.0592,1.5641,1.069
2.2007,2.2007,2.2007,2.2007,2.2007,2.2007,2.2007,2.2007,2.2007,2.2007,2.2007,2.2007,2.2007,2.2007,2.2007,2.0337,2.2007,2.2007,2.2007,2.2007,2.2007,2.2007,2.2007,2.2007,2.2007,2.2007,2.2007
2.2036,2.2036,2.2036,2.2036,2.2036,2.2036,2.2036,2.2036,2.2036,2.2036,2.2036,2.2036,2.2036,2.2036,2.2036,2.2036,2.2036,2.2036,2.0446,1.8435,1.6422,1.441,1.2397,1.0384,0.8371,0.6359,0.4346
2.2066,2.2066,2.2066,2.2066,2.2066,2.2066,2.2066,2.2066,2.2066,2.2066,2.2066,2.2066,2.2066,2.2066,2.2066,2.2066,2.2066,2.2066,2.2066,2.2066,2.2066,2.2066,2.2066,2.2066,2.2066,2.2066,2.2066
2.2096,2.2096,2.2096,2.2096,2.2096,2.2096,2.2096,2.2096,2.2096,2.2096,2.2096,2.2096,2.2096,2.2096,2.2096,2.2096,2.2096,2.2096,2.2096,2.2096,2.2096,2.2096,2.2096,2.2096,2.2096,2.2096,2.2096
2.2126,2.2126,2.2126,2.2126,2.2126,2.2126,2.2126,2.2126,2.2126,2.2126,2.2126,2.2126,1.8428,2.2126,2.2126,2.2126,2.2126,2.2126,2.2126,2.125,1.893,1.661,1.429,1.197,0.965,0.733,0.501
2.2156,2.2156,2.2156,2.2156,2.2156,2.2156,2.2156,2.2156,2.2156,2.2156,2.2156,2.2156,2.2156,2.2156,1.766,1.8515,2.0417,2.2156,2.2156,2.2156,2.2156,2.2156,2.2156,2.2156,2.2156,2.2156,2.2156
2.2186,2.2186,2.2186,2.2186,2.2186,2.2186,2.2186,2.2186,2.2186,2.2186,2.2186,2.2186,2.2186,2.2186,2.2186,2.2186,2.2186,2.2186,2.2186,2.2186,2.2186,2.1311,1.8334,1.5358,1.2381,0.9404,0.6427
2.2216,2.2216,2.2216,2.2216,2.2216,2.2216,2.2216,2.2216,2.2216,2.2216,2.2216,2.2216,2.2216,2.2216,2.2216,2.2216,2.2216,2.2216,2.2216,2.2216,2.2216,2.2216,2.2216,2.2216,2.2216,2.2216,2.2216
2.2246,2.2246,2.2246,2.2246,2.2246,2.2246,2.2246,2.2246,2.2246,2.2246,2.2246,2.2246,2.2246,2.2246,2.2246,1.3552,2.2246,2.2246,2.2246,2.2246,2.2246,2.2246,2.2246,2.2246,2.2246,2.2246,2.2246
2.2276,2.2276,2.2276,2.2276,2.2276,2.2276,2.2276,2.2276,2.2276,2.2276,2.2276,2.2276,2.2276,2.2276,2.2276,2.2276,2.2276,2.1144,1.9251,1.7357,1.5462,1.3567,1.1672,0.9777,0.7882,0.5987,0.4092
2.2306,2.2306,2.2306,2.2306,2.2306,2.2306,2.2306,2.2306,2.2306,2.2306,2.2306,2.2306,1.6092,2.2306,2.2306,2.2306,2.2306,2.2306,2.2306,2.2306,2.2306,2.2306,2.2306,2.2306,2.2306,2.2306,2.2306
2.2337,2.2337,2.2337,2.2337,2.2337,2.2337,2.2337,2.2337,2.2337,2.2337,2.2337,2.2337,2.2337,2.2337,2.2337,2.2337,2.2337,2.2337,2.2337,2.2337,2.2337,2.2337,2.2337,2.2337,2.2337,2.2337,2.2337
2.2367,2.2367,2.2367,2.2367,2.2367,2.2367,2.2367,2.2367,2.2367,2.2367,2.2367,2.0302,2.2367,2.2367,2.2367,2.2367,2.2367,2.2367,2.2367,2.2367,2.2367,2.2367,2.0126,1.6859,1.3591,1.0323,0.7055
2.2398,2.2398,2.2398,2.2398,2.2398,2.2398,2.2398,2.2398,2.2398,2.2398,2.2398,2.2398,2.2398,2.2398,0.9285,1.8557,2.0463,2.2375,2.2398,2.2398,2.2398,2.2398,2.2398,2.2398,2.2398,2.2398,2.2398
2.2428,2.2428,2.2428,2.2428,2.2428,2.2428,2.2428,2.2428,2.2428,2.2428,2.2428,2.2428,2.2428,2.2428,2.2428,1.868,2.2428,2.2428,2.2103,1.9929,1.7754,1.5578,1.3402,1.1226,0.905,0.6874,0.4698
2.2459,2.2459,2.2459,2.2459,2.2459,2.2459,2.2459,2.2459,2.2459,2.2459,2.2459,2.2459,2.2459,2.2459,2.2459,2.2459,2.2459,2.2459,2.2459,2.2459,2.2459,2.2459,2.2459,2.2459,2.2459,2.2459,2.2459
2.249,2.249,2.249,2.249,2.249,2.249,2.249,2.249,2.249,2.249,2.249,2.249,2.249,2.249,2.249,2.249,2.249,2.249,2.249,2.249,2.249,2.249,2.249,2.249,2.249,2.249,2.249
2.2521,2.2521,2.2521,2.2521,2.2521,2.2521,2.2521,2.2521,2.2521,2.2521,2.2521,2.2521,2.2521,2.2521,2.2521,2.2521,2.2521,2.2521,2.0555,1.8533,1.651,1.4487,1.2463,1.044,0.8416,0.6393,0.4369
2.2552,2.2552,2.2552,2.2552,2.2552,2.2552,2.2552,2.2552,2.2552,2.2552,2.2552,2.2552,2.2552,1.0757,1.8299,1.9185,2.1155,2.2552,2.2552,2.2552,2.2552,2.2552,2.2552,2.2552,2.2552,2.2552,2.2552
2.2583,2.2583,2.2583,2.2583,2.2583,2.2583,2.2583,2.2583,2.2583,2.2583,2.2583,2.2583,2.2583,2.2583,2.2583,2.2583,2.2583,2.2583,2.2583,2.2583,2.2583,2.2583,2.2583,2.0991,1.6923,1.2854,0.8785
2.2614,2.2614,2.2614,2.2614,2.2614,2.2614,2.2614,2.2614,2.2614,2.2614,2.2614,2.2614,2.2614,2.2614,2.2614,2.2614,2.2614,2.2614,2.2614,2.2614,2.2614,2.2614,2.2614,2.2614,2.2614,2.2495,1.5375
2.2645,2.2645,2.2645,2.2645,2.2645,2.2645,2.2645,2.2645,2.2645,2.2645,2.2645,2.2645,2.2645,2.2645,2.2645,1.6623,2.2645,2.2645,2.2645,2.2645,2.2645,2.2645,2.2645,2.2645,2.2645,2.2645,2.2645
2.2677,2.2677,2.2677,2.2677,2.2677,2.2677,2.2677,2.2677,2.2677,2.2677,2.2677,2.2677,2.2677,2.2677,1.7056,2.2677,2.2677,2.1075,1.9188,1.73,1.5412,1.3523,1.1634,0.9745,0.7856,0.5967,0.4078
2.2708,2.2708,2.2708,2.2708,2.2708,2.2708,2.2708,2.2708,2.2708,2.2708,2.2708,2.2708,2.2708,2.2708,2.2708,2.2708,2.2708,2.2708,2.2708,2.2708,2.2708,2.2708,2.2708,2.2708,2.2708,2.2708,2.2708
2.274,2.274,2.274,2.274,2.274,2.274,2.274,2.274,2.274,2.274,2.274,2.274,2.274,2.274,2.274,2.274,2.274,2.274,2.274,2.274,2.274,2.274,2.274,2.274,2.274,2.274,2.274
2.2771,2.2771,2.2771,2.2771,2.2771,2.2771,2.2771,2.2771,2.2771,2.2771,2.2771,2.2771,2.2771,2.2771,2.2771,2.2771,2.2771,2.2771,2.2771,2.2771,2.0446,1.794,1.5434,1.2928,1.0423,0.7917,0.5411
2.2803,2.2803,2.2803,2.2803,2.2803,2.2803,2.2803,2.2803,2.2803,2.2803,2.2803,2.2803,2.2803,2.2803,1.6987,1.7809,1.9638,2.1473,2.2803,2.2803,2.2803,2.2803,2.2803,2.2803,2.2803,2.2803,2.2803
2.2835,2.2835,2.2835,2.2835,2.2835,2.2835,2.2835,2.2835,2.2835,2.2835,2.2835,2.2835,2.2835,2.2835,2.2835,2.2835,2.2835,2.2835,2.2835,2.2835,2.0477,1.7968,1.5458,1.2948,1.0438,0.7929,0.5419
2.2867,2.2867,2.2867,2.2867,2.2867,2.2867,2.2867,2.2867,2.2867,2.2867,2.2867,2.2867,2.2867,2.2867,2.2867,2.2867,2.2867,2.2867,2.2867,2.2867,2.2867,2.2867,2.2867,2.2867,2.2867,2.2867,2.2867
2.2899,2.2899,2.2899,2.2899,2.2899,2.2899,2.2899,2.2899,2.2899,2.2899,2.2899,2.2899,2.2899,2.2899,2.2899,2.2899,1.9618,2.2899,2.2899,2.2899,2.2899,2.2899,2.2899,2.2899,2.2899,2.2899,2.2899
2.2931,2.2931,2.2931,2.2931,2.2931,2.2931,2.2931,2.2931,2.2931,2.2931,2.2931,2.2931,2.2931,2.125,2.2931,2.2931,2.2684,2.0831,1.8966,1.7101,1.5234,1.3367,1.15,0.9633,0.7766,0.5898,0.4031
2.2963,2.2963,2.2963,2.2963,2.2963,2.2963,2.2963,2.2963,2.2963,2.2963,2.2963,2.2963,1.8752,2.0295,2.0027,2.0997,2.2963,2.2963,2.2963,2.2963,2.2963,2.2963,2.2963,2.2963,2.2963,2.2963,2.2963
2.2995,2.2995,2.2995,2.2995,2.2995,2.2995,2.2995,2.2995,2.2995,2.2995,2.2995,2.2995,2.2995,2.2995,2.2995,2.2995,2.2995,2.2995,2.2995,2.2995,2.2995,2.2995,2.2995,2.2995,2.2995,2.2516,1.5389
2.3027,2.3027,2.3027,2.3027,2.3027,2.3027,2.3027,2.3027,2.3027,2.3027,2.3027,2.3027,2.3027,2.3027,2.3027,2.3027,2.3027,2.3027,2.3027,2.3027,2.3027,2.3027,2.3027,2.0416,1.6459,1.2502,0.8544
2.306,2.306,2.306,2.306,2.306,2.306,2.306,2.306,2.306,2.306,2.306,2.306,2.306,2.306,0.9015,1.8743,2.0669,2.26,2.306,2.306,2.306,2.306,2.306,2.306,2.306,2.306,2.306
2.3092,2.3092,2.3092,2.3092,2.3092,2.3092,2.3092,2.3092,2.3092,2.3092,2.3092,2.3092,2.3092,2.3092,2.3092,2.2739,2.3092,2.2076,2.01,1.8123,1.6144,1.4166,1.2187,1.0208,0.823,0.6251,0.4272
2.3125,2.3125,2.3125,2.3125,2.3125,2.3125,2.3125,2.3125,2.3125,2.3125,2.3125,2.3125,2.3125,2.3125,2.3125,2.3125,2.3125,2.3125,2.3125,2.3125,2.3125,2.3125,2.3125,2.3125,2.3125,2.3125,2.3125
2.3158,2.3158,2.3158,2.3158,2.3158,2.3158,2.3158,2.3158,2.3158,2.3158,2.3158,2.3158,2.3158,2.3158,2.3158,2.3158,2.3158,2.3158,2.3158,2.3158,2.3158,2.3158,2.3158,2.3158,2.3158,2.3158,2.3158
2.319,2.319,2.319,2.319,2.319,2.319,2.319,2.319,2.319,2.319,2.319,2.319,2.0043,2.319,2.319,2.319,2.319,2.319,2.1341,1.9242,1.7142,1.5041,1.294,1.0839,0.8738,0.6637,0.4536
2.3223,2.3223,2.3223,2.3223,2.3223,2.3223,2.3223,2.3223,2.3223,2.3223,2.3223,2.3223,2.3223,1.6641,1.7106,1.7934,1.9776,2.1624,2.3223,2.3223,2.3223,2.3223,2.3223,2.3223,2.3223,2.3223,2.3223
2.3256,2.3256,2.3256,2.3256,2.3256,2.3256,2.3256,2.3256,2.3256,2.3256,2.3256,2.3256,2.3256,2.3256,2.3256,2.3256,2.3256,2.3256,2.3256,2.3256,2.3256,2.2674,1.9507,1.634,1.3172,1.0005,0.6838
2.3289,2.3289,2.3289,2.3289,2.3289,2.3289,2.3289,2.3289,2.3289,2.3289,2.3289,2.3289,2.3289,2.3289,2.3289,2.3289,2.3289,2.3289,2.3289,2.3289,2.3289,2.3289,2.3289,2.3289,2.3289,2.3289,2.3289
2.3322,2.3322,2.3322,2.3322,2.3322,2.3322,2.3322,2.3322,2.3322,2.3322,2.3322,2.3322,2.3322,2.3322,2.3322,1.3454,2.3322,2.3322,2.3322,2.3322,2.3322,2.3322,2.3322,2.3322,2.3322,2.3322,2.3322
2.3356,2.3356,2.3356,2.3356,2.3356,2.3356,2.3356,2.3356,2.3356,2.3356,2.3356,2.3356,2.3356,2.3356,2.3356,2.3356,2.1995,2.0198,1.839,1.6581,1.4771,1.2961,1.115,0.934,0.753,0.5719,0.3909
2.3389,2.3389,2.3389,2.3389,2.3389,2.3389,2.3389,2.3389,2.3389,2.3389,2.3389,2.2468,1.4984,2.3389,2.3389,2.3389,2.3389,2.3389,2.3389,2.3389,2.3389,2.3389,2.3389,2.3389,2.3389,2.3389,2.3389
2.3422,2.3422,2.3422,2.3422,2.3422,2.3422,2.3422,2.3422,2.3422,2.3422,2.3422,2.3422,2.3422,2.3422,2.3422,2.3422,2.3422,2.3422,2.3422,2.3422,2.3422,2.3422,2.3422,2.3422,2.3422,2.3422,2.3422
2.3456,2.3456,2.3456,2.3456,2.3456,2.3456,2.3456,2.3456,2.3456,2.3456,2.3456,2.0677,2.3456,2.3456,2.3456,2.3456,2.3456,2.3456,2.3456,2.3456,2.2882,2.0078,1.7273,1.4469,1.1664,0.886,0.6055
2.349,2.349,2.349,2.349,2.349,2.349,2.349,2.349,2.349,2.349,2.349,2.349,2.349,2.349,1.4386,1.7482,1.9278,2.1079,2.2893,2.349,2.349,2.349,2.349,2.349,2.349,2.349,2.349
2.3523,2.3523,2.3523,2.3523,2.3523,2.3523,2.3523,2.3523,2.3523,2.3523,2.3523,2.3523,2.3523,2.3523,2.3523,2.3523,2.3523,2.3523,2.2278,2.0087,1.7894,1.5701,1.3508,1.1315,0.9122,0.6928,0.4735
2.3557,2.3557,2.3557,2.3557,2.3557,2.3557,2.3557,2.3557,2.3557,2.3557,2.3557,2.3557,2.3557,2.3557,2.3557,2.3557,2.3557,2.3557,2.3557,2.3557,2.3557,2.3557,2.3557,2.3557,2.3557,2.3557,2.3557
2.3591,2.3591,2.3591,2.3591,2.3591,2.3591,2.3591,2.3591,2.3591,2.3591,2.3591,2.3591,2.3591,2.3591,2.3591,2.3591,2.3591,2.3591,2.3591,2.3591,2.3591,2.3591,2.3591,2.3591,2.3591,2.3591,2.3591
2.3625,2.3625,2.3625,2.3625,2.3625,2.3625,2.3625,2.3625,2.3625,2.3625,2.3625,2.3625,2.3625,2.3625,2.3625,2.3625,2.282,2.0956,1.908,1.7203,1.5325,1.3447,1.1569,0.969,0.7812,0.5934,0.4056
2.3659,2.3659,2.3659,2.3659,2.3659,2.3659,2.3659,2.3659,2.3659,2.3659,2.3659,2.3659,2.3334,0.9378,1.8118,1.8995,2.0946,2.2904,2.3659,2.3659,2.3659,2.3659,2.3659,2.3659,2.3659,2.3659,2.3659
2.3693,2.3693,2.3693,2.3693,2.3693,2.3693,2.3693,2.3693,2.3693,2.3693,2.3693,2.3693,2.3693,2.3693,2.3693,2.3693,2.3693,2.3693,2.3693,2.3693,2.3693,2.3693,2.3693,2.3693,1.9352,1.4699,1.0046
2.3728,2.3728,2.3728,2.3728,2.3728,2.3728,2.3728,2.3728,2.3728,2.3728,2.2941,2.3728,2.3728,2.3728,2.3728,2.3728,2.3728,2.3728,2.3728,2.3728,2.3728,2.3728,2.3728,2.3728,2.1787,1.6548,1.131
2.3762,2.3762,2.3762,2.3762,2.3762,2.3762,2.3762,2.3762,2.3762,2.3762,2.3762,2.3762,2.3762,2.3762,2.3762,1.837,2.1355,2.335,2.3762,2.3762,2.3762,2.3762,2.3762,2.3762,2.3762,2.3762,2.3762
2.3797,2.3797,2.3797,2.3797,2.3797,2.3797,2.3797,2.3797,2.3797,2.3797,2.3797,2.3797,2.3797,2.3797,2.3797,2.3797,2.2378,2.055,1.871,1.687,1.5028,1.3186,1.1344,0.9503,0.7661,0.5819,0.3977
2.3831,2.3831,2.3831,2.3831,2.3831,2.3831,2.3831,2.3831,2.3831,2.3831,2.3831,2.3831,2.3831,2.3831,2.3831,2.3831,2.3831,2.3831,2.3831,2.3831,2.3831,2.3831,2.3831,2.3831,2.3831,2.3831,2.3831
2.3866,2.3866,2.3866,2.3866,2.3866,2.3866,2.3866,2.3866,2.3866,2.3866,2.3866,2.3866,2.3866,2.3866,2.3866,2.3866,2.3866,2.3866,2.3866,2.3866,2.3866,2.3866,2.3866,2.3866,2.3866,2.3866,2.3866
2.3901,2.3901,2.3901,2.3901,2.3901,2.3901,2.3901,2.3901,2.3901,2.3901,2.3901,2.3901,1.7456,2.3901,2.3901,2.3901,2.3901,2.3901,2.2747,2.051,1.8271,1.6032,1.3792,1.1553,0.9314,0.7074,0.4835
2.3936,2.3936,2.3936,2.3936,2.3936,2.3936,2.3936,2.3936,2.3936,2.3936,2.3936,2.3936,2.3936,2.3936,1.6332,1.7123,1.8881,2.0646,2.2422,2.3936,2.3936,2.3936,2.3936,2.3936,2.3936,2.3936,2.3936
2.3971,2.3971,2.3971,2.3971,2.3971,2.3971,2.3971,2.3971,2.3971,2.3971,2.3971,2.3971,2.3971,2.3971,2.3971,2.3971,2.0297,2.3971,2.3971,2.3924,2.1312,1.8701,1.6089,1.3476,1.0864,0.8252,0.564
2.4006,2.4006,2.4006,2.4006,2.4006,2.4006,2.4006,2.4006,2.4006,2.4006,2.4006,2.4006,2.4006,2.4006,2.4006,2.4006,2.4006,2.4006,2.4006,2.4006,2.4006,2.4006,2.4006,2.4006,2.4006,2.4006,2.4006
2.4041,2.4041,2.4041,2.4041,2.4041,2.4041,2.4041,2.4041,2.4041,2.4041,2.4041,2.4041,2.4041,2.4041,2.4041,2.4041,2.0154,2.4041,2.4041,2.4041,2.4041,2.4041,2.4041,2.4041,2.4041,2.4041,2.4041
2.4076,2.4076,2.4076,2.4076,2.4076,2.4076,2.4076,2.4076,2.4076,2.4076,2.4076,2.4076,2.4076,2.4076,2.4048,2.3261,2.1509,1.9753,1.7984,1.6215,1.4445,1.2675,1.0904,0.9134,0.7363,0.5593,0.3823
2.4112,2.4112,2.4112,2.4112,2.4112,2.4112,2.4112,2.4112,2.4112,2.4112,2.4112,2.4112,1.5972,2.0618,2.0346,2.1331,2.3522,2.4112,2.4112,2.4112,2.4112,2.4112,2.4112,2.4112,2.4112,2.4112,2.4112
2.4147,2.4147,2.4147,2.4147,2.4147,2.4147,2.4147,2.4147,2.4147,2.4147,2.4147,2.4147,2.4147,2.4147,2.4147,2.4147,2.4147,2.4147,2.4147,2.4147,2.4147,2.4147,2.4147,2.4147,2.4147,2.4147,2.1493
2.4183,2.4183,2.4183,2.4183,2.4183,2.4183,2.4183,2.4183,2.4183,2.4183,2.4183,1.9433,2.4183,2.4183,2.4183,2.4183,2.4183,2.4183,2.4183,2.4183,2.4183,2.3533,2.0246,1.6959,1.3672,1.0384,0.7097
2.4219,2.4219,2.4219,2.4219,2.4219,2.4219,2.4219,2.4219,2.4219,2.4219,2.4219,2.4219,2.4219,2.4219,0.8424,1.7515,1.9314,2.1119,2.2936,2.4219,2.4219,2.4219,2.4219,2.4219,2.4219,2.4219,2.4219
2.4255,2.4255,2.4255,2.4255,2.4255,2.4255,2.4255,2.4255,2.4255,2.4255,2.4255,2.4255,2.4255,2.4255,2.4255,1.8252,2.3969,2.2011,2.004,1.8069,1.6096,1.4124,1.2151,1.0178,0.8205,0.6232,0.426
2.4291,2.4291,2.4291,2.4291,2.4291,2.4291,2.4291,2.4291,2.4291,2.4291,2.4291,2.4291,2.4291,2.4291,2.4291,2.4291,2.4291,2.4291,2.4291,2.4291,2.4291,2.4291,2.4291,2.4291,2.4291,2.4291,2.4291
2.4327,2.4327,2.4327,2.4327,2.4327,2.4327,2.4327,2.4327,2.4327,2.4327,2.4327,2.4327,2.4327,2.4327,2.4327,2.4327,2.4327,2.4327,2.4327,2.4327,2.4327,2.4327,2.4327,2.4327,2.4327,2.4327,2.4327
2.4363,2.4363,2.4363,2.4363,2.4363,2.4363,2.4363,2.4363,2.4363,2.4363,2.4363,2.4363,2.2545,2.4363,2.4363,2.4363,2.3464,2.1548,1.9618,1.7689,1.5758,1.3827,1.1895,0.9964,0.8033,0.6101,0.417
2.4399,2.4399,2.4399,2.4399,2.4399,2.4399,2.4399,2.4399,2.4399,2.4399,2.4399,2.4399,2.4399,1.1678,1.6788,1.7601,1.9409,2.1222,2.3048,2.4399,2.4399,2.4399,2.4399,2.4399,2.4399,2.4399,2.4399
2.4435,2.4435,2.4435,2.4435,2.4435,2.4435,2.4435,2.4435,2.4435,2.4435,2.4435,2.4435,2.4435,2.4435,2.4435,2.4435,2.4435,2.4418,2.4435,2.4435,2.4435,2.4435,2.1319,1.7857,1.4396,1.0935,0.7473
2.4472,2.4472,2.4472,2.4472,2.4472,2.4472,2.4472,2.4472,2.4472,2.4472,2.4472,2.4472,2.4472,2.4472,2.4472,2.4472,2.4472,2.4472,2.4472,2.4472,2.4472,2.4472,2.4472,2.4472,2.4472,2.4472,1.7717
2.4509,2.4509,2.4509,2.4509,2.4509,2.4509,2.4509,2.4509,2.4509,2.4509,2.4509,2.4509,2.4509,2.4509,2.4509,1.4387,2.2621,2.4509,2.4509,2.4509,2.4509,2.4509,2.4509,2.4509,2.4509,2.4509,2.4509
2.4545,2.4545,2.4545,2.4545,2.4545,2.4545,2.4545,2.4545,2.4545,2.4545,2.4545,2.4545,2.4545,2.4545,1.5814,2.3011,2.1278,1.954,1.779,1.6041,1.4289,1.2538,1.0787,0.9036,0.7284,0.5533,0.3781
2.4582,2.4582,2.4582,2.4582,2.4582,2.4582,2.4582,2.4582,2.4582,2.4582,2.4582,2.0806,2.4582,2.4582,2.4582,2.4582,2.4582,2.4582,2.4582,2.4582,2.4582,2.4582,2.4582,2.4582,2.4582,2.4582,2.4582
2.4619,2.4619,2.4619,2.4619,2.4619,2.4619,2.4619,2.4619,2.4619,2.4619,2.4619,2.4619,2.4619,2.4619,2.4619,2.4619,2.4619,2.4619,2.4619,2.4619,2.4619,2.4619,2.4619,2.4619,2.4619,2.4619,2.4619
2.4656,2.4656,2.4656,2.4656,2.4656,2.4656,2.4656,2.4656,2.4656,2.4656,2.4656,2.1429,2.4656,2.4656,2.4656,2.4656,2.4656,2.4656,2.4656,2.2543,2.0082,1.7621,1.516,1.2699,1.0237,0.7776,0.5314
2.4693,2.4693,2.4693,2.4693,2.4693,2.4693,2.4693,2.4693,2.4693,2.4693,2.4693,2.4693,2.4693,2.4693,1.5909,1.6679,1.8392,2.0111,2.1841,2.3571,2.4693,2.4693,2.4693,2.4693,2.4693,2.4693,2.4693
2.4731,2.4731,2.4731,2.4731,2.4731,2.4731,2.4731,2.4731,2.4731,2.4731,2.4731,2.4731,2.4731,2.4731,2.4731,2.4731,2.2828,2.4731,2.2812,2.0568,1.8323,1.6077,1.3832,1.1586,0.934,0.7095,0.4849
2.4768,2.4768,2.4768,2.4768,2.4768,2.4768,2.4768,2.4768,2.4768,2.4768,2.4768,2.4768,2.4768,2.4768,2.4768,2.4768,2.4768,2.4768,2.4768,2.4768,2.4768,2.4768,2.4768,2.4768,2.4768,2.4768,2.4768
2.4805,2.4805,2.4805,2.4805,2.4805,2.4805,2.4805,2.4805,2.4805,2.4805,2.4805,2.4805,2.4805,2.4805,2.4805,2.4805,1.8381,2.4805,2.4805,2.4805,2.4805,2.4805,2.4805,2.4805,2.4805,2.4805,2.4805
2.4843,2.4843,2.4843,2.4843,2.4843,2.4843,2.4843,2.4843,2.4843,2.4843,2.4843,2.4843,2.4843,1.5733,2.3994,2.3208,2.1461,1.9708,1.7943,1.6178,1.4412,1.2646,1.088,0.9113,0.7347,0.558,0.3814
2.4881,2.4881,2.4881,2.4881,2.4881,2.4881,2.4881,2.4881,2.4881,2.4881,2.4881,2.4881,1.9116,0.9415,1.8188,1.9069,2.1028,2.2993,2.4881,2.4881,2.4881,2.4881,2.4881,2.4881,2.4881,2.4881,2.4881
2.4919,2.4919,2.4919,2.4919,2.4919,2.4919,2.4919,2.4919,2.4919,2.4919,2.4919,2.4919,2.4919,2.4919,2.4919,2.4919,2.4919,2.4919,2.4919,2.4919,2.4919,2.4919,2.4919,2.4919,2.333,1.7721,1.2111
2.4957,2.4957,2.4957,2.4957,2.4957,2.4957,2.4957,2.4957,2.4957,2.4957,2.2835,2.4957,2.4957,2.4957,2.4957,2.4957,2.4957,2.4957,2.4957,2.4957,2.4957,2.4957,2.4957,2.1236,1.712,1.3004,0.8888
2.4995,2.4995,2.4995,2.4995,2.4995,2.4995,2.4995,2.4995,2.4995,2.4995,2.4995,2.4995,2.4995,2.4995,2.4995,1.7924,1.9765,2.1612,2.3471,2.4995,2.4995,2.4995,2.4995,2.4995,2.4995,2.4995,2.4995
2.5033,2.5033,2.5033,2.5033,2.5033,2.5033,2.5033,2.5033,2.5033,2.5033,2.5033,2.5033,2.5033,2.5033,2.5033,2.3898,2.2099,2.0294,1.8477,1.666,1.4841,1.3022,1.1203,0.9384,0.7565,0.5746,0.3927
2.5071,2.5071,2.5071,2.5071,2.5071,2.5071,2.5071,2.5071,2.5071,2.5071,2.5071,2.5071,2.5071,2.5071,2.5071,2.5071,2.5071,2.5071,2.5071,2.5071,2.5071,2.5071,2.5071,2.5071,2.5071,2.5071,2.5071
2.511,2.511,2.511,2.511,2.511,2.511,2.511,2.511,2.511,2.511,2.511,2.511,2.511,2.511,2.511,2.511,2.511,2.511,2.511,2.511,2.511,2.511,2.511,2.511,2.511,2.511,2.511
2.5148,2.5148,2.5148,2.5148,2.5148,2.5148,2.5148,2.5148,2.5148,2.5148,2.5148,2.5148,1.7296,2.5148,2.5148,2.5148,2.4709,2.269,2.0659,1.8627,1.6593,1.456,1.2526,1.0492,0.8459,0.6425,0.4391
2.5187,2.5187,2.5187,2.5187,2.5187,2.5187,2.5187,2.5187,2.5187,2.5187,2.5187,2.5187,2.5187,2.031,1.5894,1.6664,1.8375,2.0092,2.1821,2.355,2.5187,2.5187,2.5187,2.5187,2.5187,2.5187,2.5187
2.5226,2.5226,2.5226,2.5226,2.5226,2.5226,2.5226,2.5226,2.5226,2.5226,2.5226,2.5226,2.5226,2.5226,2.5226,2.5226,2.5226,2.5226,2.5226,2.5226,2.2634,1.986,1.7086,1.4312,1.1538,0.8764,0.599
2.5264,2.5264,2.5264,2.5264,2.5264,2.5264,2.5264,2.5264,2.5264,2.5264,2.5264,2.5264,2.5264,2.5264,2.5264,2.5264,2.5264,2.5264,2.5264,2.5264,2.5264,2.5264,2.5264,2.5264,2.5264,2.5264,2.5264
2.5303,2.5303,2.5303,2.5303,2.5303,2.5303,2.5303,2.5303,2.5303,2.5303,2.5303,2.5303,2.5303,2.5303,2.5303,1.1925,2.1075,2.5303,2.5303,2.5303,2.5303,2.5303,2.5303,2.5303,2.5303,2.5303,2.5303
2.5343,2.5343,2.5343,2.5343,2.5343,2.5343,2.5343,2.5343,2.5343,2.5343,2.5343,2.5343,2.5343,2.5343,2.3078,2.2323,2.0642,1.8956,1.7259,1.5561,1.3862,1.2164,1.0465,0.8766,0.7067,0.5367,0.3668
2.5382,2.5382,2.5382,2.5382,2.5382,2.5382,2.5382,2.5382,2.5382,2.5382,2.5382,2.2278,1.3931,2.1282,2.1001,2.2018,2.4279,2.5382,2.5382,2.5382,2.5382,2.5382,2.5382,2.5382,2.5382,2.5382,2.5382
2.5421,2.5421,2.5421,2.5421,2.5421,2.5421,2.5421,2.5421,2.5421,2.5421,2.5421,2.5421,2.5421,2.5421,2.5421,2.5421,2.5421,2.5421,2.5421,2.5421,2.5421,2.5421,2.5421,2.5421,2.5421,2.5421,2.5421
2.5461,2.5461,2.5461,2.5461,2.5461,2.5461,2.5461,2.5461,2.5461,2.5461,2.5461,1.8663,2.5461,2.5461,2.5461,2.5461,2.5461,2.5461,2.5461,2.5461,2.2937,2.0126,1.7315,1.4504,1.1692,0.8881,0.607
2.55,2.55,2.55,2.55,2.55,2.55,2.55,2.55,2.55,2.55,2.55,2.55,2.55,2.55,0.9767,1.6571,1.8273,1.9981,2.17,2.3419,2.5139,2.55,2.55,2.55,2.55,2.55,2.55
2.554,2.554,2.554,2.554,2.554,2.554,2.554,2.554,2.554,2.554,2.554,2.554,2.554,2.554,2.554,1.7118,2.4226,2.2247,2.0255,1.8263,1.6269,1.4275,1.2281,1.0287,0.8293,0.6299,0.4305
2.558,2.558,2.558,2.558,2.558,2.558,2.558,2.558,2.558,2.558,2.558,2.558,2.558,2.558,2.558,2.558,2.558,2.558,2.558,2.558,2.558,2.558,2.558,2.558,2.558,2.558,2.558
2.562,2.562,2.562,2.562,2.562,2.562,2.562,2.562,2.562,2.562,2.562,2.562,2.562,2.562,2.562,2.562,2.562,2.562,2.562,2.562,2.562,2.562,2.562,2.562,2.562,2.562,2.562
2.566,2.566,2.566,2.566,2.566,2.566,2.566,2.566,2.566,2.566,2.566,2.566,2.566,2.4217,2.4438,2.3638,2.1858,2.0073,1.8275,1.6478,1.4679,1.288,1.1081,0.9282,0.7483,0.5684,0.3885
2.57,2.57,2.57,2.57,2.57,2.57,2.57,2.57,2.57,2.57,2.57,2.57,2.4712,0.8925,1.6681,1.7488,1.9285,2.1087,2.2901,2.4715,2.57,2.57,2.57,2.57,2.57,2.57,2.57
2.5741,2.5741,2.5741,2.5741,2.5741,2.5741,2.5741,2.5741,2.5741,2.5741,2.5741,2.5741,2.5741,2.5741,2.5741,2.5741,2.5741,2.5741,2.5741,2.5741,2.5741,2.5741,2.4059,2.0153,1.6247,1.234,0.8434
2.5781,2.5781,2.5781,2.5781,2.5781,2.5781,2.5781,2.5781,2.5781,2.5781,2.5781,2.5781,2.5781,2.5781,2.5781,2.5781,2.5781,2.5781,2.5781,2.5781,2.5781,2.5781,2.5781,2.5781,2.392,1.8169,1.2418
2.5822,2.5822,2.5822,2.5822,2.5822,2.5822,2.5822,2.5822,2.5822,2.5822,2.5822,2.5822,2.5822,2.5822,2.5822,1.5783,2.0694,2.2628,2.4575,2.5822,2.5822,2.5822,2.5822,2.5822,2.5822,2.5822,2.5822
2.5863,2.5863,2.5863,2.5863,2.5863,2.5863,2.5863,2.5863,2.5863,2.5863,2.5863,2.5863,2.5863,2.5863,2.5863,2.2523,2.0828,1.9126,1.7414,1.5701,1.3987,1.2273,1.0559,0.8844,0.713,0.5416,0.3701
2.5904,2.5904,2.5904,2.5904,2.5904,2.5904,2.5904,2.5904,2.5904,2.5904,2.5904,2.5904,2.5904,2.5904,2.5904,2.5904,2.5904,2.5904,2.5904,2.5904,2.5904,2.5904,2.5904,2.5904,2.5904,2.5904,2.5904
2.5945,2.5945,2.5945,2.5945,2.5945,2.5945,2.5945,2.5945,2.5945,2.5945,2.5945,2.5945,2.5945,2.5945,2.5945,2.5945,2.5945,2.5945,2.5945,2.5945,2.5945,2.5945,2.5945,2.5945,2.5945,2.5945,2.5945
2.5986,2.5986,2.5986,2.5986,2.5986,2.5986,2.5986,2.5986,2.5986,2.5986,2.5986,2.2618,2.5986,2.5986,2.5986,2.5986,2.5986,2.4553,2.2354,2.0156,1.7955,1.5755,1.3554,1.1354,0.9153,0.6952,0.4752
2.6027,2.6027,2.6027,2.6027,2.6027,2.6027,2.6027,2.6027,2.6027,2.6027,2.6027,2.6027,2.6027,2.6027,1.5354,1.6097,1.7751,1.9409,2.1079,2.2749,2.442,2.6027,2.6027,2.6027,2.6027,2.6027,2.6027
2.6068,2.6068,2.6068,2.6068,2.6068,2.6068,2.6068,2.6068,2.6068,2.6068,2.6068,2.6068,2.6068,2.6068,2.6068,2.6068,2.0116,2.6068,2.3741,2.1406,1.9069,1.6732,1.4395,1.2058,0.9721,0.7383,0.5046
2.611,2.611,2.611,2.611,2.611,2.611,2.611,2.611,2.611,2.611,2.611,2.611,2.611,2.611,2.611,2.611,2.611,2.611,2.611,2.611,2.611,2.611,2.611,2.611,2.611,2.611,2.611
2.6152,2.6152,2.6152,2.6152,2.6152,2.6152,2.6152,2.6152,2.6152,2.6152,2.6152,2.6152,2.6152,2.6152,2.6152,2.6152,1.8194,2.6092,2.6152,2.6152,2.6152,2.6152,2.6152,2.6152,2.6152,2.6152,2.6152
2.6193,2.6193,2.6193,2.6193,2.6193,2.6193,2.6193,2.6193,2.6193,2.6193,2.6193,2.6193,2.6193,2.3486,2.2831,2.2084,2.0421,1.8753,1.7074,1.5395,1.3714,1.2033,1.0352,0.8672,0.6991,0.531,0.3629
2.6235,2.6235,2.6235,2.6235,2.6235,2.6235,2.6235,2.6235,2.6235,2.6235,2.6235,2.5876,1.6182,1.8757,1.8509,1.9405,2.1399,2.3398,2.5411,2.6235,2.6235,2.6235,2.6235,2.6235,2.6235,2.6235,2.6235
2.6277,2.6277,2.6277,2.6277,2.6277,2.6277,2.6277,2.6277,2.6277,2.6277,2.6277,2.6277,2.6277,2.6277,2.6277,2.6277,2.6277,2.6277,2.6277,2.6277,2.6277,2.6277,2.6277,2.6277,2.6277,2.3141,1.5816
2.632,2.632,2.632,2.632,2.632,2.632,2.632,2.632,2.632,2.632,2.3022,2.632,2.632,2.632,2.632,2.632,2.632,2.632,2.632,2.632,2.632,2.421,2.0828,1.7447,1.4065,1.0683,0.7301
2.6362,2.6362,2.6362,2.6362,2.6362,2.6362,2.6362,2.6362,2.6362,2.6362,2.6362,2.6362,2.6362,2.6362,0.808,1.6799,1.8525,2.0256,2.1998,2.3741,2.5485,2.6362,2.6362,2.6362,2.6362,2.6362,2.6362
2.6405,2.6405,2.6405,2.6405,2.6405,2.6405,2.6405,2.6405,2.6405,2.6405,2.6405,2.6405,2.6405,2.6405,2.6405,1.9165,2.2091,2.0287,1.847,1.6654,1.4836,1.3017,1.1199,0.9381,0.7563,0.5744,0.3926
2.6447,2.6447,2.6447,2.6447,2.6447,2.6447,2.6447,2.6447,2.6447,2.6447,2.6447,2.6447,2.6447,2.6447,2.6447,2.6447,2.6447,2.6447,2.6447,2.6447,2.6447,2.6447,2.6447,2.6447,2.6447,2.6447,2.6447
2.649,2.649,2.649,2.649,2.649,2.649,2.649,2.649,2.649,2.649,2.649,2.649,2.649,2.649,2.649,2.649,2.649,2.649,2.649,2.649,2.649,2.649,2.649,2.649,2.649,2.649,2.649
2.6533,2.6533,2.6533,2.6533,2.6533,2.6533,2.6533,2.6533,2.6533,2.6533,2.6533,2.6533,1.9251,2.5215,2.5445,2.4612,2.2759,2.09,1.9029,1.7157,1.5284,1.3411,1.1538,0.9664,0.7791,0.5918,0.4045
2.6576,2.6576,2.6576,2.6576,2.6576,2.6576,2.6576,2.6576,2.6576,2.6576,2.6576,2.6576,2.6576,1.3233,1.5646,1.6403,1.8088,1.9778,2.148,2.3181,2.4884,2.6576,2.6576,2.6576,2.6576,2.6576,2.6576
2.6619,2.6619,2.6619,2.6619,2.6619,2.6619,2.6619,2.6619,2.6619,2.6619,2.6619,2.6619,2.6619,2.6619,2.6619,2.6619,2.6619,2.3833,2.6619,2.6619,2.4587,2.1573,1.856,1.5547,1.2533,0.952,0.6506
2.6662,2.6662,2.6662,2.6662,2.6662,2.6662,2.6662,2.6662,2.6662,2.5678,2.6662,2.6662,2.6662,2.6662,2.6662,2.6662,2.6662,2.6662,2.6662,2.6662,2.6662,2.6662,2.6662,2.6662,2.6662,2.6662,2.1949
2.6706,2.6706,2.6706,2.6706,2.6706,2.6706,2.6706,2.6706,2.6706,2.6706,2.6706,2.6706,2.6706,2.6706,2.6706,1.271,2.2233,2.4311,2.6402,2.6706,2.6706,2.6706,2.6706,2.6706,2.6706,2.6706,2.6706
2.575,2.6417,2.6749,2.6749,2.6749,2.6749,2.6749,2.6749,2.6749,2.6749,2.6749,2.6749,2.6749,2.6749,2.2396,2.1662,2.0031,1.8395,1.6748,1.5101,1.3452,1.1804,1.0155,0.8506,0.6857,0.5209,0.356
2.6793,2.6793,2.6793,2.6793,2.6793,2.6793,2.6793,2.6793,2.6793,2.6793,2.6793,1.9815,1.4077,2.2337,2.2043,2.311,2.5484,2.6793,2.6793,2.6793,2.6793,2.6793,2.6793,2.6793,2.6793,2.6793,2.6793
2.6837,2.6837,2.6837,2.6837,2.6837,2.6837,2.6837,2.6837,2.6837,2.6837,2.6837,2.6837,2.6837,2.6837,2.6837,2.6837,2.6837,2.6837,2.6837,2.6837,2.6837,2.6837,2.6837,2.6837,2.6837,2.6837,2.6837
2.6881,2.6881,2.6881,2.6881,2.6881,2.6881,2.6881,2.6881,2.6881,2.6881,2.6583,1.9338,2.6881,2.6881,2.6881,2.6881,2.6881,2.6881,2.4995,2.2537,2.0077,1.7616,1.5155,1.2695,1.0234,0.7774,0.5313
2.6925,2.6925,2.6925,2.6925,2.6925,2.6925,2.6925,2.6925,2.6925,2.6925,2.6925,2.6925,2.6925,2.6925,1.5124,1.5856,1.7484,1.9118,2.0763,2.2408,2.4054,2.57,2.6925,2.6925,2.6925,2.6925,2.6925
2.697,2.697,2.697,2.697,2.697,2.697,2.697,2.697,2.697,2.697,2.697,2.697,2.697,2.697,2.697,2.697,2.3072,2.2796,2.0755,1.8714,1.6671,1.4628,1.2584,1.0541,0.8498,0.6455,0.4412
2.7014,2.7014,2.7014,2.7014,2.7014,2.7014,2.7014,2.7014,2.7014,2.7014,2.7014,2.7014,2.7014,2.7014,2.7014,2.7014,2.7014,2.7014,2.7014,2.7014,2.7014,2.7014,2.7014,2.7014,2.7014,2.7014,2.7014
2.7059,2.7059,2.7059,2.7059,2.7059,2.7059,2.7059,2.7059,2.7059,2.7059,2.7059,2.7059,2.7059,2.7059,2.7059,2.7059,2.7059,2.3251,2.7059,2.7059,2.7059,2.7059,2.7059,2.7059,2.7059,2.7059,2.7059
2.6489,2.7103,2.7103,2.7103,2.7103,2.7103,2.7103,2.7103,2.7103,2.7103,2.7103,2.7103,2.7103,1.5106,2.3038,2.2284,2.0606,1.8923,1.7228,1.5534,1.3838,1.2142,1.0446,0.875,0.7054,0.5358,0.3662
2.7148,2.7148,2.7148,2.7148,2.7148,2.7148,2.7148,2.7148,2.7148,2.7148,2.7148,2.7148,1.9934,0.8683,1.6775,1.7587,1.9394,2.1206,2.3031,2.4855,2.6681,2.7148,2.7148,2.7148,2.7148,2.7148,2.7148
2.7193,2.7193,2.7193,2.7193,2.7193,2.7193,2.7193,2.7193,2.7193,2.7193,2.7193,2.7193,2.7193,2.7193,2.7193,2.7193,2.7193,2.7193,2.7193,2.7193,2.7193,2.7193,2.7193,2.3708,1.9112,1.4517,0.9922
2.7239,2.7239,2.7239,2.7239,2.7239,2.7239,2.7239,2.7239,2.7239,2.696,2.1185,2.7239,2.7239,2.7239,2.7239,2.7239,2.7239,2.7239,2.7239,2.7239,2.7239,2.7239,2.7091,2.2693,1.8294,1.3896,0.9497
2.7284,2.7284,2.7284,2.7284,2.7284,2.7284,2.7284,2.7284,2.7284,2.7284,2.7284,2.7284,2.7284,2.7284,2.7284,1.7398,1.9185,2.0977,2.2782,2.4587,2.6393,2.7284,2.7284,2.7284,2.7284,2.7284,2.7284
2.6501,2.7187,2.7329,2.7329,2.7329,2.7329,2.7329,2.7329,2.7329,2.7329,2.7329,2.7329,2.7329,2.7329,2.7329,2.2294,2.0615,1.8932,1.7236,1.5541,1.3845,1.2148,1.0451,0.8754,0.7057,0.5361,0.3664
2.7375,2.7375,2.7375,2.7375,2.7375,2.7375,2.7375,2.7375,2.7375,2.7375,2.7375,2.7375,2.7375,2.7375,2.7375,2.7375,2.7375,2.7375,2.7375,2.7375,2.7375,2.7375,2.7375,2.7375,2.7375,2.7375,2.7375
2.7421,2.7421,2.7421,2.7421,2.7421,2.7421,2.7421,2.7421,2.7421,2.7421,2.7421,2.7421,2.7421,2.7421,2.7421,2.7421,2.7421,2.7421,2.7421,2.7421,2.7421,2.7421,2.7421,2.7421,2.7421,2.7421,2.7421
2.7467,2.7467,2.7467,2.7467,2.7467,2.7467,2.7467,2.7467,2.7467,2.7467,2.7467,2.436,1.5582,2.6907,2.7153,2.6264,2.4286,2.2303,2.0306,1.8308,1.631,1.4311,1.2312,1.0313,0.8314,0.6315,0.4316
2.7513,2.7513,2.7513,2.7513,2.7513,2.7513,2.7513,2.7513,2.7513,2.7513,2.7513,2.7513,2.7513,2.7513,1.4979,1.5704,1.7317,1.8936,2.0565,2.2194,2.3824,2.5455,2.7085,2.7513,2.7513,2.7513,2.7513
2.7559,2.7559,2.7559,2.7559,2.7559,2.7559,2.7559,2.7559,2.7559,2.7559,2.7559,2.7559,2.7559,2.7559,2.7559,2.7559,1.8799,2.588,2.5141,2.2668,2.0193,1.7719,1.5244,1.2769,1.0294,0.7819,0.5344
2.7606,2.7606,2.7606,2.7606,2.7606,2.7606,2.7606,2.7606,2.7606,2.7606,2.7606,2.7606,2.7606,2.7606,2.7606,2.7606,2.7606,2.7606,2.7606,2.7606,2.7606,2.7606,2.7606,2.7606,2.7606,2.7606,2.7606
2.7652,2.7652,2.7652,2.7652,2.7652,2.7652,2.7652,2.7652,2.7652,2.7652,2.7652,2.7652,2.7652,2.7652,2.7652,1.1774,1.9,2.693,2.7652,2.7652,2.7652,2.7652,2.7652,2.7652,2.7652,2.7652,2.7652
2.5252,2.5906,2.7361,2.7699,2.7699,2.7699,2.7699,2.7699,2.7699,2.7699,2.7699,2.7699,2.7699,2.7699,2.1962,2.1243,1.9644,1.8039,1.6424,1.4809,1.3192,1.1575,0.9958,0.8342,0.6725,0.5108,0.3491
2.7746,2.7746,2.7746,2.7746,2.7746,2.7746,2.7746,2.7746,2.7746,2.7746,2.7746,2.2469,1.4051,1.9355,1.91,2.0025,2.2081,2.4145,2.6222,2.7746,2.7746,2.7746,2.7746,2.7746,2.7746,2.7746,2.7746
2.7793,2.7793,2.7793,2.7793,2.7793,2.7793,2.7793,2.7793,2.7793,2.7793,2.7793,2.7793,2.7793,2.7793,2.7793,2.7793,2.7793,2.7793,2.7793,2.7793,2.7793,2.7793,2.7793,2.7793,2.7793,2.7793,2.3902
2.784,2.784,2.784,2.784,2.784,2.784,2.784,2.784,2.784,2.784,2.351,1.7103,2.784,2.784,2.784,2.784,2.784,2.784,2.784,2.6287,2.3417,2.0547,1.7677,1.4807,1.1937,0.9067,0.6197
2.7888,2.7888,2.7888,2.7888,2.7888,2.7888,2.7888,2.7888,2.7888,2.7888,2.7888,2.7888,2.7888,2.7888,0.766,1.5925,1.7561,1.9202,2.0854,2.2506,2.4159,2.5813,2.7466,2.7888,2.7888,2.7888,2.7888
2.7935,2.7935,2.7935,2.7935,2.7935,2.7935,2.7935,2.7935,2.7935,2.7935,2.7935,2.7935,2.7935,2.7935,2.7935,1.5793,2.2351,2.0525,1.8687,1.6849,1.501,1.317,1.1331,0.9491,0.7651,0.5812,0.3972
2.7983,2.7983,2.7983,2.7983,2.7983,2.7983,2.7983,2.7983,2.7983,2.7983,2.7983,2.7983,2.7983,2.7983,2.7983,2.7983,2.7983,2.7983,2.7983,2.7983,2.7983,2.7983,2.7983,2.7983,2.7983,2.7983,2.7983
2.8031,2.8031,2.8031,2.8031,2.8031,2.8031,2.8031,2.8031,2.8031,2.8031,2.8031,2.8031,2.8031,2.8031,2.8031,2.8031,2.8031,2.8031,2.8031,2.8031,2.8031,2.8031,2.8031,2.8031,2.8031,2.8031,2.8031
2.7288,2.7995,2.8079,2.8079,2.8079,2.8079,2.8079,2.8079,2.8079,2.8079,2.8079,2.8079,2.2186,2.3519,2.3733,2.2956,2.1228,1.9494,1.7748,1.6003,1.4256,1.2509,1.0761,0.9014,0.7267,0.552,0.3772
2.8127,2.8127,2.8127,2.8127,2.8127,2.8127,2.8127,2.8127,2.8127,2.8127,2.8127,2.8127,2.6956,0.9736,1.5571,1.6325,1.8002,1.9684,2.1377,2.3071,2.4766,2.6461,2.8127,2.8127,2.8127,2.8127,2.8127
2.8175,2.8175,2.8175,2.8175,2.8175,2.8175,2.8175,2.8175,2.8175,2.8175,2.8175,2.8175,2.8175,2.8175,2.8175,2.8175,2.8175,2.22,2.8175,2.8175,2.7431,2.4069,2.0707,1.7345,1.3983,1.0621,0.7259
2.8224,2.8224,2.8224,2.8224,2.8224,2.8224,2.8224,2.8224,2.8224,2.5364,2.8224,2.8224,2.8224,2.8224,2.8224,2.8224,2.8224,2.8224,2.8224,2.8224,2.8224,2.8224,2.8224,2.8224,2.7381,2.0798,1.4214
2.8273,2.8273,2.8273,2.8273,2.8273,2.8273,2.8273,2.8273,2.8273,2.8273,2.8273,2.8273,2.8273,2.8273,2.8273,1.3844,2.034,2.2241,2.4154,2.6068,2.7983,2.8273,2.8273,2.8273,2.8273,2.8273,2.8273
2.5253,2.5906,2.7362,2.8322,2.8322,2.8322,2.8322,2.8322,2.8322,2.8322,2.8322,2.8322,2.8322,2.8322,1.46,2.1244,1.9644,1.804,1.6424,1.4809,1.3192,1.1576,0.9959,0.8342,0.6725,0.5108,0.3491
2.8371,2.8371,2.8371,2.8371,2.8371,2.8371,2.8371,2.8371,2.8371,2.8371,2.4708,2.8371,2.6729,2.3878,2.3563,2.4704,2.7241,2.8371,2.8371,2.8371,2.8371,2.8371,2.8371,2.8371,2.8371,2.8371,2.8371
2.842,2.842,2.842,2.842,2.842,2.842,2.842,2.842,2.842,2.842,2.842,2.842,2.842,2.842,2.842,2.842,2.842,2.842,2.842,2.842,2.842,2.842,2.842,2.842,2.842,2.842,2.842
2.8469,2.8469,2.8469,2.8469,2.8469,2.8469,2.8469,2.8469,2.8469,2.8469,2.7986,2.0358,2.7109,2.8469,2.8469,2.8469,2.6671,2.4492,2.2299,2.0106,1.7911,1.5716,1.3521,1.1326,0.913,0.6935,0.474
2.8519,2.8519,2.8519,2.8519,2.8519,2.8519,2.8519,2.8519,2.8519,2.8519,2.8519,2.8519,2.8519,2.8519,1.4623,1.5331,1.6906,1.8486,2.0076,2.1666,2.3258,2.485,2.6442,2.8034,2.8519,2.8519,2.8519
2.8568,2.8568,2.8568,2.8568,2.8568,2.8568,2.8568,2.8568,2.8568,2.8568,2.8568,2.8568,2.8568,2.8568,2.8568,2.8568,2.0251,2.3694,2.1572,1.9451,1.7327,1.5204,1.308,1.0956,0.8833,0.6709,0.4585
2.8618,2.8618,2.8618,2.8618,2.8618,2.8618,2.8618,2.8618,2.8618,2.8618,2.8618,2.8618,2.8618,2.8618,2.8618,2.8618,2.8618,2.8618,2.8618,2.8618,2.8618,2.8618,2.8618,2.8618,2.8618,2.8618,2.8618
2.8668,2.8668,2.8668,2.8668,2.8668,2.8668,2.8668,2.8668,2.8668,2.8668,2.8668,2.8668,2.8668,2.8668,2.8668,2.8668,1.6666,2.3901,2.8668,2.8668,2.8668,2.8668,2.8668,2.8668,2.8668,2.8668,2.8668
2.5245,2.5898,2.7353,2.8719,2.8719,2.8719,2.8719,2.8719,2.8719,2.8719,2.8719,2.8719,2.8719,1.649,2.1956,2.1237,1.9638,1.8034,1.6419,1.4805,1.3188,1.1572,0.9956,0.8339,0.6723,0.5106,0.349
2.8769,2.8769,2.8769,2.8769,2.8769,2.8769,2.8769,2.8769,2.8769,2.8769,2.8769,2.6701,1.6698,1.7304,1.7075,1.7902,1.9741,2.1586,2.3443,2.53,2.7158,2.8769,2.8769,2.8769,2.8769,2.8769,2.8769
2.882,2.882,2.882,2.882,2.882,2.882,2.882,2.882,2.882,2.882,2.882,2.882,2.882,2.882,2.882,2.882,2.882,2.882,2.882,2.882,2.882,2.882,2.882,2.882,2.3856,1.812,1.2384
2.887,2.887,2.887,2.887,2.887,2.887,2.887,2.887,2.887,2.72,2.1374,2.887,2.887,2.887,2.887,2.887,2.887,2.887,2.887,2.887,2.887,2.5433,2.188,1.8328,1.4775,1.1223,0.767
2.8921,2.8921,2.8921,2.8921,2.8921,2.8921,2.8921,2.8921,2.8921,2.8921,2.8921,2.8921,2.8921,2.8921,0.785,1.6321,1.7998,1.968,2.1373,2.3066,2.476,2.6455,2.815,2.8921,2.8921,2.8921,2.8921
2.6519,2.7205,2.8733,2.8973,2.8973,2.8973,2.8973,2.8973,2.8973,2.8973,2.8973,2.8973,2.8973,2.8973,2.8973,2.0641,2.0629,1.8944,1.7248,1.5551,1.3854,1.2156,1.0458,0.876,0.7062,0.5364,0.3666
2.9024,2.9024,2.9024,2.9024,2.9024,2.9024,2.9024,2.9024,2.9024,2.9024,2.9024,2.9024,2.9024,2.9024,2.9024,2.9024,2.9024,2.9024,2.9024,2.9024,2.9024,2.9024,2.9024,2.9024,2.9024,2.9024,2.9024
2.9075,2.9075,2.9075,2.9075,2.9075,2.9075,2.9075,2.9075,2.9075,2.9075,2.9075,2.9075,2.9075,2.9075,2.9075,2.9075,2.9075,2.9075,2.9075,2.9075,2.9075,2.9075,2.9075,2.9075,2.9075,2.9075,2.9075
2.8753,2.9127,2.9127,2.9127,2.9127,2.9127,2.9127,2.9127,2.9127,2.9127,2.9127,2.686,1.6797,2.4781,2.5007,2.4189,2.2367,2.054,1.8701,1.6862,1.5021,1.318,1.1339,0.9498,0.7657,0.5816,0.3975
2.9179,2.9179,2.9179,2.9179,2.9179,2.9179,2.9179,2.9179,2.9179,2.9179,2.9179,2.9179,2.9179,1.5814,1.4765,1.548,1.707,1.8665,2.0271,2.1876,2.3484,2.5091,2.6698,2.8305,2.9179,2.9179,2.9179
2.9231,2.9231,2.9231,2.9231,2.9231,2.9231,2.9231,2.9231,2.9231,2.9231,2.9231,2.9231,2.9231,2.9231,2.9231,2.9231,2.9231,2.3577,2.7146,2.4476,2.1804,1.9132,1.6459,1.3787,1.1115,0.8442,0.577
2.9283,2.9283,2.9283,2.9283,2.9283,2.9283,2.9283,2.9283,2.9283,2.9283,2.9283,2.9283,2.9283,2.9283,2.9283,2.9283,2.9283,2.9283,2.9283,2.9283,2.9283,2.9283,2.9283,2.9283,2.9283,2.9283,2.9283
2.9336,2.9336,2.9336,2.9336,2.9336,2.9336,2.9336,2.9336,2.9336,2.9336,2.9336,2.9336,2.9336,2.9336,2.9336,1.1415,2.0174,2.4227,2.6312,2.8396,2.9336,2.9336,2.9336,2.9336,2.9336,2.9336,2.9336
2.4539,2.5175,2.6589,2.9021,2.9388,2.9388,2.9388,2.9388,2.9388,2.9388,2.9388,2.9388,2.9388,2.9388,2.1342,2.0644,1.9089,1.753,1.596,1.4391,1.282,1.1249,0.9677,0.8106,0.6535,0.4964,0.3392
2.9441,2.9441,2.9441,2.9441,2.9441,2.9441,2.9441,2.9441,2.9441,2.9441,2.7377,1.9915,1.2773,2.0268,2.0001,2.097,2.3123,2.5284,2.7459,2.9441,2.9441,2.9441,2.9441,2.9441,2.9441,2.9441,2.9441
2.9494,2.9494,2.9494,2.9494,2.9494,2.9494,2.9494,2.9494,2.9494,2.9494,2.9494,2.9494,2.9494,2.9494,2.9494,2.9494,2.9494,2.9494,2.9494,2.9494,2.9494,2.9494,2.9494,2.9494,2.9494,2.9494,2.9494
2.9547,2.9547,2.9547,2.9547,2.9547,2.9547,2.9547,2.9547,2.9547,2.9547,2.433,1.7699,2.9547,2.9547,2.9547,2.9547,2.9547,2.787,2.5374,2.2879,2.0381,1.7883,1.5385,1.2887,1.0389,0.7891,0.5393
2.9601,2.9601,2.9601,2.9601,2.9601,2.9601,2.9601,2.9601,2.9601,2.9601,2.9601,2.9601,2.9601,2.9601,1.0911,1.5256,1.6823,1.8395,1.9977,2.156,2.3144,2.4728,2.6312,2.7896,2.948,2.9601,2.9601
2.9426,2.9654,2.9654,2.9654,2.9654,2.9654,2.9654,2.9654,2.9654,2.9654,2.9654,2.9654,2.9654,2.9654,2.9654,2.9654,2.2891,2.1021,1.9139,1.7257,1.5373,1.3489,1.1605,0.972,0.7836,0.5952,0.4068
2.9708,2.9708,2.9708,2.9708,2.9708,2.9708,2.9708,2.9708,2.9708,2.9708,2.9708,2.9708,2.9708,2.9708,2.9708,2.9708,2.9708,2.9708,2.9708,2.9708,2.9708,2.9708,2.9708,2.9708,2.9708,2.9708,2.9708
2.9762,2.9762,2.9762,2.9762,2.9762,2.9762,2.9762,2.9762,2.9762,2.9762,2.9762,2.9762,2.9762,2.9762,2.9762,2.9762,2.9762,2.2874,2.8114,2.9762,2.9762,2.9762,2.9762,2.9762,2.9762,2.9762,2.9762
2.5742,2.6409,2.7892,2.9816,2.9816,2.9816,2.9816,2.9816,2.9816,2.9816,2.9816,2.9816,2.6809,2.2186,2.2389,2.1656,2.0025,1.839,1.6743,1.5096,1.3448,1.18,1.0152,0.8504,0.6855,0.5207,0.3559
2.9871,2.9871,2.9871,2.9871,2.9871,2.9871,2.9871,2.9871,2.9871,2.9871,2.9871,2.9871,2.1252,0.8109,1.5666,1.6425,1.8112,1.9804,2.1508,2.3212,2.4917,2.6622,2.8328,2.9871,2.9871,2.9871,2.9871
2.9925,2.9925,2.9925,2.9925,2.9925,2.9925,2.9925,2.9925,2.9925,2.9925,2.9925,2.9925,2.9925,2.9925,2.9925,2.9925,2.9925,2.9925,2.6838,2.9925,2.9925,2.7775,2.3895,2.0015,1.6136,1.2256,0.8377
2.998,2.998,2.998,2.998,2.998,2.998,2.998,2.998,2.998,2.5318,1.9895,2.998,2.998,2.998,2.998,2.998,2.998,2.998,2.998,2.998,2.998,2.998,2.9782,2.4946,2.0111,1.5276,1.044
3.0035,3.0035,3.0035,3.0035,3.0035,3.0035,3.0035,3.0035,3.0035,3.0035,3.0035,3.0035,3.0035,3.0035,3.0035,1.5474,1.8852,2.0613,2.2386,2.416,2.5935,2.771,2.9485,3.0035,3.0035,3.0035,3.0035
2.5018,2.5665,2.7107,2.9586,3.009,3.009,3.009,3.009,3.009,3.009,3.009,3.009,3.009,3.009,3.009,2.1046,1.9461,1.7872,1.6272,1.4671,1.3069,1.1468,0.9866,0.8264,0.6662,0.506,0.3459
3.0145,3.0145,3.0145,3.0145,3.0145,3.0145,3.0145,3.0145,3.0145,3.0145,3.0145,3.0145,2.9176,2.6064,2.572,2.6965,2.9735,3.0145,3.0145,3.0145,3.0145,3.0145,3.0145,3.0145,3.0145,3.0145,3.0145
3.0201,3.0201,3.0201,3.0201,3.0201,3.0201,3.0201,3.0201,3.0201,3.0201,3.0201,3.0201,3.0201,3.0201,3.0201,3.0201,3.0201,3.0201,3.0201,3.0201,3.0201,3.0201,3.0201,3.0201,3.0201,3.0201,3.0201
3.0257,3.0257,3.0257,3.0257,3.0257,3.0257,3.0257,3.0257,3.0257,3.0257,2.9987,2.1814,1.5515,2.6791,2.7035,2.615,2.4181,2.2206,2.0218,1.8229,1.6239,1.4249,1.2259,1.0268,0.8278,0.6288,0.4297
3.0313,3.0313,3.0313,3.0313,3.0313,3.0313,3.0313,3.0313,3.0313,3.0313,3.0313,3.0313,3.0313,3.0313,1.428,1.4972,1.651,1.8052,1.9605,2.1159,2.2713,2.4267,2.5822,2.7377,2.8931,3.0313,3.0313
3.0369,3.0369,3.0369,3.0369,3.0369,3.0369,3.0369,3.0369,3.0369,3.0369,3.0369,3.0369,3.0369,3.0369,3.0369,3.0369,1.8111,2.5007,2.2768,2.0529,1.8287,1.6046,1.3805,1.1564,0.9322,0.7081,0.4839
3.0425,3.0425,3.0425,3.0425,3.0425,3.0425,3.0425,3.0425,3.0425,3.0425,3.0425,3.0425,3.0425,3.0425,3.0425,3.0425,3.0425,3.0425,3.0425,3.0425,3.0425,3.0425,3.0425,3.0425,3.0425,3.0425,3.0425
3.0482,3.0482,3.0482,3.0482,3.0482,3.0482,3.0482,3.0482,3.0482,3.0482,3.0482,3.0482,3.0482,3.0482,3.0482,3.0482,1.7368,2.4906,2.9621,3.0482,3.0482,3.0482,3.0482,3.0482,3.0482,3.0482,3.0482
2.4305,2.4934,2.6335,2.8743,3.0539,3.0539,3.0539,3.0539,3.0539,3.0539,3.0539,3.0539,3.0539,2.8082,2.1138,2.0446,1.8907,1.7363,1.5808,1.4253,1.2697,1.1141,0.9585,0.8029,0.6472,0.4916,0.336
3.0596,3.0596,3.0596,3.0596,3.0596,3.0596,3.0596,3.0596,3.0596,3.0596,3.0596,2.301,1.4389,1.7834,1.7599,1.8451,2.0346,2.2247,2.4161,2.6075,2.7991,2.9906,3.0596,3.0596,3.0596,3.0596,3.0596
3.0653,3.0653,3.0653,3.0653,3.0653,3.0653,3.0653,3.0653,3.0653,3.0653,3.0653,3.0653,3.0653,3.0653,3.0653,3.0653,3.0653,3.0653,3.0653,3.0653,3.0653,3.0653,3.0653,3.0653,3.0653,2.4912,1.7026
3.071,3.071,3.071,3.071,3.071,3.071,3.071,3.071,3.071,2.776,2.1815,3.071,3.071,3.071,3.071,3.071,3.071,3.071,3.0273,2.7295,2.4315,2.1335,1.8355,1.5375,1.2395,0.9415,0.6435
3.0768,3.0768,3.0768,3.0768,3.0768,3.0768,3.0768,3.0768,3.0768,3.0768,3.0768,3.0768,3.0768,3.0768,0.7445,1.5479,1.7069,1.8664,2.0269,2.1875,2.3482,2.5089,2.6696,2.8304,2.9911,3.0768,3.0768
2.6827,2.7521,2.9067,3.0826,3.0826,3.0826,3.0826,3.0826,3.0826,3.0826,3.0826,3.0826,3.0826,3.0826,3.0826,1.6682,2.0869,1.9164,1.7448,1.5732,1.4015,1.2297,1.0579,0.8862,0.7144,0.5426,0.3709
3.0884,3.0884,3.0884,3.0884,3.0884,3.0884,3.0884,3.0884,3.0884,3.0884,3.0884,3.0884,3.0884,3.0884,3.0884,3.0884,3.0884,3.0884,3.0884,3.0884,3.0884,3.0884,3.0884,3.0884,3.0884,3.0884,3.0884
3.0942,3.0942,3.0942,3.0942,3.0942,3.0942,3.0942,3.0942,3.0942,3.0942,3.0942,3.0942,3.0942,3.0942,3.0942,3.0942,3.0942,3.0942,3.0942,3.0942,3.0942,3.0942,3.0942,3.0942,3.0942,3.0942,3.0942
2.6809,2.7503,2.9048,3.1001,3.1001,3.1001,3.1001,3.1001,3.1001,3.1001,3.1001,3.0485,1.9063,2.3106,2.3316,2.2553,2.0855,1.9151,1.7437,1.5722,1.4005,1.2289,1.0572,0.8856,0.7139,0.5423,0.3706
3.106,3.106,3.106,3.106,3.106,3.106,3.106,3.106,3.106,3.106,3.106,3.106,3.0393,1.0977,1.4701,1.5413,1.6996,1.8584,2.0183,2.1782,2.3382,2.4982,2.6582,2.8183,2.9783,3.106,3.106
3.1119,3.1119,3.1119,3.1119,3.1119,3.1119,3.1119,3.1119,3.1119,3.1119,3.1119,3.1119,3.1119,3.1119,3.1119,3.1119,3.1119,2.1769,2.8355,2.7037,2.4085,2.1133,1.8181,1.5229,1.2278,0.9326,0.6374
3.1178,3.1178,3.1178,3.1178,3.1178,3.1178,3.1178,3.1178,2.9224,2.4069,3.1178,3.1178,3.1178,3.1178,3.1178,3.1178,3.1178,3.1178,3.1178,3.1178,3.1178,3.1178,3.1178,3.1178,3.1178,2.5115,1.7165
3.1237,3.1237,3.1237,3.1237,3.1237,3.1237,3.1237,3.1237,3.1237,3.1237,3.1237,3.1237,3.1237,3.1237,3.1237,1.2351,2.0234,2.2125,2.4028,2.5932,2.7837,2.9742,3.1237,3.1237,3.1237,3.1237,3.1237
2.408,2.4704,2.6091,2.8478,3.1014,3.1297,3.1297,3.1297,3.1297,3.1297,3.1297,3.1297,3.1297,3.1297,1.5071,2.0257,1.8732,1.7202,1.5662,1.4121,1.258,1.1038,0.9496,0.7954,0.6413,0.4871,0.3329
3.1357,3.1357,3.1357,3.1357,3.1357,3.1357,3.1357,3.1357,3.1357,3.1357,2.4686,1.7958,2.4145,2.1569,2.1285,2.2315,2.4607,2.6907,2.9221,3.1357,3.1357,3.1357,3.1357,3.1357,3.1357,3.1357,3.1357
3.1417,3.1417,3.1417,3.1417,3.1417,3.1417,3.1417,3.1417,3.1417,3.1417,3.1417,3.1417,3.1417,3.1417,3.1417,3.1417,3.1417,3.1417,3.1417,3.1417,3.1417,3.1417,3.1417,3.1417,3.1417,3.1417,3.1417
3.1477,3.1477,3.1477,3.1477,3.1477,3.1477,3.1477,3.1477,3.1477,3.1477,2.5537,1.8577,2.7399,2.9866,3.0138,2.9151,2.6957,2.4755,2.2538,2.0321,1.8103,1.5884,1.3666,1.1447,0.9228,0.7009,0.4791
3.1538,3.1538,3.1538,3.1538,3.1538,3.1538,3.1538,3.1538,3.1538,3.1538,3.1538,3.1538,3.1538,3.1538,1.4078,1.4759,1.6275,1.7796,1.9327,2.0858,2.239,2.3923,2.5455,2.6988,2.852,3.0053,3.1538
3.0525,3.1315,3.1599,3.1599,3.1599,3.1599,3.1599,3.1599,3.1599,3.1599,3.1599,3.1599,3.1599,3.1599,3.1599,3.1599,2.0675,2.1806,1.9854,1.7901,1.5947,1.3992,1.2038,1.0083,0.8129,0.6174,0.422
3.166,3.166,3.166,3.166,3.166,3.166,3.166,3.166,3.166,3.166,3.166,3.166,3.166,3.166,3.166,3.166,3.166,3.166,3.166,3.166,3.166,3.166,3.166,3.166,3.166,3.166,3.166
3.1721,3.1721,3.1721,3.1721,3.1721,3.1721,3.1721,3.1721,3.1721,3.1721,3.1721,3.1721,3.1721,3.1721,3.1721,3.1721,1.6742,2.216,2.8864,3.1721,3.1721,3.1721,3.1721,3.1721,3.1721,3.1721,3.1721
2.4539,2.5174,2.6588,2.902,3.1605,3.1783,3.1783,3.1783,3.1783,3.1783,3.1783,3.1783,3.1783,1.3994,2.1342,2.0643,1.9089,1.753,1.596,1.439,1.2819,1.1248,0.9677,0.8106,0.6535,0.4964,0.3392
3.1845,3.1845,3.1845,3.1845,3.1845,3.1845,3.1845,3.1845,3.1845,3.1845,3.1845,2.8041,1.7535,0.8249,1.5936,1.6707,1.8423,2.0145,2.1878,2.3611,2.5346,2.7081,2.8815,3.055,3.1845,3.1845,3.1845
3.1907,3.1907,3.1907,3.1907,3.1907,3.1907,3.1907,3.1907,3.1907,3.1907,3.1907,3.1907,3.1907,3.1907,3.1907,3.1907,3.1907,3.1907,2.6268,3.1276,3.1907,3.1907,2.8869,2.4182,1.9495,1.4808,1.012
3.1969,3.1969,3.1969,3.1969,3.1969,3.1969,3.1969,3.1969,3.1005,2.5536,2.0066,3.1969,3.1969,3.1969,3.1969,3.1969,3.1969,3.1969,3.1969,3.1969,3.11,2.7288,2.3477,1.9665,1.5853,1.2042,0.823
3.2031,3.2031,3.2031,3.2031,3.2031,3.2031,3.2031,3.2031,3.2031,3.2031,3.2031,3.2031,3.2031,3.2031,3.2031,1.603,1.7677,1.9329,2.0992,2.2655,2.4319,2.5983,2.7648,2.9312,3.0977,3.2031,3.2031
2.5034,2.5682,2.7125,2.9606,3.2094,3.2094,3.2094,3.2094,3.2094,3.2094,3.2094,3.2094,3.2094,3.2094,3.2094,2.106,1.9474,1.7883,1.6282,1.4681,1.3078,1.1475,0.9872,0.827,0.6667,0.5064,0.3461
3.2157,3.2157,3.2157,3.2157,3.2157,3.2157,3.2157,3.2157,3.2157,3.2157,3.2157,3.2157,3.2157,2.9173,2.8788,3.0182,3.2157,3.2157,3.2157,3.2157,3.2157,3.2157,3.2157,3.2157,3.2157,3.2157,3.2157
3.222,3.222,3.222,3.222,3.222,3.222,3.222,3.222,3.222,3.222,3.222,3.222,3.222,3.222,3.222,3.222,3.222,3.222,3.222,3.222,3.222,3.222,3.222,3.222,3.222,3.222,3.222
2.858,2.932,3.0967,3.2284,3.2284,3.2284,3.2284,3.2284,3.2284,3.2284,3.2284,2.3852,1.4916,2.4632,2.4857,2.4043,2.2233,2.0417,1.8589,1.676,1.493,1.3101,1.1271,0.9441,0.7611,0.5781,0.3951
3.2347,3.2347,3.2347,3.2347,3.2347,3.2347,3.2347,3.2347,3.2347,3.2347,3.2347,3.2347,3.2347,2.0405,1.408,1.4762,1.6278,1.7799,1.933,2.0862,2.2394,2.3927,2.546,2.6993,2.8525,3.0058,3.1591
3.2411,3.2411,3.2411,3.2411,3.2411,3.2411,3.2411,3.2411,3.2411,3.2411,3.2411,3.2411,3.2411,3.2411,3.2411,3.2411,3.2411,2.3598,2.4443,2.2039,1.9633,1.7227,1.4821,1.2414,1.0008,0.7602,0.5195
3.2476,3.2476,3.2476,3.2476,3.2476,3.2476,3.2476,3.2476,2.8333,3.2476,3.2476,3.2476,3.2476,3.2476,3.2476,3.2476,3.2476,3.2476,3.2476,3.2476,3.2476,3.2476,3.2476,3.2476,3.2476,3.2476,3.2476
3.254,3.254,3.254,3.254,3.254,3.254,3.254,3.254,3.254,3.254,3.254,3.254,3.254,3.254,3.254,1.0686,1.8368,2.4441,2.6544,2.8647,3.0752,3.254,3.254,3.254,3.254,3.254,3.254
2.3625,2.4237,2.5598,2.794,3.0428,3.2605,3.2605,3.2605,3.2605,3.2605,3.2605,3.2605,3.2605,3.2605,2.0548,1.9875,1.8378,1.6877,1.5366,1.3855,1.2342,1.083,0.9317,0.7804,0.6292,0.4779,0.3266
3.267,3.267,3.267,3.267,3.267,3.267,3.267,3.267,3.267,3.267,2.7875,2.0278,1.2681,1.8624,1.8379,1.9269,2.1248,2.3233,2.5232,2.7231,2.9232,3.1232,3.267,3.267,3.267,3.267,3.267
3.2735,3.2735,3.2735,3.2735,3.2735,3.2735,3.2735,3.2735,3.2735,3.2735,3.2735,3.2735,3.2735,3.2735,3.2735,3.2735,3.2735,3.2735,3.2735,3.2735,3.2735,3.2735,3.2735,3.2735,3.2735,3.2735,2.854
3.2801,3.2801,3.2801,3.2801,3.2801,3.2801,3.2801,3.2801,3.2801,2.8675,2.2533,1.6392,3.1762,3.2801,3.2801,3.2801,3.1248,2.8696,2.6127,2.3557,2.0985,1.8413,1.5841,1.3269,1.0697,0.8125,0.5553
3.2867,3.2867,3.2867,3.2867,3.2867,3.2867,3.2867,3.2867,3.2867,3.2867,3.2867,3.2867,3.2867,3.2867,0.7876,1.4828,1.6351,1.7879,1.9417,2.0956,2.2495,2.4035,2.5574,2.7114,2.8654,3.0193,3.1733
2.7442,2.8152,2.9734,3.2453,3.2933,3.2933,3.2933,3.2933,3.2933,3.2933,3.2933,3.2933,3.2933,3.2933,3.2933,1.5084,2.1347,1.9604,1.7848,1.6093,1.4336,1.2579,1.0822,0.9065,0.7308,0.5551,0.3794
3.2999,3.2999,3.2999,3.2999,3.2999,3.2999,3.2999,3.2999,3.2999,3.2999,3.2999,3.2999,3.2999,3.2999,3.2999,3.2999,3.2999,3.2999,3.2999,3.2999,3.2999,3.2999,3.2999,3.2999,3.2999,3.2999,3.2999
3.3066,3.3066,3.3066,3.3066,3.3066,3.3066,3.3066,3.3066,3.3066,3.3066,3.3066,3.3066,3.3066,3.3066,3.3066,3.3066,3.3066,3.3066,3.3066,3.2508,3.3066,3.3066,3.3066,3.3066,3.3066,3.3066,3.3066
2.5275,2.593,2.7386,2.9891,3.2554,3.3132,3.3132,3.3132,3.3132,3.3132,3.3132,3.3132,2.247,2.1784,2.1983,2.1263,1.9662,1.8056,1.6439,1.4822,1.3204,1.1586,0.9968,0.8349,0.6731,0.5113,0.3494
3.32,3.32,3.32,3.32,3.32,3.32,3.32,3.32,3.32,3.32,3.32,3.32,2.3196,0.8378,1.4784,1.55,1.7092,1.8689,2.0297,2.1905,2.3515,2.5124,2.6733,2.8343,2.9952,3.1562,3.3171
3.3267,3.3267,3.3267,3.3267,3.3267,3.3267,3.3267,3.3267,3.3267,3.3267,3.3267,3.3267,3.3267,3.3267,3.3267,3.3267,3.3267,3.3267,2.6497,3.0715,2.7362,2.4009,2.0655,1.7302,1.3948,1.0594,0.7241
3.3335,3.3335,3.3335,3.3335,3.3335,3.3335,3.3335,3.3335,2.9165,2.402,3.3335,3.3335,3.3335,3.3335,3.3335,3.3335,3.3335,3.3335,3.3335,3.3335,3.3335,3.3335,3.3335,2.8336,2.2844,1.7351,1.1859
3.3403,3.3403,3.3403,3.3403,3.3403,3.3403,3.3403,3.3403,3.3403,3.3403,3.3403,3.3403,3.3403,3.3403,3.3403,1.3662,1.8723,2.0472,2.2233,2.3995,2.5758,2.752,2.9283,3.1046,3.2809,3.3403,3.3403
2.3855,2.4472,2.5847,2.8211,3.0724,3.3471,3.3471,3.3471,3.3471,3.3471,3.3471,3.3471,3.3471,3.3471,1.3791,2.0068,1.8557,1.7041,1.5515,1.3989,1.2462,1.0935,0.9407,0.788,0.6353,0.4825,0.3298
3.3539,3.3539,3.3539,3.3539,3.3539,3.3539,3.3539,3.3539,3.3539,2.8918,3.3539,3.0897,2.6168,2.3376,2.3068,2.4185,2.6669,2.9161,3.167,3.3539,3.3539,3.3539,3.3539,3.3539,3.3539,3.3539,3.3539
3.3608,3.3608,3.3608,3.3608,3.3608,3.3608,3.3608,3.3608,3.3608,3.3608,3.3608,3.3608,3.3608,3.3608,3.3608,3.3608,3.3608,3.3608,3.3608,3.3608,3.3608,3.3608,3.3608,3.3608,3.3608,3.3608,3.3608
3.1306,3.2117,3.3677,3.3677,3.3677,3.3677,3.3677,3.3677,3.3677,3.3677,2.7226,1.9806,2.4753,2.6982,2.7228,2.6336,2.4353,2.2364,2.0362,1.8359,1.6355,1.435,1.2346,1.0341,0.8337,0.6332,0.4328
3.3747,3.3747,3.3747,3.3747,3.3747,3.3747,3.3747,3.3747,3.3747,3.3747,3.3747,3.3747,3.3747,3.3747,1.3748,1.4413,1.5894,1.7379,1.8874,2.0369,2.1866,2.3362,2.4859,2.6355,2.7852,2.9349,3.0845
3.2103,3.2934,3.3816,3.3816,3.3816,3.3816,3.3816,3.3816,3.3816,3.3816,3.3816,3.3816,3.3816,3.3816,3.3816,3.3816,1.8396,2.2933,2.088,1.8826,1.6771,1.4716,1.266,1.0605,0.8549,0.6494,0.4438
3.3886,3.3886,3.3886,3.3886,3.3886,3.3886,3.3886,3.2933,3.3886,3.3886,3.3886,3.3886,3.3886,3.3886,3.3886,3.3886,3.3886,3.3886,3.3886,3.3886,3.3886,3.3886,3.3886,3.3886,3.3886,3.3886,3.3886
3.3956,3.3956,3.3956,3.3956,3.3956,3.3956,3.3956,3.3956,3.3956,3.3956,3.3956,3.3956,3.3956,3.3956,3.3956,3.3956,1.6062,2.3034,3.0003,3.2804,3.3956,3.3956,3.3956,3.3956,3.3956,3.3956,3.3956
2.3621,2.4232,2.5593,2.7934,3.0422,3.3226,3.4027,3.4027,3.4027,3.4027,3.4027,3.4027,3.4027,1.853,2.0543,1.9871,1.8375,1.6874,1.5363,1.3852,1.234,1.0827,0.9315,0.7803,0.629,0.4778,0.3265
3.4098,3.4098,3.4098,3.4098,3.4098,3.4098,3.4098,3.4098,3.4098,3.4098,3.2866,2.3908,1.4951,1.6614,1.6395,1.7189,1.8954,2.0726,2.2509,2.4292,2.6076,2.7861,2.9646,3.1431,3.3215,3.4098,3.4098
3.4169,3.4169,3.4169,3.4169,3.4169,3.4169,3.4169,3.4169,3.4169,3.4169,3.4169,3.4169,3.4169,3.4169,3.4169,3.4169,3.4169,3.4169,3.4169,2.9879,3.4169,3.4169,3.4169,3.131,2.5241,1.9172,1.3103
3.424,3.424,3.424,3.424,3.424,3.424,3.424,3.424,3.1606,2.603,2.0455,3.2933,3.424,3.424,3.424,3.424,3.424,3.424,3.1964,2.882,2.5674,2.2527,1.9381,1.6234,1.3087,0.9941,0.6794
3.4312,3.4312,3.4312,3.4312,3.4312,3.4312,3.4312,3.4312,3.4312,3.4312,3.4312,3.4312,3.4312,3.4312,0.7307,1.5193,1.6753,1.8319,1.9894,2.147,2.3048,2.4625,2.6203,2.778,2.9358,3.0935,3.2513
2.5303,2.5958,2.7417,2.9924,3.259,3.4384,3.4384,3.4384,3.4384,3.4384,3.4384,3.4384,3.4384,3.4384,3.4384,1.8003,1.9684,1.8076,1.6457,1.4839,1.3219,1.1599,0.9979,0.8359,0.6738,0.5118,0.3498
3.4456,3.4456,3.4456,3.4456,3.4456,3.4456,3.4456,3.4456,3.4456,3.4456,3.4456,3.4456,3.4456,3.3711,3.3267,3.4456,3.4456,3.4456,3.4456,3.4456,3.4456,3.4456,3.4456,3.4456,3.4456,3.4456,3.4456
3.4529,3.4529,3.4529,3.4529,3.4529,3.4529,3.4529,3.4529,3.4529,3.4529,3.4529,3.4529,3.4529,3.4529,3.4529,3.4529,3.4529,3.4529,3.4529,3.4529,3.4529,3.4529,3.4529,3.4529,3.4529,3.4529,3.4529
2.6605,2.7293,2.8827,3.1463,3.4265,3.4602,3.4602,3.4602,3.4602,3.4602,3.4602,2.6727,1.6713,2.293,2.3139,2.2381,2.0696,1.9006,1.7304,1.5602,1.3899,1.2195,1.0492,0.8788,0.7085,0.5381,0.3678
3.4675,3.4675,3.4675,3.4675,3.4675,3.4675,3.4675,3.4675,3.4675,3.4675,3.4675,3.4675,3.4675,1.2896,1.4014,1.4692,1.6201,1.7715,1.9239,2.0763,2.2289,2.3814,2.534,2.6865,2.8391,2.9916,3.1442
3.4749,3.4749,3.4749,3.4749,3.4749,3.4749,3.4749,3.4749,3.4749,3.4749,3.4749,3.4749,3.4749,3.4749,3.4749,3.4749,3.4749,2.1739,2.6765,2.4132,2.1498,1.8863,1.6228,1.3594,1.0959,0.8324,0.5689
3.4823,3.4823,3.4823,3.4823,3.4823,3.4823,3.4823,3.2935,2.7995,2.3056,3.4823,3.4823,3.4823,3.4823,3.4823,3.4823,3.4823,3.4823,3.4823,3.4823,3.4823,3.4823,3.4823,3.4823,3.4823,3.2831,2.2439
3.4897,3.4897,3.4897,3.4897,3.4897,3.4897,3.4897,3.4897,3.4897,3.4897,3.4897,3.4897,3.4897,3.4897,3.4897,1.1176,1.9752,2.2248,2.4162,2.6076,2.7992,2.9908,3.1824,3.3739,3.4897,3.4897,3.4897
2.3178,2.3778,2.5113,2.741,2.9852,3.2604,3.4971,3.4971,3.4971,3.4971,3.4971,3.4971,3.4971,3.4971,2.0158,1.9498,1.803,1.6557,1.5075,1.3592,1.2108,1.0624,0.914,0.7656,0.6172,0.4688,0.3204
3.5046,3.5046,3.5046,3.5046,3.5046,3.5046,3.5046,3.5046,3.5046,3.1841,2.5021,1.8202,1.2435,1.9732,1.9472,2.0415,2.2512,2.4615,2.6733,2.885,3.097,3.309,3.5046,3.5046,3.5046,3.5046,3.5046
3.5121,3.5121,3.5121,3.5121,3.5121,3.5121,3.5121,3.5121,3.5121,3.5121,3.5121,3.5121,3.5121,3.5121,3.5121,3.5121,3.5121,3.5121,3.5121,3.5121,3.5121,3.5121,3.5121,3.5121,3.5121,3.5121,3.5121
3.5197,3.5197,3.5197,3.5197,3.5197,3.5197,3.5197,3.5197,3.5197,3.0001,2.3576,1.715,2.8031,3.0555,3.0833,2.9824,2.7578,2.5326,2.3058,2.079,1.852,1.6251,1.3981,1.1711,0.9441,0.7171,0.4901
3.5272,3.5272,3.5272,3.5272,3.5272,3.5272,3.5272,3.5272,3.5272,3.5272,3.5272,3.5272,3.5272,3.5272,1.3006,1.434,1.5813,1.7291,1.8778,2.0266,2.1755,2.3244,2.4733,2.6222,2.7711,2.92,3.0689
2.84,2.9135,3.0772,3.3586,3.5348,3.5348,3.5348,3.5348,3.5348,3.5348,3.5348,3.5348,3.5348,3.5348,3.5348,3.5348,2.1392,2.0288,1.8472,1.6655,1.4837,1.3018,1.12,0.9381,0.7563,0.5745,0.3926
3.5425,3.5425,3.5425,3.5425,3.5425,3.5425,3.5425,3.5425,3.5425,3.5425,3.5425,3.5425,3.5425,3.5425,3.5425,3.5425,3.5425,3.5425,3.5425,3.5425,3.5425,3.5425,3.5425,3.5425,3.5425,3.5425,3.5425
3.5502,3.5502,3.5502,3.5502,3.5502,3.5502,3.5502,3.5502,3.5502,3.5502,3.5502,3.5502,3.5502,3.5502,3.5502,3.5502,3.5502,2.0758,2.7039,3.3319,3.5502,3.5502,3.5502,3.5502,3.5502,3.5502,3.5502
2.4075,2.4698,2.6086,2.8471,3.1007,3.3866,3.5579,3.5579,3.5579,3.5579,3.5579,3.5579,2.7952,1.373,2.0939,2.0253,1.8728,1.7198,1.5658,1.4118,1.2577,1.1036,0.9494,0.7953,0.6411,0.487,0.3328
3.5656,3.5656,3.5656,3.5656,3.5656,3.5656,3.5656,3.5656,3.5656,3.5656,3.5656,2.9983,1.875,0.7775,1.502,1.5747,1.7365,1.8987,2.0621,2.2254,2.3889,2.5524,2.7159,2.8795,3.043,3.2065,3.37
3.5734,3.5734,3.5734,3.5734,3.5734,3.5734,3.5734,3.5734,3.5734,3.5734,3.5734,3.5734,3.5734,3.5734,3.5734,3.5734,3.5734,3.5734,2.503,3.0844,3.2252,2.8299,2.4346,2.0394,1.6441,1.2488,0.8535
3.5812,3.5812,3.5812,3.5812,3.5812,3.5812,3.5812,3.4575,2.9389,2.4204,1.902,3.5812,3.5812,3.5812,3.5812,3.5812,3.5812,3.5812,3.5812,3.5812,3.4143,2.9959,2.5774,2.1589,1.7405,1.322,0.9035
3.589,3.589,3.589,3.589,3.589,3.589,3.589,3.589,3.589,3.589,3.589,3.589,3.589,3.589,3.589,1.5533,1.7529,1.9167,2.0815,2.2464,2.4115,2.5765,2.7416,2.9066,3.0717,3.2367,3.4018
2.3854,2.4471,2.5846,2.821,3.0722,3.3554,3.5969,3.5969,3.5969,3.5969,3.5969,3.5969,3.5969,3.5969,3.5969,2.0067,1.8556,1.704,1.5514,1.3989,1.2461,1.0934,0.9407,0.788,0.6352,0.4825,0.3298
3.6048,3.6048,3.6048,3.6048,3.6048,3.6048,3.6048,3.6048,3.6048,3.6048,3.6048,3.4216,2.8979,2.5888,2.5546,2.6783,2.9534,3.2294,3.5072,3.6048,3.6048,3.6048,3.6048,3.6048,3.6048,3.6048,3.6048
3.6128,3.6128,3.6128,3.6128,3.6128,3.6128,3.6128,3.6128,3.6128,3.6128,3.6128,3.6128,3.6128,3.6128,3.6128,3.6128,3.6128,3.6128,3.6128,3.6128,3.6128,3.6128,3.6128,3.6128,3.6128,3.6128,3.6128
2.8697,2.944,3.1094,3.3938,3.6208,3.6208,3.6208,3.6208,3.6208,3.6208,2.9548,2.1495,1.4323,2.4733,2.4959,2.4142,2.2324,2.0501,1.8665,1.6829,1.4992,1.3155,1.1317,0.948,0.7642,0.5805,0.3967
3.6288,3.6288,3.6288,3.6288,3.6288,3.6288,3.6288,3.6288,3.6288,3.6288,3.6288,3.6288,3.6288,3.0098,1.3548,1.4204,1.5663,1.7127,1.86,2.0074,2.1549,2.3023,2.4498,2.5973,2.7448,2.8923,3.0398
3.4279,3.5166,3.6368,3.6368,3.6368,3.6368,3.6368,3.6368,3.6368,3.6368,3.6368,3.6368,3.6368,3.6368,3.6368,3.6368,1.6671,2.3872,2.2295,2.0102,1.7908,1.5713,1.3518,1.1324,0.9129,0.6934,0.4739
3.6449,3.6449,3.6449,3.6449,3.6449,3.6449,3.6449,3.2225,3.6449,3.6449,3.6449,3.6449,3.6449,3.6449,3.6449,3.6449,3.6449,3.6449,3.6449,3.6449,3.6449,3.6449,3.6449,3.6449,3.6449,3.6449,3.6449
3.6531,3.6531,3.6531,3.6531,3.6531,3.6531,3.6531,3.6531,3.6531,3.6531,3.6531,3.6531,3.6531,3.6531,3.6531,1.0903,1.692,2.4265,2.7084,2.9229,3.1377,3.3524,3.5672,3.6531,3.6531,3.6531,3.6531
2.2948,2.3542,2.4864,2.7138,2.9556,3.228,3.5009,3.6612,3.6612,3.6612,3.6612,3.6612,3.6612,3.6612,1.9958,1.9305,1.7851,1.6393,1.4925,1.3457,1.1988,1.0519,0.905,0.758,0.6111,0.4642,0.3172
3.6694,3.6694,3.6694,3.6694,3.6694,3.6694,3.6694,3.6694,3.6694,3.6566,2.8735,2.0903,1.3072,1.73,1.7072,1.7898,1.9737,2.1581,2.3437,2.5294,2.7152,2.9011,3.0869,3.2728,3.4586,3.6444,3.6694
3.6777,3.6777,3.6777,3.6777,3.6777,3.6777,3.6777,3.6777,3.6777,3.6777,3.6777,3.6777,3.6777,3.6777,3.6777,3.6777,3.6777,3.6777,3.6777,3.6777,3.4247,3.6777,3.6777,3.6777,3.6777,2.8045,1.9168
3.6859,3.6859,3.6859,3.6859,3.6859,3.6859,3.6859,3.6859,3.2575,2.6829,2.1082,1.5874,3.3157,3.6142,3.6471,3.5277,3.2621,2.9957,2.7274,2.4592,2.1907,1.9222,1.6537,1.3852,1.1167,0.8482,0.5797
3.6943,3.6943,3.6943,3.6943,3.6943,3.6943,3.6943,3.6943,3.6943,3.6943,3.6943,3.6943,3.6943,3.6943,0.6994,1.4541,1.6035,1.7533,1.9042,2.055,2.206,2.357,2.508,2.6589,2.8099,2.9609,3.1119
2.5841,2.6509,2.7999,3.0559,3.3281,3.6349,3.7026,3.7026,3.7026,3.7026,3.7026,3.7026,3.7026,3.7026,3.7026,1.4864,2.0102,1.846,1.6807,1.5154,1.3499,1.1845,1.0191,0.8536,0.6881,0.5227,0.3572
3.711,3.711,3.711,3.711,3.711,3.711,3.711,3.711,3.711,3.711,3.711,3.711,3.711,3.711,3.711,3.711,3.711,3.711,3.711,3.711,3.711,3.711,3.711,3.711,3.711,3.711,3.711
3.7194,3.7194,3.7194,3.7194,3.7194,3.7194,3.7194,3.7194,3.7194,3.7194,3.7194,3.7194,3.7194,3.7194,3.7194,3.7194,3.7194,3.7194,3.7194,3.7194,3.7194,3.7194,3.7194,3.7194,3.7194,3.7194,3.7194
2.5044,2.5692,2.7136,2.9617,3.2255,3.5229,3.7279,3.7279,3.7279,3.7279,3.7279,3.0894,1.9319,2.1585,2.1781,2.1068,1.9482,1.7891,1.6289,1.4687,1.3083,1.148,0.9876,0.8273,0.6669,0.5066,0.3462
3.7364,3.7364,3.7364,3.7364,3.7364,3.7364,3.7364,3.7364,3.7364,3.7364,3.7364,3.7364,2.6005,0.9392,1.4079,1.4761,1.6277,1.7798,1.9329,2.086,2.2393,2.3925,2.5458,2.6991,2.8523,3.0056,3.1589
3.7449,3.7449,3.7449,3.7449,3.7449,3.7449,3.7449,3.7449,3.7449,3.7449,3.7449,3.7449,3.7449,3.7449,3.7449,3.7449,3.7449,2.0271,2.6404,2.7063,2.4109,2.1154,1.8199,1.5244,1.229,0.9335,0.638
3.7535,3.7535,3.7535,3.7535,3.7535,3.7535,3.7535,3.2841,2.7915,2.2991,3.7535,3.7535,3.7535,3.7535,3.7535,3.7535,3.7535,3.7535,3.7535,3.7535,3.7535,3.7535,3.7535,3.355,2.7047,2.0544,1.4041
3.7621,3.7621,3.7621,3.7621,3.7621,3.7621,3.7621,3.7621,3.7621,3.7621,3.7621,3.7621,3.7621,3.7621,3.7621,1.2252,1.8774,2.0529,2.2295,2.4061,2.5829,2.7596,2.9364,3.1132,3.29,3.4668,3.6435
2.2944,2.3538,2.486,2.7134,2.9551,3.2275,3.5003,3.7708,3.7708,3.7708,3.7708,3.7708,3.7708,3.7708,1.3265,1.9302,1.7848,1.6391,1.4923,1.3455,1.1986,1.0517,0.9048,0.7579,0.611,0.4641,0.3172
3.7795,3.7795,3.7795,3.7795,3.7795,3.7795,3.7795,3.7795,3.5245,2.9028,2.2811,1.7688,2.3784,2.1247,2.0967,2.1982,2.424,2.6505,2.8785,3.1065,3.3347,3.563,3.7795,3.7795,3.7795,3.7795,3.7795
3.7882,3.7882,3.7882,3.7882,3.7882,3.7882,3.7882,3.7882,3.7882,3.7882,3.7882,3.7882,3.7882,3.7882,3.7882,3.7882,3.7882,3.7882,3.7882,3.7882,3.7882,3.7882,3.7882,3.7882,3.7882,3.7882,3.7882
3.1866,3.2691,3.4527,3.7685,3.797,3.797,3.797,3.797,3.797,3.1833,2.5015,1.8197,2.5196,2.7464,2.7714,2.6807,2.4789,2.2764,2.0726,1.8687,1.6647,1.4607,1.2567,1.0526,0.8486,0.6446,0.4405
3.8058,3.8058,3.8058,3.8058,3.8058,3.8058,3.8058,3.8058,3.8058,3.8058,3.8058,3.8058,3.8058,3.8058,1.3348,1.3994,1.5432,1.6874,1.8326,1.9777,2.123,2.2683,2.4136,2.5589,2.7043,2.8496,2.9949
2.9761,3.0531,3.2246,3.5196,3.8147,3.8147,3.8147,3.8147,3.8147,3.8147,3.8147,3.8147,3.8147,3.8147,3.8147,3.8147,1.8902,2.126,1.9357,1.7453,1.5547,1.3642,1.1737,0.9831,0.7925,0.602,0.4114
3.8236,3.8236,3.8236,3.8236,3.8236,3.8236,3.6946,3.8236,3.8236,3.8236,3.8236,3.8236,3.8236,3.8236,3.8236,3.8236,3.8236,3.8236,3.8236,3.8236,3.8236,3.8236,3.8236,3.8236,3.8236,3.8236,3.8236
3.8325,3.8325,3.8325,3.8325,3.8325,3.8325,3.8325,3.8325,3.8325,3.8325,3.8325,3.8325,3.8325,3.8325,3.8325,3.8325,1.5194,2.1519,2.8029,3.409,3.6595,3.8325,3.8325,3.8325,3.8325,3.8325,3.8325
2.3152,2.3751,2.5085,2.738,2.9818,3.2567,3.532,3.8107,3.8415,3.8415,3.8415,3.8415,3.7912,1.3693,2.0136,1.9476,1.801,1.6539,1.5058,1.3577,1.2095,1.0613,0.913,0.7648,0.6165,0.4683,0.3201
3.8505,3.8505,3.8505,3.8505,3.8505,3.8505,3.8505,3.8505,3.8505,3.8505,3.4649,2.5205,1.5762,1.5627,1.5421,1.6167,1.7828,1.9494,2.1171,2.2848,2.4526,2.6205,2.7884,2.9562,3.1241,3.292,3.4598
3.8596,3.8596,3.8596,3.8596,3.8596,3.8596,3.8596,3.8596,3.8596,3.8596,3.8596,3.8596,3.8596,3.8596,3.8596,3.8596,3.8596,3.8596,3.8596,2.943,3.4977,3.515,3.024,2.533,2.0421,1.5511,1.0601
3.8687,3.8687,3.8687,3.8687,3.8687,3.8687,3.8687,3.5186,2.9908,2.4632,1.9356,3.5385,3.8687,3.8687,3.8687,3.8687,3.8687,3.7722,3.4344,3.0967,2.7586,2.4205,2.0824,1.7443,1.4062,1.0681,0.73
3.8779,3.8779,3.8779,3.8779,3.8779,3.8779,3.8779,3.8779,3.8779,3.8779,3.8779,3.8779,3.8779,3.8779,3.8779,1.5042,1.6587,1.8137,1.9697,2.1257,2.2819,2.4381,2.5943,2.7504,2.9066,3.0628,3.219
2.4079,2.4702,2.609,2.8476,3.1012,3.3871,3.6734,3.8871,3.8871,3.8871,3.8871,3.8871,3.8871,3.8871,3.8871,1.9872,1.8731,1.7201,1.5661,1.4121,1.2579,1.1037,0.9496,0.7954,0.6412,0.4871,0.3329
3.8963,3.8963,3.8963,3.8963,3.8963,3.8963,3.8963,3.8963,3.8963,3.8963,3.8963,3.8919,3.2962,2.9446,2.9058,3.0464,3.3594,3.6733,3.8963,3.8963,3.8963,3.8963,3.8963,3.8963,3.8963,3.8963,3.8963
3.9056,3.9056,3.9056,3.9056,3.9056,3.9056,3.9056,3.9056,3.9056,3.9056,3.9056,3.9056,3.9056,3.9056,3.9056,3.9056,3.9056,3.9056,3.9056,3.9056,3.9056,3.9056,3.9056,3.9056,3.9056,3.9056,3.9056
2.6644,2.7334,2.8869,3.151,3.4316,3.748,3.9149,3.9149,3.9149,3.9149,3.2752,2.3826,1.4899,2.2964,2.3173,2.2414,2.0727,1.9034,1.7329,1.5625,1.3919,1.2213,1.0507,0.8801,0.7095,0.5389,0.3683
3.9243,3.9243,3.9243,3.9243,3.9243,3.9243,3.9243,3.9243,3.9243,3.9243,3.9243,3.9243,3.9243,1.6036,1.3472,1.4124,1.5575,1.703,1.8495,1.996,2.1427,2.2893,2.436,2.5826,2.7293,2.8759,3.0226
3.7245,3.8209,3.9337,3.9337,3.9337,3.9337,3.9337,3.9337,3.9337,3.9337,3.9337,3.9337,3.9337,3.9337,3.9337,3.9337,3.9337,2.1915,2.4225,2.1842,1.9457,1.7073,1.4688,1.2303,0.9919,0.7534,0.5149
3.9432,3.9432,3.9432,3.9432,3.9432,3.9432,3.6586,3.1813,2.7041,3.9432,3.9432,3.9432,3.9432,3.9432,3.9432,3.9432,3.9432,3.9432,3.9432,3.9432,3.9432,3.9432,3.9432,3.9432,3.9432,3.9432,3.3827
3.9527,3.9527,3.9527,3.9527,3.9527,3.9527,3.9527,3.9527,3.9527,3.9527,3.9527,3.9527,3.9527,3.9527,3.9527,1.0236,1.8091,2.2596,2.454,2.6484,2.843,3.0376,3.2322,3.4268,3.6214,3.8159,3.9527
2.2493,2.3076,2.4372,2.6601,2.897,3.1641,3.4315,3.7023,3.9623,3.9623,3.9623,3.9623,3.9623,3.9623,1.9563,1.8922,1.7498,1.6069,1.463,1.3191,1.1751,1.0311,0.8871,0.743,0.599,0.455,0.311
3.9719,3.9719,3.9719,3.9719,3.9719,3.9719,3.9719,3.9719,3.9607,3.262,2.5633,1.8647,1.1661,1.825,1.801,1.8881,2.0821,2.2766,2.4725,2.6684,2.8644,3.0604,3.2565,3.4525,3.6486,3.8447,3.9719
3.9815,3.9815,3.9815,3.9815,3.9815,3.9815,3.9815,3.9815,3.9815,3.9815,3.9815,3.9815,3.9815,3.9815,3.9815,3.9815,3.9815,3.9815,3.9815,3.9815,3.9815,3.9815,3.9815,3.9815,3.9815,3.9815,3.7504
3.6697,3.7646,3.9761,3.9912,3.9912,3.9912,3.9912,3.9912,3.397,2.7978,2.1985,1.5993,2.9016,3.1627,3.1916,3.0871,2.8547,2.6215,2.3868,2.152,1.9171,1.6821,1.4472,1.2122,0.9772,0.7423,0.5073
4.001,4.001,4.001,4.001,4.001,4.001,4.001,4.001,4.001,4.001,4.001,4.001,4.001,4.001,0.8878,1.4048,1.5491,1.6938,1.8396,1.9853,2.1311,2.277,2.4228,2.5687,2.7146,2.8604,3.0063
2.6675,2.7365,2.8902,3.1546,3.4356,3.7523,4.0108,4.0108,4.0108,4.0108,4.0108,4.0108,4.0108,4.0108,4.0108,1.4662,2.075,1.9056,1.7349,1.5643,1.3935,1.2227,1.0519,0.8812,0.7104,0.5396,0.3688
4.0206,4.0206,4.0206,4.0206,4.0206,4.0206,4.0206,4.0206,4.0206,4.0206,4.0206,4.0206,4.0206,4.0206,4.0206,4.0206,4.0206,4.0206,4.0206,4.0206,4.0206,4.0206,4.0206,4.0206,4.0206,4.0206,4.0206
4.0305,4.0305,4.0305,4.0305,4.0305,4.0305,4.0305,4.0305,4.0305,4.0305,4.0305,4.0305,4.0305,4.0305,4.0305,4.0305,4.0305,4.0305,2.5558,3.1494,3.743,4.0305,4.0305,4.0305,4.0305,4.0305,4.0305
2.3817,2.4434,2.5807,2.8167,3.0676,3.3503,3.6335,3.9203,4.0404,4.0404,4.0404,3.7253,2.3296,2.0527,2.0715,2.0036,1.8528,1.7014,1.5491,1.3967,1.2443,1.0918,0.9393,0.7868,0.6343,0.4818,0.3293
4.0504,4.0504,4.0504,4.0504,4.0504,4.0504,4.0504,4.0504,4.0504,4.0504,4.0504,3.269,2.0443,0.7392,1.428,1.4972,1.6509,1.8052,1.9605,2.1158,2.2713,2.4267,2.5821,2.7376,2.8931,3.0485,3.204
4.0605,4.0605,4.0605,4.0605,4.0605,4.0605,4.0605,4.0605,4.0605,4.0605,4.0605,4.0605,4.0605,4.0605,4.0605,4.0605,4.0605,4.0605,2.4894,3.0676,2.787,2.4455,2.1039,1.7623,1.4207,1.0791,0.7375
4.0706,4.0706,4.0706,4.0706,4.0706,4.0706,3.8006,3.3049,2.8091,2.3136,1.9011,4.0706,4.0706,4.0706,4.0706,4.0706,4.0706,4.0706,4.0706,4.0706,3.8498,3.378,2.9062,2.4343,1.9625,1.4906,1.0188
4.0807,4.0807,4.0807,4.0807,4.0807,4.0807,4.0807,4.0807,4.0807,4.0807,4.0807,4.0807,4.0807,4.0807,4.0807,1.3748,1.7533,1.9172,2.0821,2.2471,2.4121,2.5772,2.7423,2.9074,3.0725,3.2376,3.4027
2.2916,2.3509,2.483,2.7101,2.9515,3.2236,3.496,3.7719,4.0478,4.0909,4.0909,4.0909,4.0909,4.0909,4.0909,1.9278,1.7827,1.6371,1.4905,1.3439,1.1972,1.0505,0.9037,0.757,0.6103,0.4635,0.3168
4.1011,4.1011,4.1011,4.1011,4.1011,4.1011,4.1011,3.8315,3.3555,4.0245,3.553,3.0814,2.6098,2.3314,2.3006,2.412,2.6598,2.9083,3.1585,3.4087,3.6591,3.9096,4.1011,4.1011,4.1011,4.1011,4.1011
4.1114,4.1114,4.1114,4.1114,4.1114,4.1114,4.1114,4.1114,4.1114,4.1114,4.1114,4.1114,4.1114,4.1114,4.1114,4.1114,4.1114,4.1114,4.1114,4.1114,4.1114,4.1114,4.1114,4.1114,4.1114,4.1114,4.1114
2.9089,2.9842,3.1518,3.4401,3.7465,4.0918,4.1218,4.1218,4.1218,3.4316,2.6966,1.9616,2.3,2.507,2.5299,2.4471,2.2628,2.078,1.8919,1.7059,1.5196,1.3334,1.1471,0.9609,0.7746,0.5884,0.4021
4.1322,4.1322,4.1322,4.1322,4.1322,4.1322,4.1322,4.1322,4.1322,4.1322,4.1322,4.1322,4.1322,4.1322,1.3141,1.3777,1.5192,1.6612,1.8041,1.947,2.0901,2.2331,2.3762,2.5192,2.6623,2.8053,2.9484
3.1618,3.2436,3.4259,3.7392,4.0723,4.1426,4.1426,4.1426,4.1426,4.1426,4.1426,4.1426,4.1426,4.1426,4.1426,4.1426,1.7009,2.2587,2.0565,1.8542,1.6518,1.4493,1.2469,1.0444,0.842,0.6396,0.4371
4.1531,4.1531,4.1531,4.1531,4.1531,4.0842,3.6113,3.1402,4.1531,4.1531,4.1531,4.1531,4.1531,4.1531,4.1531,4.1531,4.1531,4.1531,4.1531,4.1531,4.1531,4.1531,4.1531,4.1531,4.1531,4.1531,4.1531
4.1637,4.1637,4.1637,4.1637,4.1637,4.1637,4.1637,4.1637,4.1637,4.1637,4.1637,4.1637,4.1637,4.1637,4.1637,4.1637,1.5746,2.2581,2.7937,3.015,3.2365,3.458,3.6795,3.9011,4.1226,4.1637,4.1637
2.2466,2.3048,2.4343,2.6569,2.8936,3.1603,3.4274,3.6979,3.9684,4.1743,4.1743,4.1743,4.1743,2.2001,1.954,1.89,1.7477,1.6049,1.4612,1.3175,1.1737,1.0298,0.886,0.7421,0.5983,0.4544,0.3106
4.1849,4.1849,4.1849,4.1849,4.1849,4.1849,4.1849,4.1849,4.1849,3.8155,2.9983,2.1811,1.3639,1.6222,1.6008,1.6783,1.8507,2.0236,2.1977,2.3718,2.5461,2.7203,2.8946,3.0689,3.2431,3.4174,3.5917
4.1956,4.1956,4.1956,4.1956,4.1956,4.1956,4.1956,4.1956,4.1956,4.1956,4.1956,4.1956,4.1956,4.1956,4.1956,4.1956,4.1956,4.1956,4.1956,4.1956,3.3689,3.9031,4.0833,3.4203,2.7574,2.0944,1.4314
4.2064,4.2064,4.2064,4.2064,4.2064,4.2064,4.1605,3.6178,3.0751,2.5326,1.9902,2.9751,3.5104,3.8264,3.8612,3.7348,3.4536,3.1715,2.8876,2.6035,2.3193,2.0351,1.7508,1.4666,1.1823,0.898,0.6138
4.2172,4.2172,4.2172,4.2172,4.2172,4.2172,4.2172,4.2172,4.2172,4.2172,4.2172,4.2172,4.2172,4.2172,0.6914,1.4374,1.5851,1.7332,1.8823,2.0314,2.1807,2.3299,2.4792,2.6284,2.7777,2.9269,3.0762
2.4542,2.5177,2.6591,2.9023,3.1608,3.4522,3.744,4.0394,4.2281,4.2281,4.2281,4.2281,4.2281,4.2281,4.2281,1.6044,1.9091,1.7532,1.5962,1.4392,1.2821,1.125,0.9678,0.8107,0.6536,0.4964,0.3393
4.2391,4.2391,4.2391,4.2391,4.2391,4.2391,4.2391,4.2391,4.2391,4.2391,4.2391,4.2391,3.8831,3.4689,3.4232,3.5889,3.9575,4.2391,4.2391,4.2391,4.2391,4.2391,4.2391,4.2391,4.2391,4.2391,4.2391
4.2501,4.2501,4.2501,4.2501,4.2501,4.2501,4.2501,4.2501,4.2501,4.2501,4.2501,4.2501,4.2501,4.2501,4.2501,4.2501,4.2501,4.2501,4.2501,4.2501,4.2501,4.2501,4.2501,4.2501,4.2501,4.2501,4.2501
2.5022,2.5669,2.7111,2.9591,3.2227,3.5197,3.8172,4.1185,4.2611,4.2611,3.7266,2.7109,1.6952,2.1565,2.1762,2.1049,1.9465,1.7875,1.6274,1.4674,1.3072,1.147,0.9868,0.8265,0.6663,0.5061,0.3459
4.2722,4.2722,4.2722,4.2722,4.2722,4.2722,4.2722,4.2722,4.2722,4.2722,4.2722,4.2722,3.0131,1.0883,1.3516,1.417,1.5625,1.7085,1.8555,2.0025,2.1496,2.2968,2.4439,2.591,2.7381,2.8853,3.0324
4.1313,4.2383,4.2834,4.2834,4.2834,4.2834,4.2834,4.2834,4.2834,4.2834,4.2834,4.2834,4.2834,4.2834,4.2834,4.2834,4.2834,2.0375,2.6539,2.4227,2.1583,1.8938,1.6292,1.3647,1.1002,0.8357,0.5711
4.2946,4.2946,4.2946,4.2946,4.2946,4.1206,3.6435,3.1682,2.693,2.2179,4.2946,4.2946,4.2946,4.2946,4.2946,4.2946,4.2946,4.2946,4.2946,4.2946,4.2946,4.2946,4.2946,4.2117,3.3954,2.579,1.7626
4.3059,4.3059,4.3059,4.3059,4.3059,4.3059,4.3059,4.3059,4.3059,4.3059,4.3059,4.3059,4.3059,4.3059,4.3059,1.1133,1.8995,2.077,2.2557,2.4344,2.6133,2.7921,2.971,3.1498,3.3287,3.5076,3.6864
2.224,2.2816,2.4097,2.6301,2.8644,3.1285,3.3929,3.6606,3.9284,4.1964,4.3173,4.3173,4.3173,4.3173,1.7054,1.8709,1.7301,1.5888,1.4465,1.3042,1.1618,1.0195,0.8771,0.7347,0.5923,0.4499,0.3075
4.3287,4.3287,4.3287,4.3287,4.3287,4.3287,4.3287,4.2269,3.5929,2.9591,2.3253,1.6915,2.1868,1.9535,1.9277,2.0211,2.2287,2.4369,2.6466,2.8562,3.0661,3.2759,3.4858,3.6956,3.9055,4.1153,4.3252
4.3401,4.3401,4.3401,4.3401,4.3401,4.3401,4.3401,4.3401,4.3401,4.3401,4.3401,4.3401,4.3401,4.3401,4.3401,4.3401,4.3401,4.3401,4.3401,4.3401,4.3401,4.3401,4.3401,4.3401,4.3401,4.3401,4.3401
3.2768,3.3616,3.5504,3.8752,4.2203,4.3517,4.3517,4.2213,3.5881,2.9551,2.3222,1.6893,2.5909,2.8241,2.8499,2.7566,2.549,2.3408,2.1312,1.9216,1.7118,1.502,1.2922,1.0824,0.8726,0.6628,0.453
4.3632,4.3632,4.3632,4.3632,4.3632,4.3632,4.3632,4.3632,4.3632,4.3632,4.3632,4.3632,4.3632,4.3632,1.306,1.3692,1.5098,1.6509,1.7929,1.935,2.0771,2.2193,2.3615,2.5036,2.6458,2.788,2.9301
2.7854,2.8575,3.018,3.294,3.5874,3.9181,4.2493,4.3749,4.3749,4.3749,4.3749,4.3749,4.3749,4.3749,4.3749,4.3749,1.964,1.9898,1.8116,1.6334,1.4551,1.2768,1.0984,0.9201,0.7418,0.5634,0.3851
4.3866,4.3866,4.3866,4.3866,4.3866,4.1073,4.3866,4.3866,4.3866,4.3866,4.3866,4.3866,4.3866,4.3866,4.3866,4.3866,4.3866,4.3866,4.3866,4.3866,4.3866,4.3866,4.3866,4.3866,4.3866,4.3866,4.3866
4.3984,4.3984,4.3984,4.3984,4.3984,4.3984,4.3984,4.3984,4.3984,4.3984,4.3984,4.3984,4.3984,4.3984,4.3984,4.3984,4.3984,2.0283,2.6419,3.2555,3.852,4.1156,4.3792,4.3984,4.3984,4.3984,4.3984
2.2868,2.346,2.4778,2.7044,2.9453,3.2168,3.4887,3.764,4.0393,4.3149,4.4102,4.4102,2.992,1.3041,1.9889,1.9237,1.7789,1.6336,1.4873,1.341,1.1946,1.0482,0.9018,0.7554,0.609,0.4626,0.3161
4.4221,4.4221,4.4221,4.4221,4.4221,4.4221,4.4221,4.4221,4.4221,4.4221,3.7088,2.698,1.6872,0.7571,1.4627,1.5335,1.6911,1.8491,2.0081,2.1672,2.3264,2.4857,2.6449,2.8041,2.9634,3.1226,3.2818
4.4341,4.4341,4.4341,4.4341,4.4341,4.4341,4.4341,4.4341,4.4341,4.4341,4.4341,4.4341,4.4341,4.4341,4.4341,4.4341,4.4341,4.4341,2.3709,2.9216,3.3577,2.9462,2.5346,2.1231,1.7116,1.3001,0.8885
4.4461,4.4461,4.4461,4.4461,4.4461,4.366,3.8604,3.3569,2.8533,2.35,1.8466,3.8761,4.4461,4.4461,4.4461,4.4461,4.4461,4.132,3.762,3.392,3.0217,2.6514,2.2811,1.9107,1.5403,1.17,0.7996
4.4582,4.4582,4.4582,4.4582,4.4582,4.4582,4.4582,4.4582,4.4582,4.4582,4.4582,4.4582,4.4582,4.4582,4.4582,1.5012,1.6553,1.81,1.9657,2.1215,2.2773,2.4332,2.5891,2.7449,2.9008,3.0567,3.2125
2.3094,2.3692,2.5023,2.7312,2.9744,3.2486,3.5232,3.8012,4.0793,4.3576,4.4704,4.4704,4.4704,4.4704,4.4704,1.9428,1.7965,1.6498,1.5021,1.3543,1.2065,1.0586,0.9107,0.7629,0.615,0.4671,0.3193
4.4826,4.4826,4.4826,4.4826,4.4826,4.4826,4.4826,4.4826,4.4826,4.4826,3.9888,3.4594,2.9299,2.6173,2.5828,2.7079,2.986,3.265,3.5459,3.8268,4.108,4.3891,4.4826,4.4826,4.4826,4.4826,4.4826
4.4949,4.4949,4.4949,4.4949,4.4949,4.4949,4.4949,4.4949,4.4949,4.4949,4.4949,4.4949,4.4949,4.4949,4.4949,4.4949,4.4949,4.4949,4.4949,4.4949,4.4949,4.4949,4.4949,4.4949,4.4949,4.4949,4.4949
2.6912,2.7608,2.9159,3.1826,3.4661,3.7856,4.1056,4.4296,4.5073,3.7683,2.9612,2.1541,1.3471,2.3194,2.3406,2.2639,2.0935,1.9225,1.7503,1.5782,1.4059,1.2336,1.0613,0.889,0.7167,0.5444,0.372
4.5197,4.5197,4.5197,4.5197,4.5197,4.5197,4.5197,4.5197,4.5197,4.5197,4.5197,4.5197,4.5197,2.1819,1.3049,1.3681,1.5086,1.6496,1.7915,1.9334,2.0754,2.2175,2.3595,2.5016,2.6436,2.7857,2.9277
3.4117,3.5,3.6967,4.0348,4.3941,4.5322,4.5322,4.5322,4.5322,4.5322,4.5322,4.5322,4.5322,4.5322,4.5322,4.5322,1.6592,2.2292,2.219,2.0007,1.7823,1.5639,1.3455,1.127,0.9086,0.6901,0.4717
4.5448,4.5448,4.5448,4.5448,4.4931,4.0267,3.5604,3.096,2.6316,4.5448,4.5448,4.5448,4.5448,4.5448,4.5448,4.5448,4.5448,4.5448,4.5448,4.5448,4.5448,4.5448,4.5448,4.5448,4.5448,4.5448,4.5448
4.5574,4.5574,4.5574,4.5574,4.5574,4.5574,4.5574,4.5574,4.5574,4.5574,4.5574,4.5574,4.5574,4.5574,4.5574,1.013,1.6747,2.3171,2.5165,2.7158,2.9153,3.1149,3.3144,3.5139,3.7135,3.913,4.1126
2.1992,2.2561,2.3828,2.6008,2.8324,3.0935,3.355,3.6198,3.8845,4.1496,4.4147,4.5702,4.5702,4.5702,1.9127,1.85,1.7108,1.571,1.4304,1.2897,1.1489,1.0081,0.8673,0.7265,0.5857,0.4448,0.304
4.5829,4.5829,4.5829,4.5829,4.5829,4.5829,4.5829,4.5829,4.1004,3.377,2.6537,1.9305,1.2072,1.7043,1.6818,1.7633,1.9444,2.1261,2.309,2.4919,2.675,2.858,3.0411,3.2242,3.4073,3.5904,3.7735
4.5958,4.5958,4.5958,4.5958,4.5958,4.5958,4.5958,4.5958,4.5958,4.5958,4.5958,4.5958,4.5958,4.5958,4.5958,4.5958,4.5958,4.5958,4.5958,4.5958,4.5958,3.793,4.3121,4.5958,4.3749,3.323,2.2712
3.8434,3.9429,4.1644,4.5453,4.6087,4.6087,4.3245,3.7604,3.1964,2.6325,2.0687,1.5048,3.039,3.3125,3.3427,3.2333,2.9898,2.7456,2.4998,2.2539,2.0079,1.7618,1.5157,1.2696,1.0235,0.7774,0.5313
4.6217,4.6217,4.6217,4.6217,4.6217,4.6217,4.6217,4.6217,4.6217,4.6217,4.6217,4.6217,4.6217,4.6179,0.6696,1.3864,1.5288,1.6717,1.8155,1.9593,2.1033,2.2472,2.3912,2.5351,2.6791,2.8231,2.967
2.5266,2.592,2.7376,2.988,3.2542,3.5541,3.8546,4.1587,4.4629,4.6348,4.6348,4.6348,4.6348,4.6348,4.6348,1.3888,1.9655,1.8049,1.6433,1.4817,1.3199,1.1582,0.9964,0.8346,0.6729,0.5111,0.3493
4.6479,4.6479,4.6479,4.6479,4.6479,4.6479,4.6479,4.6479,4.6479,4.6479,4.6479,4.6479,4.6479,4.2944,4.2378,4.4429,4.6479,4.6479,4.6479,4.6479,4.6479,4.6479,4.6479,4.6479,4.6479,4.6479,4.6479
4.6612,4.6612,4.6612,4.6612,4.6612,4.6612,4.6612,4.6612,4.6612,4.6612,4.6612,4.6612,4.6612,4.6612,4.6612,4.6612,4.6612,4.6612,4.6612,3.0308,3.5667,4.1323,4.6612,4.6612,4.6612,4.6612,4.6612
2.3744,2.4358,2.5727,2.808,3.0581,3.34,3.6223,3.9082,4.194,4.4802,4.3881,3.1921,1.9961,2.0464,2.0651,1.9974,1.8471,1.6962,1.5443,1.3924,1.2404,1.0884,0.9364,0.7843,0.6323,0.4803,0.3283
4.6878,4.6878,4.6878,4.6878,4.6878,4.6878,4.6878,4.6878,4.6878,4.6878,4.6878,3.6449,2.2793,0.8232,1.3683,1.4345,1.5818,1.7297,1.8785,2.0273,2.1762,2.3251,2.4741,2.623,2.772,2.9209,3.0699
4.7013,4.7013,4.7013,4.7013,4.7013,4.7013,4.7013,4.7013,4.7013,4.7013,4.7013,4.7013,4.7013,4.7013,4.7013,4.7013,4.7013,1.9877,2.4954,2.7571,2.4561,2.1551,1.8541,1.5531,1.252,0.951,0.65
4.7148,4.7148,4.7148,4.7148,4.6193,4.1397,3.6604,3.1829,2.7055,2.2282,4.7148,4.7148,4.7148,4.7148,4.7148,4.7148,4.7148,4.7148,4.7148,4.7148,4.4882,3.9382,3.3881,2.838,2.2879,1.7378,1.1877
4.7284,4.7284,4.7284,4.7284,4.7284,4.7284,4.7284,4.7284,4.7284,4.7284,4.7284,4.7284,4.7284,4.7284,4.7284,1.2356,1.7681,1.9333,2.0997,2.266,2.4325,2.599,2.7654,2.9319,3.0984,3.2649,3.4314
2.2179,2.2753,2.4031,2.6229,2.8565,3.1199,3.3836,3.6506,3.9176,4.1849,4.4523,4.7197,4.7421,4.7421,1.2823,1.8658,1.7253,1.5844,1.4425,1.3007,1.1587,1.0167,0.8747,0.7326,0.5906,0.4486,0.3066
4.7559,4.7559,4.7559,4.7559,4.7559,4.7559,4.4731,3.8896,3.3061,2.7229,2.2003,2.8104,2.3802,2.1263,2.0983,2.1999,2.4258,2.6525,2.8807,3.1089,3.3373,3.5657,3.7941,4.0225,4.2509,4.4794,4.7078
4.7697,4.7697,4.7697,4.7697,4.7697,4.7697,4.7697,4.7697,4.7697,4.7697,4.7697,4.7697,4.7697,4.7697,4.7697,4.7697,4.7697,4.7697,4.7697,4.7697,4.7697,4.7697,4.7697,4.7697,4.7697,4.7697,4.7697
2.9753,3.0523,3.2238,3.5187,3.8321,4.1853,4.5391,4.5229,3.8444,3.1662,2.4881,1.81,2.3526,2.5643,2.5877,2.503,2.3145,2.1255,1.9352,1.7448,1.5543,1.3639,1.1734,0.9828,0.7923,0.6018,0.4113
4.7977,4.7977,4.7977,4.7977,4.7977,4.7977,4.7977,4.7977,4.7977,4.7977,4.7977,4.7977,4.6386,4.4832,1.2838,1.346,1.4842,1.6229,1.7625,1.9022,2.0419,2.1817,2.3214,2.4612,2.6009,2.7407,2.8805
2.9452,3.0215,3.1912,3.4831,3.7933,4.143,4.4932,4.8117,4.8117,4.8117,4.8117,4.8117,4.8117,4.8117,4.8117,4.8117,1.7551,2.104,1.9156,1.7272,1.5386,1.3501,1.1615,0.9729,0.7843,0.5957,0.4072
4.8259,4.8259,4.8259,4.8259,4.4731,4.0087,3.5445,4.8259,4.8259,4.8259,4.8259,4.8259,4.8259,4.8259,4.8259,4.8259,4.8259,4.8259,4.8259,4.8259,4.8259,4.8259,4.8259,4.8259,4.8259,4.8259,4.8259
4.8402,4.8402,4.8402,4.8402,4.8402,4.8402,4.8402,4.8402,4.8402,4.8402,4.8402,4.8402,4.8402,4.8402,4.8402,4.8402,1.4786,2.1204,2.7619,3.144,3.375,3.606,3.837,4.068,4.299,4.53,4.761
2.2154,2.2728,2.4005,2.62,2.8534,3.1164,3.3798,3.6465,3.9132,4.1803,4.4474,4.7145,4.2814,1.5463,1.9268,1.8637,1.7234,1.5826,1.4409,1.2992,1.1574,1.0155,0.8737,0.7318,0.59,0.4481,0.3063
4.8689,4.8689,4.8689,4.8689,4.8689,4.8689,4.8689,4.8689,4.8689,4.0311,3.1677,2.3044,1.441,1.5341,1.5138,1.5871,1.7502,1.9137,2.0783,2.243,2.4078,2.5725,2.7373,2.9021,3.0669,3.2317,3.3965
4.8835,4.8835,4.8835,4.8835,4.8835,4.8835,4.8835,4.8835,4.8835,4.8835,4.8835,4.8835,4.8835,4.8835,4.8835,4.8835,4.8835,4.8835,4.8835,2.8087,3.3381,3.7735,3.2464,2.7193,2.1922,1.6651,1.1381
4.7711,4.8946,4.8981,4.8981,4.8981,4.4777,3.9592,3.4427,2.9263,2.4101,1.8939,3.1972,3.7725,4.1121,4.1495,4.0137,3.7115,3.4083,3.1032,2.7979,2.4925,2.187,1.8815,1.5761,1.2706,0.9651,0.6596
4.9127,4.9127,4.9127,4.9127,4.9127,4.9127,4.9127,4.9127,4.9127,4.9127,4.9127,4.9127,4.9127,4.768,0.6885,1.4315,1.5785,1.726,1.8745,2.023,2.1716,2.3203,2.4689,2.6175,2.7662,2.9148,3.0634
2.3488,2.4096,2.5449,2.7777,3.0251,3.304,3.5832,3.866,4.1488,4.4319,4.715,4.9275,4.9275,4.9275,4.9275,1.7653,1.8271,1.6779,1.5276,1.3774,1.227,1.0767,0.9263,0.7759,0.6255,0.4751,0.3247
4.9424,4.9424,4.9424,4.9424,4.9424,4.9424,4.9424,4.9424,4.9424,4.9424,4.6103,3.9984,3.3864,3.0251,2.9853,3.1298,3.4513,3.7738,4.0984,4.4231,4.748,4.9424,4.9424,4.9424,4.9424,4.9424,4.9424
4.9573,4.9573,4.9573,4.9573,4.9573,4.9573,4.9573,4.9573,4.9573,4.9573,4.9573,4.9573,4.9573,4.9573,4.9573,4.9573,4.9573,4.9573,4.9573,4.9573,4.9573,4.9573,4.9573,4.9573,4.9573,4.9573,4.9573
2.5195,2.5847,2.7299,2.9796,3.245,3.5441,3.8437,4.147,4.4503,4.2319,3.3255,2.4191,1.5128,2.1715,2.1913,2.1195,1.9599,1.7998,1.6387,1.4775,1.3162,1.1549,0.9936,0.8323,0.671,0.5096,0.3483
4.9875,4.9875,4.9875,4.9875,4.9875,4.9875,4.9875,4.9875,4.9875,4.9875,4.9875,4.9875,3.6482,1.3177,1.3069,1.3702,1.5109,1.6521,1.7942,1.9364,2.0786,2.2209,2.3632,2.5054,2.6477,2.79,2.9322
3.7489,3.8459,4.0619,4.4335,4.8283,5.0027,5.0027,5.0027,5.0027,5.0027,5.0027,5.0027,5.0027,5.0027,5.0027,5.0027,5.0027,2.0646,2.4383,2.1985,1.9584,1.7184,1.4784,1.2384,0.9983,0.7583,0.5183
5.0181,5.0181,5.0181,4.946,4.4675,4.0037,3.5401,3.0783,2.6166,5.0181,5.0181,5.0181,5.0181,5.0181,5.0181,5.0181,5.0181,5.0181,5.0181,5.0181,5.0181,5.0181,5.0181,5.0181,4.6853,3.5588,2.4323
5.0335,5.0335,5.0335,5.0335,5.0335,5.0335,5.0335,5.0335,5.0335,5.0335,5.0335,5.0335,5.0335,5.0335,5.0335,1.0233,1.8086,2.1196,2.3019,2.4843,2.6668,2.8493,3.0319,3.2144,3.3969,3.5794,3.762
2.171,2.2272,2.3523,2.5675,2.7962,3.0539,3.312,3.5734,3.8348,4.0965,4.3582,4.6199,4.8817,5.0362,1.8882,1.8264,1.6888,1.5509,1.412,1.2732,1.1342,0.9952,0.8562,0.7172,0.5782,0.4391,0.3001
5.0646,5.0646,5.0646,5.0646,5.0646,5.0646,5.0011,4.3488,3.6964,3.0444,2.3923,1.7403,1.1435,1.8144,1.7905,1.8772,2.07,2.2634,2.4581,2.6529,2.8478,3.0427,3.2376,3.4325,3.6274,3.8223,4.0172
5.0803,5.0803,5.0803,5.0803,5.0803,5.0803,5.0803,5.0803,5.0803,5.0803,5.0803,5.0803,5.0803,5.0803,5.0803,5.0803,5.0803,5.0803,5.0803,5.0803,5.0803,5.0803,5.0803,4.7354,5.0803,5.0803,5.0803
3.4038,3.4919,3.6881,4.0254,4.3839,4.7881,4.5482,3.9549,3.3617,2.7687,2.1757,1.5827,2.6914,2.9336,2.9604,2.8634,2.6479,2.4316,2.2139,1.9961,1.7782,1.5603,1.3423,1.1244,0.9065,0.6885,0.4706
5.112,5.112,5.112,5.112,5.112,5.112,5.112,5.112,5.112,5.112,5.112,4.9128,4.6491,4.4933,1.0498,1.349,1.4876,1.6266,1.7665,1.9065,2.0465,2.1866,2.3267,2.4667,2.6068,2.7469,2.887
2.6292,2.6972,2.8488,3.1093,3.3863,3.6984,4.011,4.3276,4.6441,4.961,5.128,5.128,5.128,5.128,5.128,5.128,2.0453,1.8782,1.71,1.5418,1.3735,1.2052,1.0369,0.8685,0.7002,0.5318,0.3635
5.1441,5.1441,5.1441,5.023,5.1441,5.1441,5.1441,5.1441,5.1441,5.1441,5.1441,5.1441,5.1441,5.1441,5.1441,5.1441,5.1441,5.1441,5.1441,5.1441,5.1441,5.1441,5.1441,5.1441,5.1441,5.1441,5.1441
5.1603,5.1603,5.1603,5.1603,5.1603,5.1603,5.1603,5.1603,5.1603,5.1603,5.1603,5.1603,5.1603,5.1603,5.1603,5.1603,5.1603,1.9854,2.5103,3.0933,3.6763,4.2593,4.672,4.9533,5.1603,5.1603,5.1603
2.2749,2.3338,2.4649,2.6904,2.93,3.2001,3.4706,3.7445,4.0183,4.2925,4.5668,3.9448,2.4669,1.9607,1.9786,1.9138,1.7697,1.6251,1.4796,1.3341,1.1884,1.0428,0.8971,0.7515,0.6058,0.4602,0.3145
5.193,5.193,5.193,5.193,5.193,5.193,5.193,5.193,5.193,5.137,4.0368,2.9365,1.8363,0.7237,1.3981,1.4658,1.6164,1.7674,1.9195,2.0715,2.2237,2.3759,2.5281,2.6803,2.8325,2.9847,3.1369
5.2095,5.2095,5.2095,5.2095,5.2095,5.2095,5.2095,5.2095,5.2095,5.2095,5.2095,5.2095,5.2095,5.2095,5.2095,5.2095,5.2095,5.2095,2.3708,2.9214,2.8904,2.5362,2.1819,1.8277,1.4734,1.1192,0.7649
5.2262,5.2262,5.2262,5.1836,4.6821,4.196,3.7101,3.2262,2.7423,2.2585,1.7748,4.342,5.1232,5.2262,5.2262,5.2262,5.0404,4.6287,4.2143,3.7998,3.385,2.9701,2.5553,2.1404,1.7255,1.3106,0.8958
5.2429,5.2429,5.2429,5.2429,5.2429,5.2429,5.2429,5.2429,5.2429,5.2429,5.2429,5.2429,5.2017,5.0275,5.0083,1.4062,1.6644,1.82,1.9765,2.1331,2.2898,2.4465,2.6033,2.76,2.9167,3.0735,3.2302
2.2309,2.2887,2.4172,2.6383,2.8733,3.1382,3.4035,3.672,3.9406,4.2095,4.4785,4.7474,5.0164,5.1752,5.1927,1.8768,1.7355,1.5937,1.451,1.3083,1.1655,1.0226,0.8798,0.737,0.5941,0.4513,0.3084
5.2767,5.2767,5.2767,5.2767,5.2767,4.8227,5.2767,5.0298,4.553,4.0755,3.598,3.1204,2.6428,2.3609,2.3298,2.4426,2.6935,2.9451,3.1985,3.4519,3.7055,3.9591,4.2127,4.4663,4.72,4.9736,5.2272
5.2937,5.2937,5.2937,5.2937,5.2937,5.2937,5.2937,5.2937,5.2937,5.2937,5.2937,5.2937,5.2937,5.2937,5.2937,5.2937,5.2937,5.2937,5.2937,5.2937,5.2937,5.2937,5.2937,5.2937,5.2937,5.2937,5.2937
2.7405,2.8114,2.9694,3.241,3.5296,3.855,4.1808,4.5108,4.1873,3.4487,2.71,1.9714,1.3678,2.3619,2.3835,2.3054,2.1319,1.9577,1.7824,1.6071,1.4317,1.2562,1.0808,0.9053,0.7298,0.5543,0.3789
5.3281,5.3281,5.3281,5.3281,5.3281,5.3281,5.3281,5.3281,5.3281,5.3281,5.1201,4.8592,4.5983,3.5432,1.2727,1.3343,1.4714,1.6089,1.7473,1.8857,2.0242,2.1628,2.3013,2.4398,2.5784,2.7169,2.8555
3.1583,3.2401,3.4221,3.7351,4.0677,4.4427,4.8182,5.1984,5.3455,5.3455,5.3455,5.3455,5.3455,5.3455,5.3455,5.3455,1.595,2.2562,2.0542,1.8521,1.6499,1.4477,1.2455,1.0433,0.8411,0.6388,0.4366
5.363,5.363,5.3526,4.8742,4.4027,3.9456,3.4887,3.0336,5.363,5.363,5.363,5.363,5.363,5.363,5.363,5.363,5.363,5.363,5.363,5.363,5.363,5.363,5.363,5.363,5.363,5.363,5.363
5.3806,5.3806,5.3806,5.3806,5.3806,5.3806,5.3806,5.3806,5.3806,5.3806,5.3806,5.3806,5.3806,5.3806,5.3806,5.3806,1.5649,2.2442,2.6051,2.8114,3.018,3.2245,3.4311,3.6377,3.8442,4.0508,4.2574
2.1649,2.2209,2.3457,2.5602,2.7883,3.0453,3.3027,3.5633,3.8239,4.0849,4.3459,4.6069,4.8679,2.8129,1.8828,1.8212,1.6841,1.5465,1.408,1.2696,1.131,0.9924,0.8537,0.7151,0.5765,0.4379,0.2993
5.4162,5.4162,5.4162,5.4162,5.4162,5.4162,5.4162,5.0472,4.2901,3.5333,2.7765,2.0198,1.2631,1.6054,1.5842,1.6609,1.8315,2.0027,2.175,2.3473,2.5197,2.6922,2.8646,3.0371,3.2095,3.382,3.5545
5.4342,5.4342,5.4342,5.4342,5.4342,5.4342,5.4342,5.4342,5.4342,5.4342,5.4342,5.4342,5.4342,5.4342,5.4342,5.4342,5.4342,5.4342,5.4342,5.4342,3.2379,3.7513,4.2648,3.8646,3.1156,2.3665,1.6174
4.0749,4.1804,4.4153,4.8191,5.1767,4.6392,4.102,3.567,3.0319,2.497,1.9622,1.5425,3.222,3.512,3.5441,3.428,3.1699,2.911,2.6504,2.3897,2.1288,1.8679,1.607,1.3461,1.0852,0.8243,0.5633
5.4705,5.4705,5.4705,5.4705,5.4705,5.4705,5.4705,5.4705,5.4705,5.4705,5.2871,5.0177,4.7483,4.5893,0.6627,1.3778,1.5193,1.6613,1.8042,1.9472,2.0902,2.2333,2.3763,2.5194,2.6625,2.8055,2.9486
2.4116,2.474,2.613,2.852,3.106,3.3923,3.6791,3.9694,4.2597,4.5504,4.8411,5.1319,5.4226,5.4888,5.4888,1.455,1.876,1.7228,1.5685,1.4142,1.2598,1.1054,0.951,0.7966,0.6422,0.4878,0.3334
5.5072,5.5072,5.5072,5.5072,5.5072,5.5072,5.5072,5.5072,5.5072,5.5072,5.5072,4.8068,4.0711,3.6368,3.5889,3.7626,4.1491,4.5368,4.9271,5.3175,5.5072,5.5072,5.5072,5.5072,5.5072,5.5072,5.5072
5.5258,5.5258,5.5258,5.5258,5.5258,5.5258,5.5258,5.5258,5.5258,5.5258,5.5258,5.5258,5.5258,5.5258,5.5258,5.5258,5.5258,5.5258,5.5258,5.5258,5.5258,5.5258,4.5095,5.0525,5.5258,5.5258,5.5258
2.3842,2.4459,2.5833,2.8196,3.0707,3.3538,3.6373,3.9243,4.2113,4.4987,3.8427,2.7954,1.7481,2.0549,2.0736,2.0057,1.8547,1.7032,1.5507,1.3982,1.2455,1.0929,0.9402,0.7876,0.6349,0.4823,0.3296
5.5633,5.5633,5.5633,5.5633,5.5633,5.5633,5.5633,5.5633,5.5633,5.5633,5.3117,4.1759,2.6114,0.9432,1.3203,1.3842,1.5264,1.6691,1.8126,1.9562,2.1,2.2437,2.3874,2.5311,2.6749,2.8186,2.9623
4.2111,4.3201,4.5627,4.9801,5.4236,5.5823,5.5823,5.5823,5.5823,5.5823,5.5823,5.5823,5.5823,5.5823,5.5823,5.5823,5.5823,1.9348,2.5202,2.4695,2.1999,1.9303,1.6607,1.3911,1.1214,0.8518,0.5822
5.6014,5.6014,5.4462,4.9595,4.4797,4.0146,3.5497,3.0867,2.6237,2.1609,5.6014,5.6014,5.6014,5.6014,5.6014,5.6014,5.6014,5.6014,5.6014,5.6014,5.4742,4.8033,4.1324,3.4615,2.7905,2.1196,1.4486
5.6206,5.6206,5.6206,5.6206,5.6206,5.6206,5.6206,5.6206,5.6206,5.6206,5.6206,5.6206,5.6161,5.428,5.4072,1.1251,1.797,1.9649,2.134,2.303,2.4722,2.6414,2.8106,2.9798,3.1491,3.3183,3.4875
2.1612,2.2171,2.3417,2.5558,2.7835,3.0401,3.297,3.5572,3.8174,4.0779,4.3384,4.599,4.8596,5.0134,1.2495,1.8181,1.6812,1.5439,1.4056,1.2674,1.129,0.9907,0.8523,0.7139,0.5755,0.4372,0.2988
5.6594,5.6594,5.6594,5.6594,5.6594,5.1782,4.5786,3.9814,3.3842,2.7872,2.1902,1.6324,2.195,1.9609,1.935,2.0287,2.2371,2.4461,2.6565,2.867,3.0776,3.2883,3.4989,3.7095,3.9202,4.1308,4.3415
5.679,5.679,5.679,5.679,5.679,5.679,5.679,5.679,5.679,5.679,5.679,5.679,5.679,5.679,5.679,5.679,5.679,5.679,5.679,5.679,5.679,5.679,5.679,5.679,5.679,5.679,5.679
3.0706,3.1501,3.327,3.6314,3.9548,4.3194,4.6844,4.214,3.5819,2.95,2.3182,1.6864,2.4279,2.6464,2.6706,2.5831,2.3886,2.1935,1.9971,1.8007,1.6041,1.4075,1.2109,1.0143,0.8177,0.6211,0.4245
5.7187,5.7187,5.7187,5.7187,5.7187,5.7187,5.7187,5.7187,5.5973,5.3385,5.0797,4.8209,4.5621,4.4093,1.2627,1.3238,1.4598,1.5962,1.7335,1.8708,2.0082,2.1457,2.2831,2.4206,2.5581,2.6955,2.833
2.7678,2.8394,2.9989,3.2732,3.5648,3.8934,4.2225,4.5557,4.8889,5.2225,5.5562,5.7387,5.7387,5.7387,5.7387,5.7387,1.829,1.9772,1.8002,1.6231,1.4459,1.2687,1.0915,0.9143,0.7371,0.5599,0.3826
5.7589,5.7589,5.3734,4.8932,4.4198,3.9609,5.7589,5.7589,5.7589,5.7589,5.7589,5.7589,5.7589,5.7589,5.7589,5.7589,5.7589,5.7589,5.7589,5.7589,5.7589,5.7589,5.7589,5.7589,5.7589,5.7589,5.7589
5.7792,5.7792,5.7792,5.7792,5.7792,5.7792,5.7792,5.7792,5.7792,5.7792,5.7792,5.7792,5.7792,5.7792,5.7792,5.7792,1.4777,2.0075,2.6148,3.2221,3.5591,3.8027,4.0463,4.2899,4.5335,4.7771,5.0207
2.1994,2.2564,2.3831,2.6011,2.8328,3.0939,3.3554,3.6202,3.885,4.1501,4.4152,4.6804,3.2881,1.2543,1.9129,1.8503,1.711,1.5712,1.4305,1.2898,1.149,1.0082,0.8674,0.7265,0.5857,0.4449,0.3041
5.8202,5.8202,5.8202,5.8202,5.8202,5.8202,5.8202,5.8202,5.2403,4.3159,3.3915,2.4671,1.5428,0.7467,1.4426,1.5125,1.6678,1.8237,1.9805,2.1374,2.2945,2.4515,2.6085,2.7656,2.9226,3.0797,3.2367
5.841,5.841,5.841,5.841,5.841,5.841,5.841,5.841,5.841,5.841,5.841,5.841,5.841,5.841,5.841,5.841,5.841,5.841,5.841,2.8022,3.3303,3.1287,2.6917,2.2547,1.8177,1.3806,0.9436
5.2133,5.3482,5.6487,5.3025,4.7895,4.2923,3.7952,3.3002,2.8052,2.3103,1.8155,3.4935,4.1221,4.4931,4.5341,4.3856,4.0554,3.7242,3.3907,3.0572,2.7235,2.3897,2.0559,1.7221,1.3883,1.0545,0.7207
5.8829,5.8829,5.8829,5.8829,5.8829,5.8829,5.8829,5.8829,5.8829,5.7892,5.5085,5.2278,4.9472,4.7815,4.7632,1.4355,1.583,1.7309,1.8798,2.0287,2.1778,2.3268,2.4759,2.6249,2.774,2.923,3.0721
2.2638,2.3224,2.4528,2.6772,2.9157,3.1844,3.4536,3.7261,3.9987,4.2715,4.5444,4.8174,5.0903,5.2514,5.2692,1.9044,1.761,1.6172,1.4724,1.3276,1.1826,1.0377,0.8928,0.7478,0.6029,0.4579,0.313
5.9255,5.9255,5.9255,5.9255,5.9255,5.9255,5.9255,5.7243,5.1816,4.6382,4.0948,3.5512,3.0077,2.6869,2.6514,2.7798,3.0653,3.3518,3.6401,3.9285,4.2171,4.5057,4.7943,5.083,5.3716,5.6603,5.9255
5.947,5.947,5.947,5.947,5.947,5.947,5.947,5.947,5.947,5.947,5.947,5.947,5.947,5.947,5.947,5.947,5.947,5.947,5.947,5.947,5.947,5.947,5.947,5.947,5.947,5.947,5.947
2.556,2.6222,2.7695,3.0228,3.292,3.5955,3.8994,4.2071,4.5148,3.8305,3.0101,2.1897,1.3693,2.2029,2.223,2.1502,1.9883,1.8259,1.6624,1.4989,1.3353,1.1716,1.008,0.8443,0.6807,0.517,0.3534
5.9905,5.9905,5.9905,5.9905,5.9905,5.9905,5.9905,5.9001,5.6397,5.379,5.1182,4.8574,4.5966,1.7027,1.2722,1.3338,1.4708,1.6083,1.7466,1.885,2.0235,2.1619,2.3004,2.4389,2.5774,2.7159,2.8544
3.442,3.5311,3.7295,4.0706,4.4332,4.8418,5.2511,5.6655,6.0125,6.0125,6.0125,6.0125,6.0125,6.0125,6.0125,6.0125,6.0125,2.1086,2.2387,2.0185,1.7982,1.5778,1.3574,1.137,0.9166,0.6962,0.4758
6.0346,5.8108,5.3122,4.8375,4.3694,3.9158,3.4624,3.0107,2.5591,6.0346,6.0346,6.0346,6.0346,6.0346,6.0346,6.0346,6.0346,6.0346,6.0346,6.0346,6.0346,6.0346,6.0346,6.0346,6.0346,5.9488,4.0657
6.0569,6.0569,6.0569,6.0569,6.0569,6.0569,6.0569,6.0569,6.0569,6.0569,6.0569,6.0569,6.0569,6.0259,6.0028,0.9537,1.6794,2.1814,2.369,2.5567,2.7446,2.9324,3.1202,3.3081,3.4959,3.6838,3.8716
2.1332,2.1884,2.3114,2.5228,2.7475,3.0007,3.2544,3.5112,3.768,4.0251,4.2823,4.5395,4.7967,4.9485,1.8553,1.7946,1.6594,1.5239,1.3874,1.251,1.1144,0.9778,0.8413,0.7047,0.5681,0.4315,0.2949
6.102,6.102,6.102,6.102,6.102,5.8731,5.193,4.5157,3.8383,3.1612,2.4841,1.8071,1.13,1.7006,1.6782,1.7594,1.9401,2.1214,2.3039,2.4865,2.6691,2.8518,3.0345,3.2172,3.3999,3.5826,3.7652
6.1249,6.1249,6.1249,6.1249,6.1249,6.1249,6.1249,6.1249,6.1249,6.1249,6.1249,6.1249,6.1249,6.1249,6.1249,6.1249,6.1249,6.1249,6.1249,6.1249,6.1249,3.6698,4.1721,4.6744,5.1767,4.2166,2.8819
3.5726,3.6651,3.871,4.225,4.6014,4.8594,4.2967,3.7363,3.1758,2.6156,2.0554,1.4952,2.8248,3.0791,3.1072,3.0054,2.7792,2.5522,2.3236,2.0951,1.8664,1.6376,1.4089,1.1802,0.9514,0.7227,0.4939
6.171,6.171,6.171,6.171,6.171,6.171,6.171,5.9182,5.657,5.3955,5.1339,4.8723,4.6107,4.4563,0.7569,1.3379,1.4753,1.6132,1.752,1.8908,2.0297,2.1686,2.3075,2.4464,2.5853,2.7243,2.8632
2.5011,2.5658,2.7099,2.9578,3.2212,3.5182,3.8156,4.1167,4.4178,4.7192,5.0207,5.3223,5.6238,5.8018,5.8215,1.3748,1.9456,1.7867,1.6267,1.4667,1.3066,1.1465,0.9863,0.8262,0.666,0.5059,0.3458
6.2178,6.2178,6.2178,6.2178,6.2178,6.2178,6.2178,6.2178,6.2178,6.2178,6.2178,6.1231,5.1859,4.6327,4.5716,4.7929,5.2853,5.7791,6.2178,6.2178,6.2178,6.2178,6.2178,6.2178,6.2178,6.2178,6.2178
6.2415,6.2415,6.2415,6.2415,6.2415,6.2415,6.2415,6.2415,6.2415,6.2415,6.2415,6.2415,6.2415,6.2415,6.2415,6.2415,6.2415,6.2415,2.4536,2.9608,3.5188,4.0769,4.6349,5.1929,5.6672,5.9717,6.2415
2.2785,2.3375,2.4688,2.6946,2.9346,3.2051,3.476,3.7503,4.0246,4.2992,4.5739,3.3568,2.0992,1.9637,1.9816,1.9168,1.7725,1.6277,1.4819,1.3362,1.1903,1.0444,0.8985,0.7527,0.6068,0.4609,0.315
6.2894,6.2894,6.2894,6.2894,6.2894,6.2894,6.2894,6.2412,5.9658,5.69,4.4786,3.258,2.0373,0.7358,1.3458,1.4109,1.5559,1.7012,1.8476,1.994,2.1405,2.287,2.4335,2.58,2.7265,2.873,3.0195
4.8644,4.9903,5.2707,5.7527,6.2651,6.3137,6.3137,6.3137,6.3137,6.3137,6.3137,6.3137,6.3137,6.3137,6.3137,6.3137,6.3137,6.3137,2.3872,2.8527,2.5412,2.2298,1.9183,1.6069,1.2954,0.984,0.6725
6.3381,6.0251,5.508,5.0158,4.5305,4.0602,3.59,3.1217,2.6535,2.1854,4.1003,4.9999,5.8995,6.3381,6.3381,6.2767,5.8041,5.33,4.8528,4.3755,3.8978,3.4201,2.9424,2.4647,1.987,1.5092,1.0315
6.3627,6.3627,6.3627,6.3627,6.3627,6.3627,6.3627,6.3627,6.3627,6.1647,5.8659,5.567,5.2681,5.0916,5.0722,1.2639,1.6857,1.8432,2.0018,2.1603,2.319,2.4778,2.6365,2.7952,2.9539,3.1127,3.2714
2.1694,2.2256,2.3506,2.5656,2.7941,3.0517,3.3096,3.5708,3.832,4.0935,4.355,4.6165,4.8781,5.0325,5.0496,1.825,1.6876,1.5498,1.411,1.2722,1.1333,0.9944,0.8555,0.7166,0.5777,0.4388,0.2999
6.4125,6.4125,6.4125,5.9352,5.361,4.8044,4.2481,3.694,3.1399,2.6679,3.2868,2.8505,2.4142,2.1567,2.1283,2.2313,2.4605,2.6904,2.9219,3.1533,3.385,3.6167,3.8483,4.08,4.3117,4.5434,4.7751
6.4377,6.4377,6.4377,6.4377,6.4377,6.4377,6.4377,6.4377,6.4377,6.4377,6.4377,6.4377,6.4377,6.4377,6.4377,6.4377,6.4377,6.4377,6.4377,6.4377,6.4377,6.4377,6.4377,6.4377,6.4377,6.4377,6.4377
2.8132,2.8861,3.0482,3.327,3.6233,3.9573,4.2918,4.557,3.8734,3.1901,2.5069,1.8236,2.2244,2.4246,2.4467,2.3666,2.1884,2.0097,1.8297,1.6498,1.4697,1.2896,1.1094,0.9293,0.7492,0.5691,0.3889
6.4887,6.4887,6.4887,6.4887,6.4887,6.3021,6.0496,5.7938,5.5381,5.2821,5.026,4.77,4.5139,4.3627,1.2493,1.3098,1.4443,1.5793,1.7152,1.851,1.987,2.123,2.259,2.395,2.531,2.667,2.803
2.9513,3.0277,3.1978,3.4903,3.8012,4.1516,4.5025,4.8578,5.2131,5.5688,5.9246,6.2805,6.5145,6.5145,6.5145,6.5145,1.6509,2.1083,1.9196,1.7308,1.5418,1.3529,1.1639,0.9749,0.786,0.597,0.408
6.2877,5.774,5.2785,4.8068,4.3417,3.891,3.4404,2.9917,6.5405,6.5405,6.5405,6.5405,6.5405,6.5405,6.5405,6.5405,6.5405,6.5405,6.5405,6.5405,6.5405,6.5405,6.5405,6.5405,6.5405,6.5405,6.5405
6.5667,6.5667,6.5667,6.5667,6.5667,6.5667,6.5667,6.5667,6.5667,6.5667,6.5667,6.5667,6.5667,6.5667,6.5667,6.5667,1.4749,2.1151,2.7229,2.9386,3.1545,3.3704,3.5863,3.8022,4.0182,4.2341,4.45
2.1448,2.2004,2.324,2.5365,2.7624,3.0171,3.2721,3.5303,3.7885,4.0471,4.3056,4.5642,4.8228,1.8214,1.8654,1.8043,1.6685,1.5322,1.395,1.2578,1.1205,0.9832,0.8458,0.7085,0.5712,0.4338,0.2965
6.6198,6.6198,6.6198,6.6198,6.6198,6.6198,6.1403,5.3394,4.5384,3.7378,2.9372,2.1367,1.3362,1.5242,1.5041,1.5769,1.7389,1.9013,2.0649,2.2285,2.3922,2.5559,2.7197,2.8834,3.0471,3.2109,3.3746
6.6467,6.6467,6.6467,6.6467,6.6467,6.6467,6.6467,6.6467,6.6467,6.6467,6.6467,6.6467,6.6467,6.6467,6.6467,6.6467,6.6467,6.6467,6.6467,2.712,3.2231,3.7342,3.573,2.9929,2.4128,1.8327,1.2526
4.3776,4.4909,4.7432,5.177,4.9467,4.4331,3.9198,3.4085,2.8972,2.3861,1.8751,2.9335,3.4613,3.7729,3.8073,3.6826,3.4054,3.1272,2.8472,2.5672,2.2869,2.0066,1.7263,1.4461,1.1658,0.8855,0.6052
6.701,6.701,6.701,6.701,6.701,6.6317,6.3659,6.0969,5.8278,5.5584,5.2889,5.0194,4.7499,4.5908,0.6629,1.3783,1.5199,1.6619,1.8049,1.9478,2.0909,2.234,2.3772,2.5203,2.6634,2.8065,2.9496
2.318,2.378,2.5116,2.7413,2.9855,3.2607,3.5363,3.8154,4.0944,4.3738,4.6533,4.9328,5.2123,5.3772,5.3955,1.5959,1.8032,1.6559,1.5077,1.3594,1.211,1.0626,0.9141,0.7657,0.6173,0.4689,0.3205
6.7563,6.7563,6.7563,6.7563,6.7563,6.7563,6.7563,6.7276,6.0898,5.4512,4.8125,4.1737,3.5349,3.1578,3.1162,3.267,3.6026,3.9393,4.2781,4.6171,4.9563,5.2955,5.6347,5.9739,6.3131,6.6524,6.7563
6.7843,6.7843,6.7843,6.7843,6.7843,6.7843,6.7843,6.7843,6.7843,6.7843,6.7843,6.7843,6.7843,6.7843,6.7843,6.7843,6.7843,6.7843,6.7843,6.7843,6.7843,6.7843,6.7843,6.7843,6.7843,6.7843,6.7843
2.4107,2.4731,2.612,2.851,3.1049,3.3911,3.6777,3.968,4.2582,4.359,3.4253,2.4918,1.5582,2.0777,2.0967,2.028,1.8753,1.7221,1.5679,1.4137,1.2594,1.105,0.9507,0.7963,0.642,0.4876,0.3333
6.8409,6.8409,6.8409,6.8409,6.7282,6.4693,6.2101,5.9476,5.6851,5.4223,5.1594,4.8965,3.0993,1.1194,1.2825,1.3446,1.4827,1.6212,1.7607,1.9002,2.0398,2.1794,2.319,2.4586,2.5982,2.7378,2.8774
3.8242,3.9231,4.1435,4.5225,4.9253,5.3794,5.834,6.2944,6.7548,6.8696,6.8696,6.8696,6.8696,6.8696,6.8696,6.8696,6.8696,1.9683,2.4872,2.2426,1.9978,1.753,1.5081,1.2632,1.0184,0.7735,0.5287
6.332,5.8147,5.3157,4.8407,4.3724,3.9184,3.4647,3.0128,2.5608,2.1091,6.8985,6.8985,6.8985,6.8985,6.8985,6.8985,6.8985,6.8985,6.8985,6.8985,6.8985,6.2696,5.3939,4.5181,3.6424,2.7666,1.8909
6.9277,6.9277,6.9277,6.9277,6.9277,6.9277,6.9277,6.9277,6.9277,6.7307,6.4044,6.0781,5.7517,5.5591,5.5378,1.0361,1.8312,2.0124,2.1855,2.3587,2.532,2.7052,2.8785,3.0518,3.2251,3.3984,3.5717
2.1193,2.1742,2.2963,2.5063,2.7296,2.9812,3.2332,3.4883,3.7435,3.9989,4.2544,4.5099,4.7654,4.9163,1.8432,1.7829,1.6486,1.514,1.3784,1.2428,1.1072,0.9715,0.8358,0.7001,0.5644,0.4287,0.293
6.9868,6.9868,6.9868,6.6021,5.9634,5.3443,4.7254,4.1091,3.4927,2.8765,2.2604,1.6444,1.1509,1.8262,1.8021,1.8893,2.0834,2.2781,2.4741,2.6701,2.8662,3.0624,3.2586,3.4548,3.6509,3.8471,4.0433
7.0167,7.0167,7.0167,7.0167,7.0167,7.0167,7.0167,7.0167,7.0167,7.0167,7.0167,7.0167,7.0167,7.0167,7.0167,7.0167,7.0167,7.0167,7.0167,7.0167,7.0167,7.0167,7.0167,4.6108,5.1063,5.6018,6.0972
3.1977,3.2805,3.4648,3.7817,4.1185,4.4982,4.555,3.9609,3.3667,2.7728,2.1789,1.5851,2.5284,2.756,2.7811,2.6901,2.4875,2.2843,2.0798,1.8752,1.6705,1.4658,1.2611,1.0563,0.8516,0.6468,0.4421
7.0773,7.0773,6.9905,6.78,6.5562,6.3039,6.0513,5.7955,5.5397,5.2836,5.0275,4.7713,4.5151,4.3639,1.2497,1.3102,1.4447,1.5797,1.7157,1.8516,1.9876,2.1236,2.2597,2.3957,2.5317,2.6678,2.8038
2.622,2.6899,2.841,3.1008,3.377,3.6883,4.0001,4.3157,4.6314,4.9474,5.2635,5.5796,5.8958,6.0824,6.103,6.0283,1.9255,1.8731,1.7054,1.5376,1.3698,1.2019,1.034,0.8661,0.6982,0.5304,0.3625
6.3645,5.8446,5.343,4.8655,4.3948,7.139,7.139,7.139,7.139,7.139,7.139,7.139,7.139,6.4995,6.4138,6.7243,7.139,7.139,7.139,7.139,7.139,7.139,7.139,7.139,7.139,7.139,7.139
7.1702,7.1702,7.1702,7.1702,7.1702,7.1702,7.1702,7.1702,7.1702,7.1702,7.1702,7.1702,7.1702,7.1702,7.1702,7.1702,7.1702,1.9148,2.4941,3.0734,3.6527,4.0581,4.3181,4.578,4.838,5.098,5.358
2.1976,2.2544,2.3811,2.5989,2.8304,3.0913,3.3525,3.6171,3.8817,4.1466,4.4115,4.2645,2.6668,1.2532,1.9113,1.8487,1.7095,1.5699,1.4293,1.2887,1.148,1.0073,0.8666,0.7259,0.5852,0.4445,0.3038
7.2336,7.2336,7.2336,7.2336,7.2336,6.984,6.7042,6.4208,5.6931,4.6888,3.6846,2.6803,1.6761,0.7166,1.3845,1.4515,1.6006,1.7502,1.9008,2.0513,2.202,2.3527,2.5035,2.6542,2.8049,2.9556,3.1063
5.8347,5.9857,6.322,6.9002,7.2656,7.2656,7.2656,7.2656,7.2656,7.2656,7.2656,7.2656,7.2656,7.2656,7.2656,7.2656,7.2656,7.2656,2.2835,2.8139,3.0481,2.6746,2.301,1.9274,1.5538,1.1802,0.8066
5.807,5.9573,5.6197,5.1175,4.6224,4.1425,3.6628,3.185,2.7073,2.2297,1.7521,3.8914,4.5915,5.0049,5.0505,4.8851,4.5173,4.1484,3.7769,3.4054,3.0337,2.6619,2.2901,1.9183,1.5464,1.1746,0.8028
7.3306,7.3306,7.3306,7.3306,7.2523,6.9733,6.6938,6.4109,6.1279,5.8446,5.5613,5.2779,4.9946,4.8273,4.8088,1.4493,1.5981,1.7475,1.8978,2.0482,2.1986,2.3491,2.4996,2.6501,2.8006,2.951,3.1015
2.1962,2.2531,2.3796,2.5973,2.8286,3.0894,3.3505,3.6149,3.8793,4.144,4.4088,4.6735,4.9383,5.0947,5.1119,1.8476,1.7084,1.5689,1.4284,1.2879,1.1473,1.0067,0.8661,0.7255,0.5849,0.4442,0.3036
7.2888,6.6933,7.3968,7.0462,6.6179,6.1353,5.6519,5.1624,4.673,4.183,3.6929,3.2027,2.7125,2.4231,2.3912,2.507,2.7645,3.0228,3.2828,3.5429,3.8032,4.0635,4.3238,4.5841,4.8444,5.1047,5.365
7.4304,7.4304,7.4304,7.4304,7.4304,7.4304,7.4304,7.4304,7.4304,7.4304,7.4304,7.4304,7.4304,7.4304,7.4304,7.4304,7.4304,7.4304,7.4304,7.4304,7.4304,7.4304,7.4304,7.4304,7.4304,7.4304,7.4304
2.6121,2.6797,2.8303,3.0891,3.3643,3.6744,3.985,4.2995,4.2618,3.51,2.7582,2.0065,1.3037,2.2513,2.2718,2.1974,2.032,1.866,1.6989,1.5318,1.3646,1.1974,1.0301,0.8629,0.6956,0.5284,0.3611
7.1484,7.0935,6.9714,6.7614,6.5382,6.2867,6.0347,5.7796,5.5246,5.2692,5.0137,4.7583,4.5028,2.4605,1.2463,1.3066,1.4408,1.5754,1.711,1.8465,1.9822,2.1178,2.2535,2.3891,2.5248,2.6605,2.7962
3.1933,3.276,3.46,3.7765,4.1128,4.492,4.8716,5.2561,5.6405,6.0254,6.4104,6.7954,7.1804,7.4077,7.4328,7.3418,1.553,2.1705,2.0769,1.8727,1.6682,1.4638,1.2593,1.0549,0.8504,0.6459,0.4415
6.2274,5.7187,5.2279,4.7607,4.3001,3.8537,3.4075,2.963,2.5185,7.5677,7.5677,7.5677,7.5677,7.5677,7.5677,7.5677,7.5677,7.5677,7.5677,7.5677,7.5677,7.5677,7.5677,7.5677,7.5677,7.5677,7.5677
7.6028,7.6028,7.6028,7.6028,7.6028,7.6028,7.6028,7.6028,7.6028,7.5728,7.2057,6.8385,6.4714,6.2546,6.2307,0.9899,1.5738,2.2569,2.459,2.6538,2.8487,3.0437,3.2387,3.4336,3.6286,3.8236,4.0186
2.1091,2.1636,2.2852,2.4942,2.7164,2.9668,3.2175,3.4714,3.7253,3.9795,4.2338,4.4881,4.7424,4.0584,1.8343,1.7742,1.6406,1.5066,1.3717,1.2368,1.1018,0.9668,0.8317,0.6967,0.5616,0.4266,0.2916
7.674,7.674,7.674,7.6057,6.8699,6.1566,5.4437,4.7337,4.0236,3.3138,2.604,1.8943,1.1846,1.6071,1.5859,1.6627,1.8335,2.0048,2.1773,2.3498,2.5224,2.695,2.8677,3.0403,3.213,3.3856,3.5583
7.7101,7.7101,7.7101,7.7101,7.7101,7.7101,7.7101,7.7101,7.7101,7.7101,7.7101,7.7101,7.7101,7.7101,7.7101,7.7101,7.7101,7.7101,7.7101,7.7101,3.1752,3.6451,4.144,4.5438,3.6631,2.7824,1.9016
3.7909,3.889,4.1075,4.4832,4.8825,4.6258,4.0902,3.5567,3.0232,2.4899,1.9566,1.435,2.9974,3.2672,3.297,3.1891,2.949,2.7081,2.4656,2.2231,1.9804,1.7377,1.495,1.2523,1.0095,0.7668,0.5241
7.305,7.2489,7.1241,6.9095,6.6815,6.4244,6.1669,5.9063,5.6456,5.3846,5.1236,4.8625,4.6014,4.4473,0.6422,1.3352,1.4724,1.6099,1.7484,1.887,2.0256,2.1642,2.3028,2.4415,2.5801,2.7188,2.8574
2.3962,2.4583,2.5963,2.8338,3.0862,3.3707,3.6556,3.9441,4.2326,4.5214,4.8103,5.0992,5.3881,5.5586,5.5775,1.3392,1.864,1.7118,1.5585,1.4052,1.2518,1.0984,0.945,0.7916,0.6381,0.4847,0.3313
7.858,7.858,7.858,7.858,7.858,7.858,7.858,7.858,7.4858,6.7008,5.9157,5.1305,4.3453,3.8817,3.8306,4.016,4.4285,4.8423,5.2589,5.6755,6.0925,6.5094,6.9264,7.3434,7.7604,7.858,7.858
7.8959,7.8959,7.8959,7.8959,7.8959,7.8959,7.8959,7.8959,7.8959,7.8959,7.8959,7.8959,7.8959,7.8959,7.8959,7.8959,7.8959,7.8959,7.8959,7.8959,3.3911,3.9288,4.4666,5.0044,5.5421,6.0799,6.6177
2.297,2.3564,2.4888,2.7164,2.9584,3.2311,3.5042,3.7807,4.0573,4.3341,4.0228,2.9264,1.83,1.9797,1.9977,1.9323,1.7868,1.6409,1.494,1.347,1.2,1.0529,0.9058,0.7588,0.6117,0.4646,0.3175
7.4791,7.4217,7.2939,7.0742,6.8407,6.5775,6.3139,6.047,5.7802,5.5129,5.0844,3.6986,2.3129,0.8354,1.3039,1.367,1.5074,1.6483,1.7901,1.9319,2.0739,2.2158,2.3577,2.4997,2.6416,2.7836,2.9255
4.3511,4.4637,4.7145,5.1457,5.604,6.1206,6.638,7.1618,7.6856,8.0117,8.0117,8.0117,8.0117,8.0117,8.0117,8.0117,8.0117,1.8579,2.42,2.5516,2.2731,1.9945,1.7159,1.4373,1.1587,0.8801,0.6015
6.3891,5.8671,5.3637,4.8843,4.4118,3.9537,3.4959,3.0399,2.5839,2.1281,4.8953,5.9692,7.0433,7.6773,7.7473,7.4936,6.9294,6.3634,5.7937,5.2238,4.6535,4.0832,3.5129,2.9425,2.3722,1.8018,1.2315
8.0909,8.0909,8.0909,8.0682,7.8019,7.5017,7.2011,6.8967,6.5923,6.2875,5.9827,5.6779,5.3731,5.1931,5.1732,1.1514,1.7193,1.8799,2.0416,2.2034,2.3652,2.5271,2.689,2.8509,3.0128,3.1747,3.3366
2.1228,2.1777,2.3001,2.5104,2.734,2.9861,3.2385,3.494,3.7496,4.0054,4.2613,4.5173,4.7732,4.9243,1.2273,1.7858,1.6513,1.5164,1.3807,1.2449,1.109,0.9731,0.8371,0.7012,0.5653,0.4294,0.2935
7.9724,7.3211,6.6928,6.0947,5.5051,4.9335,4.3623,3.7932,3.2242,2.6555,2.0867,2.633,2.23,1.9921,1.9658,2.061,2.2727,2.4851,2.6989,2.9127,3.1267,3.3406,3.5546,3.7686,3.9826,4.1967,4.4107
8.2125,8.2125,8.2125,8.2125,8.2125,8.2125,8.2125,8.2125,8.2125,8.2125,8.2125,8.2125,8.2125,8.2125,8.2125,8.2125,8.2125,8.2125,8.2125,8.2125,8.2125,8.2125,8.2125,8.2125,8.2125,8.2125,8.2125
2.9113,2.9867,3.1544,3.443,3.7496,4.0953,4.4414,4.2559,3.6175,2.9793,2.3412,1.7031,2.3019,2.5092,2.532,2.4491,2.2647,2.0797,1.8935,1.7073,1.5209,1.3345,1.1481,0.9617,0.7753,0.5889,0.4025
7.0772,7.0229,6.902,6.6941,6.4732,6.2241,5.9747,5.7221,5.4696,5.2167,4.9638,4.7109,4.458,4.3087,1.2338,1.2936,1.4265,1.5597,1.6939,1.8281,1.9624,2.0967,2.231,2.3654,2.4997,2.634,2.7683
2.7815,2.8535,3.0138,3.2895,3.5825,3.9127,4.2435,4.5783,4.9132,5.2485,5.5838,5.9191,6.2545,6.4525,6.4744,6.3952,1.724,1.987,1.8091,1.6312,1.4531,1.275,1.0969,0.9188,0.7407,0.5626,0.3845
6.2385,5.7288,5.2372,4.7692,4.3078,3.8605,3.4135,8.3806,8.3806,8.3806,8.3806,8.3806,8.3806,8.3806,8.3806,8.3806,8.3806,8.3806,8.3806,8.3806,8.3806,8.3806,8.3806,8.3806,8.3806,8.3806,8.3806
8.4237,8.4237,8.4237,8.4237,8.4237,8.4237,8.4237,8.4237,8.4237,8.4237,8.4237,7.9954,7.5661,7.3127,7.2847,7.3861,1.4009,2.009,2.6167,3.1027,3.3306,3.5586,3.7865,4.0145,4.2425,4.4704,4.6984
2.138,2.1934,2.3166,2.5285,2.7537,3.0075,3.2617,3.5191,3.7765,4.0342,4.292,4.5497,3.7188,1.3431,1.8595,1.7986,1.6632,1.5273,1.3906,1.2538,1.1169,0.9801,0.8432,0.7063,0.5694,0.4325,0.2956
8.2502,8.1869,8.046,7.8036,7.546,7.2557,6.5731,5.7157,4.8583,4.0013,3.1443,2.2873,1.4303,1.4576,1.4383,1.508,1.6629,1.8183,1.9747,2.1311,2.2877,2.4443,2.6008,2.7574,2.914,3.0706,3.2272
7.393,7.5843,8.0104,8.5556,8.5556,8.5556,8.5556,8.5556,8.5556,8.5556,8.5556,8.5556,8.5556,8.5556,8.5556,8.5556,8.5556,8.5556,8.5556,2.7164,3.2284,3.3889,2.9155,2.4421,1.9688,1.4954,1.0221
4.772,4.8955,5.1705,5.2693,4.7595,4.2653,3.7714,3.2795,2.7876,2.2958,1.8041,3.1978,3.7731,4.1128,4.1503,4.0144,3.7122,3.4089,3.1037,2.7984,2.4929,2.1874,1.8819,1.5763,1.2708,0.9653,0.6597
7.5913,7.533,7.4033,7.1803,6.9433,6.6762,6.4086,6.1377,5.8668,5.5956,5.3244,5.0531,4.7818,4.6216,4.6039,1.3875,1.5301,1.673,1.817,1.9609,2.105,2.249,2.3931,2.5372,2.6812,2.8253,2.9694
2.2427,2.3008,2.4301,2.6523,2.8886,3.1548,3.4215,3.6915,3.9615,4.2318,4.5022,4.7726,5.043,5.2026,5.2202,1.7846,1.7447,1.6021,1.4587,1.3152,1.1716,1.0281,0.8845,0.7409,0.5973,0.4537,0.3101
8.7381,8.7381,8.5981,8.1331,7.6388,7.0816,6.5237,5.9587,5.3938,4.8282,4.2625,3.6967,3.1309,2.7969,2.76,2.8937,3.1909,3.4891,3.7892,4.0894,4.3898,4.6903,4.9907,5.2912,5.5917,5.8921,6.1926
8.785,8.785,8.785,8.785,8.785,8.785,8.785,8.785,8.785,8.785,8.785,8.785,8.785,8.785,8.785,8.785,8.785,8.785,8.785,8.785,8.785,8.785,8.785,8.785,8.785,8.785,8.785
2.4542,2.5177,2.6591,2.9024,3.1609,3.4522,3.744,4.0395,4.3349,3.9438,3.0991,2.2544,1.4098,2.1152,2.1345,2.0646,1.9091,1.7532,1.5962,1.4392,1.2821,1.125,0.9678,0.8107,0.6536,0.4964,0.3393
7.1895,7.1343,7.0115,6.8003,6.5758,6.3228,6.0695,5.8129,5.5563,5.2995,5.0426,4.7856,3.8653,1.3961,1.2534,1.3141,1.4491,1.5845,1.7208,1.8571,1.9936,2.13,2.2664,2.4029,2.5393,2.6758,2.8122
3.5146,3.6056,3.8081,4.1564,4.5266,4.9439,5.3618,5.7849,6.208,6.6316,7.0553,7.479,7.9028,8.153,8.1806,8.0805,7.8579,2.0167,2.2859,2.0611,1.8361,1.611,1.386,1.161,0.9359,0.7109,0.4859
6.218,5.71,5.22,4.7535,4.2936,3.8478,3.4023,2.9585,2.5147,8.6251,8.9775,8.9775,8.9775,8.9775,8.9775,8.9775,8.9775,8.9775,8.9775,8.9775,8.9775,8.9775,7.9287,6.6414,5.3541,4.0668,2.7795
9.027,9.027,9.027,8.9137,8.6194,8.2878,7.9557,7.6194,7.2831,6.9464,6.6097,6.2729,5.9361,5.7373,5.7153,0.964,1.7036,2.0769,2.2556,2.4343,2.6131,2.7919,2.9708,3.1496,3.3285,3.5073,3.6862
2.0908,2.1449,2.2654,2.4726,2.6928,2.9411,3.1897,3.4414,3.6931,3.9451,4.1971,4.4492,4.7013,4.8501,1.8184,1.7589,1.6264,1.4936,1.3599,1.2261,1.0923,0.9584,0.8245,0.6907,0.5568,0.4229,0.289
8.9881,8.2537,7.5455,6.8712,6.2064,5.562,4.918,4.2765,3.635,2.9938,2.3525,1.7114,1.0814,1.7159,1.6933,1.7753,1.9576,2.1405,2.3247,2.5089,2.6932,2.8775,3.0618,3.2462,3.4305,3.6148,3.7992
9.1787,9.1787,9.1787,9.1787,9.1787,9.1787,9.1787,9.1787,9.1787,9.1787,9.1787,9.1787,9.1787,9.1787,9.1787,9.1787,9.1787,9.1787,9.1787,9.1787,9.1787,9.1787,4.0787,4.5697,5.0608,5.5518,4.0799
3.3614,3.4484,3.6422,3.9753,4.3294,4.7285,4.3159,3.7529,3.19,2.6272,2.0645,1.5018,2.6578,2.8971,2.9235,2.8278,2.6149,2.4013,2.1863,1.9713,1.7561,1.5408,1.3256,1.1104,0.8952,0.6799,0.4647
7.1371,7.0823,6.9604,6.7507,6.5279,6.2767,6.0252,5.7705,5.5158,5.2608,5.0058,4.7507,4.4957,4.3451,0.8884,1.3045,1.4385,1.5729,1.7083,1.8436,1.979,2.1145,2.2499,2.3854,2.5208,2.6563,2.7917
2.5023,2.5671,2.7113,2.9593,3.2229,3.52,3.8175,4.1187,4.42,4.7216,5.0233,5.325,5.6267,5.8048,5.8244,5.7532,1.9466,1.7876,1.6275,1.4674,1.3072,1.147,0.9868,0.8266,0.6664,0.5062,0.3459
6.3672,5.847,5.3452,9.3891,9.3891,9.3891,9.3891,9.3891,9.3891,8.8249,7.7909,6.7568,5.7227,5.1122,5.0448,5.289,5.8323,6.3773,6.9259,7.4746,8.0237,8.5729,9.122,9.3891,9.3891,9.3891,9.3891
9.4432,9.4432,9.4432,9.4432,9.4432,9.4432,9.4432,9.4432,9.4432,9.4432,9.4432,9.4432,9.3288,9.0164,8.9819,9.1069,9.3849,9.4432,2.3956,2.952,3.5083,4.0647,4.6211,4.9498,5.2309,5.512,5.793
2.2093,2.2665,2.3938,2.6128,2.8455,3.1078,3.3705,3.6365,3.9024,4.1687,4.4351,3.591,2.2456,1.9041,1.9215,1.8586,1.7186,1.5783,1.437,1.2956,1.1542,1.0127,0.8713,0.7298,0.5884,0.4469,0.3054
7.6719,7.613,7.482,7.2566,7.0171,6.7471,6.4767,6.2029,5.9291,5.1798,4.0704,2.961,1.8517,0.6923,1.3375,1.4023,1.5463,1.6908,1.8363,1.9817,2.1273,2.2729,2.4185,2.5641,2.7097,2.8553,3.0009
5.1063,5.2385,5.5327,6.0388,6.5767,7.1829,7.79,8.4048,9.0195,9.6094,9.6094,9.6094,9.6094,9.6094,9.6094,9.6094,9.6094,9.6094,2.3077,2.8437,2.6676,2.3407,2.0137,1.6868,1.3598,1.0329,0.7059
6.5017,5.9705,5.4581,4.9704,4.4895,4.0234,3.5575,3.0935,2.6294,2.1656,1.708,4.4368,5.2351,5.7064,5.7584,5.5699,5.1505,4.7298,4.3063,3.8828,3.4589,3.035,2.6111,2.1871,1.7632,1.3393,0.9153
8.0579,7.9961,7.8584,7.6217,7.3702,7.0866,6.8026,6.515,6.2275,5.9396,5.6517,5.3637,5.0757,4.9057,4.887,1.3099,1.6241,1.7759,1.9287,2.0814,2.2344,2.3873,2.5402,2.6931,2.8461,2.999,3.1519
2.1438,2.1993,2.3229,2.5353,2.7612,3.0157,3.2706,3.5287,3.7868,4.0452,4.3036,4.5621,4.8206,4.9732,4.99,1.8035,1.6677,1.5315,1.3944,1.2572,1.12,0.9827,0.8454,0.7082,0.5709,0.4336,0.2964
7.4527,6.8438,6.2565,5.6974,5.1462,4.6119,4.0811,3.6339,4.2698,3.8221,3.3742,2.9264,2.4785,2.2141,2.1849,2.2907,2.526,2.762,2.9996,3.2372,3.4751,3.7129,3.9507,4.1886,4.4264,4.6643,4.9021
9.8997,9.8997,9.8997,9.8997,9.8997,9.8997,9.8997,9.8997,9.8997,9.8997,9.8997,9.8997,9.8997,9.8997,9.8997,9.8997,9.8997,9.8997,9.8997,9.8997,9.8997,9.8997,9.8997,9.8997,9.8997,9.8997,9.8997
2.6891,2.7588,2.9137,3.1802,3.4635,3.7828,4.1025,4.4262,3.9477,3.2513,2.5549,1.8586,2.1263,2.3177,2.3388,2.2622,2.0919,1.921,1.749,1.577,1.4048,1.2327,1.0605,0.8883,0.7161,0.5439,0.3718
7.0443,6.9902,6.8699,6.663,6.443,6.1951,5.9469,5.6955,5.4441,5.1925,4.9407,4.689,4.4372,4.2886,1.2281,1.2876,1.4198,1.5525,1.686,1.8196,1.9533,2.087,2.2207,2.3544,2.4881,2.6217,2.7554
2.9903,3.0677,3.2401,3.5364,3.8514,4.2064,4.562,4.922,5.282,5.6424,6.0029,6.3634,6.724,6.9368,6.9603,6.8752,1.5703,2.1362,1.9449,1.7536,1.5622,1.3707,1.1793,0.9878,0.7963,0.6049,0.4134
6.1651,5.6614,5.1756,4.713,4.2571,3.8151,3.3733,2.9333,10.0,10.0,10.0,10.0,10.0,10.0,10.0,10.0,10.0,10.0,10.0,10.0,10.0,10.0,10.0,10.0,10.0,10.0,10.0
10.0,10.0,10.0,10.0,9.8393,9.4607,9.0816,8.6977,8.3138,7.9295,7.5451,7.1607,6.7762,6.5492,6.5242,6.615,1.4871,2.1326,2.5748,2.7788,2.9829,3.1871,3.3912,3.5954,3.7996,4.0037,4.2079
2.0976,2.1519,2.2727,2.4806,2.7016,2.9506,3.2,3.4525,3.705,3.9579,4.2107,4.4636,4.7165,2.268,1.8243,1.7646,1.6317,1.4984,1.3643,1.2301,1.0958,0.9615,0.8272,0.6929,0.5586,0.4243,0.29
8.6621,8.5956,8.4477,8.0529,7.2738,6.5186,5.7638,5.012,4.2602,3.5086,2.7571,2.0057,1.2542,1.5303,1.5102,1.5833,1.7459,1.909,2.0733,2.2375,2.4019,2.5663,2.7307,2.8951,3.0595,3.2239,3.3883
10.0,10.0,10.0,10.0,10.0,10.0,10.0,10.0,10.0,10.0,10.0,10.0,10.0,10.0,10.0,10.0,10.0,10.0,10.0,10.0,3.1437,3.6422,4.0419,3.3857,2.7294,2.0732,1.4169
4.0703,4.1756,4.4102,4.8136,4.9484,4.4347,3.9212,3.4097,2.8982,2.387,1.8757,2.7276,3.2183,3.508,3.54,3.4241,3.1663,2.9077,2.6473,2.3869,2.1264,1.8658,1.6052,1.3445,1.0839,0.8233,0.5627
7.3345,7.2782,7.1529,6.9375,6.7085,6.4503,6.1919,5.9301,5.6684,5.4064,5.1443,4.8822,4.62,4.4653,0.6448,1.3406,1.4783,1.6164,1.7555,1.8946,2.0338,2.1729,2.3121,2.4513,2.5905,2.7298,2.869
2.3112,2.371,2.5042,2.7332,2.9767,3.2511,3.5258,3.8041,4.0823,4.3609,4.6395,4.9182,5.1968,5.3613,5.3795,1.4647,1.7979,1.651,1.5032,1.3553,1.2074,1.0594,0.9114,0.7635,0.6155,0.4675,0.3195
10.0,10.0,10.0,9.7325,9.141,8.4743,7.8066,7.1306,6.4546,5.7777,5.1007,4.4237,3.7466,3.347,3.3028,3.4627,3.8184,4.1752,4.5344,4.8936,5.2531,5.6127,5.9722,6.3318,6.6913,7.0509,7.4104
10.0,10.0,10.0,10.0,10.0,10.0,10.0,10.0,10.0,10.0,10.0,10.0,10.0,10.0,10.0,10.0,10.0,10.0,10.0,10.0,10.0,10.0,10.0,4.9131,5.3751,5.8966,6.4182
2.3304,2.3908,2.5251,2.756,3.0015,3.2782,3.5553,3.8358,4.1164,4.3973,3.5756,2.601,1.6265,2.0085,2.0268,1.9605,1.8129,1.6648,1.5157,1.3667,1.2175,1.0683,0.919,0.7698,0.6206,0.4714,0.3222
7.2912,7.2353,7.1107,6.8966,6.6689,6.4123,6.1553,5.8952,5.635,5.3745,5.1139,4.3229,2.7033,0.9764,1.2712,1.3327,1.4696,1.6069,1.7451,1.8834,2.0218,2.1601,2.2985,2.4369,2.5753,2.7137,2.852
3.9489,4.0511,4.2787,4.67,5.086,5.5548,6.0243,6.4997,6.9751,7.4511,7.9272,8.4033,8.8794,9.1605,9.1915,9.079,8.8289,1.896,2.4697,2.3158,2.0629,1.8101,1.5573,1.3045,1.0516,0.7988,0.5459
6.2592,5.7479,5.2546,4.785,4.3221,3.8734,3.4249,2.9781,2.5314,2.0848,6.1522,7.5019,8.8517,9.6485,9.7364,9.4177,8.7086,7.9973,7.2812,6.5651,5.8483,5.1316,4.4148,3.698,2.9813,2.2645,1.5477
8.7614,8.6942,8.5445,8.2871,8.0136,7.7052,7.3965,7.0838,6.7712,6.4581,6.1451,5.832,5.5188,5.334,5.3136,1.0612,1.7659,1.9309,2.097,2.2632,2.4294,2.5957,2.762,2.9282,3.0945,3.2608,3.4271
2.0895,2.1435,2.264,2.471,2.6911,2.9392,3.1876,3.4392,3.6907,3.9426,4.1945,4.4464,4.6983,4.847,1.4066,1.7577,1.6254,1.4926,1.359,1.2253,1.0916,0.9578,0.824,0.6902,0.5564,0.4226,0.2889
8.2487,7.5748,6.9248,6.306,5.6959,5.1045,4.5135,3.9247,3.336,2.7475,2.159,1.5706,2.0803,1.8583,1.8338,1.9226,2.1201,2.3182,2.5177,2.7171,2.9167,3.1163,3.316,3.5156,3.7152,3.9149,4.1145
10.0,10.0,10.0,10.0,10.0,10.0,10.0,10.0,10.0,10.0,10.0,10.0,10.0,10.0,10.0,10.0,10.0,10.0,10.0,10.0,10.0,10.0,10.0,10.0,10.0,5.5086,5.9959
3.0378,3.1165,3.2915,3.5926,3.9126,4.2732,4.6107,4.0093,3.4079,2.8067,2.2056,1.6044,2.402,2.6182,2.6421,2.5556,2.3631,2.1701,1.9758,1.7815,1.587,1.3925,1.198,1.0035,0.809,0.6145,0.42
7.0306,6.9767,6.8566,6.65,6.4305,6.1831,5.9353,5.6844,5.4335,5.1824,4.9311,4.6799,4.4286,4.2803,1.2257,1.2851,1.4171,1.5495,1.6828,1.8161,1.9495,2.0829,2.2164,2.3498,2.4832,2.6167,2.7501
2.6421,2.7105,2.8628,3.1246,3.4029,3.7166,4.0308,4.3489,4.6669,4.9854,5.3039,5.6225,5.941,6.1291,6.1499,6.0746,1.8172,1.8875,1.7185,1.5494,1.3803,1.2111,1.042,0.8728,0.7036,0.5344,0.3653
6.2262,5.7175,5.2269,4.7598,4.2993,3.8529,10.0,10.0,10.0,10.0,10.0,10.0,8.5263,7.6167,7.5163,7.8802,8.6896,9.5016,10.0,10.0,10.0,10.0,10.0,10.0,10.0,10.0,10.0
10.0,10.0,10.0,10.0,10.0,10.0,10.0,10.0,9.9074,9.4494,8.9913,8.5332,8.075,7.8045,7.7747,7.8829,8.1236,1.922,2.5035,3.0849,3.5547,3.7979,4.0412,4.2845,4.5278,4.7711,5.0144
2.1439,2.1994,2.323,2.5355,2.7613,3.0158,3.2707,3.5289,3.787,4.0454,4.3038,4.5623,2.9463,1.2227,1.8646,1.8036,1.6678,1.5316,1.3944,1.2573,1.12,0.9828,0.8455,0.7082,0.5709,0.4337,0.2964
7.9434,7.8824,7.7467,7.5134,7.2654,6.9858,6.7059,6.199,5.2691,4.3396,3.4101,2.4807,1.5513,0.7168,1.3848,1.4519,1.601,1.7506,1.9012,2.0519,2.2026,2.3533,2.5041,2.6548,2.8056,2.9564,3.1071
6.255,6.4169,6.7774,7.3973,8.0561,8.7988,9.5425,10.0,10.0,10.0,10.0,10.0,10.0,10.0,10.0,10.0,10.0,10.0,2.2445,2.7374,3.2533,2.8672,2.4667,2.0662,1.6657,1.2652,0.8647
5.2902,5.4272,5.6034,5.1026,4.6089,4.1304,3.6522,3.1758,2.6994,2.2232,1.747,3.5451,4.1829,4.5595,4.601,4.4504,4.1153,3.7792,3.4408,3.1024,2.7637,2.425,2.0863,1.7475,1.4088,1.0701,0.7314
7.6899,7.6308,7.4995,7.2736,7.0335,6.7629,6.4919,6.2175,5.943,5.6683,5.3935,5.1187,4.8439,4.6816,4.6637,1.4056,1.5499,1.6948,1.8406,1.9864,2.1323,2.2782,2.4242,2.5701,2.7161,2.862,3.008
2.1834,2.2399,2.3658,2.5821,2.8121,3.0714,3.331,3.5938,3.8567,4.1198,4.3831,4.6463,4.9096,5.065,5.0821,1.8368,1.6985,1.5598,1.4201,1.2804,1.1406,1.0009,0.8611,0.7213,0.5815,0.4417,0.3018
7.0452,7.9848,7.7413,7.3226,6.8776,6.376,5.8736,5.365,4.8563,4.3471,3.8377,3.3283,2.8189,2.5182,2.485,2.6053,2.8729,3.1414,3.4116,3.6819,3.9524,4.2229,4.4934,4.7639,5.0345,5.305,5.5755
10.0,10.0,10.0,10.0,10.0,10.0,10.0,10.0,10.0,10.0,10.0,10.0,10.0,10.0,10.0,10.0,10.0,10.0,10.0,10.0,10.0,10.0,10.0,10.0,10.0,10.0,10.0
2.5154,2.5805,2.7255,2.9748,3.2398,3.5384,3.8375,4.1403,4.3881,3.614,2.84,2.0659,1.2919,2.168,2.1877,2.1161,1.9568,1.7969,1.636,1.4751,1.3141,1.153,0.992,0.8309,0.6699,0.5088,0.3477
7.0682,7.014,6.8932,6.6856,6.4649,6.2162,5.9671,5.7148,5.4626,5.2101,4.9575,4.7049,4.4523,1.8818,1.2323,1.2919,1.4246,1.5578,1.6918,1.8258,1.9599,2.0941,2.2282,2.3624,2.4965,2.6307,2.7648
3.2644,3.3489,3.537,3.8605,4.2044,4.592,4.9801,5.3731,5.7661,6.1596,6.5531,6.9467,7.3403,7.5726,7.5983,7.5053,7.2985,2.0812,2.1232,1.9144,1.7054,1.4964,1.2874,1.0783,0.8693,0.6603,0.4513
6.1416,5.6399,5.1559,4.6951,4.2409,3.8006,3.3605,2.9222,2.4838,10.0,10.0,10.0,10.0,10.0,10.0,10.0,10.0,10.0,10.0,10.0,10.0,10.0,10.0,10.0,10.0,7.9013,5.4002
9.8024,9.7272,9.5597,9.2718,8.9657,8.6207,8.2753,7.9255,7.5757,7.2255,6.8752,6.5249,6.1746,5.9678,5.9449,0.9445,1.5995,2.1603,2.3462,2.5321,2.7181,2.9041,3.0901,3.2762,3.4622,3.6483,3.8343
2.0746,2.1283,2.2479,2.4535,2.672,2.9183,3.165,3.4148,3.6645,3.9146,4.1647,4.4148,4.665,4.8126,1.8044,1.7453,1.6139,1.4821,1.3493,1.2166,1.0838,0.951,0.8182,0.6853,0.5525,0.4196,0.2868
9.2006,8.6651,7.9215,7.2136,6.5157,5.8392,5.1631,4.4896,3.8162,3.143,2.4698,1.7967,1.1235,1.6255,1.604,1.6817,1.8544,2.0277,2.2022,2.3766,2.5512,2.7258,2.9004,3.0751,3.2497,3.4243,3.5989
10.0,10.0,10.0,10.0,10.0,10.0,10.0,10.0,10.0,10.0,10.0,10.0,10.0,10.0,10.0,10.0,10.0,10.0,10.0,10.0,10.0,3.5763,4.0658,4.5553,4.5376,3.4466,2.3556
3.5688,3.6612,3.8669,4.2205,4.5965,4.6592,4.1197,3.5824,3.045,2.5078,1.9707,1.4336,2.8218,3.0758,3.1039,3.0023,2.7762,2.5494,2.3212,2.0929,1.8644,1.6359,1.4074,1.1789,0.9504,0.7219,0.4934
7.1479,7.0931,6.971,6.761,6.5378,6.2863,6.0343,5.7793,5.5242,5.2688,5.0134,4.758,4.5025,4.3517,0.6685,1.3065,1.4407,1.5753,1.7108,1.8464,1.982,2.1177,2.2533,2.389,2.5246,2.6603,2.796
2.4047,2.4669,2.6055,2.8438,3.0971,3.3826,3.6685,3.958,4.2475,4.5373,4.8272,5.1172,5.4071,5.5782,5.5971,1.3218,1.8706,1.7178,1.564,1.4102,1.2562,1.1023,0.9483,0.7943,0.6404,0.4864,0.3324
10.0,10.0,10.0,10.0,10.0,10.0,9.8413,8.9891,8.1368,7.2836,6.4302,5.5767,4.7232,4.2193,4.1637,4.3652,4.8136,5.2634,5.7162,6.1691,6.6223,7.0755,7.5288,7.982,8.4353,8.8886,9.3418
10.0,10.0,10.0,10.0,10.0,10.0,10.0,10.0,10.0,10.0,10.0,10.0,10.0,9.8933,9.8555,9.9927,10.0,10.0,10.0,2.8539,3.3918,3.9297,4.4675,5.0054,5.5433,6.0481,6.3565
2.2347,2.2925,2.4213,2.6428,2.8782,3.1435,3.4092,3.6782,3.9472,4.2166,4.2738,3.109,1.9442,1.926,1.9435,1.8799,1.7384,1.5964,1.4534,1.3105,1.1674,1.0244,0.8813,0.7382,0.5951,0.452,0.3089
7.458,7.4008,7.2734,7.0543,6.8214,6.559,6.2961,6.03,5.7638,5.4974,4.5868,3.3366,2.0865,0.7536,1.3002,1.3632,1.5032,1.6437,1.7851,1.9265,2.068,2.2095,2.3511,2.4926,2.6342,2.7757,2.9173
4.554,4.6719,4.9343,5.3856,5.8653,6.406,6.9474,7.4957,8.0439,8.5928,9.1418,9.6909,10.0,10.0,10.0,10.0,10.0,9.8924,2.3468,2.6706,2.3791,2.0875,1.7959,1.5043,1.2127,0.9212,0.6296
6.353,5.834,5.3333,4.8567,4.3868,3.9314,3.4762,3.0227,2.5693,2.1161,4.2738,5.2114,6.1491,6.7026,6.7637,6.5423,6.0497,5.5556,5.0581,4.5606,4.0627,3.5648,3.0669,2.569,2.071,1.5731,1.0751
8.2428,8.1795,8.0387,7.7966,7.5392,7.2491,6.9586,6.6645,6.3703,6.0759,5.7813,5.4867,5.1922,5.0182,4.9991,1.1923,1.6614,1.8166,1.9729,2.1292,2.2856,2.442,2.5985,2.7549,2.9114,3.0678,3.2242
2.1051,2.1596,2.2809,2.4895,2.7112,2.9611,3.2114,3.4649,3.7183,3.972,4.2258,4.4796,4.7334,4.8832,1.217,1.7709,1.6375,1.5038,1.3691,1.2345,1.0997,0.9649,0.8302,0.6954,0.5606,0.4258,0.291
7.6733,7.0464,6.4417,5.8661,5.2985,4.7484,4.1986,3.6509,3.1033,2.5558,2.1175,2.7047,2.2907,2.0463,2.0194,2.1171,2.3346,2.5527,2.7723,2.992,3.2118,3.4316,3.6514,3.8712,4.0911,4.3109,4.5307
10.0,10.0,10.0,10.0,10.0,10.0,10.0,10.0,10.0,10.0,10.0,10.0,10.0,10.0,10.0,10.0,10.0,10.0,10.0,10.0,10.0,10.0,10.0,10.0,10.0,10.0,10.0
2.7892,2.8614,3.0221,3.2986,3.5924,3.9235,4.2551,4.3439,3.6923,3.0409,2.3896,1.7383,2.2054,2.4039,2.4258,2.3464,2.1697,1.9925,1.8141,1.6357,1.4571,1.2785,1.1,0.9214,0.7428,0.5642,0.3856
6.9817,6.9281,6.8089,6.6038,6.3858,6.1401,5.894,5.6449,5.3958,5.1463,4.8968,4.6473,4.3978,4.2505,1.2172,1.2761,1.4072,1.5387,1.6711,1.8034,1.9359,2.0684,2.2009,2.3334,2.4659,2.5985,2.731
2.8241,2.8972,3.06,3.3399,3.6374,3.9727,4.3084,4.6484,4.9884,5.3288,5.6693,6.0098,6.3503,6.5513,6.5735,6.4931,1.6427,2.0175,1.8368,1.6562,1.4754,1.2946,1.1137,0.9329,0.7521,0.5713,0.3904
6.1384,5.6369,5.1532,4.6926,4.2386,3.7986,3.3587,10.0,10.0,10.0,10.0,10.0,10.0,10.0,10.0,10.0,10.0,10.0,10.0,10.0,10.0,10.0,10.0,10.0,10.0,10.0,10.0
10.0,10.0,10.0,10.0,10.0,9.9983,9.5976,9.1919,8.7863,8.3801,7.9738,7.5675,7.1612,6.9214,6.8949,6.9909,1.416,2.0306,2.645,2.9367,3.1524,3.3682,3.5839,3.7997,4.0155,4.2312,4.447
2.0982,2.1525,2.2734,2.4813,2.7023,2.9514,3.2009,3.4535,3.7061,3.959,4.2119,4.4649,4.3517,1.5717,1.8248,1.7651,1.6322,1.4989,1.3647,1.2304,1.0961,0.9618,0.8274,0.6931,0.5588,0.4244,0.2901
8.3068,8.2431,8.1012,7.8572,7.5978,6.9765,6.1687,5.3641,4.5594,3.7551,2.9508,2.1466,1.3424,1.4676,1.4482,1.5183,1.6743,1.8307,1.9882,2.1457,2.3034,2.461,2.6187,2.7763,2.934,3.0916,3.2493
8.1769,8.3886,8.8598,9.6702,10.0,10.0,10.0,10.0,10.0,10.0,10.0,10.0,10.0,10.0,10.0,10.0,10.0,10.0,10.0,2.6585,3.1596,3.6606,3.2247,2.7011,2.1776,1.654,1.1304
4.4279,4.5425,4.7977,5.2365,4.7756,4.2798,3.7842,3.2906,2.797,2.3036,1.8102,2.9672,3.5011,3.8163,3.851,3.725,3.4445,3.1632,2.8799,2.5967,2.3132,2.0297,1.7462,1.4627,1.1792,0.8957,0.6121
7.408,7.3512,7.2246,7.007,6.7757,6.515,6.2539,5.9896,5.7252,5.4606,5.1958,4.9311,4.6664,4.5101,0.6513,1.354,1.4931,1.6326,1.7731,1.9136,2.0542,2.1947,2.3353,2.4759,2.6165,2.7571,2.8977
2.2432,2.3013,2.4306,2.6529,2.8892,3.1555,3.4222,3.6923,3.9623,4.2327,4.5031,4.7736,5.0441,5.2037,5.2214,1.6294,1.745,1.6025,1.459,1.3155,1.1719,1.0283,0.8846,0.741,0.5974,0.4538,0.3101
9.4847,9.3565,9.0712,8.5806,8.0591,7.4713,6.8826,6.2866,5.6906,5.0939,4.497,3.9001,3.3032,2.9508,2.9119,3.0529,3.3665,3.681,3.9977,4.3144,4.6314,4.9484,5.2653,5.5823,5.8993,6.2163,6.5333
10.0,10.0,10.0,10.0,10.0,10.0,10.0,10.0,10.0,10.0,10.0,10.0,10.0,10.0,10.0,10.0,10.0,10.0,10.0,10.0,10.0,10.0,10.0,10.0,10.0,10.0,10.0
2.3795,2.4411,2.5782,2.814,3.0647,3.3472,3.6301,3.9166,4.203,4.1096,3.2294,2.3492,1.4691,2.0508,2.0695,2.0018,1.851,1.6998,1.5476,1.3954,1.2431,1.0907,0.9384,0.786,0.6337,0.4813,0.329
7.1502,7.0953,6.9732,6.7631,6.5399,6.2883,6.0363,5.7811,5.526,5.2705,5.015,4.7595,3.286,1.1868,1.2466,1.3069,1.4412,1.5758,1.7114,1.847,1.9827,2.1183,2.254,2.3897,2.5254,2.6612,2.7969
3.629,3.723,3.9321,4.2917,4.674,5.1049,5.5363,5.9732,6.4101,6.8475,7.285,7.7226,8.1601,8.4184,8.4469,8.3436,8.1137,1.9479,2.3603,2.1282,1.8958,1.6635,1.4311,1.1988,0.9664,0.7341,0.5017
6.1675,5.6637,5.1776,4.7149,4.2588,3.8166,3.3747,2.9345,2.4943,2.0979,8.3894,10.0,10.0,10.0,10.0,10.0,10.0,10.0,9.9291,8.9525,7.9751,6.9978,6.0203,5.0429,4.0654,3.0879,2.1105
9.0637,8.9941,8.8393,8.5731,8.2901,7.9711,7.6517,7.3282,7.0048,6.681,6.3571,6.0332,5.7093,5.518,5.4969,0.9883,1.7467,1.9975,2.1694,2.3412,2.5132,2.6853,2.8573,3.0293,3.2013,3.3733,3.5453
2.0684,2.122,2.2412,2.4462,2.6641,2.9096,3.1556,3.4046,3.6536,3.9029,4.1523,4.4017,4.651,4.7983,1.799,1.7401,1.6091,1.4776,1.3453,1.213,1.0806,0.9482,0.8157,0.6833,0.5508,0.4184,0.286
8.6013,7.8986,7.2208,6.5755,5.9393,5.3227,4.7064,4.0925,3.4786,2.8649,2.2513,1.6377,1.1023,1.7492,1.7261,1.8097,1.9955,2.182,2.3697,2.5575,2.7454,2.9332,3.1211,3.309,3.497,3.6849,3.8728
10.0,10.0,10.0,10.0,10.0,10.0,10.0,10.0,10.0,10.0,10.0,10.0,10.0,10.0,10.0,10.0,10.0,10.0,10.0,10.0,10.0,10.0,10.0,4.5092,4.9937,5.4783,5.9628
3.1974,3.2801,3.4644,3.7813,4.1181,4.4977,4.3783,3.8072,3.2361,2.6653,2.0944,1.5236,2.5281,2.7557,2.7808,2.6898,2.4873,2.2841,2.0796,1.875,1.6703,1.4656,1.2609,1.0562,0.8515,0.6468,0.442
7.0241,6.9702,6.8503,6.6439,6.4246,6.1774,5.9299,5.6792,5.4286,5.1776,4.9266,4.6756,4.4245,4.2763,1.0953,1.2839,1.4158,1.548,1.6812,1.8144,1.9477,2.081,2.2143,2.3476,2.4809,2.6142,2.7476
2.5281,2.5935,2.7392,2.9897,3.256,3.5562,3.8567,4.1611,4.4654,4.7702,5.0749,5.3797,5.6845,5.8645,5.8843,5.8123,1.9345,1.806,1.6443,1.4825,1.3207,1.1588,0.997,0.8351,0.6732,0.5114,0.3495
6.2496,5.739,5.2466,4.7777,4.3155,10.0,10.0,10.0,10.0,9.9872,8.8171,7.6468,6.4764,5.7855,5.7092,5.9856,6.6004,7.2172,7.8381,8.4591,9.0805,9.702,10.0,10.0,10.0,10.0,10.0
10.0,10.0,10.0,10.0,10.0,10.0,10.0,10.0,10.0,10.0,9.7102,9.2154,8.7206,8.4285,8.3963,8.5132,8.7731,1.8546,2.4114,2.9714,3.5315,4.0915,4.3643,4.6271,4.8899,5.1526,5.4154
2.1625,2.2184,2.3431,2.5574,2.7851,3.0419,3.299,3.5593,3.8197,4.0803,4.341,3.9097,2.4449,1.8637,1.8807,1.8192,1.6822,1.5448,1.4065,1.2681,1.1297,0.9912,0.8528,0.7143,0.5759,0.4374,0.299
7.6971,7.638,7.5065,7.2804,7.0401,6.7692,6.498,6.2233,5.8002,4.777,3.7538,2.7307,1.7076,0.6946,1.3419,1.4069,1.5514,1.6964,1.8423,1.9882,2.1343,2.2804,2.4265,2.5725,2.7186,2.8647,3.0108
5.437,5.5778,5.8911,6.4299,7.0026,7.6481,8.2946,8.9492,9.6037,10.0,10.0,10.0,10.0,10.0,10.0,10.0,10.0,10.0,2.252,2.7751,2.8404,2.4923,2.1442,1.796,1.4479,1.0998,0.7516
5.984,5.972,5.4595,4.9716,4.4906,4.0244,3.5584,3.0942,2.6301,2.1661,1.7022,4.01,4.7315,5.1574,5.2044,5.034,4.655,4.2748,3.892,3.5092,3.1261,2.743,2.3599,1.9767,1.5936,1.2104,0.8273
7.8381,7.778,7.6441,7.4138,7.1691,6.8933,6.617,6.3373,6.0576,5.7776,5.4975,5.2174,4.9373,4.7719,4.7536,1.3744,1.5798,1.7274,1.876,2.0247,2.1734,2.3222,2.4709,2.6197,2.7684,2.9172,3.066
2.1383,2.1936,2.3169,2.5288,2.754,3.0079,3.2621,3.5195,3.777,4.0347,4.2925,4.5503,4.8081,4.9603,4.9771,1.7988,1.6634,1.5275,1.3908,1.254,1.1171,0.9802,0.8433,0.7063,0.5694,0.4325,0.2956
7.2235,6.6334,6.0641,5.5606,6.279,5.821,5.3624,4.898,4.4336,3.9687,3.5037,3.0386,2.5736,2.299,2.2687,2.3786,2.6229,2.868,3.1147,3.3614,3.6084,3.8553,4.1023,4.3493,4.5963,4.8432,5.0902
10.0,10.0,10.0,10.0,10.0,10.0,10.0,10.0,10.0,10.0,10.0,10.0,10.0,10.0,10.0,10.0,10.0,10.0,10.0,10.0,10.0,10.0,10.0,10.0,10.0,10.0,10.0
2.596,2.6632,2.8128,3.0701,3.3435,3.6517,3.9604,4.2729,4.0666,3.3493,2.6319,1.9146,1.2957,2.2374,2.2578,2.1839,2.0194,1.8545,1.6884,1.5224,1.3562,1.19,1.0238,0.8575,0.6913,0.5251,0.3589
6.9887,6.9351,6.8157,6.6104,6.3922,6.1462,5.8999,5.6505,5.4012,5.1515,4.9017,4.652,4.4022,2.9334,1.2184,1.2774,1.4086,1.5402,1.6727,1.8053,1.9379,2.0705,2.2031,2.3358,2.4684,2.6011,2.7337
3.061,3.1402,3.3166,3.62,3.9424,4.3059,4.6698,5.0383,5.4068,5.7758,6.1448,6.5138,6.8829,7.1008,7.1248,7.0377,1.5089,2.1639,1.9909,1.7951,1.5991,1.4031,1.2071,1.0112,0.8152,0.6192,0.4232
6.1006,5.6022,5.1214,4.6637,4.2125,3.7752,3.338,2.9026,10.0,10.0,10.0,10.0,10.0,10.0,10.0,10.0,10.0,10.0,10.0,10.0,10.0,10.0,10.0,10.0,10.0,10.0,10.0
10.0,10.0,10.0,9.7232,9.4023,9.0405,8.6782,8.3114,7.9446,7.5773,7.21,6.8426,6.4752,6.2583,6.2344,0.9905,1.5143,2.1716,2.4604,2.6554,2.8504,3.0455,3.2406,3.4357,3.6308,3.8259,4.021
2.0702,2.1238,2.2431,2.4483,2.6664,2.9121,3.1583,3.4075,3.6568,3.9063,4.1559,4.4055,4.6551,3.0715,1.8005,1.7416,1.6104,1.4789,1.3465,1.2141,1.0815,0.949,0.8164,0.6839,0.5513,0.4188,0.2862
8.7817,8.7143,8.3934,7.6433,6.9038,6.187,5.4706,4.757,4.0435,3.3302,2.6169,1.9037,1.1904,1.5515,1.531,1.6051,1.77,1.9354,2.1019,2.2684,2.4351,2.6017,2.7684,2.935,3.1017,3.2684,3.435
10.0,10.0,10.0,10.0,10.0,10.0,10.0,10.0,10.0,10.0,10.0,10.0,10.0,10.0,10.0,10.0,10.0,10.0,10.0,10.0,3.0945,3.5853,4.076,3.9567,3.1898,2.4229,1.6559
3.8301,3.9292,4.1499,4.5295,4.9329,4.4786,3.96,3.4434,2.9269,2.4106,1.8943,1.4498,3.0284,3.301,3.3311,3.222,2.9794,2.7361,2.4911,2.2461,2.0009,1.7557,1.5104,1.2652,1.02,0.7747,0.5295
7.2,7.1447,7.0217,6.8102,6.5854,6.3321,6.0783,5.8214,5.5645,5.3072,5.0499,4.7926,4.5353,4.3834,0.633,1.316,1.4512,1.5868,1.7233,1.8598,1.9965,2.1331,2.2697,2.4064,2.543,2.6797,2.8163
2.326,2.3862,2.5202,2.7507,2.9957,3.2719,3.5484,3.8285,4.1085,4.3888,4.6692,4.9497,5.2301,5.3957,5.4139,1.3624,1.8094,1.6616,1.5128,1.364,1.2151,1.0662,0.9173,0.7683,0.6194,0.4705,0.3216
10.0,10.0,10.0,10.0,9.8389,9.1213,8.4027,7.675,6.9474,6.2188,5.4902,4.7615,4.0327,3.6025,3.555,3.7271,4.11,4.494,4.8806,5.2673,5.6542,6.0412,6.4282,6.8152,7.2022,7.5892,7.9762
10.0,10.0,10.0,10.0,10.0,10.0,10.0,10.0,10.0,10.0,10.0,10.0,10.0,10.0,10.0,10.0,10.0,10.0,10.0,10.0,10.0,3.8228,4.346,4.8693,5.3925,5.9158,6.439
2.274,2.3329,2.4639,2.6893,2.9288,3.1988,3.4692,3.743,4.0167,4.2908,3.7813,2.7507,1.7201,1.9599,1.9778,1.913,1.769,1.6245,1.479,1.3336,1.188,1.0424,0.8968,0.7512,0.6056,0.46,0.3144
7.2935,7.2376,7.113,6.8987,6.671,6.4143,6.1573,5.897,5.6368,5.3762,5.1155,3.8535,2.4097,0.8703,1.2716,1.3331,1.4701,1.6074,1.7457,1.884,2.0224,2.1608,2.2992,2.4377,2.5761,2.7145,2.8529
4.1256,4.2324,4.4702,4.8791,5.3136,5.8034,6.294,6.7907,7.2873,7.7846,8.282,8.7794,9.2768,9.5705,9.6029,9.4854,9.2241,1.8439,2.4017,2.4194,2.1553,1.8911,1.627,1.3628,1.0987,0.8345,0.5704
6.2439,5.7338,5.2418,4.7733,4.3115,3.8639,3.4165,2.9708,2.5252,2.0797,5.2273,6.3741,7.5209,8.198,8.2727,8.0018,7.3994,6.795,6.1866,5.5781,4.9691,4.3601,3.7511,3.1421,2.5331,1.924,1.315
8.488,8.4228,8.2778,8.0285,7.7635,7.4648,7.1656,6.8627,6.5599,6.2566,5.9533,5.65,5.3466,5.1675,5.1478,1.0988,1.7108,1.8707,2.0316,2.1925,2.3536,2.5147,2.6758,2.8369,2.998,3.1591,3.3201
2.0788,2.1326,2.2524,2.4584,2.6774,2.9242,3.1714,3.4216,3.6719,3.9225,4.1731,4.4237,4.6744,4.8223,1.2018,1.7488,1.6171,1.485,1.3521,1.2191,1.086,0.9529,0.8198,0.6867,0.5536,0.4205,0.2874
7.9568,7.3067,6.6797,6.0828,5.4943,4.9238,4.3537,3.7858,3.2179,2.6502,2.0826,1.5906,2.1388,1.9107,1.8855,1.9768,2.1798,2.3835,2.5885,2.7936,2.9988,3.2041,3.4093,3.6146,3.8198,4.0251,4.2304
10.0,10.0,10.0,10.0,10.0,10.0,10.0,10.0,10.0,10.0,10.0,10.0,10.0,10.0,10.0,10.0,10.0,10.0,10.0,10.0,10.0,10.0,10.0,10.0,10.0,10.0,5.9498
2.9154,2.9909,3.1589,3.4479,3.755,4.1011,4.4477,4.0988,3.4839,2.8693,2.2548,1.6402,2.3052,2.5127,2.5356,2.4526,2.268,2.0827,1.8962,1.7097,1.5231,1.3364,1.1497,0.9631,0.7764,0.5897,0.4031
6.9585,6.9051,6.7863,6.5818,6.3646,6.1197,5.8745,5.6261,5.3778,5.1292,4.8806,4.6319,4.3832,4.2364,1.2132,1.2719,1.4025,1.5336,1.6655,1.7975,1.9295,2.0616,2.1936,2.3257,2.4578,2.5898,2.7219
2.6882,2.7578,2.9127,3.1792,3.4623,3.7815,4.1011,4.4247,4.7484,5.0724,5.3965,5.7206,6.0447,6.236,6.2572,6.1806,1.7334,1.9204,1.7484,1.5765,1.4044,1.2323,1.0601,0.888,0.7159,0.5438,0.3716
6.1462,5.6441,5.1597,4.6986,4.244,3.8034,3.363,10.0,10.0,10.0,10.0,10.0,10.0,9.3505,9.2272,9.674,10.0,10.0,10.0,10.0,10.0,10.0,10.0,10.0,10.0,10.0,10.0
10.0,10.0,10.0,10.0,10.0,10.0,10.0,9.8112,9.3781,8.9446,8.511,8.0773,7.6437,7.3876,7.3594,7.4618,1.397,1.9475,2.5367,3.1259,3.3648,3.5951,3.8254,4.0557,4.286,4.5163,4.7466
2.1107,2.1653,2.287,2.4962,2.7185,2.9691,3.22,3.4742,3.7283,3.9827,4.2371,4.4916,3.3352,1.2046,1.8357,1.7756,1.6419,1.5078,1.3728,1.2378,1.1027,0.9675,0.8324,0.6972,0.5621,0.4269,0.2918
8.0196,7.958,7.821,7.5855,7.3351,7.0528,6.6809,5.8095,4.938,4.0669,3.1959,2.3248,1.4538,0.7237,1.3981,1.4658,1.6164,1.7674,1.9195,2.0715,2.2237,2.3759,2.5281,2.6803,2.8325,2.9847,3.1369
6.8212,6.9977,7.3908,8.0668,8.7853,9.5952,10.0,10.0,10.0,10.0,10.0,10.0,10.0,10.0,10.0,10.0,10.0,10.0,10.0,2.6874,3.1939,3.1268,2.69,2.2533,1.8165,1.3798,0.943
4.8898,5.0164,5.2981,5.1347,4.6379,4.1564,3.6751,3.1957,2.7164,2.2372,1.758,3.2767,3.8663,4.2143,4.2527,4.1135,3.8038,3.4931,3.1803,2.8675,2.5545,2.2414,1.9283,1.6153,1.3022,0.9891,0.676
7.5267,7.469,7.3404,7.1193,6.8843,6.6194,6.3542,6.0856,5.817,5.5481,5.2791,5.0101,4.7411,4.5823,4.5648,1.3757,1.5171,1.6588,1.8015,1.9442,2.0871,2.2299,2.3728,2.5156,2.6585,2.8013,2.9442
2.1905,2.2472,2.3734,2.5905,2.8213,3.0813,3.3418,3.6055,3.8692,4.1332,4.3973,4.6614,4.9255,5.0814,5.0986,1.8428,1.704,1.5648,1.4247,1.2846,1.1443,1.0041,0.8639,0.7236,0.5833,0.4431,0.3028
8.5143,8.3992,8.1431,7.7027,7.2345,6.7069,6.1785,5.6434,5.1084,4.5727,4.0369,3.5011,2.9652,2.6489,2.614,2.7405,3.022,3.3044,3.5887,3.873,4.1575,4.4421,4.7266,5.0112,5.2958,5.5803,5.8649
10.0,10.0,10.0,10.0,10.0,10.0,10.0,10.0,10.0,10.0,10.0,10.0,10.0,10.0,10.0,10.0,10.0,10.0,10.0,10.0,10.0,10.0,10.0,10.0,10.0,10.0,10.0
2.4453,2.5086,2.6495,2.8918,3.1494,3.4397,3.7304,4.0248,4.3192,3.7627,2.9568,2.1509,1.345,2.1075,2.1267,2.0571,1.9022,1.7468,1.5904,1.434,1.2774,1.1209,0.9643,0.8078,0.6512,0.4946,0.338
7.052,6.9979,6.8774,6.6703,6.4501,6.2019,5.9534,5.7017,5.4501,5.1981,4.9461,4.6941,4.2311,1.5282,1.2294,1.289,1.4214,1.5542,1.6879,1.8216,1.9554,2.0893,2.2231,2.3569,2.4908,2.6246,2.7585
3.3721,3.4594,3.6537,3.9879,4.3431,4.7434,5.1443,5.5503,5.9563,6.3627,6.7692,7.1758,7.5823,7.8224,7.8488,7.7528,7.5392,2.015,2.1932,1.9775,1.7616,1.5457,1.3298,1.1139,0.898,0.6821,0.4662
6.1115,5.6122,5.1306,4.6721,4.22,3.7819,3.344,2.9078,2.4716,10.0,10.0,10.0,10.0,10.0,10.0,10.0,10.0,10.0,10.0,10.0,10.0,10.0,9.6003,8.0416,6.4829,4.9242,3.3654
9.4459,9.3734,9.212,8.9346,8.6396,8.3072,7.9743,7.6372,7.3002,6.9627,6.6251,6.2876,5.95,5.7507,5.7287,0.9291,1.6419,2.0818,2.2609,2.44,2.6192,2.7985,2.9777,3.157,3.3363,3.5156,3.6948
2.0591,2.1124,2.2311,2.4351,2.652,2.8965,3.1413,3.3892,3.6371,3.8853,4.1335,4.3817,4.63,4.7766,1.7908,1.7322,1.6018,1.4709,1.3392,1.2075,1.0757,0.9439,0.812,0.6802,0.5483,0.4165,0.2847
9.0422,8.3035,7.5909,6.9126,6.2438,5.5955,4.9476,4.3022,3.6569,3.0118,2.3667,1.7217,1.0766,1.66,1.6381,1.7174,1.8938,2.0708,2.2489,2.4271,2.6054,2.7837,2.962,3.1404,3.3187,3.497,3.6754
10.0,10.0,10.0,10.0,10.0,10.0,10.0,10.0,10.0,10.0,10.0,10.0,10.0,10.0,10.0,10.0,10.0,10.0,10.0,10.0,10.0,10.0,4.0248,4.5094,4.994,4.6141,3.1535
3.3965,3.4844,3.6801,4.0167,4.3745,4.7373,4.1888,3.6424,3.096,2.5498,2.0037,1.4576,2.6856,2.9273,2.954,2.8573,2.6422,2.4263,2.2091,1.9918,1.7744,1.5569,1.3394,1.122,0.9045,0.687,0.4696
7.0571,7.003,6.8824,6.6751,6.4548,6.2064,5.9577,5.7059,5.4541,5.2019,4.9497,4.6975,4.4453,4.2964,0.7804,1.2899,1.4224,1.5553,1.6891,1.8229,1.9569,2.0908,2.2247,2.3587,2.4926,2.6265,2.7605
2.4356,2.4986,2.639,2.8804,3.1369,3.4261,3.7157,4.0089,4.3021,4.5957,4.8893,5.1829,5.4766,5.6499,5.6691,1.3388,1.8947,1.7399,1.5841,1.4283,1.2724,1.1164,0.9605,0.8046,0.6486,0.4927,0.3367
10.0,10.0,10.0,10.0,10.0,10.0,10.0,9.9642,9.0195,8.0737,7.1277,6.1817,5.2355,4.677,4.6154,4.8388,5.3358,5.8344,6.3363,6.8383,7.3407,7.8431,8.3455,8.8479,9.3504,9.8528,10.0
10.0,10.0,10.0,10.0,10.0,10.0,10.0,10.0,10.0,10.0,10.0,10.0,9.544,9.2243,9.189,9.3169,9.6014,9.8867,2.3377,2.8807,3.4236,3.9665,4.5094,5.0524,5.3515,5.6391,5.9266
2.1938,2.2506,2.3771,2.5945,2.8256,3.086,3.3469,3.611,3.8751,4.1395,4.404,3.3528,2.0967,1.8908,1.908,1.8456,1.7066,1.5672,1.4269,1.2865,1.1461,1.0056,0.8652,0.7247,0.5842,0.4438,0.3033
7.5043,7.4468,7.3186,7.0981,6.8638,6.5997,6.3353,6.0675,5.7997,5.351,4.2049,3.0589,1.9128,0.6909,1.3083,1.3717,1.5125,1.6539,1.7962,1.9385,2.0809,2.2233,2.3657,2.5081,2.6505,2.793,2.9354
4.8273,4.9522,5.2304,5.7088,6.2173,6.7904,7.3644,7.9455,8.5267,9.1085,9.6905,10.0,10.0,10.0,10.0,10.0,10.0,10.0,2.2968,2.8302,2.5218,2.2128,1.9037,1.5946,1.2855,0.9764,0.6674
6.3739,5.8531,5.3509,4.8727,4.4013,3.9443,3.4876,3.0327,2.5778,2.123,3.8143,4.6512,5.488,5.982,6.0366,5.8389,5.3993,4.9583,4.5143,4.0703,3.626,3.1816,2.7372,2.2928,1.8484,1.404,0.9595
8.0393,7.9776,7.8403,7.6042,7.3532,7.0702,6.7869,6.5,6.2131,5.9259,5.6386,5.3513,5.064,4.8944,4.8757,1.2489,1.6204,1.7718,1.9242,2.0766,2.2292,2.3818,2.5343,2.6869,2.8395,2.9921,3.1447
2.1062,2.1607,2.2821,2.4908,2.7126,2.9627,3.2131,3.4667,3.7202,3.9741,4.228,4.4819,4.7359,4.8858,4.9023,1.7718,1.6384,1.5046,1.3699,1.2351,1.1003,0.9654,0.8306,0.6957,0.5609,0.426,0.2912
7.4554,6.8463,6.2588,5.6995,5.148,4.6136,4.0793,3.5472,3.0577,3.6673,3.2376,2.8079,2.3781,2.1244,2.0964,2.1979,2.4237,2.6502,2.8782,3.1062,3.3344,3.5626,3.7908,4.019,4.2472,4.4755,4.7037
10.0,10.0,10.0,10.0,10.0,10.0,10.0,10.0,10.0,10.0,10.0,10.0,10.0,10.0,10.0,10.0,10.0,10.0,10.0,10.0,10.0,10.0,10.0,10.0,10.0,10.0,10.0
2.6982,2.768,2.9235,3.1909,3.4751,3.7954,4.1162,4.4411,3.8067,3.1352,2.4637,1.7922,2.1334,2.3254,2.3466,2.2698,2.0989,1.9275,1.7549,1.5823,1.4095,1.2368,1.064,0.8913,0.7185,0.5458,0.373
6.9486,6.8953,6.7766,6.5725,6.3555,6.111,5.8661,5.6182,5.3702,5.1219,4.8736,4.6253,4.377,4.2304,1.2114,1.2701,1.4005,1.5314,1.6631,1.7949,1.9268,2.0586,2.1905,2.3224,2.4543,2.5861,2.718
2.8953,2.9703,3.1371,3.4241,3.7291,4.0728,4.4171,4.7656,5.1142,5.4632,5.8122,6.1613,6.5104,6.7165,6.7392,6.6568,1.581,2.0683,1.8831,1.6979,1.5126,1.3272,1.1418,0.9564,0.771,0.5857,0.4003
6.0935,5.5956,5.1155,4.6583,4.2076,3.7708,3.3342,2.8993,10.0,10.0,10.0,10.0,10.0,10.0,10.0,10.0,10.0,10.0,10.0,10.0,10.0,10.0,10.0,10.0,10.0,10.0,10.0
10.0,10.0,10.0,10.0,9.9457,9.563,9.1798,8.7917,8.4037,8.0152,7.6267,7.2381,6.8494,6.62,6.5947,6.6865,1.4448,2.072,2.6026,2.8088,3.0152,3.2215,3.4279,3.6343,3.8406,4.047,4.2534
2.0774,2.1311,2.2508,2.4567,2.6755,2.9222,3.1692,3.4193,3.6693,3.9197,4.1702,4.4206,4.6711,1.9221,1.8067,1.7476,1.616,1.484,1.3511,1.2182,1.0852,0.9522,0.8192,0.6862,0.5532,0.4202,0.2872
8.4414,8.3767,8.2325,7.9845,7.3882,6.6212,5.8545,5.0908,4.3272,3.5638,2.8005,2.0372,1.274,1.4913,1.4717,1.5429,1.7014,1.8604,2.0205,2.1805,2.3407,2.5009,2.6611,2.8213,2.9815,3.1417,3.302
9.2593,9.499,10.0,10.0,10.0,10.0,10.0,10.0,10.0,10.0,10.0,10.0,10.0,10.0,10.0,10.0,10.0,10.0,10.0,10.0,3.1198,3.6145,3.6515,3.0587,2.4658,1.8729,1.2801
4.1599,4.2676,4.5073,4.9195,4.8354,4.3334,3.8316,3.3318,2.832,2.3324,1.8329,2.7876,3.2892,3.5852,3.6179,3.4995,3.236,2.9717,2.7056,2.4395,2.1732,1.9068,1.6405,1.3741,1.1078,0.8414,0.5751
7.2941,7.2381,7.1135,6.8992,6.6715,6.4148,6.1577,5.8975,5.6372,5.3766,5.1159,4.8553,4.5946,4.4407,0.6412,1.3332,1.4702,1.6075,1.7458,1.8841,2.0226,2.161,2.2994,2.4378,2.5763,2.7147,2.8531
2.2639,2.3225,2.453,2.6774,2.9158,3.1846,3.4538,3.7264,3.9989,4.2718,4.5447,4.8177,5.0906,5.2518,5.2696,1.5093,1.7611,1.6173,1.4725,1.3277,1.1827,1.0378,0.8928,0.7479,0.6029,0.4579,0.313
10.0,10.0,9.7007,9.176,8.6184,7.9898,7.3603,6.7229,6.0855,5.4474,4.8091,4.1708,3.5324,3.1556,3.114,3.2648,3.6001,3.9365,4.2751,4.6138,4.9528,5.2918,5.6307,5.9697,6.3087,6.6477,6.9867
10.0,10.0,10.0,10.0,10.0,10.0,10.0,10.0,10.0,10.0,10.0,10.0,10.0,10.0,10.0,10.0,10.0,10.0,10.0,10.0,10.0,10.0,10.0,10.0,10.0,10.0,6.3015
2.3282,2.3885,2.5227,2.7534,2.9986,3.2751,3.5519,3.8322,4.1125,4.3334,3.4053,2.4772,1.5491,2.0066,2.0249,1.9586,1.8111,1.6632,1.5143,1.3653,1.2163,1.0672,0.9182,0.7691,0.62,0.4709,0.3219
7.1742,7.1191,6.9966,6.7858,6.5618,6.3093,6.0565,5.8005,5.5445,5.2882,5.0318,4.5954,2.8737,1.0379,1.2507,1.3113,1.446,1.5811,1.7171,1.8532,1.9893,2.1255,2.2616,2.3978,2.5339,2.6701,2.8062
3.7881,3.8861,4.1044,4.4798,4.8789,5.3286,5.779,6.2351,6.6911,7.1477,7.6043,8.0611,8.5178,8.7874,8.8172,8.7093,8.4694,1.8991,2.4638,2.2215,1.9789,1.7364,1.4939,1.2513,1.0088,0.7662,0.5237
6.1715,5.6673,5.181,4.718,4.2615,3.8191,3.3769,2.9364,2.4959,2.0556,6.7891,8.2786,9.7681,10.0,10.0,10.0,9.6102,8.8253,8.0351,7.2448,6.4538,5.6629,4.8719,4.0809,3.2899,2.4989,1.7079
8.8002,8.7327,8.5823,8.3238,8.0491,7.7394,7.4292,7.1152,6.8012,6.4868,6.1723,5.8578,5.5433,5.3576,5.3371,1.0237,1.7737,1.9395,2.1063,2.2732,2.4402,2.6072,2.7742,2.9412,3.1082,3.2753,3.4423
2.0643,2.1178,2.2368,2.4413,2.6588,2.9039,3.1493,3.3978,3.6464,3.8952,4.1441,4.3929,4.6418,4.7888,1.7315,1.7366,1.6059,1.4747,1.3427,1.2106,1.0784,0.9463,0.8141,0.6819,0.5497,0.4176,0.2854
8.3117,7.6327,6.9777,6.3541,5.7394,5.1435,4.5479,3.9547,3.3615,2.7685,2.1755,1.5826,2.0156,1.8006,1.7768,1.8628,2.0542,2.2461,2.4394,2.6326,2.826,3.0194,3.2129,3.4063,3.5997,3.7931,3.9866
10.0,10.0,10.0,10.0,10.0,10.0,10.0,10.0,10.0,10.0,10.0,10.0,10.0,10.0,10.0,10.0,10.0,10.0,10.0,10.0,10.0,10.0,10.0,10.0,4.9709,5.4533,5.9356
3.0723,3.1519,3.3289,3.6334,3.957,4.3218,4.484,3.8991,3.3142,2.7296,2.1449,1.5603,2.4293,2.6479,2.6721,2.5846,2.39,2.1948,1.9983,1.8017,1.605,1.4083,1.2116,1.0149,0.8182,0.6215,0.4247
6.9739,6.9203,6.8012,6.5964,6.3786,6.1332,5.8874,5.6386,5.3897,5.1405,4.8913,4.6421,4.3929,4.2457,1.2158,1.2747,1.4056,1.537,1.6692,1.8014,1.9338,2.0661,2.1985,2.3308,2.4632,2.5955,2.7279
2.5778,2.6445,2.7931,3.0485,3.32,3.6261,3.9326,4.2429,4.5533,4.864,5.1747,5.4855,5.7963,5.9798,6.0,5.9266,1.846,1.8415,1.6766,1.5117,1.3467,1.1816,1.0166,0.8515,0.6865,0.5214,0.3564
6.1884,5.6828,5.1951,4.7309,4.2732,3.8295,10.0,10.0,10.0,10.0,10.0,8.9175,7.5527,6.747,6.658,6.9804,7.6973,8.4166,9.1407,9.8648,10.0,10.0,10.0,10.0,10.0,10.0,10.0
10.0,10.0,10.0,10.0,10.0,10.0,10.0,10.0,10.0,9.6517,9.1838,8.7159,8.2479,7.9716,7.9412,8.0517,8.2975,1.8805,2.4494,3.0183,3.5872,3.8793,4.1278,4.3763,4.6248,4.8733,5.1218
2.1354,2.1906,2.3137,2.5253,2.7502,3.0038,3.2576,3.5147,3.7718,4.0292,4.2866,4.3387,2.7132,1.2178,1.8572,1.7964,1.6611,1.5254,1.3888,1.2522,1.1155,0.9788,0.8421,0.7054,0.5687,0.4319,0.2952
7.7918,7.732,7.5989,7.37,7.1268,6.8526,6.5779,6.2999,5.4204,4.4642,3.5081,2.5519,1.5958,0.7031,1.3584,1.4242,1.5705,1.7172,1.865,2.0127,2.1606,2.3084,2.4563,2.6042,2.7521,2.9,3.0478
5.8747,6.0268,6.3653,6.9475,7.5664,8.2638,8.9623,9.6696,10.0,10.0,10.0,10.0,10.0,10.0,10.0,10.0,10.0,10.0,2.2173,2.7323,3.069,2.6929,2.3168,1.9406,1.5645,1.1883,0.8122
5.4963,5.6386,5.5095,5.0171,4.5317,4.0612,3.591,3.1226,2.6542,2.1859,1.7178,3.6832,4.3459,4.7371,4.7803,4.6238,4.2756,3.9264,3.5748,3.2232,2.8713,2.5194,2.1675,1.8156,1.4637,1.1118,0.7598
7.6931,7.6341,7.5027,7.2767,7.0365,6.7658,6.4946,6.2201,5.9456,5.6707,5.3958,5.1209,4.8459,4.6836,4.6657,1.4062,1.5506,1.6955,1.8413,1.9872,2.1332,2.2792,2.4252,2.5712,2.7172,2.8632,3.0092
2.1516,2.2073,2.3313,2.5445,2.7711,3.0266,3.2824,3.5414,3.8005,4.0598,4.3192,4.5786,4.838,4.9911,5.0081,1.81,1.6737,1.537,1.3994,1.2618,1.124,0.9863,0.8485,0.7107,0.573,0.4352,0.2974
7.0655,6.4883,7.4213,7.0199,6.5933,6.1124,5.6308,5.1432,4.6556,4.1674,3.6791,3.1908,2.7024,2.4141,2.3823,2.4976,2.7542,3.0115,3.2706,3.5297,3.789,4.0483,4.3077,4.567,4.8264,5.0857,5.345
10.0,10.0,10.0,10.0,10.0,10.0,10.0,10.0,10.0,10.0,10.0,10.0,10.0,10.0,10.0,10.0,10.0,10.0,10.0,10.0,10.0,10.0,10.0,10.0,10.0,10.0,10.0
2.5295,2.5949,2.7407,2.9914,3.2578,3.5581,3.8589,4.1634,4.2331,3.4863,2.7396,1.9929,1.2625,2.18,2.1999,2.1279,1.9677,1.807,1.6452,1.4834,1.3214,1.1595,0.9975,0.8356,0.6736,0.5116,0.3497
6.9942,6.9405,6.821,6.6156,6.3972,6.1511,5.9046,5.655,5.4054,5.1555,4.9056,4.6556,4.4057,2.1657,1.2194,1.2784,1.4097,1.5414,1.6741,1.8067,1.9394,2.0721,2.2049,2.3376,2.4704,2.6031,2.7358
3.1645,3.2465,3.4288,3.7424,4.0758,4.4515,4.8277,5.2087,5.5897,5.9711,6.3526,6.7341,7.1157,7.3409,7.3658,7.2757,1.539,2.0991,2.0582,1.8558,1.6532,1.4506,1.248,1.0454,0.8427,0.6401,0.4375
6.0895,5.592,5.1121,4.6553,4.2049,3.7683,3.332,2.8974,2.4627,10.0,10.0,10.0,10.0,10.0,10.0,10.0,10.0,10.0,10.0,10.0,10.0,10.0,10.0,10.0,10.0,10.0,8.4682
9.9206,9.8445,9.675,9.3836,9.0738,8.7247,8.3751,8.0211,7.667,7.3126,6.9581,6.6036,6.249,6.0397,6.0166,0.9559,1.5568,2.1864,2.3745,2.5626,2.7509,2.9391,3.1274,3.3157,3.504,3.6922,3.8805
2.0611,2.1145,2.2332,2.4375,2.6546,2.8993,3.1444,3.3925,3.6406,3.8891,4.1375,4.386,4.6345,4.7813,1.7926,1.7339,1.6033,1.4724,1.3406,1.2087,1.0767,0.9448,0.8128,0.6809,0.5489,0.4169,0.2849
8.9859,8.8051,8.0495,7.3302,6.621,5.9336,5.2465,4.5622,3.8778,3.1937,2.5097,1.8257,1.1417,1.5875,1.5666,1.6424,1.8112,1.9804,2.1508,2.3212,2.4917,2.6622,2.8327,3.0033,3.1738,3.3444,3.5149
10.0,10.0,10.0,10.0,10.0,10.0,10.0,10.0,10.0,10.0,10.0,10.0,10.0,10.0,10.0,10.0,10.0,10.0,10.0,10.0,10.0,3.5601,4.0474,4.5347,3.8873,2.9526,2.018
3.6443,3.7387,3.9487,4.3099,4.6937,4.5641,4.0356,3.5092,2.9828,2.4566,1.9305,1.4043,2.8815,3.1409,3.1696,3.0658,2.835,2.6034,2.3703,2.1372,1.9038,1.6705,1.4372,1.2038,0.9705,0.7372,0.5038
7.1301,7.0753,6.9536,6.7441,6.5215,6.2706,6.0193,5.7648,5.5104,5.2557,5.0009,4.7461,4.4913,4.3408,0.6268,1.3032,1.4371,1.5714,1.7066,1.8418,1.9771,2.1124,2.2477,2.383,2.5183,2.6537,2.789
2.3619,2.423,2.5592,2.7932,3.042,3.3224,3.6033,3.8876,4.172,4.4567,4.7414,5.0262,5.3109,5.479,5.4976,1.2983,1.8373,1.6873,1.5362,1.3851,1.2339,1.0827,0.9314,0.7802,0.629,0.4778,0.3265
10.0,10.0,10.0,10.0,10.0,9.9788,9.1926,8.3966,7.6005,6.8035,6.0063,5.2091,4.4118,3.9412,3.8892,4.0775,4.4963,4.9165,5.3394,5.7624,6.1858,6.6091,7.0325,7.4559,7.8793,8.3027,8.7261
10.0,10.0,10.0,10.0,10.0,10.0,10.0,10.0,10.0,10.0,10.0,10.0,10.0,10.0,10.0,10.0,10.0,10.0,10.0,2.8944,3.3396,3.8692,4.3989,4.9285,5.4581,5.9877,6.5173
2.2388,2.2967,2.4257,2.6476,2.8834,3.1492,3.4154,3.6849,3.9544,4.2243,4.0524,2.9479,1.8434,1.9295,1.9471,1.8834,1.7416,1.5993,1.4561,1.3129,1.1696,1.0262,0.8829,0.7395,0.5962,0.4528,0.3095
7.3601,7.3036,7.1779,6.9617,6.7319,6.4728,6.2135,5.9508,5.6882,5.4252,4.8112,3.4999,2.1886,0.7905,1.2832,1.3453,1.4835,1.6221,1.7616,1.9012,2.0409,2.1805,2.3202,2.4599,2.5996,2.7393,2.879
4.3609,4.4737,4.7251,5.1572,5.6166,6.1343,6.6528,7.1778,7.7028,8.2285,8.7542,9.2799,9.8057,10.0,10.0,10.0,9.75,1.8437,2.3567,2.5574,2.2782,1.999,1.7198,1.4405,1.1613,0.8821,0.6029
6.2831,5.7698,5.2747,4.8033,4.3386,3.8881,3.4379,2.9895,2.5411,2.0928,4.5726,5.5758,6.579,7.1712,7.2366,6.9997,6.4727,5.944,5.4118,4.8795,4.3468,3.8141,3.2813,2.7486,2.2158,1.6831,1.1503
8.2986,8.2349,8.0932,7.8494,7.5903,7.2983,7.0058,6.7097,6.4135,6.117,5.8205,5.5239,5.2273,5.0523,5.0329,1.1499,1.6726,1.8289,1.9863,2.1436,2.3011,2.4586,2.6161,2.7736,2.9311,3.0886,3.2461
2.0862,2.1402,2.2604,2.4672,2.687,2.9346,3.1827,3.4338,3.685,3.9365,4.188,4.4395,4.691,4.8395,1.2061,1.755,1.6229,1.4903,1.3569,1.2234,1.0899,0.9563,0.8227,0.6891,0.5556,0.422,0.2884
7.7472,7.1143,6.5038,5.9226,5.3496,4.7942,4.239,3.6861,3.1332,2.5805,2.0534,2.6227,2.2213,1.9843,1.9582,2.053,2.2639,2.4754,2.6883,2.9013,3.1145,3.3276,3.5408,3.754,3.9671,4.1803,4.3935
10.0,10.0,10.0,10.0,10.0,10.0,10.0,10.0,10.0,10.0,10.0,10.0,10.0,10.0,10.0,10.0,10.0,10.0,10.0,10.0,10.0,10.0,10.0,10.0,10.0,10.0,10.0
2.8251,2.8983,3.0611,3.341,3.6386,3.974,4.3099,4.2308,3.5962,2.9618,2.3274,1.6931,2.2338,2.4349,2.4571,2.3766,2.1977,2.0182,1.8375,1.6567,1.4759,1.295,1.1141,0.9332,0.7523,0.5715,0.3906
6.947,6.8937,6.775,6.5709,6.354,6.1095,5.8647,5.6168,5.3689,5.1207,4.8725,4.6242,4.3759,4.2294,1.2111,1.2698,1.4002,1.531,1.6627,1.7945,1.9263,2.0581,2.19,2.3218,2.4537,2.5855,2.7174
2.7608,2.8323,2.9914,3.265,3.5558,3.8836,4.2118,4.5442,4.8766,5.2093,5.5422,5.875,6.2079,6.4044,6.4261,6.3475,1.6701,1.9722,1.7956,1.619,1.4423,1.2655,1.0888,0.912,0.7352,0.5584,0.3817
6.12,5.62,5.1377,4.6786,4.2259,3.7872,3.3487,10.0,10.0,10.0,10.0,10.0,10.0,10.0,10.0,10.0,10.0,10.0,10.0,10.0,10.0,10.0,10.0,10.0,10.0,10.0,10.0
10.0,10.0,10.0,10.0,10.0,10.0,9.8011,9.3868,8.9725,8.5577,8.1429,7.728,7.313,7.0681,7.0411,7.1391,1.3887,1.9914,2.5939,2.9989,3.2192,3.4396,3.6599,3.8802,4.1006,4.3209,4.5413
2.0961,2.1504,2.2712,2.4789,2.6997,2.9486,3.1978,3.4501,3.7025,3.9551,4.2078,4.4605,3.8863,1.4036,1.823,1.7633,1.6306,1.4974,1.3633,1.2292,1.095,0.9608,0.8266,0.6924,0.5582,0.424,0.2898
8.1694,8.1067,7.9671,7.7272,7.4721,7.164,6.3345,5.5082,4.682,3.856,3.0301,2.2043,1.3784,1.4433,1.4243,1.4932,1.6466,1.8004,1.9553,2.1102,2.2653,2.4203,2.5753,2.7304,2.8854,3.0405,3.1955
7.5784,7.7746,8.2113,8.9623,9.7606,10.0,10.0,10.0,10.0,10.0,10.0,10.0,10.0,10.0,10.0,10.0,10.0,10.0,10.0,2.6614,3.163,3.4739,2.9886,2.5034,2.0182,1.5329,1.0477
4.58,4.6985,4.9625,5.2128,4.7085,4.2197,3.7311,3.2444,2.7577,2.2712,1.7848,3.0691,3.6213,3.9473,3.9833,3.8529,3.5628,3.2718,2.9788,2.6858,2.3926,2.0994,1.8062,1.5129,1.2197,0.9264,0.6332
7.4322,7.3751,7.2482,7.0299,6.7978,6.5363,6.2743,6.0091,5.7439,5.4784,5.2128,4.9472,4.6816,4.5248,0.6534,1.3585,1.498,1.638,1.7789,1.9198,2.0608,2.2019,2.3429,2.484,2.6251,2.7661,2.9072
2.2169,2.2743,2.4021,2.6218,2.8553,3.1185,3.3821,3.649,3.9159,4.1831,4.4504,4.7177,4.985,5.1428,5.1602,1.7024,1.7246,1.5837,1.4419,1.3001,1.1582,1.0162,0.8743,0.7323,0.5904,0.4484,0.3065
9.0668,8.9443,8.6716,8.2025,7.704,7.1421,6.5794,6.0096,5.4399,4.8694,4.2989,3.7283,3.1577,2.8208,2.7836,2.9184,3.2181,3.5189,3.8216,4.1243,4.4273,4.7303,5.0334,5.3364,5.6394,5.9425,6.2455
10.0,10.0,10.0,10.0,10.0,10.0,10.0,10.0,10.0,10.0,10.0,10.0,10.0,10.0,10.0,10.0,10.0,10.0,10.0,10.0,10.0,10.0,10.0,10.0,10.0,10.0,10.0
2.3986,2.4607,2.5989,2.8366,3.0893,3.3741,3.6593,3.948,4.2368,3.9609,3.1126,2.2642,1.4159,2.0673,2.0861,2.0178,1.8659,1.7135,1.5601,1.4066,1.2531,1.0995,0.9459,0.7923,0.6388,0.4852,0.3316
7.0969,7.0424,6.9212,6.7127,6.4912,6.2414,5.9913,5.738,5.4848,5.2312,4.9776,4.724,3.584,1.2944,1.2373,1.2972,1.4304,1.5641,1.6986,1.8332,1.9679,2.1026,2.2373,2.3719,2.5066,2.6413,2.776
3.5193,3.6104,3.8132,4.162,4.5327,4.9505,5.369,5.7927,6.2163,6.6405,7.0648,7.4891,7.9134,8.1639,8.1916,8.0914,7.8684,1.9689,2.289,2.0638,1.8385,1.6132,1.3879,1.1625,0.9372,0.7119,0.4865
6.1341,5.6329,5.1495,4.6894,4.2357,3.7959,3.3564,2.9186,2.4808,7.6193,9.7604,10.0,10.0,10.0,10.0,10.0,10.0,10.0,10.0,10.0,9.2784,8.1413,7.0042,5.867,4.7298,3.5926,2.4554
9.1888,9.1183,8.9613,8.6914,8.4045,8.0811,7.7573,7.4294,7.1015,6.7732,6.4449,6.1165,5.7881,5.5942,5.5728,0.9631,1.7021,2.0251,2.1993,2.3736,2.5479,2.7223,2.8967,3.0711,3.2455,3.4199,3.5943
2.0613,2.1147,2.2335,2.4378,2.6549,2.8996,3.1447,3.3929,3.641,3.8895,4.138,4.3865,4.6351,4.7818,1.7928,1.7341,1.6035,1.4725,1.3407,1.2088,1.0769,0.9449,0.8129,0.6809,0.5489,0.417,0.285
8.7502,8.0353,7.3458,6.6893,6.0422,5.4149,4.7878,4.1633,3.5388,2.9145,2.2903,1.6661,1.0785,1.7113,1.6888,1.7705,1.9524,2.1348,2.3185,2.5022,2.686,2.8698,3.0536,3.2375,3.4213,3.6052,3.789
10.0,10.0,10.0,10.0,10.0,10.0,10.0,10.0,10.0,10.0,10.0,10.0,10.0,10.0,10.0,10.0,10.0,10.0,10.0,10.0,10.0,10.0,4.0188,4.5026,4.9865,5.4703,4.8468
3.266,3.3506,3.5388,3.8625,4.2065,4.5942,4.2982,3.7376,3.1769,2.6165,2.0561,1.4957,2.5824,2.8149,2.8405,2.7475,2.5407,2.3331,2.1242,1.9153,1.7062,1.4971,1.288,1.0789,0.8698,0.6606,0.4515
7.0279,6.974,6.854,6.6475,6.4281,6.1808,5.9331,5.6823,5.4315,5.1804,4.9293,4.6781,4.4269,4.2787,0.9481,1.2846,1.4165,1.5489,1.6821,1.8154,1.9488,2.0821,2.2155,2.3489,2.4823,2.6157,2.7491
2.4892,2.5536,2.6971,2.9438,3.2059,3.5015,3.7974,4.0971,4.3968,4.6968,4.9969,5.297,5.5971,5.7743,5.7938,5.723,1.9364,1.7782,1.619,1.4597,1.3004,1.141,0.9816,0.8223,0.6629,0.5035,0.3441
6.2658,5.7539,5.2601,4.7901,10.0,10.0,10.0,10.0,10.0,9.1503,8.0782,7.006,5.9337,5.3007,5.2308,5.4841,6.0473,6.6124,7.1813,7.7502,8.3196,8.889,9.4584,10.0,10.0,10.0,10.0
10.0,10.0,10.0,10.0,10.0,10.0,10.0,10.0,10.0,10.0,10.0,9.5204,9.0092,8.7075,8.6742,8.7949,9.0634,1.916,2.3806,2.9336,3.4865,4.0394,4.5088,4.7802,5.0517,5.3231,5.5946
2.1726,2.2289,2.3541,2.5694,2.7983,3.0562,3.3145,3.5761,3.8377,4.0995,4.3614,3.674,2.2975,1.8725,1.8896,1.8277,1.6901,1.5521,1.4131,1.2741,1.135,0.9959,0.8568,0.7177,0.5786,0.4395,0.3004
7.6175,7.559,7.4289,7.2051,6.9673,6.6992,6.4308,6.1589,5.8871,4.9775,3.9114,2.8453,1.7793,0.6874,1.328,1.3923,1.5353,1.6788,1.8232,1.9677,2.1122,2.2568,2.4014,2.5459,2.6905,2.8351,2.9796
5.1844,5.3186,5.6174,6.1312,6.6773,7.2928,7.9092,8.5334,9.1575,9.7824,10.0,10.0,10.0,10.0,10.0,10.0,10.0,10.0,2.2677,2.7944,2.7084,2.3765,2.0445,1.7126,1.3806,1.0487,0.7167
6.3134,5.9236,5.4153,4.9314,4.4543,3.9918,3.5296,3.0692,2.6088,2.1486,1.6884,4.2307,4.9919,5.4413,5.4909,5.3111,4.9112,4.5101,4.1063,3.7024,3.2982,2.894,2.4898,2.0855,1.6813,1.277,0.8728
7.9113,7.8506,7.7154,7.483,7.236,6.9576,6.6788,6.3965,6.1142,5.8315,5.5488,5.2661,4.9834,4.8164,4.798,1.3233,1.5946,1.7436,1.8936,2.0436,2.1937,2.3438,2.494,2.6441,2.7943,2.9444,3.0946
2.1255,2.1806,2.303,2.5137,2.7376,2.9899,3.2427,3.4986,3.7544,4.0106,4.2669,4.5231,4.7794,4.9307,4.9474,1.7881,1.6535,1.5184,1.3825,1.2465,1.1104,0.9743,0.8382,0.7021,0.566,0.4299,0.2938
7.3098,6.7126,6.1365,5.5881,5.0475,4.5533,4.1087,4.7489,4.2986,3.8479,3.397,2.9461,2.4952,2.229,2.1996,2.3061,2.543,2.7806,3.0198,3.2591,3.4985,3.738,3.9774,4.2169,4.4563,4.6958,4.9352
10.0,10.0,10.0,10.0,10.0,10.0,10.0,10.0,10.0,10.0,10.0,10.0,10.0,10.0,10.0,10.0,10.0,10.0,10.0,10.0,10.0,10.0,10.0,10.0,10.0,10.0,6.0681
2.6345,2.7027,2.8545,3.1156,3.3931,3.7059,4.0191,4.3363,3.9641,3.2648,2.5656,1.8663,1.3149,2.2706,2.2913,2.2163,2.0494,1.882,1.7135,1.545,1.3763,1.2076,1.0389,0.8703,0.7016,0.5329,0.3642
6.9754,6.9219,6.8027,6.5978,6.38,6.1345,5.8887,5.6398,5.3909,5.1417,4.8924,4.6431,4.3938,3.7472,1.2161,1.275,1.4059,1.5373,1.6696,1.8018,1.9342,2.0666,2.1989,2.3313,2.4637,2.5961,2.7285
2.9969,3.0744,3.2471,3.5441,3.8598,4.2156,4.5719,4.9327,5.2935,5.6547,6.016,6.3773,6.7387,6.952,6.9755,6.8902,1.5362,2.1409,1.9492,1.7575,1.5656,1.3737,1.1818,0.99,0.7981,0.6062,0.4143
6.1011,5.6026,5.1218,4.6641,4.2129,3.7755,3.3383,2.9029,10.0,10.0,10.0,10.0,10.0,10.0,10.0,10.0,10.0,10.0,10.0,10.0,10.0,10.0,10.0,10.0,10.0,10.0,10.0
10.0,10.0,10.0,9.9366,9.6086,9.2389,8.8687,8.4938,8.1189,7.7436,7.3682,6.9928,6.6173,6.3957,6.3712,6.4599,1.488,2.1339,2.5144,2.7136,2.913,3.1123,3.3117,3.5111,3.7105,3.9098,4.1092
2.0745,2.1282,2.2478,2.4534,2.6719,2.9182,3.1648,3.4146,3.6643,3.9144,4.1645,4.4146,4.6647,2.5029,1.8043,1.7452,1.6138,1.482,1.3493,1.2166,1.0838,0.9509,0.8181,0.6853,0.5525,0.4196,0.2868
8.6563,8.5899,8.442,7.8463,7.0871,6.3514,5.6159,4.8834,4.1508,3.4186,2.6864,1.9542,1.2221,1.5293,1.5091,1.5822,1.7447,1.9078,2.0719,2.236,2.4003,2.5646,2.7288,2.8931,3.0574,3.2217,3.386
10.0,10.0,10.0,10.0,10.0,10.0,10.0,10.0,10.0,10.0,10.0,10.0,10.0,10.0,10.0,10.0,10.0,10.0,10.0,10.0,3.1072,3.6,4.0927,3.5617,2.8714,2.181,1.4906
3.9539,4.0563,4.2841,4.676,4.9398,4.427,3.9144,3.4038,2.8932,2.3828,1.8725,2.6496,3.1263,3.4077,3.4388,3.3262,3.0758,2.8246,2.5716,2.3187,2.0656,1.8124,1.5593,1.3061,1.0529,0.7998,0.5466
7.2445,7.1889,7.0652,6.8524,6.6262,6.3712,6.1159,5.8574,5.5989,5.34,5.0812,4.8223,4.5634,4.4105,0.6369,1.3242,1.4602,1.5966,1.734,1.8713,2.0088,2.1463,2.2838,2.4213,2.5588,2.6963,2.8338
2.305,2.3647,2.4975,2.726,2.9688,3.2424,3.5165,3.794,4.0715,4.3493,4.6272,4.9051,5.183,5.3471,5.3652,1.4168,1.7931,1.6466,1.4992,1.3517,1.2042,1.0566,0.909,0.7614,0.6138,0.4662,0.3187
6.5407,6.0063,5.4909,9.9532,9.3483,8.6665,7.9836,7.2923,6.6009,5.9087,5.2164,4.524,3.8316,3.4228,3.3777,3.5413,3.905,4.2699,4.6372,5.0046,5.3723,5.7399,6.1076,6.4753,6.843,7.2107,7.5784
10.0,10.0,10.0,10.0,10.0,10.0,10.0,10.0,10.0,10.0,10.0,10.0,10.0,10.0,10.0,10.0,10.0,10.0,10.0,10.0,10.0,10.0,4.3615,4.8367,5.3565,5.8762,6.396
2.2983,2.3578,2.4903,2.718,2.9601,3.233,3.5063,3.783,4.0596,4.3367,3.6346,2.644,1.6534,1.9808,1.9989,1.9335,1.7879,1.6418,1.4948,1.3478,1.2007,1.0535,0.9064,0.7592,0.6121,0.4649,0.3177
7.2607,7.205,7.081,6.8677,6.641,6.3855,6.1296,5.8705,5.6114,5.352,5.0925,4.114,2.5726,0.9292,1.2658,1.3271,1.4634,1.6002,1.7379,1.8755,2.0133,2.1511,2.2889,2.4267,2.5645,2.7023,2.8401
3.9977,4.1012,4.3316,4.7278,5.1489,5.6235,6.0988,6.5801,7.0614,7.5433,8.0252,8.5072,8.9892,9.2737,9.3051,9.1913,8.9381,1.8682,2.4334,2.3444,2.0885,1.8325,1.5765,1.3206,1.0646,0.8086,0.5527
6.2289,5.72,5.2292,4.7619,4.3011,3.8546,3.4083,2.9637,2.5191,2.0747,5.7421,7.0019,8.2617,9.0054,9.0875,8.79,8.1282,7.4643,6.7959,6.1275,5.4586,4.7896,4.1206,3.4516,2.7826,2.1135,1.4445
8.6232,8.5571,8.4097,8.1564,7.8872,7.5837,7.2798,6.9721,6.6644,6.3563,6.0482,5.74,5.4318,5.2499,5.2298,1.0712,1.7381,1.9005,2.064,2.2275,2.3911,2.5548,2.7184,2.8821,3.0457,3.2094,3.3731
2.078,2.1318,2.2516,2.4575,2.6764,2.9231,3.1702,3.4204,3.6705,3.921,4.1715,4.4221,4.6726,4.8205,1.2464,1.7481,1.6165,1.4845,1.3516,1.2186,1.0856,0.9525,0.8195,0.6864,0.5534,0.4203,0.2873
8.1081,7.4457,6.8068,6.1985,5.5988,5.0175,4.4365,3.8578,3.2791,2.7007,2.1222,1.5581,2.0951,1.8716,1.8469,1.9363,2.1352,2.3348,2.5356,2.7365,2.9375,3.1386,3.3396,3.5407,3.7418,3.9428,4.1439
10.0,10.0,10.0,10.0,10.0,10.0,10.0,10.0,10.0,10.0,10.0,10.0,10.0,10.0,10.0,10.0,10.0,10.0,10.0,10.0,10.0,10.0,10.0,10.0,4.9909,5.4752,5.9594
2.9813,3.0585,3.2303,3.5257,3.8398,4.1937,4.5482,4.0309,3.4262,2.8218,2.2174,1.6131,2.3573,2.5695,2.5929,2.508,2.3192,2.1297,1.939,1.7483,1.5575,1.3666,1.1757,0.9848,0.7939,0.603,0.4122
6.9837,6.9301,6.8108,6.6056,6.3876,6.1418,5.8957,5.6465,5.3973,5.1478,4.8982,4.6486,4.399,4.2517,1.2175,1.2765,1.4076,1.5391,1.6715,1.804,1.9365,2.069,2.2016,2.3341,2.4666,2.5992,2.7317
2.6526,2.7213,2.8742,3.137,3.4164,3.7314,4.0468,4.3661,4.6855,5.0052,5.325,5.6448,5.9646,6.1534,6.1743,6.0987,1.7798,1.8949,1.7253,1.5556,1.3858,1.2159,1.0461,0.8762,0.7064,0.5366,0.3667
6.1808,5.6758,5.1887,4.7251,4.2679,3.8248,10.0,10.0,10.0,10.0,10.0,10.0,9.1508,8.1746,8.0668,8.4574,9.3261,10.0,10.0,10.0,10.0,10.0,10.0,10.0,10.0,10.0,10.0
10.0,10.0,10.0,10.0,10.0,10.0,10.0,10.0,9.6781,9.2307,8.7832,8.3357,7.8881,7.6239,7.5948,7.7005,1.4417,1.9274,2.5105,3.0936,3.4724,3.7101,3.9477,4.1854,4.4231,4.6607,4.8984
2.1269,2.182,2.3046,2.5153,2.7394,2.9919,3.2448,3.5009,3.7569,4.0133,4.2697,4.5261,3.0768,1.213,1.8498,1.7893,1.6546,1.5194,1.3834,1.2473,1.1111,0.975,0.8388,0.7026,0.5664,0.4302,0.294
7.9577,7.8967,7.7607,7.527,7.2785,6.9985,6.718,6.034,5.1289,4.2241,3.3194,2.4147,1.51,0.7181,1.3874,1.4545,1.6039,1.7538,1.9047,2.0556,2.2066,2.3576,2.5086,2.6597,2.8107,2.9617,3.1127
6.4483,6.6153,6.9869,7.6259,8.3052,9.0707,9.8375,10.0,10.0,10.0,10.0,10.0,10.0,10.0,10.0,10.0,10.0,10.0,10.0,2.7138,3.2252,2.9559,2.543,2.1301,1.7172,1.3043,0.8915
5.1232,5.2558,5.5511,5.1075,4.6133,4.1344,3.6556,3.1788,2.702,2.2253,1.7487,3.4332,4.0509,4.4155,4.4558,4.3099,3.9854,3.6599,3.3322,3.0044,2.6764,2.3484,2.0204,1.6924,1.3643,1.0363,0.7083
7.6176,7.5592,7.4291,7.2053,6.9674,6.6994,6.4309,6.1591,5.8872,5.6151,5.3429,5.0706,4.7984,4.6377,4.6199,1.3924,1.5354,1.6788,1.8233,1.9677,2.1123,2.2568,2.4014,2.546,2.6906,2.8351,2.9797
2.1838,2.2404,2.3662,2.5826,2.8127,3.0719,3.3316,3.5945,3.8574,4.1206,4.3839,4.6472,4.9105,5.0659,5.0831,1.8371,1.6988,1.5601,1.4204,1.2807,1.1409,1.001,0.8612,0.7214,0.5816,0.4417,0.3019
6.973,6.4033,5.8538,5.3307,4.815,4.3151,5.9808,5.4629,4.945,4.4264,3.9078,3.3891,2.8704,2.5642,2.5304,2.6529,2.9254,3.1987,3.4739,3.7491,4.0246,4.3,4.5754,4.8509,5.1264,5.4018,5.6773
10.0,10.0,10.0,10.0,10.0,10.0,10.0,10.0,10.0,10.0,10.0,10.0,10.0,10.0,10.0,10.0,10.0,10.0,10.0,10.0,10.0,10.0,4.145,4.6441,5.1431,5.6422,6.1412
2.4871,2.5515,2.6948,2.9413,3.2033,3.4986,3.7943,4.0937,4.3932,3.6674,2.8819,2.0965,1.311,2.1436,2.1631,2.0923,1.9348,1.7767,1.6176,1.4585,1.2993,1.1401,0.9808,0.8216,0.6623,0.5031,0.3438
7.0601,7.006,6.8854,6.678,6.4575,6.2091,5.9602,5.7083,5.4564,5.2041,4.9518,4.6995,4.4472,1.7291,1.2309,1.2905,1.423,1.556,1.6898,1.8237,1.9577,2.0917,2.2257,2.3597,2.4936,2.6276,2.7616
3.3043,3.3898,3.5802,3.9077,4.2557,4.648,5.0409,5.4387,5.8365,6.2348,6.6331,7.0315,7.4299,7.6651,7.691,7.597,7.3877,2.0554,2.1491,1.9377,1.7262,1.5146,1.3031,1.0915,0.8799,0.6684,0.4568
6.1308,5.6299,5.1468,4.6869,4.2334,3.7939,3.3546,2.917,2.4795,10.0,10.0,10.0,10.0,10.0,10.0,10.0,10.0,10.0,10.0,10.0,10.0,10.0,10.0,10.0,8.4587,6.4249,4.3912
9.6666,9.5924,9.4273,9.1434,8.8415,8.5014,8.1607,7.8157,7.4708,7.1254,6.78,6.4345,6.089,5.8851,5.8626,0.9314,1.6159,2.1304,2.3137,2.497,2.6804,2.8639,3.0473,3.2308,3.4143,3.5977,3.7812
2.0697,2.1233,2.2426,2.4477,2.6657,2.9114,3.1575,3.4067,3.6559,3.9053,4.1548,4.4044,4.6539,4.8012,1.8001,1.7411,1.6101,1.4785,1.3462,1.2138,1.0812,0.9487,0.8162,0.6837,0.5512,0.4187,0.2861
9.2804,8.5298,7.7978,7.101,6.414,5.7481,5.0825,4.4195,3.7566,3.0939,2.4312,1.7686,1.106,1.6396,1.618,1.6963,1.8705,2.0453,2.2213,2.3972,2.5733,2.7495,2.9256,3.1017,3.2779,3.454,3.6301
10.0,10.0,10.0,10.0,10.0,10.0,10.0,10.0,10.0,10.0,10.0,10.0,10.0,10.0,10.0,10.0,10.0,10.0,10.0,10.0,10.0,3.5656,4.0537,4.5417,5.0253,3.817,2.6088
3.505,3.5957,3.7977,4.1451,4.5143,4.6937,4.1502,3.6088,3.0675,2.5264,1.9853,1.4442,2.7714,3.0208,3.0484,2.9486,2.7266,2.5039,2.2797,2.0555,1.8311,1.6067,1.3822,1.1578,0.9334,0.709,0.4846
7.1221,7.0675,6.9458,6.7366,6.5142,6.2636,6.0126,5.7584,5.5043,5.2498,4.9953,4.7408,4.4863,4.336,0.708,1.3018,1.4355,1.5696,1.7047,1.8397,1.9749,2.11,2.2452,2.3804,2.5155,2.6507,2.7859
2.4199,2.4825,2.622,2.8618,3.1167,3.404,3.6917,3.983,4.2743,4.566,4.8577,5.1495,5.4413,5.6135,5.6325,1.3301,1.8824,1.7287,1.5739,1.4191,1.2642,1.1092,0.9543,0.7994,0.6444,0.4895,0.3345
6.3803,5.859,5.3562,4.8776,4.4057,3.9483,10.0,9.3522,8.4655,7.5778,6.6899,5.8019,4.9139,4.3897,4.3318,4.5416,5.008,5.476,5.9471,6.4183,6.8898,7.3613,7.8329,8.3044,8.776,9.2476,9.7192
10.0,10.0,10.0,10.0,10.0,10.0,10.0,10.0,10.0,10.0,10.0,10.0,9.9797,9.6454,9.6085,9.7423,10.0,10.0,2.4228,2.8693,3.4101,3.9509,4.4917,5.0324,5.5732,5.8965,6.1972
2.2235,2.281,2.4092,2.6295,2.8637,3.1277,3.3921,3.6598,3.9275,4.1955,4.4044,3.204,2.0036,1.9163,1.9338,1.8705,1.7297,1.5884,1.4462,1.3039,1.1616,1.0192,0.8769,0.7345,0.5921,0.4498,0.3074
7.4922,7.4347,7.3068,7.0867,6.8528,6.5891,6.325,6.0577,5.7903,5.5226,4.4435,3.2324,2.0213,0.7301,1.3062,1.3694,1.5101,1.6512,1.7933,1.9353,2.0775,2.2197,2.3619,2.5041,2.6463,2.7885,2.9307
4.6655,4.7863,5.0552,5.5175,6.009,6.5629,7.1176,7.6793,8.241,8.8033,9.3658,9.9283,10.0,10.0,10.0,10.0,10.0,10.0,2.3332,2.736,2.4373,2.1386,1.8399,1.5412,1.2425,0.9437,0.645
6.3776,5.8565,5.354,4.8755,4.4038,3.9466,3.4896,3.0344,2.5793,2.1243,4.0972,4.996,5.8949,6.4256,6.4842,6.2719,5.7997,5.3259,4.8491,4.3721,3.8948,3.4175,2.9401,2.4628,1.9854,1.5081,1.0307
8.1871,8.1242,7.9844,7.7439,7.4883,7.2002,6.9116,6.6195,6.3273,6.0348,5.7423,5.4497,5.1571,4.9843,4.9653,1.2167,1.6501,1.8043,1.9596,2.1148,2.2702,2.4255,2.5809,2.7363,2.8917,3.0471,3.2025
2.1118,2.1665,2.2882,2.4975,2.7199,2.9706,3.2217,3.476,3.7302,3.9847,4.2393,4.4939,4.7485,4.8989,1.2209,1.7765,1.6428,1.5086,1.3735,1.2384,1.1032,0.968,0.8328,0.6976,0.5624,0.4272,0.2919
7.6131,6.9911,6.3912,5.82,5.257,4.7112,4.1657,3.6223,3.0789,2.5756,3.173,2.7518,2.3306,2.082,2.0546,2.154,2.3753,2.5972,2.8207,3.0441,3.2678,3.4914,3.7151,3.9387,4.1624,4.3861,4.6097
10.0,10.0,10.0,10.0,10.0,10.0,10.0,10.0,10.0,10.0,10.0,10.0,10.0,10.0,10.0,10.0,10.0,10.0,10.0,10.0,10.0,3.5695,4.0581,4.5467,5.0353,5.5239,6.0124
2.7637,2.8352,2.9945,3.2684,3.5595,3.8876,4.2162,4.4099,3.7484,3.0872,2.4259,1.7648,2.1852,2.3819,2.4036,2.3249,2.1499,1.9743,1.7975,1.6207,1.4438,1.2668,1.0899,0.9129,0.736,0.559,0.3821
6.9954,6.9417,6.8222,6.6167,6.3983,6.1521,5.9056,5.6559,5.4063,5.1564,4.9064,4.6564,4.4064,4.2588,1.2196,1.2786,1.41,1.5417,1.6743,1.807,1.9397,2.0725,2.2052,2.338,2.4708,2.6035,2.7363
2.8621,2.9362,3.1012,3.3848,3.6863,4.0261,4.3664,4.711,5.0556,5.4005,5.7456,6.0907,6.4357,6.6395,6.6619,6.5804,1.6251,2.0446,1.8615,1.6785,1.4952,1.312,1.1287,0.9455,0.7622,0.5789,0.3957
6.1467,5.6445,5.1601,4.699,4.2444,3.8037,3.3633,2.9246,10.0,10.0,10.0,10.0,10.0,10.0,10.0,10.0,10.0,10.0,10.0,10.0,10.0,10.0,10.0,10.0,10.0,10.0,10.0
10.0,10.0,10.0,10.0,10.0,9.8708,9.4752,9.0747,8.6742,8.2732,7.8721,7.471,7.0699,6.8331,6.8069,6.9017,1.4331,2.0551,2.6768,2.8992,3.1122,3.3252,3.5382,3.7512,3.9642,4.1773,4.3903
2.0997,2.1541,2.2751,2.4831,2.7043,2.9536,3.2033,3.456,3.7088,3.9619,4.215,4.4682,4.6975,1.6966,1.8262,1.7664,1.6334,1.5,1.3657,1.2313,1.0969,0.9625,0.828,0.6936,0.5592,0.4247,0.2903
8.3972,8.3328,8.1893,7.9427,7.665,6.8692,6.0738,5.2816,4.4893,3.6974,2.9054,2.1136,1.3217,1.4835,1.464,1.5348,1.6925,1.8507,2.0099,2.1691,2.3284,2.4878,2.6472,2.8065,2.9659,3.1253,3.2846
8.6001,8.8227,9.3183,10.0,10.0,10.0,10.0,10.0,10.0,10.0,10.0,10.0,10.0,10.0,10.0,10.0,10.0,10.0,10.0,2.6587,3.1598,3.6609,3.3916,2.8409,2.2902,1.7396,1.1889
4.344,4.4565,4.7068,5.1373,4.8228,4.3221,3.8216,3.3231,2.8246,2.3264,1.8281,2.911,3.4348,3.744,3.7781,3.6544,3.3792,3.1032,2.8254,2.5475,2.2694,1.9913,1.7131,1.435,1.1568,0.8787,0.6005
7.4034,7.3466,7.2201,7.0026,6.7715,6.511,6.25,5.9858,5.7217,5.4571,5.1926,4.928,4.6634,4.5072,0.6509,1.3532,1.4922,1.6316,1.772,1.9124,2.0529,2.1934,2.3339,2.4744,2.6149,2.7554,2.8959
2.2635,2.3221,2.4525,2.6768,2.9153,3.184,3.4531,3.7256,3.9981,4.2709,4.5438,4.8167,5.0896,5.2507,5.2685,1.5902,1.7608,1.617,1.4722,1.3274,1.1825,1.0376,0.8926,0.7477,0.6028,0.4578,0.3129
6.7189,6.1699,5.6405,5.1364,4.6395,4.1578,3.6764,3.1968,5.8681,5.2528,4.6373,4.0218,3.4062,3.0429,3.0028,3.1481,3.4715,3.7959,4.1224,4.449,4.7759,5.1027,5.4296,5.7565,6.0834,6.4103,6.7371
10.0,10.0,10.0,10.0,10.0,10.0,10.0,10.0,10.0,10.0,10.0,10.0,10.0,10.0,10.0,10.0,10.0,10.0,10.0,10.0,3.2357,3.7488,4.2619,4.7751,5.2882,5.8013,6.3145
2.3741,2.4355,2.5724,2.8076,3.0577,3.3396,3.6219,3.9077,4.1935,4.2176,3.3143,2.411,1.5077,2.0461,2.0648,1.9972,1.8468,1.696,1.5441,1.3922,1.2403,1.0883,0.9363,0.7842,0.6322,0.4802,0.3282
7.2043,7.149,7.026,6.8143,6.5894,6.3359,6.082,5.8249,5.5678,5.3104,5.053,4.7955,3.1353,1.1324,1.256,1.3168,1.4521,1.5878,1.7243,1.861,1.9977,2.1344,2.2711,2.4078,2.5446,2.6813,2.818
3.7119,3.808,4.0219,4.3898,4.7808,5.2215,5.6628,6.1097,6.5566,7.004,7.4515,7.899,8.3466,8.6108,8.6399,8.5342,8.2991,1.9415,2.4143,2.1768,1.9392,1.7015,1.4638,1.2262,0.9885,0.7508,0.5132
6.2103,5.7029,5.2135,4.7476,4.2883,3.8431,3.3981,2.9548,2.5116,2.0685,7.7495,9.4497,10.0,10.0,10.0,10.0,10.0,10.0,9.1717,8.2696,7.3668,6.464,5.5611,4.6582,3.7553,2.8524,1.9495
9.023,8.9538,8.7997,8.5346,8.2529,7.9354,7.6174,7.2954,6.9734,6.651,6.3286,6.0061,5.6837,5.4933,5.4723,1.0084,1.7821,1.9886,2.1597,2.3307,2.502,2.6732,2.8445,3.0157,3.187,3.3582,3.5294
2.0815,2.1354,2.2553,2.4616,2.6809,2.928,3.1755,3.4261,3.6766,3.9275,4.1785,4.4294,4.6804,4.8285,1.8103,1.751,1.6192,1.4869,1.3538,1.2207,1.0874,0.9541,0.8209,0.6876,0.5543,0.421,0.2878
8.5502,7.8517,7.1779,6.5365,5.9041,5.2911,4.6784,4.0682,3.4579,2.8479,2.238,1.628,1.1226,1.7812,1.7578,1.8429,2.0321,2.222,2.4132,2.6044,2.7957,2.987,3.1784,3.3697,3.5611,3.7524,3.9438
10.0,9.9902,9.9902,9.9902,9.9902,9.9902,9.9902,9.9902,9.9902,9.9902,9.9902,9.9902,9.9902,9.9902,9.9902,9.9902,9.9902,9.9902,9.9902,9.9902,3.0729,3.5602,4.0476,4.5349,5.0222,5.5095,5.9968
3.1726,3.2548,3.4376,3.752,4.0862,4.4629,4.4518,3.8711,3.2904,2.71,2.1296,1.5491,2.5086,2.7344,2.7593,2.669,2.468,2.2664,2.0635,1.8605,1.6574,1.4543,1.2512,1.048,0.8449,0.6417,0.4386
7.0598,7.0057,6.8851,6.6777,6.4573,6.2088,5.96,5.7081,5.4561,5.2039,4.9516,4.6993,4.447,4.2981,1.2177,1.2904,1.4229,1.5559,1.6898,1.8236,1.9576,2.0916,2.2256,2.3596,2.4935,2.6275,2.7615
2.5673,2.6337,2.7817,3.0361,3.3065,3.6113,3.9165,4.2256,4.5347,4.8441,5.1536,5.4631,5.7727,5.9554,5.9756,5.9025,1.915,1.834,1.6698,1.5055,1.3412,1.1768,1.0124,0.848,0.6837,0.5193,0.3549
6.2774,5.7646,5.2699,4.7989,4.3346,3.8846,3.4348,2.9868,9.7193,9.7193,9.4002,8.1525,6.9048,6.1682,6.0868,6.3815,7.037,7.6946,8.3565,9.0185,9.6811,9.7193,9.7193,9.7193,9.7193,9.7193,9.7193
9.6539,9.6539,9.6539,9.6539,9.6539,9.6539,9.6539,9.6539,9.6539,9.6539,9.5827,9.0944,8.6061,8.3179,8.2861,8.4014,8.6579,1.878,2.4462,3.0143,3.5825,4.0477,4.307,4.5663,4.8256,5.0849,5.3442
2.1706,2.2268,2.3519,2.567,2.7956,3.0533,3.3114,3.5727,3.8341,4.0957,4.3574,4.0979,2.5626,1.2379,1.8878,1.826,1.6885,1.5506,1.4118,1.2729,1.1339,0.995,0.856,0.717,0.578,0.4391,0.3001
7.8011,7.7413,7.608,7.3788,7.1353,6.8607,6.5858,6.3074,5.6991,4.6938,3.6884,2.6832,1.6779,0.704,1.3601,1.4259,1.5724,1.7193,1.8672,2.0151,2.1632,2.3112,2.4593,2.6073,2.7554,2.9034,3.0515
5.6464,5.7926,6.118,6.6775,7.2723,7.9427,8.614,9.2938,9.4627,9.4627,9.4627,9.4627,9.4627,9.4627,9.4627,9.4627,9.4627,9.4627,2.2588,2.7835,2.9498,2.5883,2.2267,1.8652,1.5037,1.1421,0.7806
5.8415,5.9927,5.5289,5.0348,4.5477,4.0755,3.6036,3.1336,2.6635,2.1937,1.7238,3.9145,4.6188,5.0346,5.0805,4.9141,4.5442,4.173,3.7993,3.4257,3.0517,2.6777,2.3037,1.9296,1.5556,1.1816,0.8076
7.8554,7.7951,7.6609,7.4302,7.1849,6.9085,6.6316,6.3513,6.071,5.7903,5.5096,5.2289,4.9481,4.7824,4.7641,1.4192,1.5833,1.7312,1.8802,2.0291,2.1782,2.3273,2.4764,2.6254,2.7745,2.9236,3.0727
2.1639,2.2199,2.3446,2.5591,2.787,3.0439,3.3012,3.5617,3.8222,4.0831,4.3439,4.6048,4.8657,5.0197,5.0367,1.8204,1.6833,1.5458,1.4074,1.269,1.1305,0.9919,0.8534,0.7148,0.5763,0.4377,0.2992
7.2326,6.6417,6.0718,5.5292,4.9942,4.4757,3.9575,3.4413,2.9251,4.0818,3.6035,3.1252,2.6469,2.3645,2.3334,2.4463,2.6976,2.9497,3.2034,3.4572,3.7112,3.9652,4.2192,4.4732,4.7272,4.9812,5.2352
9.1604,9.1604,9.1604,9.1604,9.1604,9.1604,9.1604,9.1604,9.1604,9.1604,9.1604,9.1604,9.1604,9.1604,9.1604,9.1604,9.1604,9.1604,9.1604,2.6366,3.1335,3.6305,4.1274,4.6243,5.1212,5.6182,6.1151
2.5964,2.6636,2.8132,3.0705,3.344,3.6523,3.961,4.2736,4.1706,3.4349,2.6992,1.9635,1.2959,2.2377,2.2581,2.1842,2.0198,1.8548,1.6887,1.5226,1.3564,1.1902,1.0239,0.8577,0.6914,0.5252,0.3589
7.0634,7.0092,6.8885,6.681,6.4605,6.2119,5.963,5.7109,5.4589,5.2065,4.9541,4.7017,4.4492,2.6109,1.2314,1.291,1.4237,1.5567,1.6906,1.8245,1.9586,2.0926,2.2267,2.3607,2.4948,2.6288,2.7629
3.1325,3.2136,3.3941,3.7045,4.0345,4.4064,4.7788,5.1559,5.5331,5.9106,6.2882,6.6659,7.0436,7.2666,7.2912,7.202,1.5234,2.1613,2.0374,1.837,1.6364,1.4359,1.2353,1.0348,0.8342,0.6336,0.4331
6.162,5.6586,5.173,4.7107,4.255,3.8132,3.3717,2.9319,2.497,8.9321,8.9321,8.9321,8.9321,8.9321,8.9321,8.9321,8.9321,8.9321,8.9321,8.9321,8.9321,8.9321,8.9321,8.9321,8.9321,8.9321,8.9321
8.8768,8.8768,8.8768,8.8768,8.8768,8.8768,8.6539,8.2881,7.9223,7.5561,7.1898,6.8235,6.4571,6.2408,6.217,0.9877,1.547,2.2186,2.4535,2.6479,2.8425,3.037,3.2315,3.4261,3.6206,3.8152,4.0097
2.0898,2.1439,2.2643,2.4715,2.6916,2.9397,3.1882,3.4398,3.6914,3.9432,4.1952,4.4471,4.6991,3.612,1.8176,1.758,1.6257,1.4929,1.3592,1.2255,1.0917,0.9579,0.8241,0.6903,0.5565,0.4227,0.2889
8.7682,8.7682,8.3526,7.6062,6.8703,6.157,5.4441,4.7339,4.0238,3.314,2.6042,1.8944,1.1847,1.5828,1.5619,1.6376,1.8058,1.9745,2.1444,2.3142,2.4843,2.6543,2.8243,2.9943,3.1644,3.3344,3.5044
8.7149,8.7149,8.7149,8.7149,8.7149,8.7149,8.7149,8.7149,8.7149,8.7149,8.7149,8.7149,8.7149,8.7149,8.7149,8.7149,8.7149,8.7149,8.7149,2.6268,3.1219,3.6169,4.112,4.2966,3.4638,2.631,1.7981
3.8012,3.8996,4.1186,4.4953,4.8957,4.5638,4.0354,3.509,2.9826,2.4565,1.9303,1.4389,3.0055,3.2761,3.306,3.1977,2.957,2.7154,2.4723,2.2291,1.9858,1.7424,1.499,1.2557,1.0123,0.7689,0.5255
7.2589,7.2032,7.0792,6.8659,6.6393,6.3839,6.128,5.869,5.61,5.3506,5.0912,4.8318,4.5724,4.4193,0.6382,1.3268,1.4631,1.5998,1.7374,1.875,2.0128,2.1505,2.2883,2.4261,2.5638,2.7016,2.8394
2.368,2.4293,2.5657,2.8004,3.0498,3.331,3.6125,3.8976,4.1827,4.4681,4.7536,5.0391,5.3246,5.4931,5.5117,1.3471,1.8421,1.6916,1.5401,1.3887,1.2371,1.0855,0.9338,0.7822,0.6306,0.479,0.3274
6.5349,6.001,5.486,4.9958,4.5124,4.044,3.5757,3.1093,2.6429,6.509,5.7464,4.9837,4.2209,3.7706,3.7209,3.901,4.3017,4.7037,5.1084,5.5131,5.9181,6.3231,6.7282,7.1332,7.5383,7.9434,8.3484
8.4578,8.4578,8.4578,8.4578,8.4578,8.4578,8.4578,8.4578,8.4578,8.4578,8.4578,8.4578,8.4578,8.4578,8.4578,8.4578,8.4578,8.4578,8.4578,2.824,3.3563,3.8885,4.4208,4.953,5.4853,6.0175,6.5498
2.2892,2.3485,2.4804,2.7073,2.9484,3.2202,3.4924,3.768,4.0436,4.3195,3.9298,2.8587,1.7877,1.973,1.991,1.9258,1.7808,1.6354,1.4889,1.3425,1.1959,1.0494,0.9028,0.7562,0.6096,0.4631,0.3165
7.4135,7.3566,7.2299,7.0122,6.7807,6.5198,6.2585,5.994,5.7294,5.4646,5.1666,3.7584,2.3503,0.8489,1.2925,1.355,1.4942,1.6338,1.7744,1.915,2.0557,2.1963,2.337,2.4777,2.6184,2.7591,2.8998
4.2677,4.3782,4.6241,5.047,5.4966,6.0032,6.5107,7.0245,7.5382,8.0526,8.3107,8.3107,8.3107,8.3107,8.3107,8.3107,8.3107,1.8546,2.4156,2.5027,2.2295,1.9563,1.683,1.4098,1.1365,0.8632,0.59
6.3423,5.8241,5.3243,4.8485,4.3794,3.9247,3.4703,3.0176,2.565,2.1125,5.0225,6.1244,7.2263,7.8768,7.9486,7.6884,7.1095,6.5288,5.9442,5.3596,4.7745,4.1893,3.6042,3.019,2.4338,1.8487,1.2635
8.2155,8.2155,8.2155,8.0669,7.8006,7.5004,7.1999,6.8955,6.5912,6.2865,5.9817,5.677,5.3722,5.1922,5.1724,1.1329,1.719,1.8796,2.0413,2.203,2.3649,2.5267,2.6886,2.8504,3.0123,3.1741,3.336
2.1102,2.1648,2.2864,2.4956,2.7178,2.9684,3.2193,3.4733,3.7274,3.9817,4.2361,4.4905,4.7449,4.8951,1.22,1.7752,1.6415,1.5075,1.3725,1.2375,1.1024,0.9673,0.8322,0.6971,0.562,0.4268,0.2917
7.9851,7.3327,6.7035,6.1044,5.5138,4.9414,4.3692,3.7993,3.2294,2.6597,2.09,1.636,2.1998,1.9651,1.9392,2.0331,2.2419,2.4514,2.6623,2.8732,3.0843,3.2954,3.5065,3.7176,3.9287,4.1398,4.3509
8.0766,8.0766,8.0766,8.0766,8.0766,8.0766,8.0766,8.0766,8.0766,8.0766,8.0766,8.0766,8.0766,8.0766,8.0766,8.0766,8.0766,8.0766,8.0766,2.6025,3.093,3.5835,4.074,4.5645,5.0549,5.5454,6.0359
2.9215,2.9972,3.1655,3.4551,3.7628,4.1097,4.457,4.2076,3.5764,2.9455,2.3147,1.6838,2.31,2.518,2.5409,2.4577,2.2727,2.0871,1.9002,1.7133,1.5262,1.3392,1.1521,0.9651,0.778,0.591,0.4039
7.055,7.0009,6.8804,6.6732,6.4529,6.2046,5.956,5.7042,5.4524,5.2004,4.9483,4.6962,4.444,4.2952,1.23,1.2895,1.422,1.5549,1.6886,1.8224,1.9563,2.0902,2.2241,2.358,2.4919,2.6258,2.7597
2.7555,2.8268,2.9856,3.2586,3.5489,3.876,4.2037,4.5354,4.8671,5.1992,5.5314,5.8636,6.1958,6.392,6.4136,6.3352,1.7338,1.9684,1.7922,1.6159,1.4395,1.2631,1.0866,0.9102,0.7338,0.5574,0.3809
6.2277,5.7189,5.2281,4.7609,4.3003,3.8538,3.4076,2.9631,2.5186,7.8986,7.8986,7.8986,7.8986,7.8986,7.8986,7.8986,7.8986,7.8986,7.8986,7.8986,7.8986,7.8986,7.8986,7.8986,7.8986,7.8986,7.8986
7.8553,7.8553,7.8553,7.8553,7.8553,7.8553,7.8553,7.8553,7.8553,7.8553,7.8553,7.8553,7.6275,7.372,7.3438,7.446,1.3941,1.9937,2.5969,3.1279,3.3577,3.5875,3.8173,4.0471,4.2769,4.5067,4.7365
2.1373,2.1927,2.3158,2.5277,2.7528,3.0065,3.2607,3.518,3.7753,4.0329,4.2906,4.5483,3.5801,1.2931,1.8589,1.798,1.6627,1.5268,1.3901,1.2534,1.1166,0.9797,0.8429,0.706,0.5692,0.4323,0.2955
7.7702,7.7702,7.7702,7.7574,7.5014,7.2127,6.6457,5.7789,4.912,4.0455,3.179,2.3126,1.4462,1.4489,1.4298,1.4991,1.653,1.8075,1.963,2.1185,2.2741,2.4298,2.5854,2.7411,2.8967,3.0524,3.208
7.2032,7.3897,7.7283,7.7283,7.7283,7.7283,7.7283,7.7283,7.7283,7.7283,7.7283,7.7283,7.7283,7.7283,7.7283,7.7283,7.7283,7.7283,2.2081,2.7195,3.232,3.3019,2.8407,2.3795,1.9182,1.457,0.9958
4.8425,4.9678,5.2469,5.2464,4.7388,4.2468,3.7551,3.2653,2.7755,2.2859,1.7963,3.245,3.8289,4.1735,4.2116,4.0737,3.767,3.4593,3.1496,2.8398,2.5298,2.2197,1.9097,1.5996,1.2896,0.9795,0.6695
7.611,7.5526,7.4226,7.199,6.9613,6.6935,6.4253,6.1537,5.8821,5.6102,5.3382,5.0662,4.7942,4.6336,4.6159,1.3911,1.534,1.6774,1.8217,1.966,2.1104,2.2549,2.3993,2.5438,2.6882,2.8327,2.9771
2.2364,2.2943,2.4232,2.6448,2.8804,3.1459,3.4118,3.681,3.9503,4.2198,4.4895,4.7591,5.0287,5.1879,5.2055,1.8199,1.7397,1.5976,1.4546,1.3115,1.1683,1.0251,0.882,0.7388,0.5956,0.4524,0.3092
6.9446,6.3772,5.83,5.309,4.7953,4.2975,3.7999,3.3042,2.8086,2.3131,4.2014,3.6437,3.086,2.7568,2.7205,2.8522,3.1451,3.439,3.7349,4.0308,4.3269,4.623,4.9192,5.2153,5.5115,5.8076,6.1038
7.5255,7.5255,7.5255,7.5255,7.5255,7.5255,7.5255,7.5255,7.5255,7.5255,7.5255,7.5255,7.5255,7.5255,7.5255,7.5255,7.5255,7.5255,2.1942,2.7039,3.2135,3.7231,4.2327,4.7423,5.2519,5.7615,6.2712
2.4683,2.5322,2.6744,2.919,3.179,3.4721,3.7655,4.0627,4.3598,3.9009,3.0654,2.2299,1.3944,2.1273,2.1467,2.0764,1.9201,1.7632,1.6054,1.4475,1.2894,1.1314,0.9734,0.8153,0.6573,0.4993,0.3412
7.19,7.1348,7.012,6.8008,6.5763,6.3233,6.0699,5.8133,5.5567,5.2999,5.0429,4.786,4.0258,1.454,1.2535,1.3142,1.4492,1.5846,1.7209,1.8573,1.9937,2.1301,2.2666,2.4031,2.5395,2.676,2.8124
3.4861,3.5764,3.7773,4.1228,4.49,4.9039,5.3184,5.7381,6.1578,6.578,6.9982,7.4088,7.4088,7.4088,7.4088,7.4088,7.4088,2.0317,2.2674,2.0444,1.8212,1.598,1.3748,1.1516,0.9284,0.7052,0.4819
6.2272,5.7185,5.2277,4.7606,4.3,3.8535,3.4073,2.9629,2.5184,2.1059,7.3707,7.3707,7.3707,7.3707,7.3707,7.3707,7.3707,7.3707,7.3707,7.3707,7.3707,7.3707,7.3707,7.1673,5.778,4.3888,2.9995
7.333,7.333,7.333,7.333,7.333,7.333,7.333,7.333,7.333,7.011,6.6711,6.3312,5.9913,5.7906,5.7685,0.9585,1.6939,2.0962,2.2766,2.4569,2.6374,2.8179,2.9984,3.1789,3.3594,3.54,3.7205
2.0968,2.1511,2.2719,2.4797,2.7006,2.9496,3.1989,3.4513,3.7037,3.9565,4.2093,4.4621,4.7149,4.8641,1.8237,1.7639,1.6311,1.4979,1.3638,1.2297,1.0954,0.9612,0.8269,0.6927,0.5584,0.4241,0.2899
7.2587,7.2587,7.2587,6.9491,6.2768,5.6251,4.9738,4.325,3.6762,3.0277,2.3792,1.7308,1.0823,1.7096,1.6871,1.7688,1.9505,2.1327,2.3162,2.4997,2.6833,2.867,3.0506,3.2343,3.418,3.6016,3.7853
7.2222,7.2222,7.2222,7.2222,7.2222,7.2222,7.2222,7.2222,7.2222,7.2222,7.2222,7.2222,7.2222,7.2222,7.2222,7.2222,7.2222,7.2222,2.1234,2.6166,3.1098,3.603,4.0961,4.5893,5.0825,5.4225,3.7061
3.4073,3.4955,3.6919,4.0296,4.3885,4.793,4.3082,3.7463,3.1843,2.6226,2.0609,1.4992,2.6941,2.9367,2.9634,2.8664,2.6506,2.4341,2.2161,1.9982,1.78,1.5619,1.3437,1.1256,0.9074,0.6892,0.4711
7.1501,7.1227,7.0001,6.7892,6.5651,6.3125,6.0596,5.8034,5.5473,5.2908,5.0343,4.7778,4.5213,4.3699,0.8526,1.312,1.4467,1.5819,1.718,1.8541,1.9903,2.1265,2.2627,2.399,2.5352,2.6714,2.8077
2.5022,2.567,2.7112,2.9592,3.2227,3.5198,3.8173,4.1186,4.4198,4.7214,5.0231,5.3248,5.6265,5.8046,5.8242,5.753,1.9465,1.7875,1.6275,1.4674,1.3072,1.147,0.9868,0.8266,0.6664,0.5061,0.3459
6.4126,5.8887,5.3834,4.9023,4.428,3.9683,3.5088,3.0511,2.5934,2.1359,7.0795,6.5965,5.5869,4.9908,4.9251,5.1635,5.6939,6.2259,6.7615,7.0795,7.0795,7.0795,7.0795,7.0795,7.0795,7.0795,7.0795
7.0447,7.0447,7.0447,7.0447,7.0447,7.0447,7.0447,7.0447,7.0447,7.0447,7.0447,7.0447,7.0447,7.0447,7.0447,7.0447,7.0447,7.0447,2.3994,2.9567,3.5139,4.0712,4.6284,5.0472,5.3338,5.6205,5.9071
2.2283,2.286,2.4144,2.6353,2.87,3.1345,3.3995,3.6678,3.936,4.2046,4.4732,3.5364,2.2115,1.9205,1.938,1.8746,1.7334,1.5919,1.4493,1.3068,1.1641,1.0214,0.8788,0.7361,0.5934,0.4507,0.3081
6.9762,6.9762,6.9762,6.9762,6.9762,6.7683,6.497,6.2224,5.9478,5.3043,4.1682,3.0322,1.8961,0.6945,1.3417,1.4067,1.5512,1.6961,1.842,1.988,2.134,2.2801,2.4261,2.5722,2.7182,2.8643,3.0104
5.0566,5.1875,5.4789,5.98,6.5127,6.9424,6.9424,6.9424,6.9424,6.9424,6.9424,6.9424,6.9424,6.9424,6.9424,6.9424,6.9424,6.9424,2.3311,2.8725,2.6416,2.3179,1.9941,1.6704,1.3466,1.0228,0.6991
6.5318,5.9982,5.4835,4.9934,4.5103,4.0421,3.574,3.1078,2.6416,2.1756,1.7597,4.571,5.3935,5.879,5.9326,5.7384,5.3063,4.8729,4.4366,4.0002,3.5635,3.1268,2.69,2.2533,1.8165,1.3798,0.943
6.8758,6.8758,6.8758,6.8758,6.8758,6.8758,6.8758,6.5913,6.3004,6.0091,5.7178,5.4265,5.1351,4.9631,4.9442,1.3023,1.6431,1.7967,1.9512,2.1058,2.2605,2.4152,2.5699,2.7247,2.8794,3.0341,3.1888
2.1569,2.2127,2.337,2.5508,2.778,3.0341,3.2905,3.5502,3.8099,4.0698,4.3299,4.5899,4.85,5.0035,5.0204,1.8145,1.6779,1.5408,1.4029,1.2649,1.1268,0.9887,0.8506,0.7125,0.5744,0.4363,0.2982
6.8105,6.8105,6.3402,5.7736,5.215,4.6736,4.1324,3.5934,3.0544,2.5155,1.9768,2.9185,2.4718,2.2081,2.179,2.2845,2.5191,2.7545,2.9915,3.2285,3.4657,3.7029,3.9401,4.1773,4.4145,4.6517,4.8889
6.7783,6.7783,6.7783,6.7783,6.7783,6.7783,6.7783,6.7783,6.7783,6.7783,6.7783,6.7783,6.7783,6.7783,6.7783,6.7783,6.7783,6.7783,2.1429,2.6407,3.1384,3.6361,4.1338,4.6315,5.1291,5.6268,6.1245
2.7299,2.8006,2.9579,3.2285,3.516,3.8401,4.1647,4.4934,3.9471,3.2508,2.5546,1.8583,2.1585,2.3528,2.3743,2.2966,2.1236,1.9502,1.7756,1.6009,1.4262,1.2514,1.0766,0.9018,0.727,0.5522,0.3774
6.7148,6.7148,6.7148,6.7148,6.5007,6.2506,6.0001,5.7464,5.4928,5.2389,4.9849,4.7309,4.4769,4.327,1.2391,1.2991,1.4325,1.5664,1.7011,1.8359,1.9708,2.1056,2.2405,2.3754,2.5103,2.6452,2.7801
2.9965,3.0741,3.2468,3.5437,3.8594,4.2151,4.5714,4.9322,5.2929,5.6541,6.0153,6.3766,6.6834,6.6834,6.6834,6.6834,1.5972,2.1406,1.949,1.7573,1.5654,1.3736,1.1817,0.9899,0.798,0.6061,0.4143
6.2289,5.72,5.2292,4.7619,4.3012,3.8546,3.4083,2.9637,2.5191,2.0747,6.6524,6.6524,6.6524,6.6524,6.6524,6.6524,6.6524,6.6524,6.6524,6.6524,6.6524,6.6524,6.6524,6.6524,6.6524,6.6524,6.6524
6.6217,6.6217,6.6217,6.6217,6.6217,6.6217,6.6217,6.6217,6.6217,6.6217,6.6217,6.6217,6.6217,6.6217,6.6217,6.6217,1.4931,2.1412,2.6245,2.8324,3.0405,3.2486,3.4567,3.6648,3.8729,4.0811,4.2892
2.1223,2.1772,2.2995,2.5098,2.7334,2.9853,3.2377,3.4932,3.7487,4.0045,4.2603,4.5162,4.7721,2.156,1.8458,1.7853,1.6509,1.5161,1.3803,1.2446,1.1087,0.9728,0.8369,0.7011,0.5652,0.4293,0.2934
6.5611,6.5611,6.5611,6.5611,6.5611,6.5611,5.8896,5.1214,4.3532,3.5852,2.8173,2.0495,1.2816,1.5393,1.519,1.5925,1.7561,1.9202,2.0854,2.2506,2.416,2.5813,2.7467,2.912,3.0774,3.2428,3.4081
6.5312,6.5312,6.5312,6.5312,6.5312,6.5312,6.5312,6.5312,6.5312,6.5312,6.5312,6.5312,6.5312,6.5312,6.5312,6.5312,6.5312,6.5312,2.1749,2.6801,3.1852,3.6903,3.9472,3.3063,2.6655,2.0246,1.3837
4.1714,4.2794,4.5198,4.9332,4.9858,4.4682,3.9508,3.4355,2.9201,2.405,1.8899,2.7953,3.2983,3.5952,3.628,3.5092,3.245,2.9799,2.7131,2.4463,2.1792,1.9121,1.645,1.378,1.1109,0.8438,0.5767
6.4722,6.4722,6.4722,6.4722,6.4722,6.4722,6.2827,6.0171,5.7516,5.4857,5.2197,4.9538,4.6878,4.5308,0.6543,1.3603,1.5,1.6402,1.7813,1.9224,2.0636,2.2048,2.3461,2.4873,2.6286,2.7698,2.911
2.3323,2.3927,2.5271,2.7582,3.0039,3.2808,3.5581,3.8389,4.1197,4.4008,4.6819,4.9631,5.2444,5.4104,5.4287,1.5066,1.8143,1.6661,1.5169,1.3677,1.2184,1.0691,0.9198,0.7704,0.6211,0.4718,0.3224
6.4143,6.1838,5.6532,5.148,4.6499,4.1671,3.6846,3.204,2.7234,2.243,1.8327,4.3997,3.7263,3.3288,3.2849,3.444,3.7977,4.1526,4.5098,4.8671,5.2247,5.5822,5.9398,6.2974,6.4143,6.4143,6.4143
6.3857,6.3857,6.3857,6.3857,6.3857,6.3857,6.3857,6.3857,6.3857,6.3857,6.3857,6.3857,6.3857,6.3857,6.3857,6.3857,6.3857,1.8245,2.2697,2.7968,3.324,3.8511,4.3782,4.9054,5.4325,5.9596,6.3857
2.3718,2.4332,2.5699,2.8049,3.0547,3.3363,3.6183,3.9039,4.1894,4.4753,3.5725,2.5988,1.6252,2.0442,2.0628,1.9953,1.845,1.6943,1.5426,1.3909,1.239,1.0872,0.9353,0.7835,0.6316,0.4798,0.3279
6.3294,6.3294,6.3294,6.3294,6.3294,6.3294,6.2302,5.9669,5.7035,5.4399,5.1762,4.5039,2.8165,1.0173,1.2866,1.3489,1.4875,1.6265,1.7664,1.9063,2.0464,2.1864,2.3265,2.4665,2.6066,2.7467,2.8867
3.9592,4.0617,4.2899,4.6822,5.0993,5.5693,6.0401,6.3015,6.3015,6.3015,6.3015,6.3015,6.3015,6.3015,6.3015,6.3015,6.3015,1.9328,2.5175,2.3218,2.0683,1.8149,1.5614,1.3079,1.0544,0.8009,0.5473
6.274,5.8262,5.3262,4.8502,4.381,3.9261,3.4715,3.0187,2.5659,2.1132,6.274,6.274,6.274,6.274,6.274,6.274,6.274,6.274,6.274,6.274,6.18,5.4226,4.6652,3.9078,3.1503,2.3929,1.6354
6.2466,6.2466,6.2466,6.2466,6.2466,6.2466,6.2466,6.2466,6.2466,6.2466,6.2466,5.9552,5.6354,5.4467,5.4258,1.067,1.8032,1.9717,2.1413,2.311,2.4807,2.6505,2.8203,2.9901,3.1599,3.3297,3.4995
2.1209,2.1758,2.298,2.5082,2.7316,2.9834,3.2356,3.491,3.7463,4.0019,4.2576,4.5133,4.769,4.92,1.5443,1.7842,1.6499,1.5151,1.3795,1.2438,1.108,0.9722,0.8364,0.7006,0.5648,0.429,0.2932
6.1927,6.1927,6.1927,6.1927,5.8269,5.222,4.6173,4.015,3.4128,2.8107,2.2087,1.6067,2.0965,1.8728,1.8481,1.9376,2.1366,2.3363,2.5373,2.7383,2.9395,3.1406,3.3418,3.543,3.7442,3.9454,4.1466
6.166,6.166,6.166,6.166,6.166,6.166,6.166,6.166,6.166,6.166,6.166,6.166,6.166,6.166,6.166,6.166,6.166,6.166,2.1325,2.6278,3.1231,3.6183,4.1136,4.6089,5.1041,5.5994,6.0947
3.1141,3.1947,3.3741,3.6827,4.0108,4.3805,4.6563,4.0489,3.4416,2.8345,2.2274,1.6203,2.4622,2.6839,2.7084,2.6197,2.4225,2.2246,2.0254,1.8262,1.6268,1.4275,1.2281,1.0287,0.8293,0.6299,0.4305
6.1134,6.1134,6.1134,6.1134,6.1134,6.1134,6.0416,5.7862,5.5309,5.2752,5.0194,4.7637,4.5079,4.3569,1.2477,1.3081,1.4424,1.5772,1.7129,1.8486,1.9844,2.1202,2.256,2.3919,2.5277,2.6635,2.7993
2.6733,2.7425,2.8965,3.1615,3.4431,3.7604,4.0783,4.4001,4.722,5.0442,5.3665,5.6888,6.0111,6.0875,6.0875,6.0875,1.8671,1.9097,1.7387,1.5677,1.3966,1.2254,1.0542,0.8831,0.7119,0.5407,0.3696
6.0617,5.8281,5.328,4.8519,4.3824,3.9274,3.4727,3.0197,2.5667,2.1139,1.7319,6.0617,6.0617,6.0617,6.0617,6.0617,6.0617,6.0617,6.0617,6.0617,6.0617,6.0617,6.0617,6.0617,6.0617,6.0617,6.0617
6.0362,6.0362,6.0362,6.0362,6.0362,6.0362,6.0362,6.0362,6.0362,6.0362,6.0362,6.0362,6.0362,6.0362,6.0362,6.0362,6.0362,1.948,2.5374,3.1267,3.6622,3.9128,4.1634,4.4141,4.6648,4.9154,5.1661
2.1886,2.2452,2.3713,2.5882,2.8188,3.0786,3.3388,3.6023,3.8658,4.1296,4.3934,4.6573,2.917,1.2481,1.9034,1.8411,1.7025,1.5634,1.4234,1.2834,1.1433,1.0032,0.8631,0.723,0.5828,0.4427,0.3026
5.9858,5.9858,5.9858,5.9858,5.9858,5.9858,5.9858,5.9858,5.4465,4.4857,3.5249,2.5642,1.6035,0.7277,1.4059,1.474,1.6254,1.7772,1.9301,2.083,2.2361,2.3891,2.5421,2.6952,2.8482,3.0013,3.1543
5.9609,5.9609,5.9609,5.9609,5.9609,5.9609,5.9609,5.9609,5.9609,5.9609,5.9609,5.9609,5.9609,5.9609,5.9609,5.9609,5.9609,1.7435,2.271,2.7985,3.2627,2.8629,2.463,2.0631,1.6632,1.2633,0.8634
5.492,5.6342,5.6973,5.1882,4.6862,4.1997,3.7134,3.229,2.7447,2.2605,1.7763,3.6803,4.3425,4.7334,4.7765,4.6201,4.2723,3.9233,3.572,3.2207,2.8691,2.5175,2.1658,1.8142,1.4626,1.1109,0.7593
5.9118,5.9118,5.9118,5.9118,5.9118,5.9118,5.9118,5.9118,5.9118,5.8035,5.5222,5.2408,4.9594,4.7933,4.775,1.4391,1.5869,1.7352,1.8845,2.0338,2.1832,2.3326,2.482,2.6314,2.7809,2.9303,3.0797
2.2234,2.2809,2.409,2.6294,2.8636,3.1275,3.3919,3.6596,3.9272,4.1952,4.4632,4.7313,4.9994,5.1576,5.1751,1.8704,1.7296,1.5883,1.4461,1.3039,1.1615,1.0192,0.8768,0.7344,0.5921,0.4497,0.3074
5.8634,5.8634,5.8634,5.5231,4.9887,4.4708,3.9531,3.4375,2.9218,2.4064,1.891,3.3544,2.841,2.5379,2.5045,2.6257,2.8954,3.166,3.4384,3.7108,3.9834,4.256,4.5286,4.8013,5.0739,5.3465,5.6192
5.8395,5.8395,5.8395,5.8395,5.8395,5.8395,5.8395,5.8395,5.8395,5.8395,5.8395,5.8395,5.8395,5.8395,5.8395,5.8395,5.8395,1.6831,2.1924,2.7016,3.2107,3.7199,4.2291,4.7383,5.2474,5.7566,5.8395
2.5838,2.6507,2.7996,3.0556,3.3278,3.6345,3.9418,4.2528,4.4361,3.6536,2.871,2.0885,1.306,2.2269,2.2472,2.1736,2.0099,1.8458,1.6805,1.5152,1.3498,1.1844,1.0189,0.8535,0.6881,0.5226,0.3572
5.7923,5.7923,5.7923,5.7923,5.7923,5.7923,5.7923,5.7923,5.5786,5.3207,5.0628,4.8048,4.5468,2.0307,1.2584,1.3194,1.4549,1.5908,1.7277,1.8646,2.0015,2.1385,2.2755,2.4125,2.5495,2.6865,2.8235
3.3085,3.3942,3.5848,3.9127,4.2612,4.654,5.0474,5.4457,5.769,5.769,5.769,5.769,5.769,5.769,5.769,5.769,1.609,2.1416,2.1519,1.9402,1.7284,1.5166,1.3048,1.0929,0.8811,0.6692,0.4574
5.7459,5.7459,5.2728,4.8016,4.337,3.8868,3.4367,2.9884,2.5401,2.092,1.644,5.7459,5.7459,5.7459,5.7459,5.7459,5.7459,5.7459,5.7459,5.7459,5.7459,5.7459,5.7459,5.7459,5.7459,5.7459,5.7459
5.723,5.723,5.723,5.723,5.723,5.723,5.723,5.723,5.723,5.723,5.723,5.723,5.723,5.723,5.723,0.9738,1.6247,2.2273,2.4189,2.6106,2.8024,2.9941,3.1859,3.3778,3.5696,3.7614,3.9532
2.1247,2.1797,2.3021,2.5127,2.7365,2.9887,3.2413,3.4971,3.7529,4.009,4.2651,4.5213,4.7774,4.9287,1.8479,1.7874,1.6528,1.5178,1.3819,1.246,1.1099,0.9739,0.8379,0.7018,0.5658,0.4298,0.2937
5.6776,5.6776,5.6776,5.6776,5.6776,5.6776,5.3348,4.6389,3.943,3.2475,2.5519,1.8564,1.1609,1.6543,1.6325,1.7116,1.8874,2.0637,2.2413,2.4188,2.5965,2.7742,2.9519,3.1296,3.3074,3.4851,3.6628
5.6552,5.6552,5.6552,5.6552,5.6552,5.6552,5.6552,5.6552,5.6552,5.6552,5.6552,5.6552,5.6552,5.6552,5.6552,5.6552,5.6552,1.6595,2.1616,2.6636,3.1657,3.6677,4.1697,4.6717,4.3828,3.329,2.2752
3.6967,3.7924,4.0054,4.3718,4.7612,4.7505,4.2004,3.6525,3.1046,2.5569,2.0093,1.4617,2.9229,3.186,3.2151,3.1098,2.8757,2.6408,2.4043,2.1679,1.9312,1.6945,1.4578,1.2211,0.9844,0.7477,0.5111
5.611,5.611,5.611,5.611,5.611,5.611,5.611,5.611,5.611,5.4112,5.1489,4.8865,4.6242,4.4693,0.6623,1.3418,1.4796,1.6179,1.7571,1.8963,2.0356,2.1749,2.3142,2.4535,2.5929,2.7322,2.8715
2.4559,2.5195,2.661,2.9044,3.1631,3.4546,3.7467,4.0423,4.338,4.634,4.9301,5.2261,5.5223,5.5891,5.5891,1.3499,1.9105,1.7544,1.5973,1.4402,1.283,1.1258,0.9685,0.8113,0.654,0.4968,0.3395
5.5674,5.5674,5.5327,5.0382,4.5508,4.0783,3.6061,3.1357,2.6653,2.1952,1.725,5.5674,4.7315,4.2268,4.1711,4.373,4.8222,5.2728,5.5674,5.5674,5.5674,5.5674,5.5674,5.5674,5.5674,5.5674,5.5674
5.5458,5.5458,5.5458,5.5458,5.5458,5.5458,5.5458,5.5458,5.5458,5.5458,5.5458,5.5458,5.5458,5.5458,5.5458,5.5458,5.5458,1.8188,2.3691,2.9193,3.4695,4.0197,4.57,5.1202,5.5458,5.5458,5.5458
2.3018,2.3614,2.4941,2.7222,2.9646,3.2379,3.5116,3.7887,4.0658,4.3433,4.3096,3.135,1.9604,1.9839,2.002,1.9364,1.7906,1.6444,1.4971,1.3499,1.2025,1.0551,0.9078,0.7604,0.613,0.4656,0.3182
5.5033,5.5033,5.5033,5.5033,5.5033,5.5033,5.5033,5.5033,5.5033,5.5033,4.8082,3.4977,2.1873,0.79,1.3321,1.3966,1.54,1.6839,1.8288,1.9736,2.1186,2.2636,2.4086,2.5537,2.6987,2.8437,2.9887
4.6129,4.7323,4.9981,5.4553,5.4822,5.4822,5.4822,5.4822,5.4822,5.4822,5.4822,5.4822,5.4822,5.4822,5.4822,5.4822,5.4822,1.8588,2.4211,2.7052,2.4098,2.1145,1.8191,1.5238,1.2284,0.9331,0.6377
5.4613,5.4613,5.4613,4.983,4.5009,4.0336,3.5665,3.1013,2.6361,2.1711,1.7061,5.4613,5.4613,5.4613,5.4613,5.4613,5.4613,5.4613,5.3445,4.8189,4.2928,3.7667,3.2406,2.7144,2.1883,1.6621,1.136
5.4406,5.4406,5.4406,5.4406,5.4406,5.4406,5.4406,5.4406,5.4406,5.4406,5.4406,5.4406,5.3652,5.1855,5.1656,1.2119,1.7167,1.8772,2.0386,2.2001,2.3618,2.5234,2.6851,2.8467,3.0084,3.17,3.3317
2.1629,2.2189,2.3435,2.5579,2.7857,3.0425,3.2997,3.5601,3.8205,4.0812,4.3419,4.6027,4.8635,5.0174,1.2505,1.8195,1.6825,1.5451,1.4068,1.2684,1.1299,0.9915,0.853,0.7145,0.576,0.4375,0.299
5.3996,5.3996,5.3996,5.3996,5.3996,4.9151,4.346,3.7791,3.2122,2.6456,2.0789,1.5427,2.3347,2.0857,2.0582,2.1578,2.3795,2.6018,2.8256,3.0495,3.2735,3.4976,3.7216,3.9457,4.1697,4.3938,4.6178
5.3794,5.3794,5.3794,5.3794,5.3794,5.3794,5.3794,5.3794,5.3794,5.3794,5.3794,5.3794,5.3794,5.3794,5.3794,5.3794,5.3794,1.6576,2.1591,2.6605,3.162,3.6634,4.1649,4.6663,5.1677,5.3794,5.3794
2.8925,2.9674,3.1341,3.4207,3.7254,4.0688,4.4128,4.4378,3.7721,3.1067,2.4413,1.7759,2.2871,2.493,2.5157,2.4333,2.2501,2.0663,1.8813,1.6963,1.5111,1.3259,1.1407,0.9555,0.7703,0.5851,0.3999
5.3393,5.3393,5.3393,5.3393,5.3393,5.3393,5.3393,5.3393,5.3393,5.3028,5.0457,4.7886,4.5315,4.3797,1.2542,1.3149,1.45,1.5855,1.7219,1.8583,1.9948,2.1313,2.2678,2.4044,2.5409,2.6774,2.814
2.8912,2.9661,3.1327,3.4192,3.7238,4.067,4.4108,4.7589,5.1069,5.3195,5.3195,5.3195,5.3195,5.3195,5.3195,5.3195,1.7071,2.0654,1.8805,1.6955,1.5104,1.3253,1.1402,0.9551,0.7699,0.5848,0.3997
5.2998,5.2998,5.2998,4.8421,4.3737,3.9196,3.4657,3.0137,2.5616,2.1097,1.6578,5.2998,5.2998,5.2998,5.2998,5.2998,5.2998,5.2998,5.2998,5.2998,5.2998,5.2998,5.2998,5.2998,5.2998,5.2998,5.2998
5.2803,5.2803,5.2803,5.2803,5.2803,5.2803,5.2803,5.2803,5.2803,5.2803,5.2803,5.2803,5.2803,5.2803,5.2803,5.2803,1.4524,2.0828,2.7129,3.0589,3.2836,3.5083,3.7331,3.9578,4.1825,4.4073,4.632
2.1681,2.2242,2.3492,2.564,2.7924,3.0498,3.3076,3.5686,3.8296,4.0909,4.3523,4.6137,4.3021,1.5538,1.8856,1.8239,1.6866,1.5488,1.4101,1.2714,1.1326,0.9938,0.855,0.7162,0.5774,0.4386,0.2997
5.2417,5.2417,5.2417,5.2417,5.2417,5.2417,5.2417,5.2417,4.7622,3.9221,3.082,2.242,1.402,1.5079,1.488,1.56,1.7203,1.881,2.0428,2.2047,2.3667,2.5286,2.6906,2.8526,3.0146,3.1766,3.3385
5.2226,5.2226,5.2226,5.2226,5.2226,5.2226,5.2226,5.2226,5.2226,5.2226,5.2226,5.2226,5.2226,5.2226,5.2226,5.2226,5.2226,1.714,2.2325,2.7511,3.2696,3.7639,3.2381,2.7124,2.1867,1.6609,1.1352
4.6404,4.7605,5.0279,5.2036,4.9147,4.4045,3.8945,3.3865,2.8785,2.3707,1.863,3.1096,3.6691,3.9994,4.0358,3.9037,3.6098,3.3149,3.0181,2.7213,2.4242,2.1271,1.83,1.5329,1.2358,0.9386,0.6415
5.1848,5.1848,5.1848,5.1848,5.1848,5.1848,5.1848,5.1848,5.1848,5.1848,5.1848,5.1104,4.836,4.674,0.6749,1.4033,1.5474,1.692,1.8376,1.9831,2.1288,2.2745,2.4202,2.5659,2.7116,2.8574,3.0031
2.3122,2.3721,2.5053,2.7345,2.978,3.2525,3.5275,3.8058,4.0842,4.3629,4.6416,4.9204,5.1661,5.1661,5.1661,1.7151,1.7987,1.6518,1.5039,1.356,1.2079,1.0599,0.9118,0.7638,0.6158,0.4677,0.3197
5.1476,5.1476,5.1476,5.1476,4.8222,4.3216,3.8212,3.3227,2.8243,2.3261,1.8279,3.9698,3.3622,3.0036,2.964,3.1075,3.4266,3.7468,4.0692,4.3915,4.7142,5.0368,5.1476,5.1476,5.1476,5.1476,5.1476
5.1292,5.1292,5.1292,5.1292,5.1292,5.1292,5.1292,5.1292,5.1292,5.1292,5.1292,5.1292,5.1292,5.1292,5.1292,5.1292,5.1292,1.7367,2.2621,2.7875,3.3128,3.8382,4.3635,4.8889,5.1292,5.1292,5.1292
2.4737,2.5377,2.6803,2.9255,3.186,3.4797,3.7738,4.0716,4.3695,4.1992,3.2998,2.4005,1.5011,2.132,2.1514,2.081,1.9243,1.7671,1.6089,1.4507,1.2923,1.1339,0.9755,0.8172,0.6588,0.5004,0.342
5.0927,5.0927,5.0927,5.0927,5.0927,5.0927,5.0927,5.0927,5.0927,5.0927,5.0927,4.9204,3.5184,1.2707,1.2887,1.3511,1.4899,1.6291,1.7693,1.9094,2.0497,2.19,2.3303,2.4706,2.6109,2.7511,2.8914
3.7195,3.8158,4.0301,4.3988,4.7905,5.0747,5.0747,5.0747,5.0747,5.0747,5.0747,5.0747,5.0747,5.0747,5.0747,5.0747,1.4499,2.0285,2.4192,2.1812,1.9431,1.705,1.4668,1.2287,0.9905,0.7524,0.5142
5.0568,5.0568,5.0568,4.8814,4.4091,3.9514,3.4938,3.0381,2.5824,2.1268,1.6713,5.0568,5.0568,5.0568,5.0568,5.0568,5.0568,5.0568,5.0568,5.0568,5.0568,5.0568,5.0568,5.0568,4.4563,3.3849,2.3134
5.039,5.039,5.039,5.039,5.039,5.039,5.039,5.039,5.039,5.039,5.039,5.039,5.039,5.039,5.039,1.0155,1.7948,2.0839,2.2631,2.4424,2.6219,2.8013,2.9808,3.1602,3.3397,3.5191,3.6986
2.1445,2.2,2.3236,2.5361,2.762,3.0166,3.2716,3.5298,3.788,4.0465,4.305,4.5636,4.8221,4.9748,1.8651,1.8041,1.6682,1.532,1.3948,1.2576,1.1203,0.983,0.8457,0.7084,0.5711,0.4338,0.2965
5.0038,5.0038,5.0038,5.0038,5.0038,5.0038,4.9194,4.2777,3.6361,2.9946,2.3532,1.7119,1.1352,1.8013,1.7775,1.8636,2.055,2.2471,2.4404,2.6337,2.8272,3.0207,3.2142,3.4077,3.6012,3.7947,3.9882
4.9864,4.9864,4.9864,4.9864,4.9864,4.9864,4.9864,4.9864,4.9864,4.9864,4.9864,4.9864,4.9864,4.9864,4.9864,4.9864,4.9864,1.663,2.1662,2.6693,3.1724,3.6755,4.1786,4.6817,4.9864,4.9864,4.9864
3.3495,3.4362,3.6292,3.9612,4.314,4.7116,4.5178,3.9285,3.3392,2.7501,2.1611,1.5721,2.6484,2.8868,2.9131,2.8177,2.6056,2.3928,2.1785,1.9643,1.7498,1.5354,1.3209,1.1064,0.892,0.6775,0.4631
4.952,4.952,4.952,4.952,4.952,4.952,4.952,4.952,4.952,4.952,4.952,4.8614,4.6003,4.4463,1.0749,1.3349,1.472,1.6096,1.748,1.8865,2.0251,2.1637,2.3023,2.4409,2.5795,2.7181,2.8567
2.6133,2.6809,2.8315,3.0905,3.3658,3.676,3.9867,4.3014,4.616,4.9309,4.9349,4.9349,4.9349,4.9349,4.9349,4.9349,2.0317,1.8668,1.6997,1.5325,1.3652,1.1979,1.0306,0.8633,0.6959,0.5286,0.3613
4.918,4.918,4.918,4.918,4.4934,4.0269,3.5606,3.0962,2.6317,2.1675,1.7032,4.918,4.918,4.918,4.918,4.918,4.918,4.918,4.918,4.918,4.918,4.918,4.918,4.918,4.918,4.918,4.918
4.9012,4.9012,4.9012,4.9012,4.9012,4.9012,4.9012,4.9012,4.9012,4.9012,4.9012,4.9012,4.9012,4.9012,4.9012,4.9012,1.4003,1.9169,2.4969,3.0768,3.6567,4.2366,4.5975,4.8743,4.9012,4.9012,4.9012
2.2549,2.3133,2.4433,2.6667,2.9042,3.172,3.4401,3.7115,3.983,4.2548,4.5266,3.9724,2.4841,1.9434,1.9612,1.897,1.7541,1.6109,1.4666,1.3224,1.178,1.0336,0.8893,0.7449,0.6005,0.4561,0.3117
4.8679,4.8679,4.8679,4.8679,4.8679,4.8679,4.8679,4.8679,4.8679,4.8679,3.9697,2.8878,1.8058,0.7204,1.3917,1.4591,1.609,1.7593,1.9107,2.062,2.2135,2.365,2.5165,2.668,2.8195,2.971,3.1225
4.8514,4.8514,4.8514,4.8514,4.8514,4.8514,4.8514,4.8514,4.8514,4.8514,4.8514,4.8514,4.8514,4.8514,4.8514,4.8514,4.8514,1.8056,2.3519,2.8981,2.9045,2.5485,2.1926,1.8366,1.4806,1.1246,0.7686
4.8351,4.8351,4.8351,4.8351,4.6644,4.1802,3.6961,3.214,2.7319,2.25,1.7681,1.3815,4.8351,4.8351,4.8351,4.8351,4.8351,4.5446,4.1377,3.7307,3.3234,2.9161,2.5088,2.1015,1.6941,1.2868,0.8795
4.8188,4.8188,4.8188,4.8188,4.8188,4.8188,4.8188,4.8188,4.8188,4.8188,4.8188,4.8188,4.8188,4.8188,4.8188,1.4117,1.6525,1.8069,1.9623,2.1178,2.2734,2.4289,2.5845,2.7401,2.8957,3.0513,3.2069
2.2244,2.2819,2.4101,2.6306,2.8649,3.129,3.3934,3.6612,3.929,4.1971,4.4653,4.7335,4.8027,4.8027,4.8027,1.8712,1.7303,1.589,1.4467,1.3044,1.162,1.0196,0.8772,0.7348,0.5924,0.4499,0.3075
4.7866,4.7866,4.7866,4.7866,4.7866,4.6833,4.141,3.6009,3.0607,2.5208,1.9809,1.441,2.6524,2.3694,2.3382,2.4514,2.7032,2.9558,3.2101,3.4644,3.7189,3.9734,4.228,4.4825,4.737,4.7866,4.7866
4.7707,4.7707,4.7707,4.7707,4.7707,4.7707,4.7707,4.7707,4.7707,4.7707,4.7707,4.7707,4.7707,4.7707,4.7707,4.7707,4.7707,1.6921,2.2041,2.716,3.2279,3.7398,4.2517,4.7636,4.7707,4.7707,4.7707
2.7246,2.7951,2.9521,3.2221,3.5091,3.8326,4.1566,4.4846,4.2028,3.4614,2.72,1.9787,1.3585,2.3482,2.3696,2.2921,2.1195,1.9464,1.7721,1.5978,1.4234,1.2489,1.0745,0.9,0.7256,0.5511,0.3767
4.7392,4.7392,4.7392,4.7392,4.7392,4.7392,4.7392,4.7392,4.7392,4.7392,4.7392,4.7392,4.5927,3.3395,1.2711,1.3327,1.4696,1.6069,1.7451,1.8834,2.0217,2.1601,2.2985,2.4368,2.5752,2.7136,2.852
3.1709,3.253,3.4358,3.75,4.084,4.4605,4.7236,4.7236,4.7236,4.7236,4.7236,4.7236,4.7236,4.7236,4.7236,4.7236,1.5866,2.2652,2.0624,1.8595,1.6565,1.4535,1.2505,1.0475,0.8444,0.6414,0.4384
4.708,4.708,4.708,4.708,4.4011,3.9442,3.4875,3.0326,2.5777,2.1229,1.6683,4.708,4.708,4.708,4.708,4.708,4.708,4.708,4.708,4.708,4.708,4.708,4.708,4.708,4.708,4.708,4.708
4.6926,4.6926,4.6926,4.6926,4.6926,4.6926,4.6926,4.6926,4.6926,4.6926,4.6926,4.6926,4.6926,4.6926,4.6926,4.6926,1.572,2.2543,2.5926,2.798,3.0036,3.2091,3.4147,3.6203,3.8259,4.0314,4.237
2.166,2.2221,2.3469,2.5615,2.7897,3.0469,3.3044,3.5652,3.8259,4.087,4.3481,4.6093,4.6773,2.9546,1.8838,1.8221,1.6849,1.5473,1.4088,1.2702,1.1315,0.9929,0.8542,0.7155,0.5768,0.4381,0.2994
4.6621,4.6621,4.6621,4.6621,4.6621,4.6621,4.6621,4.6621,4.2708,3.5174,2.764,2.0107,1.2574,1.6136,1.5923,1.6694,1.8408,2.0129,2.186,2.3592,2.5325,2.7058,2.8792,3.0525,3.2259,3.3992,3.5725
4.647,4.647,4.647,4.647,4.647,4.647,4.647,4.647,4.647,4.647,4.647,4.647,4.647,4.647,4.647,4.647,4.647,1.6997,2.2139,2.7282,3.2423,3.7565,4.2707,3.971,3.2013,2.4316,1.6619
4.0567,4.1617,4.3955,4.632,4.632,4.632,4.1257,3.5875,3.0494,2.5115,1.9735,1.4357,3.2076,3.4963,3.5282,3.4127,3.1557,2.898,2.6385,2.379,2.1192,1.8595,1.5998,1.3401,1.0803,0.8206,0.5608
4.6171,4.6171,4.6171,4.6171,4.6171,4.6171,4.6171,4.6171,4.6171,4.6171,4.6171,4.6171,4.6171,4.5995,0.6642,1.3809,1.5227,1.665,1.8083,1.9515,2.0949,2.2383,2.3817,2.525,2.6684,2.8118,2.9552
2.4273,2.4901,2.63,2.8706,3.1263,3.4144,3.703,3.9953,4.2875,4.5801,4.6022,4.6022,4.6022,4.6022,4.6022,1.448,1.8882,1.734,1.5787,1.4235,1.2681,1.1127,0.9572,0.8018,0.6464,0.491,0.3356
4.5875,4.5875,4.5875,4.5875,4.5875,4.2182,3.7298,3.2433,2.7568,2.2704,1.7842,1.3107,4.1414,3.6996,3.6508,3.8275,4.2207,4.5875,4.5875,4.5875,4.5875,4.5875,4.5875,4.5875,4.5875,4.5875,4.5875
4.5729,4.5729,4.5729,4.5729,4.5729,4.5729,4.5729,4.5729,4.5729,4.5729,4.5729,4.5729,4.5729,4.5729,4.5729,4.5729,1.3065,1.8079,2.3548,2.9018,3.4487,3.9956,4.5425,4.5729,4.5729,4.5729,4.5729
2.3934,2.4554,2.5933,2.8305,3.0826,3.3668,3.6514,3.9395,4.2276,4.5161,3.9036,2.8396,1.7758,2.0628,2.0816,2.0135,1.8619,1.7098,1.5567,1.4036,1.2504,1.0971,0.9439,0.7906,0.6374,0.4841,0.3309
4.5439,4.5439,4.5439,4.5439,4.5439,4.5439,4.5439,4.5439,4.5439,4.5439,4.5439,4.141,2.5896,0.9353,1.3311,1.3955,1.5389,1.6826,1.8274,1.9722,2.1171,2.262,2.4069,2.5518,2.6967,2.8416,2.9865
4.2753,4.386,4.5295,4.5295,4.5295,4.5295,4.5295,4.5295,4.5295,4.5295,4.5295,4.5295,4.5295,4.5295,4.5295,4.5295,1.3555,1.9438,2.5319,2.5072,2.2335,1.9598,1.686,1.4123,1.1385,0.8648,0.5911
4.5153,4.5153,4.5153,4.5153,4.5153,4.0507,3.5817,3.1145,2.6473,2.1803,1.7133,1.2901,4.5153,4.5153,4.5153,4.5153,4.5153,4.5153,4.5153,4.5153,4.5153,4.5153,4.0759,3.4141,2.7524,2.0906,1.4288
4.5011,4.5011,4.5011,4.5011,4.5011,4.5011,4.5011,4.5011,4.5011,4.5011,4.5011,4.5011,4.5011,4.5011,4.5011,1.1421,1.8066,1.9754,2.1454,2.3153,2.4854,2.6555,2.8256,2.9958,3.1659,3.336,3.5061
2.1825,2.239,2.3648,2.5811,2.811,3.0701,3.3296,3.5923,3.8551,4.1181,4.3812,4.487,4.487,4.487,1.2618,1.836,1.6978,1.5591,1.4195,1.2799,1.1402,1.0004,0.8607,0.721,0.5812,0.4415,0.3017
4.473,4.473,4.473,4.473,4.473,4.473,4.473,4.0052,3.4044,2.8038,2.2033,1.6028,2.2288,1.991,1.9648,2.0599,2.2715,2.4838,2.6974,2.9111,3.125,3.3389,3.5528,3.7667,3.9806,4.1944,4.4083
4.4591,4.4591,4.4591,4.4591,4.4591,4.4591,4.4591,4.4591,4.4591,4.4591,4.4591,4.4591,4.4591,4.4591,4.4591,4.4591,1.274,1.6804,2.1888,2.6972,3.2055,3.7139,4.2222,4.4591,4.4591,4.4591,4.4591
3.0906,3.1706,3.3487,3.6549,3.9805,4.3474,4.4453,4.2807,3.6385,2.9967,2.3548,1.713,2.4437,2.6636,2.6879,2.5999,2.4042,2.2078,2.0101,1.8124,1.6145,1.4167,1.2188,1.0209,0.823,0.6251,0.4273
4.4315,4.4315,4.4315,4.4315,4.4315,4.4315,4.4315,4.4315,4.4315,4.4315,4.4315,4.4315,4.4315,4.4315,1.2773,1.3392,1.4767,1.6147,1.7536,1.8926,2.0316,2.1707,2.3097,2.4488,2.5878,2.7269,2.8659
2.8131,2.8859,3.048,3.3268,3.6231,3.9571,4.2916,4.4179,4.4179,4.4179,4.4179,4.4179,4.4179,4.4179,4.4179,4.4179,1.8416,2.0096,1.8296,1.6497,1.4696,1.2895,1.1094,0.9293,0.7491,0.569,0.3889
4.4043,4.4043,4.4043,4.4043,4.4043,4.0105,3.5461,3.0835,2.621,2.1586,1.6963,1.2584,4.4043,4.4043,4.4043,4.4043,4.4043,4.4043,4.4043,4.4043,4.4043,4.4043,4.4043,4.4043,4.4043,4.4043,4.4043
4.3908,4.3908,4.3908,4.3908,4.3908,4.3908,4.3908,4.3908,4.3908,4.3908,4.3908,4.3908,4.3908,4.3908,4.3908,4.3908,1.4237,2.0417,2.6593,3.277,3.5841,3.8294,4.0747,4.32,4.3908,4.3908,4.3908
2.2289,2.2866,2.415,2.6359,2.8707,3.1353,3.4003,3.6687,3.937,4.2056,4.3774,4.3774,3.4023,1.2507,1.9385,1.875,1.7339,1.5922,1.4497,1.3071,1.1644,1.0217,0.879,0.7363,0.5936,0.4508,0.3081
4.3641,4.3641,4.3641,4.3641,4.3641,4.3641,4.3641,4.3641,4.3641,4.3454,3.4147,2.484,1.5534,0.76,1.4682,1.5393,1.6974,1.856,2.0157,2.1754,2.3352,2.495,2.6549,2.8147,2.9745,3.1344,3.2942
4.3508,4.3508,4.3508,4.3508,4.3508,4.3508,4.3508,4.3508,4.3508,4.3508,4.3508,4.3508,4.3508,4.3508,4.3508,4.3508,1.2431,1.7707,2.3064,2.8421,3.3777,3.2231,2.7729,2.3227,1.8725,1.4223,0.9721
4.3377,4.3377,4.3377,4.3377,4.3377,4.3377,3.8656,3.3614,2.8572,2.3532,1.8491,1.3452,4.1474,4.3377,4.3377,4.3377,4.0803,3.747,3.4115,3.076,2.7402,2.4044,2.0685,1.7327,1.3968,1.061,0.7251
4.3246,4.3246,4.3246,4.3246,4.3246,4.3246,4.3246,4.3246,4.3246,4.3246,4.3246,4.3246,4.3246,4.3246,4.3246,1.4572,1.6068,1.757,1.9081,2.0593,2.2106,2.3619,2.5132,2.6645,2.8158,2.9671,3.1184
2.3076,2.3674,2.5004,2.7291,2.9721,3.2461,3.5205,3.7983,4.0761,4.3116,4.3116,4.3116,4.3116,4.3116,4.3116,1.9413,1.7951,1.6485,1.5009,1.3533,1.2055,1.0578,0.91,0.7623,0.6145,0.4668,0.319
4.2987,4.2987,4.2987,4.2987,4.2987,4.2987,3.9899,3.4694,2.949,2.4288,1.9086,1.3884,3.0895,2.7599,2.7235,2.8553,3.1486,3.4429,3.739,4.0352,4.2987,4.2987,4.2987,4.2987,4.2987,4.2987,4.2987
4.2858,4.2858,4.2858,4.2858,4.2858,4.2858,4.2858,4.2858,4.2858,4.2858,4.2858,4.2858,4.2858,4.2858,4.2858,4.2858,1.2245,1.7421,2.2692,2.7962,3.3232,3.8502,4.2858,4.2858,4.2858,4.2858,4.2858
2.5985,2.6657,2.8155,3.073,3.3467,3.6552,3.9642,4.273,4.273,3.9335,3.091,2.2486,1.4061,2.2395,2.2599,2.186,2.0214,1.8563,1.6901,1.5238,1.3575,1.1911,1.0247,0.8584,0.692,0.5256,0.3592
4.2603,4.2603,4.2603,4.2603,4.2603,4.2603,4.2603,4.2603,4.2603,4.2603,4.2603,4.2603,4.2603,1.6892,1.2991,1.362,1.5019,1.6422,1.7835,1.9248,2.0662,2.2076,2.349,2.4904,2.6318,2.7733,2.9147
3.5349,3.6264,3.8301,4.1804,4.2477,4.2477,4.2477,4.2477,4.2477,4.2477,4.2477,4.2477,4.2477,4.2477,4.2477,4.2477,1.4958,2.145,2.2991,2.073,1.8467,1.6204,1.394,1.1677,0.9414,0.715,0.4887
4.2352,4.2352,4.2352,4.2352,4.2352,4.0019,3.5385,3.077,2.6154,2.154,1.6927,1.2313,4.2352,4.2352,4.2352,4.2352,4.2352,4.2352,4.2352,4.2352,4.2352,4.2352,4.2352,4.2352,4.2352,4.2352,3.9065
4.2227,4.2227,4.2227,4.2227,4.2227,4.2227,4.2227,4.2227,4.2227,4.2227,4.2227,4.2227,4.2227,4.2227,4.2227,0.9762,1.7253,2.2204,2.4114,2.6025,2.7936,2.9848,3.176,3.3673,3.5585,3.7497,3.9409
2.182,2.2385,2.3643,2.5805,2.8104,3.0694,3.3289,3.5916,3.8543,4.1173,4.2103,4.2103,4.2103,4.2103,1.8978,1.8356,1.6974,1.5588,1.4192,1.2796,1.1399,1.0002,0.8605,0.7208,0.5811,0.4414,0.3017
4.198,4.198,4.198,4.198,4.198,4.198,4.198,4.198,3.9087,3.2192,2.5297,1.8402,1.1508,1.7479,1.7249,1.8084,1.9941,2.1805,2.3681,2.5557,2.7434,2.9312,3.1189,3.3067,3.4945,3.6823,3.87
4.1857,4.1857,4.1857,4.1857,4.1857,4.1857,4.1857,4.1857,4.1857,4.1857,4.1857,4.1857,4.1857,4.1857,4.1857,4.1857,1.1959,1.7,2.2143,2.7286,3.2429,3.7571,4.1857,4.1857,4.1857,4.1857,3.0903
3.6391,3.7334,3.9431,4.1735,4.1735,4.1735,4.1735,3.8426,3.2662,2.69,2.1139,1.5377,2.8774,3.1365,3.165,3.0614,2.8309,2.5997,2.3669,2.1341,1.9011,1.6681,1.4351,1.2021,0.9691,0.7361,0.5031
4.1614,4.1614,4.1614,4.1614,4.1614,4.1614,4.1614,4.1614,4.1614,4.1614,4.1614,4.1614,4.1614,4.1614,0.7953,1.3709,1.5118,1.653,1.7952,1.9374,2.0798,2.2221,2.3645,2.5068,2.6492,2.7915,2.9339
2.574,2.6406,2.789,3.0441,3.3152,3.6208,3.9269,4.1493,4.1493,4.1493,4.1493,4.1493,4.1493,4.1493,4.1493,1.2657,2.0023,1.8388,1.6742,1.5095,1.3447,1.1799,1.0151,0.8503,0.6855,0.5207,0.3558
4.1374,4.1374,4.1374,4.1374,4.1374,4.1374,3.6744,3.1951,2.7158,2.2367,1.7577,1.2786,4.1374,4.1374,4.1374,4.1374,4.1374,4.1374,4.1374,4.1374,4.1374,4.1374,4.1374,4.1374,4.1374,4.1374,4.1374
4.1255,4.1255,4.1255,4.1255,4.1255,4.1255,4.1255,4.1255,4.1255,4.1255,4.1255,4.1255,4.1255,4.1255,4.1255,4.1255,1.3248,1.8999,2.4747,3.0495,3.6242,4.1255,4.1255,4.1255,4.1255,4.1255,4.1255
2.3387,2.3992,2.534,2.7658,3.0121,3.2898,3.5679,3.8494,4.1136,4.1136,4.1136,3.4937,2.1848,2.0156,2.034,1.9674,1.8193,1.6707,1.5211,1.3715,1.2218,1.072,0.9223,0.7725,0.6228,0.4731,0.3233
4.1019,4.1019,4.1019,4.1019,4.1019,4.1019,4.1019,4.1019,4.1019,4.1019,4.1019,3.3135,2.0721,0.7484,1.3872,1.4544,1.6037,1.7536,1.9045,2.0553,2.2063,2.3573,2.5083,2.6593,2.8104,2.9614,3.1124
4.0902,4.0902,4.0902,4.0902,4.0902,4.0902,4.0902,4.0902,4.0902,4.0902,4.0902,4.0902,4.0902,4.0902,4.0902,4.0902,1.3128,1.8827,2.4523,2.9651,2.6414,2.3177,1.9939,1.6702,1.3465,1.0227,0.699
4.0785,4.0785,4.0785,4.0785,4.0785,4.0785,3.7036,3.2205,2.7374,2.2545,1.7716,1.2888,4.0785,4.0785,4.0785,4.0785,4.0785,4.0785,4.0785,4.0785,3.9543,3.4697,2.9851,2.5004,2.0158,1.5311,1.0464
4.067,4.067,4.067,4.067,4.067,4.067,4.067,4.067,4.067,4.067,4.067,4.067,4.067,4.067,4.067,1.3131,1.7329,1.8949,2.0579,2.2209,2.3841,2.5472,2.7104,2.8736,3.0368,3.1999,3.3631
2.24,2.298,2.427,2.649,2.885,3.1509,3.4172,3.6869,3.9566,4.0554,4.0554,4.0554,4.0554,4.0554,1.1587,1.8844,1.7425,1.6002,1.4569,1.3136,1.1702,1.0268,0.8834,0.7399,0.5965,0.4531,0.3097
4.044,4.044,4.044,4.044,4.044,4.044,4.044,3.8003,3.2302,2.6604,2.0906,1.5208,2.5079,2.2404,2.2108,2.3179,2.556,2.7948,3.0352,3.2757,3.5163,3.757,3.9977,4.044,4.044,4.044,4.044
4.0326,4.0326,4.0326,4.0326,4.0326,4.0326,4.0326,4.0326,4.0326,4.0326,4.0326,4.0326,4.0326,4.0326,4.0326,4.0326,1.1939,1.7122,2.2302,2.7482,3.2661,3.7841,4.0326,4.0326,4.0326,4.0326,4.0326
2.896,2.971,3.1379,3.4249,3.7299,4.0213,4.0213,4.0213,4.0213,3.3147,2.6048,1.8948,1.1849,2.496,2.5187,2.4363,2.2528,2.0688,1.8836,1.6983,1.5129,1.3275,1.1421,0.9567,0.7712,0.5858,0.4004
4.0101,4.0101,4.0101,4.0101,4.0101,4.0101,4.0101,4.0101,4.0101,4.0101,4.0101,4.0101,4.0101,4.0101,1.2922,1.3548,1.4939,1.6335,1.774,1.9146,2.0552,2.1959,2.3366,2.4772,2.6179,2.7586,2.8993
3.0679,3.1473,3.3241,3.6282,3.9513,3.9989,3.9989,3.9989,3.9989,3.9989,3.9989,3.9989,3.9989,3.9989,3.9989,3.9989,1.7004,2.1916,1.9954,1.7991,1.6027,1.4063,1.2099,1.0134,0.817,0.6206,0.4241
3.9878,3.9878,3.9878,3.9878,3.9878,3.9878,3.5617,3.0971,2.6325,2.1681,1.7038,1.2394,3.9878,3.9878,3.9878,3.9878,3.9878,3.9878,3.9878,3.9878,3.9878,3.9878,3.9878,3.9878,3.9878,3.9878,3.9878
3.9767,3.9767,3.9767,3.9767,3.9767,3.9767,3.9767,3.9767,3.9767,3.9767,3.9767,3.9767,3.9767,3.9767,3.9767,3.9767,1.534,2.1999,2.8056,3.0278,3.2503,3.4727,3.6952,3.9176,3.9767,3.9767,3.9767
2.2224,2.2799,2.408,2.6282,2.8623,3.1262,3.3904,3.658,3.9255,3.9657,3.9657,3.9657,3.9657,1.9485,1.9329,1.8696,1.7288,1.5876,1.4455,1.3033,1.161,1.0187,0.8764,0.7341,0.5918,0.4495,0.3072
3.9548,3.9548,3.9548,3.9548,3.9548,3.9548,3.9548,3.9548,3.9548,3.8518,3.0268,2.2019,1.3769,1.5863,1.5654,1.6412,1.8098,1.9789,2.1491,2.3194,2.4898,2.6602,2.8306,3.001,3.1714,3.3418,3.5122
3.9439,3.9439,3.9439,3.9439,3.9439,3.9439,3.9439,3.9439,3.9439,3.9439,3.9439,3.9439,3.9439,3.9439,3.9439,3.9439,1.2219,1.7523,2.2824,2.8125,3.3426,3.8727,3.782,3.168,2.5539,1.9399,1.3258
3.9331,3.9331,3.9331,3.9331,3.9331,3.9331,3.9331,3.5501,3.0176,2.4853,1.953,1.4207,3.5662,3.8872,3.9227,3.7943,3.5086,3.222,2.9335,2.645,2.3562,2.0675,1.7787,1.4899,1.2011,0.9123,0.6235
3.9223,3.9223,3.9223,3.9223,3.9223,3.9223,3.9223,3.9223,3.9223,3.9223,3.9223,3.9223,3.9223,3.9223,0.6881,1.4306,1.5776,1.725,1.8734,2.0218,2.1703,2.3188,2.4674,2.6159,2.7645,2.913,3.0616
2.4162,2.4788,2.618,2.8575,3.112,3.3989,3.6861,3.9116,3.9116,3.9116,3.9116,3.9116,3.9116,3.9116,3.9116,1.643,1.8796,1.7261,1.5715,1.417,1.2623,1.1076,0.9529,0.7982,0.6435,0.4887,0.334
3.901,3.901,3.901,3.901,3.901,3.901,3.8841,3.3774,2.8708,2.3644,1.858,1.3516,3.7188,3.3221,3.2783,3.437,3.79,3.901,3.901,3.901,3.901,3.901,3.901,3.901,3.901,3.901,3.901
3.8904,3.8904,3.8904,3.8904,3.8904,3.8904,3.8904,3.8904,3.8904,3.8904,3.8904,3.8904,3.8904,3.8904,3.8904,3.8904,1.2618,1.8095,2.3569,2.9043,3.4517,3.8904,3.8904,3.8904,3.8904,3.8904,3.8904
2.5063,2.5712,2.7156,2.964,3.228,3.5256,3.8236,3.8798,3.8798,3.8798,3.6005,2.6192,1.6379,2.1601,2.1798,2.1084,1.9497,1.7904,1.6301,1.4698,1.3093,1.1489,0.9884,0.8279,0.6674,0.507,0.3465
3.8694,3.8694,3.8694,3.8694,3.8694,3.8694,3.8694,3.8694,3.8694,3.8694,3.8694,3.8694,3.1734,1.1461,1.3391,1.4039,1.5481,1.6927,1.8384,1.984,2.1298,2.2755,2.4213,2.5671,2.7128,2.8586,3.0044
3.859,3.859,3.859,3.859,3.859,3.859,3.859,3.859,3.859,3.859,3.859,3.859,3.859,3.859,3.859,3.859,1.428,2.0478,2.6138,2.3568,2.0995,1.8422,1.5849,1.3275,1.0702,0.8129,0.5556
3.8486,3.8486,3.8486,3.8486,3.8486,3.8486,3.6207,3.1485,2.6762,2.2041,1.732,1.2599,3.8486,3.8486,3.8486,3.8486,3.8486,3.8486,3.8486,3.8486,3.8486,3.8486,3.8486,3.8486,3.695,2.8066,1.9182
3.8383,3.8383,3.8383,3.8383,3.8383,3.8383,3.8383,3.8383,3.8383,3.8383,3.8383,3.8383,3.8383,3.8383,3.8383,1.089,1.9161,2.0952,2.2754,2.4557,2.6361,2.8165,2.9969,3.1774,3.3578,3.5382,3.7187
2.2167,2.2741,2.4019,2.6216,2.855,3.1182,3.3818,3.6487,3.828,3.828,3.828,3.828,3.828,3.828,1.9279,1.8648,1.7244,1.5836,1.4418,1.3,1.158,1.0161,0.8742,0.7323,0.5903,0.4484,0.3065
3.8178,3.8178,3.8178,3.8178,3.8178,3.8178,3.8178,3.8178,3.6385,2.9966,2.3548,1.713,1.0908,1.92,1.8947,1.9865,2.1905,2.3952,2.6013,2.8073,3.0136,3.2198,3.4261,3.6323,3.8178,3.8178,3.8178
3.8077,3.8077,3.8077,3.8077,3.8077,3.8077,3.8077,3.8077,3.8077,3.8077,3.8077,3.8077,3.8077,3.8077,3.8077,3.8077,1.1957,1.7147,2.2335,2.7522,3.2709,3.7897,3.8077,3.8077,3.8077,3.8077,3.8077
3.3328,3.419,3.6111,3.7976,3.7976,3.7976,3.7976,3.7976,3.5416,2.9169,2.2921,1.6674,1.085,2.8724,2.8986,2.8037,2.5926,2.3808,2.1676,1.9544,1.7411,1.5277,1.3143,1.1009,0.8875,0.6741,0.4607
3.7876,3.7876,3.7876,3.7876,3.7876,3.7876,3.7876,3.7876,3.7876,3.7876,3.7876,3.7876,3.7876,3.7876,1.3095,1.3729,1.5139,1.6553,1.7977,1.9402,2.0827,2.2252,2.3678,2.5103,2.6529,2.7954,2.938
2.76,2.8314,2.9905,3.264,3.5547,3.7776,3.7776,3.7776,3.7776,3.7776,3.7776,3.7776,3.7776,3.7776,3.7776,1.1358,2.0074,1.9716,1.7951,1.6185,1.4418,1.2651,1.0884,0.9117,0.735,0.5583,0.3816
3.7677,3.7677,3.7677,3.7677,3.7677,3.7677,3.6523,3.1759,2.6995,2.2233,1.7471,1.2709,3.7677,3.7677,3.7677,3.7677,3.7677,3.7677,3.7677,3.7677,3.7677,3.7677,3.7677,3.7677,3.7677,3.7677,3.7677
3.7578,3.7578,3.7578,3.7578,3.7578,3.7578,3.7578,3.7578,3.7578,3.7578,3.7578,3.7578,3.7578,3.7578,3.7578,3.7578,1.4065,2.017,2.6272,3.2374,3.7578,3.7578,3.7578,3.7578,3.7578,3.7578,3.7578
2.3068,2.3665,2.4994,2.728,2.971,3.2449,3.5192,3.748,3.748,3.748,3.748,3.748,2.8483,1.0708,2.0063,1.9406,1.7945,1.6479,1.5003,1.3528,1.2051,1.0574,0.9097,0.762,0.6143,0.4666,0.3189
3.7382,3.7382,3.7382,3.7382,3.7382,3.7382,3.7382,3.7382,3.7382,3.7382,3.7382,2.7931,1.7467,0.7555,1.4595,1.5302,1.6874,1.845,2.0038,2.1625,2.3214,2.4802,2.6391,2.798,2.9569,3.1158,3.2747
3.7285,3.7285,3.7285,3.7285,3.7285,3.7285,3.7285,3.7285,3.7285,3.7285,3.7285,3.7285,3.7285,3.7285,3.7285,3.7285,1.2843,1.8418,2.3991,2.9563,3.2466,2.8487,2.4508,2.0529,1.655,1.2571,0.8592
3.7188,3.7188,3.7188,3.7188,3.7188,3.7188,3.7188,3.3604,2.8563,2.3524,1.8486,1.3448,3.7188,3.7188,3.7188,3.7188,3.7188,3.7188,3.7188,3.5446,3.1576,2.7706,2.3836,1.9966,1.6096,1.2226,0.8356
3.7092,3.7092,3.7092,3.7092,3.7092,3.7092,3.7092,3.7092,3.7092,3.7092,3.7092,3.7092,3.7092,3.7092,3.7092,1.5239,1.6804,1.8374,1.9955,2.1536,2.3118,2.47,2.6282,2.7865,2.9447,3.1029,3.2612
2.3191,2.3791,2.5128,2.7426,2.9869,3.2622,3.538,3.6996,3.6996,3.6996,3.6996,3.6996,3.6996,3.6996,3.6996,1.9509,1.8041,1.6567,1.5084,1.36,1.2115,1.0631,0.9146,0.7661,0.6176,0.4691,0.3206
3.6901,3.6901,3.6901,3.6901,3.6901,3.6901,3.6901,3.6493,3.1019,2.5547,2.0075,1.4604,2.8842,2.5765,2.5426,2.6657,2.9395,3.2142,3.4907,3.6901,3.6901,3.6901,3.6901,3.6901,3.6901,3.6901,3.6901
3.6806,3.6806,3.6806,3.6806,3.6806,3.6806,3.6806,3.6806,3.6806,3.6806,3.6806,3.6806,3.6806,3.6806,3.6806,3.6806,1.2269,1.7595,2.2918,2.8241,3.3564,3.6806,3.6806,3.6806,3.6806,3.6806,3.6806
2.7507,2.8219,2.9804,3.253,3.5428,3.6712,3.6712,3.6712,3.6712,3.6712,2.9328,2.1335,1.3341,2.3707,2.3924,2.314,2.1398,1.965,1.7891,1.6131,1.437,1.2609,1.0848,0.9087,0.7325,0.5564,0.3803
3.6618,3.6618,3.6618,3.6618,3.6618,3.6618,3.6618,3.6618,3.6618,3.6618,3.6618,3.6618,3.6618,2.4965,1.3183,1.3822,1.5241,1.6665,1.8099,1.9533,2.0968,2.2403,2.3838,2.5273,2.6708,2.8144,2.9579
3.3963,3.4843,3.6525,3.6525,3.6525,3.6525,3.6525,3.6525,3.6525,3.6525,3.6525,3.6525,3.6525,3.6525,3.6525,1.0436,1.5948,2.2871,2.209,1.9917,1.7743,1.5569,1.3394,1.1219,0.9045,0.687,0.4695
3.6432,3.6432,3.6432,3.6432,3.6432,3.6432,3.6078,3.1372,2.6666,2.1962,1.7258,1.2554,3.6432,3.6432,3.6432,3.6432,3.6432,3.6432,3.6432,3.6432,3.6432,3.6432,3.6432,3.6432,3.6432,3.6432,3.6432
3.634,3.634,3.634,3.634,3.634,3.634,3.634,3.634,3.634,3.634,3.634,3.634,3.634,3.634,3.634,1.0383,1.6746,2.3872,2.5925,2.7979,3.0034,3.209,3.4146,3.6201,3.634,3.634,3.634
2.2351,2.2929,2.4218,2.6433,2.8787,3.1441,3.4098,3.6248,3.6248,3.6248,3.6248,3.6248,3.6248,3.6248,1.9439,1.8803,1.7387,1.5967,1.4537,1.3107,1.1676,1.0245,0.8814,0.7383,0.5952,0.4521,0.309
3.6156,3.6156,3.6156,3.6156,3.6156,3.6156,3.6156,3.6156,3.6156,3.4951,2.7465,1.998,1.2494,1.7111,1.6886,1.7703,1.9521,2.1346,2.3182,2.5018,2.6856,2.8694,3.0532,3.2371,3.4209,3.6047,3.6156
3.6065,3.6065,3.6065,3.6065,3.6065,3.6065,3.6065,3.6065,3.6065,3.6065,3.6065,3.6065,3.6065,3.6065,3.6065,3.6065,1.2199,1.7494,2.2787,2.808,3.3372,3.6065,3.6065,3.6065,3.6065,3.044,2.0805
3.5975,3.5975,3.5975,3.5975,3.5975,3.5975,3.5975,3.5975,3.221,2.6528,2.0846,1.5165,1.0279,3.4466,3.478,3.3641,3.1109,2.8568,2.601,2.3451,2.0891,1.8331,1.5771,1.321,1.065,0.8089,0.5528
3.5885,3.5885,3.5885,3.5885,3.5885,3.5885,3.5885,3.5885,3.5885,3.5885,3.5885,3.5885,3.5885,3.5885,0.6818,1.4176,1.5632,1.7092,1.8563,2.0033,2.1505,2.2977,2.4449,2.5921,2.7393,2.8865,3.0336
2.555,2.6212,2.7684,3.0216,3.2907,3.5795,3.5795,3.5795,3.5795,3.5795,3.5795,3.5795,3.5795,3.5795,3.5795,1.4124,1.9876,1.8252,1.6618,1.4983,1.3348,1.1712,1.0076,0.844,0.6804,0.5168,0.3532
3.5706,3.5706,3.5706,3.5706,3.5706,3.5706,3.5706,3.3201,2.8221,2.3242,1.8264,1.3286,3.5706,3.5706,3.5706,3.5706,3.5706,3.5706,3.5706,3.5706,3.5706,3.5706,3.5706,3.5706,3.5706,3.5706,3.5706
3.5617,3.5617,3.5617,3.5617,3.5617,3.5617,3.5617,3.5617,3.5617,3.5617,3.5617,3.5617,3.5617,3.5617,3.5617,3.5617,1.3228,1.897,2.4709,3.0449,3.5617,3.5617,3.5617,3.5617,3.5617,3.5617,3.5617
2.4429,2.5061,2.6469,2.889,3.1463,3.4363,3.5529,3.5529,3.5529,3.5529,3.5529,3.1515,1.9708,2.1054,2.1246,2.0551,1.9003,1.7451,1.5889,1.4326,1.2762,1.1198,0.9634,0.807,0.6506,0.4941,0.3377
3.5441,3.5441,3.5441,3.5441,3.5441,3.5441,3.5441,3.5441,3.5441,3.5441,3.5441,3.5441,2.4333,0.8788,1.3926,1.4601,1.61,1.7605,1.9119,2.0634,2.215,2.3666,2.5182,2.6698,2.8214,2.973,3.1246
3.5354,3.5354,3.5354,3.5354,3.5354,3.5354,3.5354,3.5354,3.5354,3.5354,3.5354,3.5354,3.5354,3.5354,3.5354,3.5354,1.379,1.9776,2.5758,2.7458,2.446,2.1463,1.8465,1.5467,1.2469,0.9471,0.6473
3.5267,3.5267,3.5267,3.5267,3.5267,3.5267,3.5267,3.2497,2.7622,2.2749,1.7877,1.3005,3.5267,3.5267,3.5267,3.5267,3.5267,3.5267,3.5267,3.5267,3.5267,3.5267,3.5267,3.0835,2.4858,1.8881,1.2905
3.518,3.518,3.518,3.518,3.518,3.518,3.518,3.518,3.518,3.518,3.518,3.518,3.518,3.518,3.518,1.2388,1.8314,2.0025,2.1748,2.3471,2.5195,2.6919,2.8644,3.0368,3.2093,3.3817,3.518
2.2713,2.3301,2.461,2.6861,2.9253,3.195,3.465,3.5094,3.5094,3.5094,3.5094,3.5094,3.5094,3.5094,1.0027,1.9107,1.7669,1.6225,1.4773,1.332,1.1866,1.0411,0.8957,0.7503,0.6049,0.4594,0.314
3.5009,3.5009,3.5009,3.5009,3.5009,3.5009,3.5009,3.5009,3.4369,2.8306,2.2244,1.6181,1.0119,2.1437,2.1154,2.2178,2.4456,2.6741,2.9042,3.1343,3.3645,3.5009,3.5009,3.5009,3.5009,3.5009,3.5009
3.4923,3.4923,3.4923,3.4923,3.4923,3.4923,3.4923,3.4923,3.4923,3.4923,3.4923,3.4923,3.4923,3.4923,3.4923,3.4923,1.2164,1.7443,2.2721,2.7998,3.3275,3.4923,3.4923,3.4923,3.4923,3.4923,3.4923
3.1053,3.1857,3.3646,3.4838,3.4838,3.4838,3.4838,3.4838,3.4838,3.2073,2.5203,1.8334,1.1465,2.6763,2.7007,2.6123,2.4156,2.2183,2.0197,1.821,1.6222,1.4234,1.2246,1.0258,0.8269,0.6281,0.4293
3.4754,3.4754,3.4754,3.4754,3.4754,3.4754,3.4754,3.4754,3.4754,3.4754,3.4754,3.4754,3.4754,3.4754,1.3226,1.3866,1.5291,1.672,1.8158,1.9596,2.1036,2.2476,2.3916,2.5355,2.6795,2.8235,2.9675
2.996,3.0736,3.2462,3.467,3.467,3.467,3.467,3.467,3.467,3.467,3.467,3.467,3.467,3.467,3.467,1.041,1.8398,2.1403,1.9486,1.757,1.5652,1.3733,1.1815,0.9897,0.7979,0.606,0.4142
3.4586,3.4586,3.4586,3.4586,3.4586,3.4586,3.4586,3.1848,2.707,2.2295,1.752,1.2745,3.4586,3.4586,3.4586,3.4586,3.4586,3.4586,3.4586,3.4586,3.4586,3.4586,3.4586,3.4586,3.4586,3.4586,3.4586
3.4503,3.4503,3.4503,3.4503,3.4503,3.4503,3.4503,3.4503,3.4503,3.4503,3.4503,3.4503,3.4503,3.4503,3.4503,0.9858,1.5099,2.1653,2.8204,3.312,3.4503,3.4503,3.4503,3.4503,3.4503,3.4503,3.4503
2.2961,2.3555,2.4878,2.7154,2.9572,3.2299,3.442,3.442,3.442,3.442,3.442,3.442,3.442,1.4774,1.997,1.9316,1.7861,1.6403,1.4934,1.3465,1.1995,1.0525,0.9055,0.7585,0.6115,0.4644,0.3174
3.4338,3.4338,3.4338,3.4338,3.4338,3.4338,3.4338,3.4338,3.4338,3.4338,3.3564,2.4416,1.5269,1.5722,1.5515,1.6266,1.7936,1.9612,2.13,2.2987,2.4676,2.6365,2.8053,2.9742,3.1431,3.312,3.4338
3.4256,3.4256,3.4256,3.4256,3.4256,3.4256,3.4256,3.4256,3.4256,3.4256,3.4256,3.4256,3.4256,3.4256,3.4256,3.4256,1.2685,1.8192,2.3695,2.9199,3.4256,3.4256,3.1878,2.6703,2.1527,1.6351,1.1175
3.4174,3.4174,3.4174,3.4174,3.4174,3.4174,3.4174,3.4174,3.0092,2.4784,1.9475,1.4167,0.9764,3.4174,3.4174,3.4174,3.4174,3.4174,3.3117,2.986,2.66,2.334,2.008,1.682,1.356,1.0299,0.7039
3.4093,3.4093,3.4093,3.4093,3.4093,3.4093,3.4093,3.4093,3.4093,3.4093,3.4093,3.4093,3.4093,3.4093,0.718,1.4928,1.6461,1.7999,1.9548,2.1097,2.2646,2.4196,2.5746,2.7296,2.8846,3.0396,3.1946
2.4232,2.4859,2.6255,2.8657,3.1209,3.4012,3.4012,3.4012,3.4012,3.4012,3.4012,3.4012,3.4012,3.4012,3.4012,1.9019,1.885,1.731,1.576,1.421,1.2659,1.1107,0.9556,0.8004,0.6453,0.4901,0.335
3.3931,3.3931,3.3931,3.3931,3.3931,3.3931,3.3931,3.3931,3.0118,2.4805,1.9492,1.4179,0.9695,3.0467,3.0066,3.1521,3.3931,3.3931,3.3931,3.3931,3.3931,3.3931,3.3931,3.3931,3.3931,3.3931,3.3931
3.3851,3.3851,3.3851,3.3851,3.3851,3.3851,3.3851,3.3851,3.3851,3.3851,3.3851,3.3851,3.3851,3.3851,3.3851,3.3851,1.2721,1.8242,2.3761,2.928,3.3851,3.3851,3.3851,3.3851,3.3851,3.3851,3.3851
2.6448,2.7132,2.8656,3.1277,3.3771,3.3771,3.3771,3.3771,3.3771,3.3771,3.3745,2.4548,1.5351,2.2794,2.3002,2.2249,2.0574,1.8893,1.7202,1.551,1.3817,1.2123,1.043,0.8737,0.7043,0.535,0.3656
3.3692,3.3692,3.3692,3.3692,3.3692,3.3692,3.3692,3.3692,3.3692,3.3692,3.3692,3.3692,3.3692,1.4747,1.3567,1.4224,1.5685,1.715,1.8626,2.0101,2.1578,2.3055,2.4532,2.6009,2.7486,2.8963,3.044
3.3613,3.3613,3.3613,3.3613,3.3613,3.3613,3.3613,3.3613,3.3613,3.3613,3.3613,3.3613,3.3613,3.3613,3.3613,0.9604,1.5166,2.1749,2.4892,2.2444,1.9993,1.7543,1.5093,1.2642,1.0192,0.7741,0.5291
3.3535,3.3535,3.3535,3.3535,3.3535,3.3535,3.3535,3.2053,2.7244,2.2438,1.7632,1.2827,3.3535,3.3535,3.3535,3.3535,3.3535,3.3535,3.3535,3.3535,3.3535,3.3535,3.3535,3.3535,3.3535,3.3535,2.8829
3.3456,3.3456,3.3456,3.3456,3.3456,3.3456,3.3456,3.3456,3.3456,3.3456,3.3456,3.3456,3.3456,3.3456,3.3456,1.05,1.8557,2.2414,2.4342,2.6271,2.8201,3.0131,3.2061,3.3456,3.3456,3.3456,3.3456
2.2673,2.326,2.4567,2.6814,2.9202,3.1894,3.3378,3.3378,3.3378,3.3378,3.3378,3.3378,3.3378,3.3378,1.9719,1.9074,1.7638,1.6197,1.4747,1.3296,1.1845,1.0393,0.8941,0.749,0.6038,0.4586,0.3134
3.3301,3.3301,3.3301,3.3301,3.3301,3.3301,3.3301,3.3301,3.3301,3.2327,2.5403,1.848,1.1556,1.8701,1.8454,1.9347,2.1335,2.3328,2.5335,2.7342,2.9351,3.136,3.3301,3.3301,3.3301,3.3301,3.3301
3.3224,3.3224,3.3224,3.3224,3.3224,3.3224,3.3224,3.3224,3.3224,3.3224,3.3224,3.3224,3.3224,3.3224,3.3224,3.3224,1.2287,1.762,2.2951,2.8281,3.3224,3.3224,3.3224,3.3224,3.3224,3.3224,3.3224
3.3147,3.3147,3.3147,3.3147,3.3147,3.3147,3.3147,3.3147,3.3147,2.8651,2.2514,1.6378,1.0242,3.1297,3.1582,3.0548,2.8248,2.5941,2.3618,2.1295,1.897,1.6645,1.432,1.1995,0.967,0.7345,0.502
3.307,3.307,3.307,3.307,3.307,3.307,3.307,3.307,3.307,3.307,3.307,3.307,3.307,3.307,0.9946,1.4173,1.5629,1.709,1.856,2.003,2.1502,2.2973,2.4445,2.5917,2.7388,2.886,3.0332
2.7309,2.8016,2.9589,3.2296,3.2994,3.2994,3.2994,3.2994,3.2994,3.2994,3.2994,3.2994,3.2994,3.2994,3.2994,1.2528,2.1244,1.9508,1.7762,1.6015,1.4266,1.2518,1.077,0.9021,0.7272,0.5524,0.3775
3.2918,3.2918,3.2918,3.2918,3.2918,3.2918,3.2918,3.2918,2.8004,2.3064,1.8124,1.3184,3.2918,3.2918,3.2918,3.2918,3.2918,3.2918,3.2918,3.2918,3.2918,3.2918,3.2918,3.2918,3.2918,3.2918,3.2918
3.2843,3.2843,3.2843,3.2843,3.2843,3.2843,3.2843,3.2843,3.2843,3.2843,3.2843,3.2843,3.2843,3.2843,3.2843,3.2843,1.4007,2.0088,2.6165,3.2242,3.2843,3.2843,3.2843,3.2843,3.2843,3.2843,3.2843
2.4048,2.4671,2.6057,2.844,3.0973,3.2768,3.2768,3.2768,3.2768,3.2768,3.2768,3.2768,2.4812,0.9362,2.0915,2.0231,1.8707,1.7179,1.5641,1.4103,1.2563,1.1024,0.9484,0.7944,0.6404,0.4864,0.3325
3.2693,3.2693,3.2693,3.2693,3.2693,3.2693,3.2693,3.2693,3.2693,3.2693,3.2693,3.1964,1.9988,0.7568,1.4621,1.5329,1.6903,1.8483,2.0073,2.1663,2.3255,2.4846,2.6438,2.803,2.9621,3.1213,3.2693
3.2619,3.2619,3.2619,3.2619,3.2619,3.2619,3.2619,3.2619,3.2619,3.2619,3.2619,3.2619,3.2619,3.2619,3.2619,3.2619,1.346,1.9302,2.5142,3.0981,2.9425,2.5819,2.2213,1.8606,1.5,1.1393,0.7787
3.2545,3.2545,3.2545,3.2545,3.2545,3.2545,3.2545,3.2545,2.877,2.3694,1.862,1.3545,0.9299,3.2545,3.2545,3.2545,3.2545,3.2545,3.2545,3.2545,3.2545,3.2545,2.8134,2.3567,1.8999,1.4431,0.9863
3.2471,3.2471,3.2471,3.2471,3.2471,3.2471,3.2471,3.2471,3.2471,3.2471,3.2471,3.2471,3.2471,3.2471,3.2471,1.4439,1.771,1.9364,2.103,2.2696,2.4364,2.6031,2.7699,2.9366,3.1034,3.2471,3.2471
2.3478,2.4086,2.5439,2.7766,3.0239,3.2398,3.2398,3.2398,3.2398,3.2398,3.2398,3.2398,3.2398,3.2398,0.9256,1.9751,1.8264,1.6772,1.527,1.3768,1.2265,1.0762,0.9259,0.7756,0.6252,0.4749,0.3246
3.2325,3.2325,3.2325,3.2325,3.2325,3.2325,3.2325,3.2325,3.2325,2.709,2.1287,1.5486,0.9684,2.4403,2.4082,2.5247,2.7841,3.0442,3.2325,3.2325,3.2325,3.2325,3.2325,3.2325,3.2325,3.2325,3.2325
3.2252,3.2252,3.2252,3.2252,3.2252,3.2252,3.2252,3.2252,3.2252,3.2252,3.2252,3.2252,3.2252,3.2252,3.2252,3.2252,1.2482,1.79,2.3315,2.8731,3.2252,3.2252,3.2252,3.2252,3.2252,3.2252,3.2252
2.9368,3.0128,3.1821,3.218,3.218,3.218,3.218,3.218,3.218,3.218,2.8166,2.049,1.2813,2.5311,2.5542,2.4706,2.2846,2.098,1.9101,1.7223,1.5342,1.3462,1.1582,0.9701,0.7821,0.594,0.406
3.2108,3.2108,3.2108,3.2108,3.2108,3.2108,3.2108,3.2108,3.2108,3.2108,3.2108,3.2108,3.2108,3.2108,1.3475,1.4128,1.5579,1.7035,1.85,1.9966,2.1433,2.2899,2.4366,2.5833,2.73,2.8767,3.0234
3.2036,3.2036,3.2036,3.2036,3.2036,3.2036,3.2036,3.2036,3.2036,3.2036,3.2036,3.2036,3.2036,3.2036,3.2036,0.971,1.7161,2.3561,2.1451,1.9341,1.723,1.5118,1.3007,1.0895,0.8783,0.6671,0.456
3.1964,3.1964,3.1964,3.1964,3.1964,3.1964,3.1964,3.1964,2.7384,2.2553,1.7723,1.2893,0.9133,3.1964,3.1964,3.1964,3.1964,3.1964,3.1964,3.1964,3.1964,3.1964,3.1964,3.1964,3.1964,3.1964,3.1964
3.1893,3.1893,3.1893,3.1893,3.1893,3.1893,3.1893,3.1893,3.1893,3.1893,3.1893,3.1893,3.1893,3.1893,3.1893,0.9286,1.6412,2.3535,2.8152,3.0383,3.1893,3.1893,3.1893,3.1893,3.1893,3.1893,3.1893
2.306,2.3657,2.4986,2.7271,2.97,3.1822,3.1822,3.1822,3.1822,3.1822,3.1822,3.1822,3.1822,2.5964,2.0056,1.9399,1.7939,1.6473,1.4998,1.3523,1.2047,1.057,0.9094,0.7618,0.6141,0.4664,0.3188
3.1752,3.1752,3.1752,3.1752,3.1752,3.1752,3.1752,3.1752,3.1752,3.1752,3.0156,2.1937,1.3718,1.6901,1.6678,1.7486,1.9282,2.1083,2.2897,2.4711,2.6526,2.8342,3.0157,3.1752,3.1752,3.1752,3.1752
3.1682,3.1682,3.1682,3.1682,3.1682,3.1682,3.1682,3.1682,3.1682,3.1682,3.1682,3.1682,3.1682,3.1682,3.1682,3.1682,1.2646,1.8135,2.3622,2.9108,3.1682,3.1682,3.1682,3.1682,3.0747,2.3354,1.5961
3.1612,3.1612,3.1612,3.1612,3.1612,3.1612,3.1612,3.1612,3.1612,2.6383,2.0732,1.5082,0.9431,3.1612,3.1612,3.1612,3.1612,3.1612,2.8956,2.6108,2.3258,2.0408,1.7557,1.4706,1.1856,0.9005,0.6155
3.1542,3.1542,3.1542,3.1542,3.1542,3.1542,3.1542,3.1542,3.1542,3.1542,3.1542,3.1542,3.1542,3.1542,0.7102,1.4767,1.6283,1.7805,1.9337,2.0869,2.2402,2.3935,2.5468,2.7001,2.8535,3.0068,3.1542
2.5567,2.6229,2.7702,3.0236,3.1473,3.1473,3.1473,3.1473,3.1473,3.1473,3.1473,3.1473,3.1473,3.1473,3.1473,1.6014,1.9889,1.8264,1.6629,1.4993,1.3356,1.172,1.0083,0.8446,0.6809,0.5172,0.3535
3.1404,3.1404,3.1404,3.1404,3.1404,3.1404,3.1404,3.1404,2.9548,2.4335,1.9123,1.3911,0.8973,3.1404,3.1404,3.1404,3.1404,3.1404,3.1404,3.1404,3.1404,3.1404,3.1404,3.1404,3.1404,3.1404,3.1404
3.1336,3.1336,3.1336,3.1336,3.1336,3.1336,3.1336,3.1336,3.1336,3.1336,3.1336,3.1336,3.1336,3.1336,3.1336,3.1336,1.3312,1.909,2.4865,3.064,3.1336,3.1336,3.1336,3.1336,3.1336,3.1336,3.1336
2.5717,2.6382,2.7864,3.0413,3.1267,3.1267,3.1267,3.1267,3.1267,3.1267,3.1267,2.9035,1.8157,0.8933,2.2366,2.1634,2.0005,1.8371,1.6726,1.5081,1.3435,1.1788,1.0142,0.8495,0.6848,0.5202,0.3555
3.1199,3.1199,3.1199,3.1199,3.1199,3.1199,3.1199,3.1199,3.1199,3.1199,3.1199,3.1199,2.944,1.0633,1.4088,1.477,1.6287,1.7809,1.9341,2.0873,2.2407,2.394,2.5474,2.7008,2.8541,3.0075,3.1199
3.1131,3.1131,3.1131,3.1131,3.1131,3.1131,3.1131,3.1131,3.1131,3.1131,3.1131,3.1131,3.1131,3.1131,3.1131,0.8895,1.4603,2.0941,2.7276,2.5842,2.3021,2.0199,1.7378,1.4557,1.1735,0.8913,0.6092
3.1064,3.1064,3.1064,3.1064,3.1064,3.1064,3.1064,3.1064,2.8082,2.3128,1.8175,1.3221,0.8875,3.1064,3.1064,3.1064,3.1064,3.1064,3.1064,3.1064,3.1064,3.1064,3.1064,3.1064,3.1064,2.4502,1.6746
3.0997,3.0997,3.0997,3.0997,3.0997,3.0997,3.0997,3.0997,3.0997,3.0997,3.0997,3.0997,3.0997,3.0997,3.0997,1.1844,1.9519,2.1343,2.318,2.5016,2.6854,2.8691,3.0529,3.0997,3.0997,3.0997,3.0997
2.3202,2.3803,2.514,2.7439,2.9883,3.093,3.093,3.093,3.093,3.093,3.093,3.093,3.093,3.093,1.4923,1.9519,1.8049,1.6575,1.5091,1.3607,1.2121,1.0636,0.915,0.7664,0.6179,0.4693,0.3208
3.0863,3.0863,3.0863,3.0863,3.0863,3.0863,3.0863,3.0863,3.0863,3.0392,2.3882,1.7373,1.0864,2.0748,2.0474,2.1465,2.367,2.5882,2.8109,3.0335,3.0863,3.0863,3.0863,3.0863,3.0863,3.0863,3.0863
3.0797,3.0797,3.0797,3.0797,3.0797,3.0797,3.0797,3.0797,3.0797,3.0797,3.0797,3.0797,3.0797,3.0797,3.0797,3.0797,1.2484,1.7903,2.3319,2.8736,3.0797,3.0797,3.0797,3.0797,3.0797,3.0797,3.0797
3.0731,3.0731,3.0731,3.0731,3.0731,3.0731,3.0731,3.0731,3.0731,3.0731,2.4638,1.7923,1.1208,2.8979,2.9243,2.8286,2.6156,2.402,2.1869,1.9718,1.7565,1.5413,1.326,1.1107,0.8954,0.6801,0.4648
3.0665,3.0665,3.0665,3.0665,3.0665,3.0665,3.0665,3.0665,3.0665,3.0665,3.0665,3.0665,3.0665,3.0665,1.3638,1.4298,1.5767,1.724,1.8723,2.0207,2.1691,2.3176,2.466,2.6145,2.763,2.9114,3.0599
2.9536,3.03,3.06,3.06,3.06,3.06,3.06,3.06,3.06,3.06,3.06,3.06,3.06,3.06,3.06,1.1386,2.0123,2.1099,1.921,1.7321,1.543,1.3539,1.1648,0.9757,0.7866,0.5974,0.4083
3.0535,3.0535,3.0535,3.0535,3.0535,3.0535,3.0535,3.0535,2.8045,2.3098,1.815,1.3204,0.8724,3.0535,3.0535,3.0535,3.0535,3.0535,3.0535,3.0535,3.0535,3.0535,3.0535,3.0535,3.0535,3.0535,3.0535
3.047,3.047,3.047,3.047,3.047,3.047,3.047,3.047,3.047,3.047,3.047,3.047,3.047,3.047,3.047,0.8706,1.4994,2.1503,2.8008,3.047,3.047,3.047,3.047,3.047,3.047,3.047,3.047
2.3902,2.4521,2.5898,2.8267,3.0405,3.0405,3.0405,3.0405,3.0405,3.0405,3.0405,3.0405,3.0405,1.2095,2.0788,2.0108,1.8594,1.7075,1.5546,1.4017,1.2487,1.0956,0.9426,0.7896,0.6365,0.4835,0.3304
3.0341,3.0341,3.0341,3.0341,3.0341,3.0341,3.0341,3.0341,3.0341,3.0341,3.0341,2.7472,1.7179,0.8026,1.5507,1.6257,1.7927,1.9602,2.1289,2.2975,2.4663,2.6351,2.8039,2.9727,3.0341,3.0341,3.0341
3.0277,3.0277,3.0277,3.0277,3.0277,3.0277,3.0277,3.0277,3.0277,3.0277,3.0277,3.0277,3.0277,3.0277,3.0277,0.865,1.3272,1.9032,2.479,3.0277,3.0277,3.0277,2.7938,2.3402,1.8866,1.433,0.9794
3.0213,3.0213,3.0213,3.0213,3.0213,3.0213,3.0213,3.0213,3.0213,2.4917,1.958,1.4243,0.8907,3.0213,3.0213,3.0213,3.0213,3.0213,3.0213,3.0213,3.0213,2.6835,2.3087,1.9338,1.559,1.1842,0.8093
3.0149,3.0149,3.0149,3.0149,3.0149,3.0149,3.0149,3.0149,3.0149,3.0149,3.0149,3.0149,3.0149,3.0149,3.0149,1.57,1.7313,1.8931,2.0559,2.2188,2.3818,2.5448,2.7078,2.8709,3.0149,3.0149,3.0149
2.4494,2.5128,2.654,2.8967,3.0086,3.0086,3.0086,3.0086,3.0086,3.0086,3.0086,3.0086,3.0086,3.0086,3.0086,2.0606,1.9054,1.7498,1.5931,1.4364,1.2796,1.1228,0.966,0.8091,0.6523,0.4955,0.3386
3.0023,3.0023,3.0023,3.0023,3.0023,3.0023,3.0023,3.0023,3.0023,2.6236,2.0617,1.4998,0.9379,2.846,2.8085,2.9444,3.0023,3.0023,3.0023,3.0023,3.0023,3.0023,3.0023,3.0023,3.0023,3.0023,3.0023
2.996,2.996,2.996,2.996,2.996,2.996,2.996,2.996,2.996,2.996,2.996,2.996,2.996,2.996,2.996,2.996,1.2924,1.8534,2.4141,2.9749,2.996,2.996,2.996,2.996,2.996,2.996,2.996
2.8148,2.8876,2.9898,2.9898,2.9898,2.9898,2.9898,2.9898,2.9898,2.9898,2.9898,2.3348,1.46,2.4259,2.4481,2.3679,2.1896,2.0108,1.8307,1.6507,1.4705,1.2903,1.11,0.9298,0.7496,0.5694,0.3891
2.9836,2.9836,2.9836,2.9836,2.9836,2.9836,2.9836,2.9836,2.9836,2.9836,2.9836,2.9836,2.9836,2.0473,1.3852,1.4522,1.6014,1.751,1.9017,2.0523,2.2031,2.3539,2.5047,2.6554,2.8062,2.957,2.9836
2.9774,2.9774,2.9774,2.9774,2.9774,2.9774,2.9774,2.9774,2.9774,2.9774,2.9774,2.9774,2.9774,2.9774,2.9774,0.9196,1.6253,2.3308,2.4002,2.1641,1.9278,1.6916,1.4553,1.219,0.9827,0.7465,0.5102
2.9712,2.9712,2.9712,2.9712,2.9712,2.9712,2.9712,2.9712,2.7948,2.3018,1.8088,1.3158,0.8489,2.9712,2.9712,2.9712,2.9712,2.9712,2.9712,2.9712,2.9712,2.9712,2.9712,2.9712,2.9712,2.9712,2.9712
2.965,2.965,2.965,2.965,2.965,2.965,2.965,2.965,2.965,2.965,2.965,2.965,2.965,2.965,2.965,1.0237,1.8091,2.421,2.6293,2.8376,2.965,2.965,2.965,2.965,2.965,2.965,2.965
2.3368,2.3973,2.532,2.7635,2.9589,2.9589,2.9589,2.9589,2.9589,2.9589,2.9589,2.9589,2.9589,2.9589,2.0324,1.9658,1.8178,1.6693,1.5199,1.3704,1.2208,1.0712,0.9215,0.7719,0.6223,0.4727,0.3231
2.9528,2.9528,2.9528,2.9528,2.9528,2.9528,2.9528,2.9528,2.9528,2.9528,2.7694,2.0146,1.2598,1.8397,1.8155,1.9034,2.0989,2.295,2.4924,2.6899,2.8875,2.9528,2.9528,2.9528,2.9528,2.9528,2.9528
2.9468,2.9468,2.9468,2.9468,2.9468,2.9468,2.9468,2.9468,2.9468,2.9468,2.9468,2.9468,2.9468,2.9468,2.9468,2.9468,1.2723,1.8245,2.3765,2.9285,2.9468,2.9468,2.9468,2.9468,2.9468,2.9468,2.7613
2.9407,2.9407,2.9407,2.9407,2.9407,2.9407,2.9407,2.9407,2.9407,2.8406,2.2322,1.6238,1.0154,2.9407,2.9407,2.9407,2.9407,2.8598,2.6037,2.3477,2.0914,1.8351,1.5787,1.3224,1.0661,0.8098,0.5534
2.9347,2.9347,2.9347,2.9347,2.9347,2.9347,2.9347,2.9347,2.9347,2.9347,2.9347,2.9347,2.9347,2.9347,0.772,1.4746,1.6261,1.778,1.931,2.084,2.2371,2.3902,2.5433,2.6964,2.8495,2.9347,2.9347
2.7261,2.7967,2.9287,2.9287,2.9287,2.9287,2.9287,2.9287,2.9287,2.9287,2.9287,2.9287,2.9287,2.9287,2.9287,1.4007,2.1207,1.9475,1.7731,1.5987,1.4242,1.2496,1.0751,0.9005,0.726,0.5514,0.3769
2.9227,2.9227,2.9227,2.9227,2.9227,2.9227,2.9227,2.9227,2.9227,2.4114,1.8949,1.3785,0.862,2.9227,2.9227,2.9227,2.9227,2.9227,2.9227,2.9227,2.9227,2.9227,2.9227,2.9227,2.9227,2.9227,2.9227
2.9168,2.9168,2.9168,2.9168,2.9168,2.9168,2.9168,2.9168,2.9168,2.9168,2.9168,2.9168,2.9168,2.9168,2.9168,0.8334,1.4069,2.0176,2.628,2.9168,2.9168,2.9168,2.9168,2.9168,2.9168,2.9168,2.9168
2.5273,2.5927,2.7384,2.9109,2.9109,2.9109,2.9109,2.9109,2.9109,2.9109,2.9109,2.9109,2.2282,0.8317,2.1981,2.1261,1.966,1.8054,1.6438,1.4821,1.3203,1.1585,0.9967,0.8349,0.673,0.5112,0.3494
2.905,2.905,2.905,2.905,2.905,2.905,2.905,2.905,2.905,2.905,2.905,2.905,2.337,0.8441,1.4768,1.5483,1.7074,1.8669,2.0275,2.1882,2.3489,2.5097,2.6704,2.8312,2.905,2.905,2.905
2.8991,2.8991,2.8991,2.8991,2.8991,2.8991,2.8991,2.8991,2.8991,2.8991,2.8991,2.8991,2.8991,2.8991,2.8991,0.8283,1.4223,2.0397,2.6567,2.8991,2.7241,2.3903,2.0564,1.7225,1.3886,1.0548,0.7209
2.8932,2.8932,2.8932,2.8932,2.8932,2.8932,2.8932,2.8932,2.8932,2.4059,1.8906,1.3753,0.8601,2.8932,2.8932,2.8932,2.8932,2.8932,2.8932,2.8932,2.8932,2.8932,2.8932,2.8693,2.3131,1.757,1.2008
2.8874,2.8874,2.8874,2.8874,2.8874,2.8874,2.8874,2.8874,2.8874,2.8874,2.8874,2.8874,2.8874,2.8874,2.8874,1.365,1.8825,2.0584,2.2355,2.4126,2.5898,2.7671,2.8874,2.8874,2.8874,2.8874,2.8874
2.3959,2.4579,2.596,2.8334,2.8816,2.8816,2.8816,2.8816,2.8816,2.8816,2.8816,2.8816,2.8816,2.8816,0.8514,2.0155,1.8638,1.7115,1.5583,1.405,1.2516,1.0982,0.9448,0.7914,0.638,0.4846,0.3312
2.8758,2.8758,2.8758,2.8758,2.8758,2.8758,2.8758,2.8758,2.8758,2.8758,2.2777,1.6569,1.0361,2.343,2.3122,2.4241,2.6731,2.8758,2.8758,2.8758,2.8758,2.8758,2.8758,2.8758,2.8758,2.8758,2.8758
2.8701,2.8701,2.8701,2.8701,2.8701,2.8701,2.8701,2.8701,2.8701,2.8701,2.8701,2.8701,2.8701,2.8701,2.8701,0.82,1.2799,1.8354,2.3907,2.8701,2.8701,2.8701,2.8701,2.8701,2.8701,2.8701,2.8701
2.8643,2.8643,2.8643,2.8643,2.8643,2.8643,2.8643,2.8643,2.8643,2.8643,2.7374,1.9913,1.2452,2.7284,2.7532,2.6631,2.4626,2.2614,2.0589,1.8564,1.6538,1.4511,1.2484,1.0457,0.843,0.6403,0.4376
2.8586,2.8586,2.8586,2.8586,2.8586,2.8586,2.8586,2.8586,2.8586,2.8586,2.8586,2.8586,2.8586,2.8586,1.3883,1.4555,1.605,1.755,1.9059,2.0569,2.2081,2.3592,2.5103,2.6614,2.8126,2.8586,2.8586
2.8529,2.8529,2.8529,2.8529,2.8529,2.8529,2.8529,2.8529,2.8529,2.8529,2.8529,2.8529,2.8529,2.8529,2.8529,1.0557,1.8657,2.3126,2.1055,1.8984,1.6912,1.4839,1.2766,1.0694,0.8621,0.6548,0.4475
2.8473,2.8473,2.8473,2.8473,2.8473,2.8473,2.8473,2.8473,2.8345,2.3344,1.8345,1.3345,0.8345,2.8473,2.8473,2.8473,2.8473,2.8473,2.8473,2.8473,2.8473,2.8473,2.8473,2.8473,2.8473,2.8473,2.8473
2.8416,2.8416,2.8416,2.8416,2.8416,2.8416,2.8416,2.8416,2.8416,2.8416,2.8416,2.8416,2.8416,2.8416,2.8416,0.9191,1.6244,2.3295,2.8416,2.8416,2.8416,2.8416,2.8416,2.8416,2.8416,2.8416,2.8416
2.3982,2.4603,2.5985,2.836,2.836,2.836,2.836,2.836,2.836,2.836,2.836,2.836,2.836,1.848,2.0858,2.0175,1.8656,1.7132,1.5598,1.4064,1.2528,1.0993,0.9458,0.7922,0.6386,0.4851,0.3315
2.8304,2.8304,2.8304,2.8304,2.8304,2.8304,2.8304,2.8304,2.8304,2.8304,2.8304,2.4399,1.5257,1.685,1.6628,1.7433,1.9223,2.102,2.2828,2.4636,2.6446,2.8256,2.8304,2.8304,2.8304,2.8304,2.8304
2.8248,2.8248,2.8248,2.8248,2.8248,2.8248,2.8248,2.8248,2.8248,2.8248,2.8248,2.8248,2.8248,2.8248,2.8248,0.8071,1.3215,1.8952,2.4685,2.8248,2.8248,2.8248,2.8248,2.8248,2.5393,1.9288,1.3182
2.8193,2.8193,2.8193,2.8193,2.8193,2.8193,2.8193,2.8193,2.8193,2.6473,2.0803,1.5133,0.9463,2.8193,2.8193,2.8193,2.8193,2.8193,2.8193,2.8193,2.629,2.3068,1.9846,1.6624,1.3401,1.0179,0.6957
2.8137,2.8137,2.8137,2.8137,2.8137,2.8137,2.8137,2.8137,2.8137,2.8137,2.8137,2.8137,2.8137,2.8137,0.746,1.5509,1.7102,1.87,2.0309,2.1918,2.3528,2.5138,2.6749,2.8137,2.8137,2.8137,2.8137
2.5805,2.6473,2.796,2.8082,2.8082,2.8082,2.8082,2.8082,2.8082,2.8082,2.8082,2.8082,2.8082,2.8082,2.8082,1.8505,2.0074,1.8434,1.6784,1.5133,1.3481,1.1829,1.0177,0.8524,0.6872,0.522,0.3567
2.8027,2.8027,2.8027,2.8027,2.8027,2.8027,2.8027,2.8027,2.8027,2.5695,2.0192,1.4688,0.9185,2.8027,2.8027,2.8027,2.8027,2.8027,2.8027,2.8027,2.8027,2.8027,2.8027,2.8027,2.8027,2.8027,2.8027
2.7973,2.7973,2.7973,2.7973,2.7973,2.7973,2.7973,2.7973,2.7973,2.7973,2.7973,2.7973,2.7973,2.7973,2.7973,0.7992,1.3509,1.9373,2.5234,2.7973,2.7973,2.7973,2.7973,2.7973,2.7973,2.7973,2.7973
2.7309,2.7918,2.7918,2.7918,2.7918,2.7918,2.7918,2.7918,2.7918,2.7918,2.7918,2.7252,1.7042,0.7977,2.3751,2.2974,2.1244,1.9509,1.7762,1.6015,1.4267,1.2518,1.077,0.9021,0.7273,0.5524,0.3775
2.7864,2.7864,2.7864,2.7864,2.7864,2.7864,2.7864,2.7864,2.7864,2.7864,2.7864,2.7864,2.7864,1.3395,1.437,1.5066,1.6613,1.8166,1.9728,2.1291,2.2855,2.442,2.5984,2.7548,2.7864,2.7864,2.7864
2.781,2.781,2.781,2.781,2.781,2.781,2.781,2.781,2.781,2.781,2.781,2.781,2.781,2.781,2.781,0.8829,1.5604,2.2377,2.7383,2.469,2.1994,1.9299,1.6603,1.3908,1.1212,0.8516,0.582
2.7756,2.7756,2.7756,2.7756,2.7756,2.7756,2.7756,2.7756,2.7756,2.3707,1.8629,1.3552,0.8475,2.7756,2.7756,2.7756,2.7756,2.7756,2.7756,2.7756,2.7756,2.7756,2.7756,2.7756,2.7756,2.7756,2.3546
2.7702,2.7702,2.7702,2.7702,2.7702,2.7702,2.7702,2.7702,2.7702,2.7702,2.7702,2.7702,2.7702,2.7702,2.7702,1.147,2.0272,2.2967,2.4943,2.6919,2.7702,2.7702,2.7702,2.7702,2.7702,2.7702,2.7702
2.3896,2.4515,2.5892,2.7649,2.7649,2.7649,2.7649,2.7649,2.7649,2.7649,2.7649,2.7649,2.7649,2.7649,2.0783,2.0103,1.8589,1.7071,1.5542,1.4014,1.2484,1.0954,0.9424,0.7894,0.6364,0.4834,0.3304
2.7596,2.7596,2.7596,2.7596,2.7596,2.7596,2.7596,2.7596,2.7596,2.7596,2.5905,1.8844,1.1784,2.0313,2.0045,2.1015,2.3174,2.534,2.7519,2.7596,2.7596,2.7596,2.7596,2.7596,2.7596,2.7596,2.7596
2.7543,2.7543,2.7543,2.7543,2.7543,2.7543,2.7543,2.7543,2.7543,2.7543,2.7543,2.7543,2.7543,2.7543,2.7543,0.7869,1.2918,1.8525,2.413,2.7543,2.7543,2.7543,2.7543,2.7543,2.7543,2.7543,2.7543
2.749,2.749,2.749,2.749,2.749,2.749,2.749,2.749,2.749,2.749,2.4341,1.7707,1.1073,2.749,2.749,2.749,2.749,2.6299,2.3944,2.1589,1.9232,1.6875,1.4518,1.2161,0.9804,0.7447,0.5089
2.7437,2.7437,2.7437,2.7437,2.7437,2.7437,2.7437,2.7437,2.7437,2.7437,2.7437,2.7437,2.7437,2.7437,1.3165,1.4865,1.6392,1.7924,1.9466,2.1008,2.2551,2.4095,2.5638,2.7182,2.7437,2.7437,2.7437
2.7385,2.7385,2.7385,2.7385,2.7385,2.7385,2.7385,2.7385,2.7385,2.7385,2.7385,2.7385,2.7385,2.7385,2.7385,1.2608,2.2283,2.1007,1.9126,1.7245,1.5362,1.3479,1.1597,0.9714,0.7831,0.5948,0.4065
2.7333,2.7333,2.7333,2.7333,2.7333,2.7333,2.7333,2.7333,2.7333,2.4129,1.8961,1.3793,0.8625,2.7333,2.7333,2.7333,2.7333,2.7333,2.7333,2.7333,2.7333,2.7333,2.7333,2.7333,2.7333,2.7333,2.7333
2.7281,2.7281,2.7281,2.7281,2.7281,2.7281,2.7281,2.7281,2.7281,2.7281,2.7281,2.7281,2.7281,2.7281,2.7281,0.8505,1.503,2.1554,2.7281,2.7281,2.7281,2.7281,2.7281,2.7281,2.7281,2.7281,2.7281
2.5093,2.5742,2.7188,2.7229,2.7229,2.7229,2.7229,2.7229,2.7229,2.7229,2.7229,2.7229,2.7229,1.0415,2.1824,2.1109,1.952,1.7925,1.632,1.4715,1.3109,1.1502,0.9896,0.8289,0.6682,0.5076,0.3469
2.7177,2.7177,2.7177,2.7177,2.7177,2.7177,2.7177,2.7177,2.7177,2.7177,2.7177,2.7177,1.9666,0.7765,1.5639,1.6397,1.8081,1.977,2.1471,2.3172,2.4874,2.6577,2.7177,2.7177,2.7177,2.7177,2.7177
2.7126,2.7126,2.7126,2.7126,2.7126,2.7126,2.7126,2.7126,2.7126,2.7126,2.7126,2.7126,2.7126,2.7126,2.7126,0.7924,1.4005,2.0084,2.616,2.7126,2.7126,2.7126,2.5237,2.114,1.7042,1.2945,0.8847
2.7075,2.7075,2.7075,2.7075,2.7075,2.7075,2.7075,2.7075,2.7075,2.5272,1.9859,1.4447,0.9034,2.7075,2.7075,2.7075,2.7075,2.7075,2.7075,2.7075,2.7075,2.7075,2.7075,2.2738,1.8331,1.3923,0.9516
2.7024,2.7024,2.7024,2.7024,2.7024,2.7024,2.7024,2.7024,2.7024,2.7024,2.7024,2.7024,2.7024,2.7024,2.7024,1.6164,1.8371,2.0087,2.1815,2.3544,2.5273,2.7003,2.7024,2.7024,2.7024,2.7024,2.7024
2.4974,2.5621,2.6973,2.6973,2.6973,2.6973,2.6973,2.6973,2.6973,2.6973,2.6973,2.6973,2.6973,2.6973,0.7706,2.101,1.9428,1.7841,1.6243,1.4646,1.3047,1.1448,0.9849,0.825,0.6651,0.5052,0.3453
2.6922,2.6922,2.6922,2.6922,2.6922,2.6922,2.6922,2.6922,2.6922,2.6922,2.2008,1.601,1.0011,2.6922,2.6679,2.6922,2.6922,2.6922,2.6922,2.6922,2.6922,2.6922,2.6922,2.6922,2.6922,2.6922,2.6922
2.6872,2.6872,2.6872,2.6872,2.6872,2.6872,2.6872,2.6872,2.6872,2.6872,2.6872,2.6872,2.6872,2.6872,2.6872,0.7678,1.3244,1.8992,2.4738,2.6872,2.6872,2.6872,2.6872,2.6872,2.6872,2.6872,2.6872
2.6821,2.6821,2.6821,2.6821,2.6821,2.6821,2.6821,2.6821,2.6821,2.6821,2.6821,2.2521,1.4084,2.6068,2.6306,2.5444,2.3529,2.1607,1.9672,1.7737,1.5801,1.3865,1.1928,0.9991,0.8055,0.6118,0.4181
2.6771,2.6771,2.6771,2.6771,2.6771,2.6771,2.6771,2.6771,2.6771,2.6771,2.6771,2.6771,2.6771,2.6771,1.4263,1.4953,1.6489,1.803,1.9581,2.1132,2.2685,2.4237,2.579,2.6771,2.6771,2.6771,2.6771
2.6721,2.6721,2.6721,2.6721,2.6721,2.6721,2.6721,2.6721,2.6721,2.6721,2.6721,2.6721,2.6721,2.6721,2.6721,0.9956,1.7596,2.5233,2.3432,2.1127,1.8821,1.6514,1.4208,1.1901,0.9594,0.7287,0.4981
2.6672,2.6672,2.6672,2.6672,2.6672,2.6672,2.6672,2.6672,2.6672,2.3814,1.8713,1.3613,0.8513,2.6672,2.6672,2.6672,2.6672,2.6672,2.6672,2.6672,2.6672,2.6672,2.6672,2.6672,2.6672,2.6672,2.6672
2.6622,2.6622,2.6622,2.6622,2.6622,2.6622,2.6622,2.6622,2.6622,2.6622,2.6622,2.6622,2.6622,2.6622,2.6622,1.0092,1.7836,2.5578,2.6622,2.6622,2.6622,2.6622,2.6622,2.6622,2.6622,2.6622,2.6622
2.429,2.4919,2.6318,2.6573,2.6573,2.6573,2.6573,2.6573,2.6573,2.6573,2.6573,2.6573,2.6573,2.6573,2.1125,2.0434,1.8895,1.7352,1.5798,1.4244,1.2689,1.1134,0.9579,0.8024,0.6468,0.4913,0.3358
2.6524,2.6524,2.6524,2.6524,2.6524,2.6524,2.6524,2.6524,2.6524,2.6524,2.6524,2.2229,1.3901,1.8289,1.8048,1.8922,2.0866,2.2815,2.4778,2.6524,2.6524,2.6524,2.6524,2.6524,2.6524,2.6524,2.6524
2.6475,2.6475,2.6475,2.6475,2.6475,2.6475,2.6475,2.6475,2.6475,2.6475,2.6475,2.6475,2.6475,2.6475,2.6475,0.7564,1.3288,1.9055,2.482,2.6475,2.6475,2.6475,2.6475,2.6475,2.6475,2.6475,1.9994
2.6426,2.6426,2.6426,2.6426,2.6426,2.6426,2.6426,2.6426,2.6426,2.6426,2.2352,1.626,1.0168,2.6426,2.6426,2.6426,2.6426,2.6426,2.6426,2.6236,2.3372,2.0508,1.7643,1.4779,1.1914,0.9049,0.6185
2.6377,2.6377,2.6377,2.6377,2.6377,2.6377,2.6377,2.6377,2.6377,2.6377,2.6377,2.6377,2.6377,2.6377,0.7444,1.5476,1.7066,1.8661,2.0266,2.1871,2.3478,2.5085,2.6377,2.6377,2.6377,2.6377,2.6377
2.6329,2.6329,2.6329,2.6329,2.6329,2.6329,2.6329,2.6329,2.6329,2.6329,2.6329,2.6329,2.6329,2.6329,2.6329,1.5913,2.1372,1.9627,1.7869,1.6112,1.4353,1.2594,1.0835,0.9076,0.7317,0.5557,0.3798
2.628,2.628,2.628,2.628,2.628,2.628,2.628,2.628,2.628,2.5436,1.9988,1.454,0.9093,2.628,2.628,2.628,2.628,2.628,2.628,2.628,2.628,2.628,2.628,2.628,2.628,2.628,2.628
2.6232,2.6232,2.6232,2.6232,2.6232,2.6232,2.6232,2.6232,2.6232,2.6232,2.6232,2.6232,2.6232,2.6232,2.6232,0.807,1.4262,2.0453,2.6232,2.6232,2.6232,2.6232,2.6232,2.6232,2.6232,2.6232,2.6232
2.6184,2.6184,2.6184,2.6184,2.6184,2.6184,2.6184,2.6184,2.6184,2.6184,2.6184,2.6184,2.0521,0.7481,2.331,2.2547,2.085,1.9147,1.7432,1.5718,1.4002,1.2286,1.057,0.8854,0.7138,0.5421,0.3705
2.6137,2.6137,2.6137,2.6137,2.6137,2.6137,2.6137,2.6137,2.6137,2.6137,2.6137,2.6137,2.6137,1.014,1.5053,1.5782,1.7403,1.9029,2.0666,2.2303,2.3941,2.558,2.6137,2.6137,2.6137,2.6137,2.6137
2.6089,2.6089,2.6089,2.6089,2.6089,2.6089,2.6089,2.6089,2.6089,2.6089,2.6089,2.6089,2.6089,2.6089,2.6089,0.8584,1.517,2.1756,2.6089,2.6089,2.5703,2.2553,1.9403,1.6252,1.3102,0.9952,0.6802
2.6042,2.6042,2.6042,2.6042,2.6042,2.6042,2.6042,2.6042,2.6042,2.4649,1.9369,1.409,0.8811,2.6042,2.6042,2.6042,2.6042,2.6042,2.6042,2.6042,2.6042,2.6042,2.6042,2.6042,2.6042,2.2317,1.5252
2.5995,2.5995,2.5995,2.5995,2.5995,2.5995,2.5995,2.5995,2.5995,2.5995,2.5995,2.5995,2.5995,2.5995,2.5995,1.3106,2.0206,2.2094,2.3995,2.5896,2.5995,2.5995,2.5995,2.5995,2.5995,2.5995,2.5995
2.4667,2.5305,2.5948,2.5948,2.5948,2.5948,2.5948,2.5948,2.5948,2.5948,2.5948,2.5948,2.5948,2.5948,1.2137,2.0751,1.9188,1.7621,1.6043,1.4465,1.2886,1.1307,0.9728,0.8148,0.6569,0.4989,0.341
2.5901,2.5901,2.5901,2.5901,2.5901,2.5901,2.5901,2.5901,2.5901,2.5901,2.4621,1.7911,1.12,2.2801,2.25,2.359,2.5901,2.5901,2.5901,2.5901,2.5901,2.5901,2.5901,2.5901,2.5901,2.5901,2.5901
2.5854,2.5854,2.5854,2.5854,2.5854,2.5854,2.5854,2.5854,2.5854,2.5854,2.5854,2.5854,2.5854,2.5854,2.5854,0.7492,1.324,1.8987,2.4731,2.5854,2.5854,2.5854,2.5854,2.5854,2.5854,2.5854,2.5854
2.5807,2.5807,2.5807,2.5807,2.5807,2.5807,2.5807,2.5807,2.5807,2.5807,2.5807,1.9588,1.2249,2.5807,2.5807,2.5807,2.5807,2.4644,2.2437,2.023,1.8022,1.5813,1.3604,1.1396,0.9187,0.6978,0.4769
2.5761,2.5761,2.5761,2.5761,2.5761,2.5761,2.5761,2.5761,2.5761,2.5761,2.5761,2.5761,2.5761,2.5761,1.4429,1.5128,1.6682,1.8241,1.981,2.1379,2.295,2.4521,2.5761,2.5761,2.5761,2.5761,2.5761
2.5715,2.5715,2.5715,2.5715,2.5715,2.5715,2.5715,2.5715,2.5715,2.5715,2.5715,2.5715,2.5715,2.5715,2.5715,1.1614,2.0525,2.2953,2.0898,1.8843,1.6785,1.4728,1.2671,1.0614,0.8557,0.6499,0.4442
2.5669,2.5669,2.5669,2.5669,2.5669,2.5669,2.5669,2.5669,2.5669,2.4379,1.9157,1.3936,0.8715,2.5669,2.5669,2.5669,2.5669,2.5669,2.5669,2.5669,2.5669,2.5669,2.5669,2.5669,2.5669,2.5669,2.5669
2.5623,2.5623,2.5623,2.5623,2.5623,2.5623,2.5623,2.5623,2.5623,2.5623,2.5623,2.5623,2.5623,2.5623,2.5623,0.9193,1.6247,2.33,2.5623,2.5623,2.5623,2.5623,2.5623,2.5623,2.5623,2.5623,2.5623
2.5166,2.5577,2.5577,2.5577,2.5577,2.5577,2.5577,2.5577,2.5577,2.5577,2.5577,2.5577,2.5577,1.468,2.1887,2.1171,1.9577,1.7978,1.6368,1.4758,1.3147,1.1536,0.9924,0.8313,0.6702,0.509,0.3479
2.5532,2.5532,2.5532,2.5532,2.5532,2.5532,2.5532,2.5532,2.5532,2.5532,2.5532,2.5532,1.7228,0.7295,1.6745,1.7555,1.9359,2.1168,2.2989,2.481,2.5532,2.5532,2.5532,2.5532,2.5532,2.5532,2.5532
2.5486,2.5486,2.5486,2.5486,2.5486,2.5486,2.5486,2.5486,2.5486,2.5486,2.5486,2.5486,2.5486,2.5486,2.5486,0.7886,1.3937,1.9986,2.5486,2.5486,2.5486,2.5486,2.5486,2.5486,2.2036,1.6738,1.1439
2.5441,2.5441,2.5441,2.5441,2.5441,2.5441,2.5441,2.5441,2.5441,2.5441,2.1078,1.5333,0.9589,2.5441,2.5441,2.5441,2.5441,2.5441,2.5441,2.5441,2.5441,2.5441,2.2845,1.9136,1.5426,1.1717,0.8008
2.5396,2.5396,2.5396,2.5396,2.5396,2.5396,2.5396,2.5396,2.5396,2.5396,2.5396,2.5396,2.5396,2.5396,0.7256,1.6442,1.813,1.9825,2.153,2.3236,2.4943,2.5396,2.5396,2.5396,2.5396,2.5396,2.5396
2.5351,2.5351,2.5351,2.5351,2.5351,2.5351,2.5351,2.5351,2.5351,2.5351,2.5351,2.5351,2.5351,2.5351,0.7243,2.1892,2.0455,1.8784,1.7102,1.542,1.3736,1.2053,1.0369,0.8686,0.7002,0.5319,0.3635
2.5306,2.5306,2.5306,2.5306,2.5306,2.5306,2.5306,2.5306,2.5306,2.5306,2.1525,1.5659,0.9792,2.5306,2.5306,2.5306,2.5306,2.5306,2.5306,2.5306,2.5306,2.5306,2.5306,2.5306,2.5306,2.5306,2.5306
2.5262,2.5262,2.5262,2.5262,2.5262,2.5262,2.5262,2.5262,2.5262,2.5262,2.5262,2.5262,2.5262,2.5262,2.5262,0.783,1.3838,1.9844,2.5262,2.5262,2.5262,2.5262,2.5262,2.5262,2.5262,2.5262,2.5262
2.5217,2.5217,2.5217,2.5217,2.5217,2.5217,2.5217,2.5217,2.5217,2.5217,2.5217,2.5217,1.6276,0.7205,2.5217,2.464,2.2785,2.0923,1.905,1.7176,1.5301,1.3426,1.1551,0.9675,0.78,0.5925,0.4049
2.5173,2.5173,2.5173,2.5173,2.5173,2.5173,2.5173,2.5173,2.5173,2.5173,2.5173,2.5173,2.5173,1.79,1.4794,1.551,1.7103,1.8701,2.031,2.1919,2.353,2.514,2.5173,2.5173,2.5173,2.5173,2.5173
2.5129,2.5129,2.5129,2.5129,2.5129,2.5129,2.5129,2.5129,2.5129,2.5129,2.5129,2.5129,2.5129,2.5129,2.5129,0.9533,1.6848,2.4161,2.5129,2.3938,2.1325,1.8712,1.6098,1.3484,1.0871,0.8257,0.5643
2.5085,2.5085,2.5085,2.5085,2.5085,2.5085,2.5085,2.5085,2.5085,2.4525,1.9272,1.4019,0.8767,2.5085,2.5085,2.5085,2.5085,2.5085,2.5085,2.5085,2.5085,2.5085,2.5085,2.5085,2.5085,2.5085,2.5085
2.5041,2.5041,2.5041,2.5041,2.5041,2.5041,2.5041,2.5041,2.5041,2.5041,2.5041,2.5041,2.5041,2.5041,2.5041,1.1254,1.989,2.4986,2.5041,2.5041,2.5041,2.5041,2.5041,2.5041,2.5041,2.5041,2.5041
2.4839,2.4997,2.4997,2.4997,2.4997,2.4997,2.4997,2.4997,2.4997,2.4997,2.4997,2.4997,2.4997,2.4997,2.1603,2.0896,1.9322,1.7744,1.6155,1.4566,1.2976,1.1386,0.9795,0.8205,0.6615,0.5024,0.3434
2.4954,2.4954,2.4954,2.4954,2.4954,2.4954,2.4954,2.4954,2.4954,2.4954,2.4954,2.0681,1.2933,2.0126,1.9861,2.0822,2.2961,2.4954,2.4954,2.4954,2.4954,2.4954,2.4954,2.4954,2.4954,2.4954,2.4954
2.4911,2.4911,2.4911,2.4911,2.4911,2.4911,2.4911,2.4911,2.4911,2.4911,2.4911,2.4911,2.4911,2.4911,2.4911,0.7634,1.3491,1.9348,2.4911,2.4911,2.4911,2.4911,2.4911,2.4911,2.4911,2.4911,2.4911
2.4867,2.4867,2.4867,2.4867,2.4867,2.4867,2.4867,2.4867,2.4867,2.4867,2.4317,1.7689,1.1062,2.4867,2.4867,2.4867,2.4867,2.4867,2.4867,2.3943,2.1329,1.8715,1.6101,1.3487,1.0873,0.8259,0.5644
2.4824,2.4824,2.4824,2.4824,2.4824,2.4824,2.4824,2.4824,2.4824,2.4824,2.4824,2.4824,2.4824,2.4824,0.9694,1.56,1.7202,1.8809,2.0427,2.2046,2.3665,2.4824,2.4824,2.4824,2.4824,2.4824,2.4824
2.4781,2.4781,2.4781,2.4781,2.4781,2.4781,2.4781,2.4781,2.4781,2.4781,2.4781,2.4781,2.4781,2.4781,2.4781,1.4166,2.3018,2.1138,1.9245,1.7353,1.5458,1.3564,1.1669,0.9775,0.788,0.5985,0.4091
2.4739,2.4739,2.4739,2.4739,2.4739,2.4739,2.4739,2.4739,2.4739,2.4739,1.9995,1.4546,0.9096,2.4739,2.4739,2.4739,2.4739,2.4739,2.4739,2.4739,2.4739,2.4739,2.4739,2.4739,2.4739,2.4739,2.4739
2.4696,2.4696,2.4696,2.4696,2.4696,2.4696,2.4696,2.4696,2.4696,2.4696,2.4696,2.4696,2.4696,2.4696,2.4696,0.8613,1.5222,2.1829,2.4696,2.4696,2.4696,2.4696,2.4696,2.4696,2.4696,2.4696,2.4696
2.4653,2.4653,2.4653,2.4653,2.4653,2.4653,2.4653,2.4653,2.4653,2.4653,2.4653,2.4653,2.4653,0.9313,2.3133,2.2375,2.0691,1.9,1.7299,1.5598,1.3895,1.2192,1.0489,0.8786,0.7083,0.538,0.3677
2.4611,2.4611,2.4611,2.4611,2.4611,2.4611,2.4611,2.4611,2.4611,2.4611,2.4611,2.4611,2.2991,0.8304,1.5932,1.6703,1.8419,2.014,2.1873,2.3606,2.4611,2.4611,2.4611,2.4611,2.4611,2.4611,2.4611
2.4569,2.4569,2.4569,2.4569,2.4569,2.4569,2.4569,2.4569,2.4569,2.4569,2.4569,2.4569,2.4569,2.4569,2.4569,0.8445,1.4925,2.1404,2.4569,2.4569,2.4569,2.4569,2.3387,1.959,1.5793,1.1996,0.8198
2.4527,2.4527,2.4527,2.4527,2.4527,2.4527,2.4527,2.4527,2.4527,2.4527,2.0341,1.4797,0.9253,2.4527,2.4527,2.4527,2.4527,2.4527,2.4527,2.4527,2.4527,2.4527,2.4527,2.4527,2.2176,1.6844,1.1512
2.4485,2.4485,2.4485,2.4485,2.4485,2.4485,2.4485,2.4485,2.4485,2.4485,2.4485,2.4485,2.4485,2.4485,2.4485,1.534,1.9692,2.1533,2.3385,2.4485,2.4485,2.4485,2.4485,2.4485,2.4485,2.4485,2.4485
2.4443,2.4443,2.4443,2.4443,2.4443,2.4443,2.4443,2.4443,2.4443,2.4443,2.4443,2.4443,2.4443,2.4443,0.7781,2.1631,2.0002,1.8368,1.6724,1.5079,1.3433,1.1786,1.014,0.8494,0.6847,0.5201,0.3555
2.4402,2.4402,2.4402,2.4402,2.4402,2.4402,2.4402,2.4402,2.4402,2.4402,2.3742,1.7271,1.08,2.4402,2.4402,2.4402,2.4402,2.4402,2.4402,2.4402,2.4402,2.4402,2.4402,2.4402,2.4402,2.4402,2.4402
2.436,2.436,2.436,2.436,2.436,2.436,2.436,2.436,2.436,2.436,2.436,2.436,2.436,2.436,2.436,0.7753,1.3703,1.965,2.436,2.436,2.436,2.436,2.436,2.436,2.436,2.436,2.436
2.4319,2.4319,2.4319,2.4319,2.4319,2.4319,2.4319,2.4319,2.4319,2.4319,2.4319,2.2034,1.3779,2.4319,2.4319,2.4319,2.4319,2.3477,2.1375,1.9272,1.7168,1.5064,1.296,1.0856,0.8752,0.6647,0.4543
2.4278,2.4278,2.4278,2.4278,2.4278,2.4278,2.4278,2.4278,2.4278,2.4278,2.4278,2.4278,2.4278,2.4278,1.4828,1.5546,1.7143,1.8745,2.0357,2.197,2.3584,2.4278,2.4278,2.4278,2.4278,2.4278,2.4278
2.4237,2.4237,2.4237,2.4237,2.4237,2.4237,2.4237,2.4237,2.4237,2.4237,2.4237,2.4237,2.4237,2.4237,2.4237,1.0906,1.9275,2.4237,2.3171,2.0892,1.8612,1.6331,1.405,1.1769,0.9487,0.7206,0.4925
2.4196,2.4196,2.4196,2.4196,2.4196,2.4196,2.4196,2.4196,2.4196,2.4196,1.9548,1.422,0.8892,2.4196,2.4196,2.4196,2.4196,2.4196,2.4196,2.4196,2.4196,2.4196,2.4196,2.4196,2.4196,2.4196,2.4196
2.4155,2.4155,2.4155,2.4155,2.4155,2.4155,2.4155,2.4155,2.4155,2.4155,2.4155,2.4155,2.4155,2.4155,2.4155,1.007,1.7796,2.4155,2.4155,2.4155,2.4155,2.4155,2.4155,2.4155,2.4155,2.4155,2.4155
2.4114,2.4114,2.4114,2.4114,2.4114,2.4114,2.4114,2.4114,2.4114,2.4114,2.4114,2.4114,2.4114,2.4114,2.2173,2.1447,1.9833,1.8213,1.6582,1.4951,1.3319,1.1687,1.0054,0.8422,0.6789,0.5157,0.3525
2.4074,2.4074,2.4074,2.4074,2.4074,2.4074,2.4074,2.4074,2.4074,2.4074,2.4074,2.4074,1.5555,0.6878,1.8147,1.9025,2.0979,2.294,2.4074,2.4074,2.4074,2.4074,2.4074,2.4074,2.4074,2.4074,2.4074
2.4034,2.4034,2.4034,2.4034,2.4034,2.4034,2.4034,2.4034,2.4034,2.4034,2.4034,2.4034,2.4034,2.4034,2.4034,0.793,1.4015,2.0098,2.4034,2.4034,2.4034,2.4034,2.4034,2.4034,2.4034,2.3516,1.6072
2.3993,2.3993,2.3993,2.3993,2.3993,2.3993,2.3993,2.3993,2.3993,2.3993,2.2627,1.646,1.0293,2.3993,2.3993,2.3993,2.3993,2.3993,2.3993,2.3993,2.3993,2.329,2.0037,1.6784,1.353,1.0277,0.7024
2.3953,2.3953,2.3953,2.3953,2.3953,2.3953,2.3953,2.3953,2.3953,2.3953,2.3953,2.3953,2.3953,2.3953,0.6844,1.6406,1.8091,1.9781,2.1483,2.3185,2.3953,2.3953,2.3953,2.3953,2.3953,2.3953,2.3953
2.3913,2.3913,2.3913,2.3913,2.3913,2.3913,2.3913,2.3913,2.3913,2.3913,2.3913,2.3913,2.3913,2.3913,0.6832,1.8431,2.1768,1.999,1.82,1.641,1.4619,1.2827,1.1036,0.9244,0.7452,0.566,0.3869
2.3873,2.3873,2.3873,2.3873,2.3873,2.3873,2.3873,2.3873,2.3873,2.3873,2.1301,1.5495,0.969,2.3873,2.3873,2.3873,2.3873,2.3873,2.3873,2.3873,2.3873,2.3873,2.3873,2.3873,2.3873,2.3873,2.3873
2.3834,2.3834,2.3834,2.3834,2.3834,2.3834,2.3834,2.3834,2.3834,2.3834,2.3834,2.3834,2.3834,2.3834,2.3834,0.8266,1.4609,2.095,2.3834,2.3834,2.3834,2.3834,2.3834,2.3834,2.3834,2.3834,2.3834
2.3794,2.3794,2.3794,2.3794,2.3794,2.3794,2.3794,2.3794,2.3794,2.3794,2.3794,2.3794,1.9326,0.698,2.3794,2.3794,2.2344,2.0519,1.8682,1.6844,1.5005,1.3166,1.1327,0.9488,0.7649,0.581,0.3971
2.3755,2.3755,2.3755,2.3755,2.3755,2.3755,2.3755,2.3755,2.3755,2.3755,2.3755,2.3755,2.3755,1.2624,1.55,1.6251,1.792,1.9595,2.128,2.2966,2.3755,2.3755,2.3755,2.3755,2.3755,2.3755,2.3755
2.3715,2.3715,2.3715,2.3715,2.3715,2.3715,2.3715,2.3715,2.3715,2.3715,2.3715,2.3715,2.3715,2.3715,2.3715,0.9256,1.6358,2.3458,2.3715,2.3715,2.3715,2.1667,1.864,1.5614,1.2588,0.9561,0.6535
2.3676,2.3676,2.3676,2.3676,2.3676,2.3676,2.3676,2.3676,2.3676,2.3676,2.0046,1.4583,0.9119,2.3676,2.3676,2.3676,2.3676,2.3676,2.3676,2.3676,2.3676,2.3676,2.3676,2.3676,2.3676,2.3676,2.0616
2.3637,2.3637,2.3637,2.3637,2.3637,2.3637,2.3637,2.3637,2.3637,2.3637,2.3637,2.3637,2.3637,2.3637,2.3637,1.2781,2.1935,2.3637,2.3637,2.3637,2.3637,2.3637,2.3637,2.3637,2.3637,2.3637,2.3637
2.3598,2.3598,2.3598,2.3598,2.3598,2.3598,2.3598,2.3598,2.3598,2.3598,2.3598,2.3598,2.3598,2.3598,2.0338,2.1581,1.9956,1.8326,1.6685,1.5044,1.3402,1.1759,1.0117,0.8474,0.6832,0.5189,0.3546
2.356,2.356,2.356,2.356,2.356,2.356,2.356,2.356,2.356,2.356,2.356,1.9593,1.2252,2.2499,2.2202,2.3277,2.356,2.356,2.356,2.356,2.356,2.356,2.356,2.356,2.356,2.356,2.356
2.3521,2.3521,2.3521,2.3521,2.3521,2.3521,2.3521,2.3521,2.3521,2.3521,2.3521,2.3521,2.3521,2.3521,2.3521,0.7829,1.3836,1.9842,2.3521,2.3521,2.3521,2.3521,2.3521,2.3521,2.3521,2.3521,2.3521
2.3482,2.3482,2.3482,2.3482,2.3482,2.3482,2.3482,2.3482,2.3482,2.3482,2.3482,1.9517,1.2205,2.3482,2.3482,2.3482,2.3482,2.3482,2.3482,2.2328,1.989,1.7453,1.5015,1.2577,1.0139,0.7701,0.5264
2.3444,2.3444,2.3444,2.3444,2.3444,2.3444,2.3444,2.3444,2.3444,2.3444,2.3444,2.3444,2.3444,2.3444,1.5151,1.5885,1.7516,1.9153,2.0801,2.2449,2.3444,2.3444,2.3444,2.3444,2.3444,2.3444,2.3444
2.3406,2.3406,2.3406,2.3406,2.3406,2.3406,2.3406,2.3406,2.3406,2.3406,2.3406,2.3406,2.3406,2.3406,2.3406,1.2955,2.2895,2.3059,2.0994,1.8929,1.6863,1.4796,1.273,1.0663,0.8596,0.6529,0.4462
2.3368,2.3368,2.3368,2.3368,2.3368,2.3368,2.3368,2.3368,2.3368,2.3368,2.0213,1.4704,0.9195,2.3368,2.3368,2.3368,2.3368,2.3368,2.3368,2.3368,2.3368,2.3368,2.3368,2.3368,2.3368,2.3368,2.3368
2.333,2.333,2.333,2.333,2.333,2.333,2.333,2.333,2.333,2.333,2.333,2.333,2.333,2.333,2.333,0.9302,1.644,2.333,2.333,2.333,2.333,2.333,2.333,2.333,2.333,2.333,2.333
2.3292,2.3292,2.3292,2.3292,2.3292,2.3292,2.3292,2.3292,2.3292,2.3292,2.3292,2.3292,2.3292,1.2469,2.3208,2.2448,2.0758,1.9063,1.7356,1.5649,1.394,1.2232,1.0523,0.8815,0.7106,0.5398,0.3689
2.3254,2.3254,2.3254,2.3254,2.3254,2.3254,2.3254,2.3254,2.3254,2.3254,2.3254,2.3254,1.9807,0.7154,1.7053,1.7879,1.9715,2.1557,2.3254,2.3254,2.3254,2.3254,2.3254,2.3254,2.3254,2.3254,2.3254
2.3216,2.3216,2.3216,2.3216,2.3216,2.3216,2.3216,2.3216,2.3216,2.3216,2.3216,2.3216,2.3216,2.3216,2.3216,0.8405,1.4855,2.1303,2.3216,2.3216,2.3216,2.3216,2.3216,2.3216,1.9856,1.5082,1.0308
2.3179,2.3179,2.3179,2.3179,2.3179,2.3179,2.3179,2.3179,2.3179,2.3179,2.1593,1.5708,0.9823,2.3179,2.3179,2.3179,2.3179,2.3179,2.3179,2.3179,2.3179,2.3179,2.3179,2.2524,1.8158,1.3792,0.9426
2.3141,2.3141,2.3141,2.3141,2.3141,2.3141,2.3141,2.3141,2.3141,2.3141,2.3141,2.3141,2.3141,2.3141,0.6612,1.7621,1.9431,2.1246,2.3074,2.3141,2.3141,2.3141,2.3141,2.3141,2.3141,2.3141,2.3141
2.3104,2.3104,2.3104,2.3104,2.3104,2.3104,2.3104,2.3104,2.3104,2.3104,2.3104,2.3104,2.3104,2.3104,0.6601,2.2784,2.1069,1.9348,1.7616,1.5883,1.4149,1.2415,1.0681,0.8947,0.7213,0.5478,0.3744
2.3067,2.3067,2.3067,2.3067,2.3067,2.3067,2.3067,2.3067,2.3067,2.3067,2.3067,1.6881,1.0556,2.3067,2.3067,2.3067,2.3067,2.3067,2.3067,2.3067,2.3067,2.3067,2.3067,2.3067,2.3067,2.3067,2.3067
2.303,2.303,2.303,2.303,2.303,2.303,2.303,2.303,2.303,2.303,2.303,2.303,2.303,2.303,2.303,0.8107,1.4327,2.0546,2.303,2.303,2.303,2.303,2.303,2.303,2.303,2.303,2.303
2.2993,2.2993,2.2993,2.2993,2.2993,2.2993,2.2993,2.2993,2.2993,2.2993,2.2993,2.2993,1.5811,0.6569,2.2993,2.2993,2.2993,2.2703,2.067,1.8637,1.6602,1.4568,1.2533,1.0498,0.8463,0.6428,0.4393
2.2956,2.2956,2.2956,2.2956,2.2956,2.2956,2.2956,2.2956,2.2956,2.2956,2.2956,2.2956,2.2956,2.2956,1.5393,1.6139,1.7796,1.9459,2.1133,2.2808,2.2956,2.2956,2.2956,2.2956,2.2956,2.2956,2.2956
2.2919,2.2919,2.2919,2.2919,2.2919,2.2919,2.2919,2.2919,2.2919,2.2919,2.2919,2.2919,2.2919,2.2919,2.2919,1.0419,1.8413,2.2919,2.2919,2.2919,2.0991,1.8418,1.5846,1.3273,1.07,0.8128,0.5555
2.2883,2.2883,2.2883,2.2883,2.2883,2.2883,2.2883,2.2883,2.2883,2.2883,2.0151,1.4659,0.9167,2.2883,2.2883,2.2883,2.2883,2.2883,2.2883,2.2883,2.2883,2.2883,2.2883,2.2883,2.2883,2.2883,2.2883
2.2846,2.2846,2.2846,2.2846,2.2846,2.2846,2.2846,2.2846,2.2846,2.2846,2.2846,2.2846,2.2846,2.2846,2.2846,1.1196,1.9787,2.2846,2.2846,2.2846,2.2846,2.2846,2.2846,2.2846,2.2846,2.2846,2.2846
2.281,2.281,2.281,2.281,2.281,2.281,2.281,2.281,2.281,2.281,2.281,2.281,2.281,2.281,2.2697,2.1954,2.0301,1.8642,1.6973,1.5304,1.3633,1.1962,1.0291,0.8621,0.695,0.5279,0.3608
2.2774,2.2774,2.2774,2.2774,2.2774,2.2774,2.2774,2.2774,2.2774,2.2774,2.2774,2.2774,1.4392,0.6507,1.9935,2.09,2.2774,2.2774,2.2774,2.2774,2.2774,2.2774,2.2774,2.2774,2.2774,2.2774,2.2774
2.2738,2.2738,2.2738,2.2738,2.2738,2.2738,2.2738,2.2738,2.2738,2.2738,2.2738,2.2738,2.2738,2.2738,2.2738,0.8059,1.4243,2.0426,2.2738,2.2738,2.2738,2.2738,2.2738,2.2738,2.2738,2.2738,2.2738
2.2702,2.2702,2.2702,2.2702,2.2702,2.2702,2.2702,2.2702,2.2702,2.2702,2.2702,1.7892,1.1189,2.2702,2.2702,2.2702,2.2702,2.2702,2.2702,2.2702,2.2702,2.1075,1.8131,1.5187,1.2244,0.93,0.6356
2.2666,2.2666,2.2666,2.2666,2.2666,2.2666,2.2666,2.2666,2.2666,2.2666,2.2666,2.2666,2.2666,2.2666,0.7888,1.655,1.825,1.9955,2.1672,2.2666,2.2666,2.2666,2.2666,2.2666,2.2666,2.2666,2.2666
2.263,2.263,2.263,2.263,2.263,2.263,2.263,2.263,2.263,2.263,2.263,2.263,2.263,2.263,2.263,1.6193,2.263,2.1526,1.9599,1.7671,1.5742,1.3813,1.1883,0.9954,0.8025,0.6095,0.4166
2.2594,2.2594,2.2594,2.2594,2.2594,2.2594,2.2594,2.2594,2.2594,2.2594,2.1322,1.551,0.9699,2.2594,2.2594,2.2594,2.2594,2.2594,2.2594,2.2594,2.2594,2.2594,2.2594,2.2594,2.2594,2.2594,2.2594
2.2559,2.2559,2.2559,2.2559,2.2559,2.2559,2.2559,2.2559,2.2559,2.2559,2.2559,2.2559,2.2559,2.2559,2.2559,0.8825,1.5597,2.2367,2.2559,2.2559,2.2559,2.2559,2.2559,2.2559,2.2559,2.2559,2.2559
2.2523,2.2523,2.2523,2.2523,2.2523,2.2523,2.2523,2.2523,2.2523,2.2523,2.2523,2.2523,2.2523,0.8589,2.2523,2.2523,2.2181,2.0369,1.8546,1.6722,1.4896,1.307,1.1245,0.9419,0.7593,0.5768,0.3942
2.2488,2.2488,2.2488,2.2488,2.2488,2.2488,2.2488,2.2488,2.2488,2.2488,2.2488,2.2488,2.2488,0.9967,1.6417,1.7212,1.898,2.0754,2.2488,2.2488,2.2488,2.2488,2.2488,2.2488,2.2488,2.2488,2.2488
2.2453,2.2453,2.2453,2.2453,2.2453,2.2453,2.2453,2.2453,2.2453,2.2453,2.2453,2.2453,2.2453,2.2453,2.2453,0.9105,1.6092,2.2453,2.2453,2.2453,2.2453,2.2453,2.218,1.8579,1.4978,1.1377,0.7775
2.2418,2.2418,2.2418,2.2418,2.2418,2.2418,2.2418,2.2418,2.2418,2.2418,2.1073,1.5329,0.9586,2.2418,2.2418,2.2418,2.2418,2.2418,2.2418,2.2418,2.2418,2.2418,2.2418,2.2418,2.2418,2.1159,1.4461
2.2383,2.2383,2.2383,2.2383,2.2383,2.2383,2.2383,2.2383,2.2383,2.2383,2.2383,2.2383,2.2383,2.2383,2.2383,1.4836,2.1364,2.2383,2.2383,2.2383,2.2383,2.2383,2.2383,2.2383,2.2383,2.2383,2.2383
2.2348,2.2348,2.2348,2.2348,2.2348,2.2348,2.2348,2.2348,2.2348,2.2348,2.2348,2.2348,2.2348,2.2348,1.065,2.2348,2.0827,1.9126,1.7413,1.5701,1.3987,1.2273,1.0558,0.8844,0.713,0.5416,0.3701
2.2313,2.2313,2.2313,2.2313,2.2313,2.2313,2.2313,2.2313,2.2313,2.2313,2.2313,1.8866,1.1798,2.2313,2.2313,2.2313,2.2313,2.2313,2.2313,2.2313,2.2313,2.2313,2.2313,2.2313,2.2313,2.2313,2.2313
2.2278,2.2278,2.2278,2.2278,2.2278,2.2278,2.2278,2.2278,2.2278,2.2278,2.2278,2.2278,2.2278,2.2278,2.2278,0.8113,1.4338,2.0562,2.2278,2.2278,2.2278,2.2278,2.2278,2.2278,2.2278,2.2278,2.2278
2.2244,2.2244,2.2244,2.2244,2.2244,2.2244,2.2244,2.2244,2.2244,2.2244,2.2244,2.1883,1.3684,0.6355,2.2244,2.2244,2.2244,2.2244,2.2244,2.1216,1.89,1.6584,1.4267,1.1951,0.9635,0.7318,0.5002
2.2209,2.2209,2.2209,2.2209,2.2209,2.2209,2.2209,2.2209,2.2209,2.2209,2.2209,2.2209,2.2209,2.2209,1.5591,1.6346,1.8025,1.971,2.1405,2.2209,2.2209,2.2209,2.2209,2.2209,2.2209,2.2209,2.2209
2.2175,2.2175,2.2175,2.2175,2.2175,2.2175,2.2175,2.2175,2.2175,2.2175,2.2175,2.2175,2.2175,2.2175,2.2175,1.2115,2.1412,2.2175,2.2175,2.095,1.8663,1.6376,1.4089,1.1801,0.9514,0.7226,0.4939
2.2141,2.2141,2.2141,2.2141,2.2141,2.2141,2.2141,2.2141,2.2141,2.2141,2.0654,1.5025,0.9396,2.2141,2.2141,2.2141,2.2141,2.2141,2.2141,2.2141,2.2141,2.2141,2.2141,2.2141,2.2141,2.2141,2.2141
2.2106,2.2106,2.2106,2.2106,2.2106,2.2106,2.2106,2.2106,2.2106,2.2106,2.2106,2.2106,2.2106,2.2106,2.2106,1.0181,1.7993,2.2106,2.2106,2.2106,2.2106,2.2106,2.2106,2.2106,2.2106,2.2106,2.2106
2.2072,2.2072,2.2072,2.2072,2.2072,2.2072,2.2072,2.2072,2.2072,2.2072,2.2072,2.2072,2.2072,1.8593,2.2072,2.2072,2.1057,1.9337,1.7606,1.5874,1.4141,1.2408,1.0675,0.8942,0.7209,0.5475,0.3742
2.2038,2.2038,2.2038,2.2038,2.2038,2.2038,2.2038,2.2038,2.2038,2.2038,2.2038,2.2038,1.7703,0.6394,1.848,1.9375,2.1365,2.2038,2.2038,2.2038,2.2038,2.2038,2.2038,2.2038,2.2038,2.2038,2.2038
2.2005,2.2005,2.2005,2.2005,2.2005,2.2005,2.2005,2.2005,2.2005,2.2005,2.2005,2.2005,2.2005,2.2005,2.2005,0.8462,1.4955,2.1447,2.2005,2.2005,2.2005,2.2005,2.2005,2.2005,2.2005,2.0183,1.3794
2.1971,2.1971,2.1971,2.1971,2.1971,2.1971,2.1971,2.1971,2.1971,2.1971,2.1971,1.6871,1.055,2.1971,2.1971,2.1971,2.1971,2.1971,2.1971,2.1971,2.1971,2.1971,2.1971,1.9436,1.5669,1.1901,0.8134
2.1937,2.1937,2.1937,2.1937,2.1937,2.1937,2.1937,2.1937,2.1937,2.1937,2.1937,2.1937,2.1937,2.1937,0.6268,1.7598,1.9406,2.1219,2.1937,2.1937,2.1937,2.1937,2.1937,2.1937,2.1937,2.1937,2.1937
2.1904,2.1904,2.1904,2.1904,2.1904,2.1904,2.1904,2.1904,2.1904,2.1904,2.1904,2.1904,2.1904,2.1904,0.6258,2.1863,2.1904,2.0611,1.8766,1.692,1.5073,1.3225,1.1378,0.9531,0.7683,0.5836,0.3989
2.187,2.187,2.187,2.187,2.187,2.187,2.187,2.187,2.187,2.187,2.187,1.6714,1.0452,2.187,2.187,2.187,2.187,2.187,2.187,2.187,2.187,2.187,2.187,2.187,2.187,2.187,2.187
2.1837,2.1837,2.1837,2.1837,2.1837,2.1837,2.1837,2.1837,2.1837,2.1837,2.1837,2.1837,2.1837,2.1837,2.1837,0.857,1.5146,2.172,2.1837,2.1837,2.1837,2.1837,2.1837,2.1837,2.1837,2.1837,2.1837
2.1804,2.1804,2.1804,2.1804,2.1804,2.1804,2.1804,2.1804,2.1804,2.1804,2.1804,2.1804,1.8593,0.6715,2.1804,2.1804,2.1804,2.1804,2.0272,1.8278,1.6283,1.4287,1.2292,1.0296,0.83,0.6305,0.4309
2.1771,2.1771,2.1771,2.1771,2.1771,2.1771,2.1771,2.1771,2.1771,2.1771,2.1771,2.1771,2.1771,1.6516,1.6154,1.6936,1.8676,2.0421,2.1771,2.1771,2.1771,2.1771,2.1771,2.1771,2.1771,2.1771,2.1771
2.1738,2.1738,2.1738,2.1738,2.1738,2.1738,2.1738,2.1738,2.1738,2.1738,2.1738,2.1738,2.1738,2.1738,2.1738,1.011,1.7867,2.1738,2.1738,2.1738,2.1738,2.1199,1.8238,1.5277,1.2316,0.9355,0.6393
2.1705,2.1705,2.1705,2.1705,2.1705,2.1705,2.1705,2.1705,2.1705,2.1705,2.0996,1.5274,0.9551,2.1705,2.1705,2.1705,2.1705,2.1705,2.1705,2.1705,2.1705,2.1705,2.1705,2.1705,2.1705,2.1705,2.1705
2.1672,2.1672,2.1672,2.1672,2.1672,2.1672,2.1672,2.1672,2.1672,2.1672,2.1672,2.1672,2.1672,2.1672,2.1672,1.2668,2.1672,2.1672,2.1672,2.1672,2.1672,2.1672,2.1672,2.1672,2.1672,2.1672,2.1672
2.1639,2.1639,2.1639,2.1639,2.1639,2.1639,2.1639,2.1639,2.1639,2.1639,2.1639,2.1639,2.1639,2.1639,2.1639,2.1639,2.1005,1.9289,1.7562,1.5835,1.4106,1.2377,1.0648,0.892,0.7191,0.5462,0.3733
2.1607,2.1607,2.1607,2.1607,2.1607,2.1607,2.1607,2.1607,2.1607,2.1607,2.1607,2.1607,1.3595,0.6173,2.1607,2.1607,2.1607,2.1607,2.1607,2.1607,2.1607,2.1607,2.1607,2.1607,2.1607,2.1607,2.1607
2.1574,2.1574,2.1574,2.1574,2.1574,2.1574,2.1574,2.1574,2.1574,2.1574,2.1574,2.1574,2.1574,2.1574,2.1574,0.828,1.4634,2.0986,2.1574,2.1574,2.1574,2.1574,2.1574,2.1574,2.1574,2.1574,2.1574
2.1542,2.1542,2.1542,2.1542,2.1542,2.1542,2.1542,2.1542,2.1542,2.1542,2.1542,1.9725,1.2335,0.6155,2.1542,2.1542,2.1542,2.1542,2.1542,2.1542,2.1542,1.9559,1.6827,1.4095,1.1363,0.8631,0.5899
2.1509,2.1509,2.1509,2.1509,2.1509,2.1509,2.1509,2.1509,2.1509,2.1509,2.1509,2.1509,2.1509,2.1509,1.2872,1.6883,1.8618,2.0357,2.1509,2.1509,2.1509,2.1509,2.1509,2.1509,2.1509,2.1509,2.1509
2.1477,2.1477,2.1477,2.1477,2.1477,2.1477,2.1477,2.1477,2.1477,2.1477,2.1477,2.1477,2.1477,2.1477,2.1477,1.4694,2.1477,2.1477,2.1382,1.9279,1.7174,1.507,1.2965,1.086,0.8755,0.665,0.4545
2.1445,2.1445,2.1445,2.1445,2.1445,2.1445,2.1445,2.1445,2.1445,2.1445,2.1445,1.5707,0.9822,2.1445,2.1445,2.1445,2.1445,2.1445,2.1445,2.1445,2.1445,2.1445,2.1445,2.1445,2.1445,2.1445,2.1445
2.1413,2.1413,2.1413,2.1413,2.1413,2.1413,2.1413,2.1413,2.1413,2.1413,2.1413,2.1413,2.1413,2.1413,2.1413,0.9539,1.6858,2.1413,2.1413,2.1413,2.1413,2.1413,2.1413,2.1413,2.1413,2.1413,2.1413
2.1381,2.1381,2.1381,2.1381,2.1381,2.1381,2.1381,2.1381,2.1381,2.1381,2.1381,2.1381,2.1381,1.1114,2.1381,2.1381,2.1381,2.0468,1.8635,1.6802,1.4968,1.3134,1.1299,0.9465,0.763,0.5796,0.3961
2.1349,2.1349,2.1349,2.1349,2.1349,2.1349,2.1349,2.1349,2.1349,2.1349,2.1349,2.1349,2.1349,0.841,1.7595,1.8447,2.0342,2.1349,2.1349,2.1349,2.1349,2.1349,2.1349,2.1349,2.1349,2.1349,2.1349
2.1317,2.1317,2.1317,2.1317,2.1317,2.1317,2.1317,2.1317,2.1317,2.1317,2.1317,2.1317,2.1317,2.1317,2.1317,0.9074,1.6036,2.1317,2.1317,2.1317,2.1317,2.1317,2.1317,2.1317,1.847,1.4029,0.9588
2.1286,2.1286,2.1286,2.1286,2.1286,2.1286,2.1286,2.1286,2.1286,2.1286,2.1286,1.63,1.0193,2.1286,2.1286,2.1286,2.1286,2.1286,2.1286,2.1286,2.1286,2.1286,2.1286,2.1286,2.1286,1.6698,1.1413
2.1254,2.1254,2.1254,2.1254,2.1254,2.1254,2.1254,2.1254,2.1254,2.1254,2.1254,2.1254,2.1254,2.1254,0.6073,1.7703,2.1098,2.1254,2.1254,2.1254,2.1254,2.1254,2.1254,2.1254,2.1254,2.1254,2.1254
2.1223,2.1223,2.1223,2.1223,2.1223,2.1223,2.1223,2.1223,2.1223,2.1223,2.1223,2.1223,2.1223,2.1223,0.7432,2.1223,2.1223,2.0186,1.8378,1.6571,1.4762,1.2953,1.1143,0.9334,0.7525,0.5716,0.3906
2.1191,2.1191,2.1191,2.1191,2.1191,2.1191,2.1191,2.1191,2.1191,2.1191,2.1191,1.8445,1.1534,2.1191,2.1191,2.1191,2.1191,2.1191,2.1191,2.1191,2.1191,2.1191,2.1191,2.1191,2.1191,2.1191,2.1191
2.116,2.116,2.116,2.116,2.116,2.116,2.116,2.116,2.116,2.116,2.116,2.116,2.116,2.116,2.116,0.8501,1.5025,2.116,2.116,2.116,2.116,2.116,2.116,2.116,2.116,2.116,2.116
2.1129,2.1129,2.1129,2.1129,2.1129,2.1129,2.1129,2.1129,2.1129,2.1129,2.1129,2.1129,1.5638,0.6037,2.1129,2.1129,2.1129,2.1129,2.1129,2.0506,1.8268,1.6029,1.379,1.1551,0.9312,0.7073,0.4834
2.1098,2.1098,2.1098,2.1098,2.1098,2.1098,2.1098,2.1098,2.1098,2.1098,2.1098,2.1098,2.1098,2.1098,1.6223,1.7009,1.8756,2.0509,2.1098,2.1098,2.1098,2.1098,2.1098,2.1098,2.1098,2.1098,2.1098
2.1067,2.1067,2.1067,2.1067,2.1067,2.1067,2.1067,2.1067,2.1067,2.1067,2.1067,2.1067,2.1067,2.1067,2.1067,1.1555,2.0421,2.1067,2.1067,2.1067,2.1004,1.843,1.5856,1.3281,1.0707,0.8133,0.5558
2.1036,2.1036,2.1036,2.1036,2.1036,2.1036,2.1036,2.1036,2.1036,2.1036,2.1036,1.5525,0.9708,2.1036,2.1036,2.1036,2.1036,2.1036,2.1036,2.1036,2.1036,2.1036,2.1036,2.1036,2.1036,2.1036,2.1036
2.1005,2.1005,2.1005,2.1005,2.1005,2.1005,2.1005,2.1005,2.1005,2.1005,2.1005,2.1005,2.1005,2.1005,2.1005,1.1312,1.9991,2.1005,2.1005,2.1005,2.1005,2.1005,2.1005,2.1005,2.1005,2.1005,2.1005
2.0974,2.0974,2.0974,2.0974,2.0974,2.0974,2.0974,2.0974,2.0974,2.0974,2.0974,2.0974,2.0974,2.0974,2.0974,2.0974,2.0974,1.9841,1.8065,1.6288,1.451,1.2732,1.0953,0.9175,0.7397,0.5618,0.384
2.0944,2.0944,2.0944,2.0944,2.0944,2.0944,2.0944,2.0944,2.0944,2.0944,2.0944,2.0944,1.6286,0.5984,2.0307,2.0944,2.0944,2.0944,2.0944,2.0944,2.0944,2.0944,2.0944,2.0944,2.0944,2.0944,2.0944
2.0913,2.0913,2.0913,2.0913,2.0913,2.0913,2.0913,2.0913,2.0913,2.0913,2.0913,2.0913,2.0913,2.0913,2.0913,0.862,1.5235,2.0913,2.0913,2.0913,2.0913,2.0913,2.0913,2.0913,2.0913,2.0913,2.0495
2.0883,2.0883,2.0883,2.0883,2.0883,2.0883,2.0883,2.0883,2.0883,2.0883,2.0883,1.8358,1.148,2.0883,2.0883,2.0883,2.0883,2.0883,2.0883,2.0883,2.0883,2.0883,2.08,1.7423,1.4046,1.0669,0.7291
2.0852,2.0852,2.0852,2.0852,2.0852,2.0852,2.0852,2.0852,2.0852,2.0852,2.0852,2.0852,2.0852,2.0852,0.6848,1.7793,1.962,2.0852,2.0852,2.0852,2.0852,2.0852,2.0852,2.0852,2.0852,2.0852,2.0852
2.0822,2.0822,2.0822,2.0822,2.0822,2.0822,2.0822,2.0822,2.0822,2.0822,2.0822,2.0822,2.0822,2.0822,0.5949,1.891,2.0822,2.0822,2.024,1.825,1.6257,1.4265,1.2272,1.028,0.8287,0.6295,0.4302
2.0792,2.0792,2.0792,2.0792,2.0792,2.0792,2.0792,2.0792,2.0792,2.0792,2.0792,1.6764,1.0483,2.0792,2.0792,2.0792,2.0792,2.0792,2.0792,2.0792,2.0792,2.0792,2.0792,2.0792,2.0792,2.0792,2.0792
2.0762,2.0762,2.0762,2.0762,2.0762,2.0762,2.0762,2.0762,2.0762,2.0762,2.0762,2.0762,2.0762,2.0762,2.0762,0.9169,1.6204,2.0762,2.0762,2.0762,2.0762,2.0762,2.0762,2.0762,2.0762,2.0762,2.0762
2.0732,2.0732,2.0732,2.0732,2.0732,2.0732,2.0732,2.0732,2.0732,2.0732,2.0732,2.0732,2.0732,0.8148,2.0732,2.0732,2.0732,2.0732,2.0158,1.8175,1.6191,1.4207,1.2223,1.0238,0.8254,0.6269,0.4285
2.0702,2.0702,2.0702,2.0702,2.0702,2.0702,2.0702,2.0702,2.0702,2.0702,2.0702,2.0702,2.0702,1.2379,1.7151,1.7982,1.9829,2.0702,2.0702,2.0702,2.0702,2.0702,2.0702,2.0702,2.0702,2.0702,2.0702
2.0672,2.0672,2.0672,2.0672,2.0672,2.0672,2.0672,2.0672,2.0672,2.0672,2.0672,2.0672,2.0672,2.0672,2.0672,0.9957,1.7598,2.0672,2.0672,2.0672,2.0672,2.0672,2.0672,1.8027,1.4533,1.1038,0.7544
2.0642,2.0642,2.0642,2.0642,2.0642,2.0642,2.0642,2.0642,2.0642,2.0642,2.0642,1.6099,1.0068,2.0642,2.0642,2.0642,2.0642,2.0642,2.0642,2.0642,2.0642,2.0642,2.0642,2.0642,2.0642,2.0642,1.9152
2.0613,2.0613,2.0613,2.0613,2.0613,2.0613,2.0613,2.0613,2.0613,2.0613,2.0613,2.0613,2.0613,2.0613,2.0613,1.4636,2.0613,2.0613,2.0613,2.0613,2.0613,2.0613,2.0613,2.0613,2.0613,2.0613,2.0613
2.0583,2.0583,2.0583,2.0583,2.0583,2.0583,2.0583,2.0583,2.0583,2.0583,2.0583,2.0583,2.0583,2.0583,1.6272,2.0583,2.0583,2.0189,1.8381,1.6573,1.4764,1.2955,1.1145,0.9336,0.7526,0.5717,0.3907
2.0553,2.0553,2.0553,2.0553,2.0553,2.0553,2.0553,2.0553,2.0553,2.0553,2.0553,2.0553,1.3085,0.5872,2.0553,2.0553,2.0553,2.0553,2.0553,2.0553,2.0553,2.0553,2.0553,2.0553,2.0553,2.0553,2.0553
2.0524,2.0524,2.0524,2.0524,2.0524,2.0524,2.0524,2.0524,2.0524,2.0524,2.0524,2.0524,2.0524,2.0524,2.0524,0.8607,1.5211,2.0524,2.0524,2.0524,2.0524,2.0524,2.0524,2.0524,2.0524,2.0524,2.0524
2.0495,2.0495,2.0495,2.0495,2.0495,2.0495,2.0495,2.0495,2.0495,2.0495,2.0495,2.0495,1.3821,0.5856,2.0495,2.0495,2.0495,2.0495,2.0495,2.0495,2.0495,1.8552,1.5961,1.3369,1.0778,0.8186,0.5595
2.0465,2.0465,2.0465,2.0465,2.0465,2.0465,2.0465,2.0465,2.0465,2.0465,2.0465,2.0465,2.0465,2.0465,1.6622,1.7427,1.9217,2.0465,2.0465,2.0465,2.0465,2.0465,2.0465,2.0465,2.0465,2.0465,2.0465
2.0436,2.0436,2.0436,2.0436,2.0436,2.0436,2.0436,2.0436,2.0436,2.0436,2.0436,2.0436,2.0436,2.0436,2.0436,1.3691,2.0436,2.0436,2.0436,2.0436,1.9017,1.6686,1.4356,1.2025,0.9694,0.7363,0.5033
2.0407,2.0407,2.0407,2.0407,2.0407,2.0407,2.0407,2.0407,2.0407,2.0407,2.0407,1.6098,1.0067,2.0407,2.0407,2.0407,2.0407,2.0407,2.0407,2.0407,2.0407,2.0407,2.0407,2.0407,2.0407,2.0407,2.0407
2.0378,2.0378,2.0378,2.0378,2.0378,2.0378,2.0378,2.0378,2.0378,2.0378,2.0378,2.0378,2.0378,2.0378,2.0378,1.0454,1.8476,2.0378,2.0378,2.0378,2.0378,2.0378,2.0378,2.0378,2.0378,2.0378,2.0378
2.0349,2.0349,2.0349,2.0349,2.0349,2.0349,2.0349,2.0349,2.0349,2.0349,2.0349,2.0349,2.0349,1.5541,2.0349,2.0349,2.0349,2.0349,1.8959,1.7095,1.5228,1.3362,1.1496,0.9629,0.7763,0.5896,0.403
2.032,2.032,2.032,2.032,2.032,2.032,2.032,2.032,2.032,2.032,2.032,2.032,2.032,0.743,1.9107,2.0032,2.032,2.032,2.032,2.032,2.032,2.032,2.032,2.032,2.032,2.032,2.032
2.0292,2.0292,2.0292,2.0292,2.0292,2.0292,2.0292,2.0292,2.0292,2.0292,2.0292,2.0292,2.0292,2.0292,2.0292,0.9161,1.619,2.0292,2.0292,2.0292,2.0292,2.0292,2.0292,2.0292,2.0292,1.8187,1.243
2.0263,2.0263,2.0263,2.0263,2.0263,2.0263,2.0263,2.0263,2.0263,2.0263,2.0263,1.7552,1.0976,2.0263,2.0263,2.0263,2.0263,2.0263,2.0263,2.0263,2.0263,2.0263,2.0263,2.0263,1.8592,1.4122,0.9652
2.0234,2.0234,2.0234,2.0234,2.0234,2.0234,2.0234,2.0234,2.0234,2.0234,2.0234,2.0234,2.0234,2.0234,0.5781,1.9157,2.0234,2.0234,2.0234,2.0234,2.0234,2.0234,2.0234,2.0234,2.0234,2.0234,2.0234
2.0206,2.0206,2.0206,2.0206,2.0206,2.0206,2.0206,2.0206,2.0206,2.0206,2.0206,2.0206,2.0206,2.0206,0.5867,2.0206,2.0206,2.0206,1.9636,1.7705,1.5772,1.3839,1.1906,0.9973,0.804,0.6107,0.4174
2.0177,2.0177,2.0177,2.0177,2.0177,2.0177,2.0177,2.0177,2.0177,2.0177,2.0177,1.8302,1.1445,2.0177,2.0177,2.0177,2.0177,2.0177,2.0177,2.0177,2.0177,2.0177,2.0177,2.0177,2.0177,2.0177,2.0177
2.0149,2.0149,2.0149,2.0149,2.0149,2.0149,2.0149,2.0149,2.0149,2.0149,2.0149,2.0149,2.0149,2.0149,2.0149,0.9016,1.5935,2.0149,2.0149,2.0149,2.0149,2.0149,2.0149,2.0149,2.0149,2.0149,2.0149
2.0121,2.0121,2.0121,2.0121,2.0121,2.0121,2.0121,2.0121,2.0121,2.0121,2.0121,2.0121,1.8288,0.6605,2.0121,2.0121,2.0121,2.0121,2.0121,2.0121,1.7944,1.5745,1.3546,1.1347,0.9147,0.6948,0.4749
2.0093,2.0093,2.0093,2.0093,2.0093,2.0093,2.0093,2.0093,2.0093,2.0093,2.0093,2.0093,2.0093,2.0093,1.7084,1.7912,1.9751,2.0093,2.0093,2.0093,2.0093,2.0093,2.0093,2.0093,2.0093,2.0093,2.0093
2.0064,2.0064,2.0064,2.0064,2.0064,2.0064,2.0064,2.0064,2.0064,2.0064,2.0064,2.0064,2.0064,2.0064,2.0064,1.1221,1.983,2.0064,2.0064,2.0064,2.0064,2.0064,1.82,1.5245,1.229,0.9335,0.638
2.0036,2.0036,2.0036,2.0036,2.0036,2.0036,2.0036,2.0036,2.0036,2.0036,2.0036,1.6236,1.0153,2.0036,2.0036,2.0036,2.0036,2.0036,2.0036,2.0036,2.0036,2.0036,2.0036,2.0036,2.0036,2.0036,2.0036
2.0008,2.0008,2.0008,2.0008,2.0008,2.0008,2.0008,2.0008,2.0008,2.0008,2.0008,2.0008,2.0008,2.0008,2.0008,1.279,2.0008,2.0008,2.0008,2.0008,2.0008,2.0008,2.0008,2.0008,2.0008,2.0008,2.0008
1.998,1.998,1.998,1.998,1.998,1.998,1.998,1.998,1.998,1.998,1.998,1.998,1.998,1.998,1.998,1.998,1.998,1.998,1.8762,1.6916,1.507,1.3223,1.1376,0.9529,0.7682,0.5835,0.3988
1.9953,1.9953,1.9953,1.9953,1.9953,1.9953,1.9953,1.9953,1.9953,1.9953,1.9953,1.9953,1.5354,0.5701,1.9953,1.9953,1.9953,1.9953,1.9953,1.9953,1.9953,1.9953,1.9953,1.9953,1.9953,1.9953,1.9953
1.9925,1.9925,1.9925,1.9925,1.9925,1.9925,1.9925,1.9925,1.9925,1.9925,1.9925,1.9925,1.9925,1.9925,1.9925,0.889,1.5712,1.9925,1.9925,1.9925,1.9925,1.9925,1.9925,1.9925,1.9925,1.9925,1.9925
1.9897,1.9897,1.9897,1.9897,1.9897,1.9897,1.9897,1.9897,1.9897,1.9897,1.9897,1.9897,1.2678,0.5685,1.9897,1.9897,1.9897,1.9897,1.9897,1.9897,1.9897,1.9897,1.9218,1.6098,1.2977,0.9857,0.6737
1.987,1.987,1.987,1.987,1.987,1.987,1.987,1.987,1.987,1.987,1.987,1.987,1.987,1.987,1.0151,1.8219,1.987,1.987,1.987,1.987,1.987,1.987,1.987,1.987,1.987,1.987,1.987
1.9842,1.9842,1.9842,1.9842,1.9842,1.9842,1.9842,1.9842,1.9842,1.9842,1.9842,1.9842,1.9842,1.9842,0.5669,1.7018,1.9842,1.9842,1.9842,1.9842,1.7781,1.5602,1.3423,1.1243,0.9064,0.6885,0.4705
1.9815,1.9815,1.9815,1.9815,1.9815,1.9815,1.9815,1.9815,1.9815,1.9815,1.9815,1.7038,1.0655,1.9815,1.9815,1.9815,1.9815,1.9815,1.9815,1.9815,1.9815,1.9815,1.9815,1.9815,1.9815,1.9815,1.9815
1.9787,1.9787,1.9787,1.9787,1.9787,1.9787,1.9787,1.9787,1.9787,1.9787,1.9787,1.9787,1.9787,1.9787,1.9787,0.9941,1.7569,1.9787,1.9787,1.9787,1.9787,1.9787,1.9787,1.9787,1.9787,1.9787,1.9787
1.976,1.976,1.976,1.976,1.976,1.976,1.976,1.976,1.976,1.976,1.976,1.976,1.976,1.031,1.976,1.976,1.976,1.976,1.976,1.8326,1.6325,1.4325,1.2324,1.0323,0.8322,0.6321,0.432
1.9733,1.9733,1.9733,1.9733,1.9733,1.9733,1.9733,1.9733,1.9733,1.9733,1.9733,1.9733,1.9733,1.0171,1.8447,1.9341,1.9733,1.9733,1.9733,1.9733,1.9733,1.9733,1.9733,1.9733,1.9733,1.9733,1.9733
1.9706,1.9706,1.9706,1.9706,1.9706,1.9706,1.9706,1.9706,1.9706,1.9706,1.9706,1.9706,1.9706,1.9706,1.9706,0.9954,1.7592,1.9706,1.9706,1.9706,1.9706,1.9706,1.9706,1.9706,1.7703,1.3447,0.919
1.9679,1.9679,1.9679,1.9679,1.9679,1.9679,1.9679,1.9679,1.9679,1.9679,1.9679,1.7186,1.0747,1.9679,1.9679,1.9679,1.9679,1.9679,1.9679,1.9679,1.9679,1.9679,1.9679,1.9679,1.9679,1.9679,1.434
1.9652,1.9652,1.9652,1.9652,1.9652,1.9652,1.9652,1.9652,1.9652,1.9652,1.9652,1.9652,1.9652,1.9652,0.5615,1.735,1.9652,1.9652,1.9652,1.9652,1.9652,1.9652,1.9652,1.9652,1.9652,1.9652,1.9652
1.9625,1.9625,1.9625,1.9625,1.9625,1.9625,1.9625,1.9625,1.9625,1.9625,1.9625,1.9625,1.9625,1.9625,0.9982,1.9625,1.9625,1.9625,1.9482,1.7566,1.5648,1.373,1.1812,0.9895,0.7977,0.6059,0.4141
1.9598,1.9598,1.9598,1.9598,1.9598,1.9598,1.9598,1.9598,1.9598,1.9598,1.9598,1.9598,1.2819,0.5599,1.9598,1.9598,1.9598,1.9598,1.9598,1.9598,1.9598,1.9598,1.9598,1.9598,1.9598,1.9598,1.9598
1.9571,1.9571,1.9571,1.9571,1.9571,1.9571,1.9571,1.9571,1.9571,1.9571,1.9571,1.9571,1.9571,1.9571,1.9571,0.9059,1.6009,1.9571,1.9571,1.9571,1.9571,1.9571,1.9571,1.9571,1.9571,1.9571,1.9571
1.9545,1.9545,1.9545,1.9545,1.9545,1.9545,1.9545,1.9545,1.9545,1.9545,1.9545,1.9545,1.5783,0.57,1.9545,1.9545,1.9545,1.9545,1.9545,1.9545,1.9545,1.795,1.5443,1.2935,1.0428,0.7921,0.5414
1.9518,1.9518,1.9518,1.9518,1.9518,1.9518,1.9518,1.9518,1.9518,1.9518,1.9518,1.9518,1.9518,1.9518,1.7375,1.8216,1.9518,1.9518,1.9518,1.9518,1.9518,1.9518,1.9518,1.9518,1.9518,1.9518,1.9518
1.9492,1.9492,1.9492,1.9492,1.9492,1.9492,1.9492,1.9492,1.9492,1.9492,1.9492,1.9492,1.9492,1.9492,1.9492,1.3053,1.9492,1.9492,1.9492,1.9492,1.9492,1.8797,1.6171,1.3546,1.092,0.8295,0.5669
1.9465,1.9465,1.9465,1.9465,1.9465,1.9465,1.9465,1.9465,1.9465,1.9465,1.9465,1.6711,1.045,1.9465,1.9465,1.9465,1.9465,1.9465,1.9465,1.9465,1.9465,1.9465,1.9465,1.9465,1.9465,1.9465,1.9465
1.9439,1.9439,1.9439,1.9439,1.9439,1.9439,1.9439,1.9439,1.9439,1.9439,1.9439,1.9439,1.9439,1.9439,1.9439,1.164,1.9439,1.9439,1.9439,1.9439,1.9439,1.9439,1.9439,1.9439,1.9439,1.9439,1.9439
1.9412,1.9412,1.9412,1.9412,1.9412,1.9412,1.9412,1.9412,1.9412,1.9412,1.9412,1.9412,1.9412,1.9412,1.9412,1.9412,1.9412,1.9412,1.9412,1.7622,1.5698,1.3774,1.185,0.9926,0.8002,0.6078,0.4154
1.9386,1.9386,1.9386,1.9386,1.9386,1.9386,1.9386,1.9386,1.9386,1.9386,1.9386,1.9386,1.8824,0.6799,1.9386,1.9386,1.9386,1.9386,1.9386,1.9386,1.9386,1.9386,1.9386,1.9386,1.9386,1.9386,1.9386
1.936,1.936,1.936,1.936,1.936,1.936,1.936,1.936,1.936,1.936,1.936,1.936,1.936,1.936,1.936,0.9375,1.6568,1.936,1.936,1.936,1.936,1.936,1.936,1.936,1.936,1.936,1.7396
1.9334,1.9334,1.9334,1.9334,1.9334,1.9334,1.9334,1.9334,1.9334,1.9334,1.9334,1.9171,1.1988,0.5524,1.9334,1.9334,1.9334,1.9334,1.9334,1.9334,1.9334,1.9334,1.9334,1.9334,1.6495,1.2529,0.8563
1.9308,1.9308,1.9308,1.9308,1.9308,1.9308,1.9308,1.9308,1.9308,1.9308,1.9308,1.9308,1.9308,1.9308,0.6249,1.9308,1.9308,1.9308,1.9308,1.9308,1.9308,1.9308,1.9308,1.9308,1.9308,1.9308,1.9308
1.9282,1.9282,1.9282,1.9282,1.9282,1.9282,1.9282,1.9282,1.9282,1.9282,1.9282,1.9282,1.9282,1.9282,0.5509,1.9282,1.9282,1.9282,1.9282,1.9178,1.7084,1.4991,1.2897,1.0803,0.8709,0.6615,0.4521
1.9256,1.9256,1.9256,1.9256,1.9256,1.9256,1.9256,1.9256,1.9256,1.9256,1.9256,1.8434,1.1527,0.5502,1.9256,1.9256,1.9256,1.9256,1.9256,1.9256,1.9256,1.9256,1.9256,1.9256,1.9256,1.9256,1.9256
1.923,1.923,1.923,1.923,1.923,1.923,1.923,1.923,1.923,1.923,1.923,1.923,1.923,1.923,1.923,0.9692,1.7128,1.923,1.923,1.923,1.923,1.923,1.923,1.923,1.923,1.923,1.923
1.9204,1.9204,1.9204,1.9204,1.9204,1.9204,1.9204,1.9204,1.9204,1.9204,1.9204,1.9204,1.9204,0.795,1.9204,1.9204,1.9204,1.9204,1.9204,1.9204,1.7912,1.5717,1.3521,1.1326,0.9131,0.6935,0.474
1.9179,1.9179,1.9179,1.9179,1.9179,1.9179,1.9179,1.9179,1.9179,1.9179,1.9179,1.9179,1.9179,1.6109,1.8231,1.9113,1.9179,1.9179,1.9179,1.9179,1.9179,1.9179,1.9179,1.9179,1.9179,1.9179,1.9179
1.9153,1.9153,1.9153,1.9153,1.9153,1.9153,1.9153,1.9153,1.9153,1.9153,1.9153,1.9153,1.9153,1.9153,1.9153,1.1088,1.9153,1.9153,1.9153,1.9153,1.9153,1.9153,1.9153,1.7925,1.4451,1.0976,0.7502
1.9127,1.9127,1.9127,1.9127,1.9127,1.9127,1.9127,1.9127,1.9127,1.9127,1.9127,1.7204,1.0758,1.9127,1.9127,1.9127,1.9127,1.9127,1.9127,1.9127,1.9127,1.9127,1.9127,1.9127,1.9127,1.9127,1.9127
1.9102,1.9102,1.9102,1.9102,1.9102,1.9102,1.9102,1.9102,1.9102,1.9102,1.9102,1.9102,1.9102,1.9102,0.5458,1.4766,1.9102,1.9102,1.9102,1.9102,1.9102,1.9102,1.9102,1.9102,1.9102,1.9102,1.9102
1.9077,1.9077,1.9077,1.9077,1.9077,1.9077,1.9077,1.9077,1.9077,1.9077,1.9077,1.9077,1.9077,1.9077,1.9077,1.9077,1.9077,1.9077,1.9077,1.7803,1.5859,1.3916,1.1972,1.0028,0.8084,0.6141,0.4197
1.9051,1.9051,1.9051,1.9051,1.9051,1.9051,1.9051,1.9051,1.9051,1.9051,1.9051,1.9051,1.4799,0.5443,1.9051,1.9051,1.9051,1.9051,1.9051,1.9051,1.9051,1.9051,1.9051,1.9051,1.9051,1.9051,1.9051
1.9026,1.9026,1.9026,1.9026,1.9026,1.9026,1.9026,1.9026,1.9026,1.9026,1.9026,1.9026,1.9026,1.9026,1.9026,0.9293,1.6423,1.9026,1.9026,1.9026,1.9026,1.9026,1.9026,1.9026,1.9026,1.9026,1.9026
1.9001,1.9001,1.9001,1.9001,1.9001,1.9001,1.9001,1.9001,1.9001,1.9001,1.9001,1.9001,1.4242,0.5429,1.9001,1.9001,1.9001,1.9001,1.9001,1.9001,1.9001,1.9001,1.8224,1.5265,1.2306,0.9347,0.6389
1.8976,1.8976,1.8976,1.8976,1.8976,1.8976,1.8976,1.8976,1.8976,1.8976,1.8976,1.8976,1.8976,1.8976,1.8039,1.8913,1.8976,1.8976,1.8976,1.8976,1.8976,1.8976,1.8976,1.8976,1.8976,1.8976,1.8976
1.895,1.895,1.895,1.895,1.895,1.895,1.895,1.895,1.895,1.895,1.895,1.895,1.895,1.895,0.5414,1.5812,1.895,1.895,1.895,1.895,1.895,1.7339,1.4917,1.2495,1.0073,0.7651,0.5229
1.8925,1.8925,1.8925,1.8925,1.8925,1.8925,1.8925,1.8925,1.8925,1.8925,1.8925,1.7561,1.0982,0.5407,1.8925,1.8925,1.8925,1.8925,1.8925,1.8925,1.8925,1.8925,1.8925,1.8925,1.8925,1.8925,1.8925
1.89,1.89,1.89,1.89,1.89,1.89,1.89,1.89,1.89,1.89,1.89,1.89,1.89,1.89,1.89,1.0944,1.89,1.89,1.89,1.89,1.89,1.89,1.89,1.89,1.89,1.89,1.89
1.8876,1.8876,1.8876,1.8876,1.8876,1.8876,1.8876,1.8876,1.8876,1.8876,1.8876,1.8876,1.8876,1.3865,1.8876,1.8876,1.8876,1.8876,1.8876,1.8749,1.6702,1.4655,1.2608,1.0561,0.8514,0.6467,0.442
1.8851,1.8851,1.8851,1.8851,1.8851,1.8851,1.8851,1.8851,1.8851,1.8851,1.8851,1.8851,1.8851,0.8867,1.8851,1.8851,1.8851,1.8851,1.8851,1.8851,1.8851,1.8851,1.8851,1.8851,1.8851,1.8851,1.8851
1.8826,1.8826,1.8826,1.8826,1.8826,1.8826,1.8826,1.8826,1.8826,1.8826,1.8826,1.8826,1.8826,1.8826,1.8826,1.0104,1.7856,1.8826,1.8826,1.8826,1.8826,1.8826,1.8826,1.8826,1.8826,1.7094,1.1683
1.8801,1.8801,1.8801,1.8801,1.8801,1.8801,1.8801,1.8801,1.8801,1.8801,1.8801,1.861,1.1638,0.5372,1.8801,1.8801,1.8801,1.8801,1.8801,1.8801,1.8801,1.8801,1.8801,1.8801,1.8801,1.7296,1.1821
1.8777,1.8777,1.8777,1.8777,1.8777,1.8777,1.8777,1.8777,1.8777,1.8777,1.8777,1.8777,1.8777,1.8777,0.5365,1.8777,1.8777,1.8777,1.8777,1.8777,1.8777,1.8777,1.8777,1.8777,1.8777,1.8777,1.8777
1.8752,1.8752,1.8752,1.8752,1.8752,1.8752,1.8752,1.8752,1.8752,1.8752,1.8752,1.8752,1.8752,1.8752,0.7474,1.8752,1.8752,1.8752,1.8752,1.8752,1.6819,1.4758,1.2697,1.0635,0.8574,0.6512,0.4451
1.8728,1.8728,1.8728,1.8728,1.8728,1.8728,1.8728,1.8728,1.8728,1.8728,1.8728,1.8728,1.2779,0.5351,1.8728,1.8728,1.8728,1.8728,1.8728,1.8728,1.8728,1.8728,1.8728,1.8728,1.8728,1.8728,1.8728
1.8703,1.8703,1.8703,1.8703,1.8703,1.8703,1.8703,1.8703,1.8703,1.8703,1.8703,1.8703,1.8703,1.8703,1.8703,0.9668,1.7087,1.8703,1.8703,1.8703,1.8703,1.8703,1.8703,1.8703,1.8703,1.8703,1.8703
1.8679,1.8679,1.8679,1.8679,1.8679,1.8679,1.8679,1.8679,1.8679,1.8679,1.8679,1.8679,1.8442,0.6661,1.8679,1.8679,1.8679,1.8679,1.8679,1.8679,1.8679,1.7704,1.5231,1.2758,1.0285,0.7812,0.5339
1.8655,1.8655,1.8655,1.8655,1.8655,1.8655,1.8655,1.8655,1.8655,1.8655,1.8655,1.8655,1.8655,1.8655,1.8417,1.8655,1.8655,1.8655,1.8655,1.8655,1.8655,1.8655,1.8655,1.8655,1.8655,1.8655,1.8655
1.863,1.863,1.863,1.863,1.863,1.863,1.863,1.863,1.863,1.863,1.863,1.863,1.863,1.863,1.863,1.2716,1.863,1.863,1.863,1.863,1.863,1.863,1.8591,1.5573,1.2554,0.9536,0.6517
1.8606,1.8606,1.8606,1.8606,1.8606,1.8606,1.8606,1.8606,1.8606,1.8606,1.8606,1.7594,1.1002,0.5316,1.8606,1.8606,1.8606,1.8606,1.8606,1.8606,1.8606,1.8606,1.8606,1.8606,1.8606,1.8606,1.8606
1.8582,1.8582,1.8582,1.8582,1.8582,1.8582,1.8582,1.8582,1.8582,1.8582,1.8582,1.8582,1.8582,1.8582,1.8582,1.3204,1.8582,1.8582,1.8582,1.8582,1.8582,1.8582,1.8582,1.8582,1.8582,1.8582,1.8582
1.8558,1.8558,1.8558,1.8558,1.8558,1.8558,1.8558,1.8558,1.8558,1.8558,1.8558,1.8558,1.8558,1.8558,1.8558,1.8558,1.8558,1.8558,1.8558,1.8427,1.6416,1.4404,1.2392,1.038,0.8368,0.6356,0.4344
1.8534,1.8534,1.8534,1.8534,1.8534,1.8534,1.8534,1.8534,1.8534,1.8534,1.8534,1.8534,1.7743,0.6408,1.8534,1.8534,1.8534,1.8534,1.8534,1.8534,1.8534,1.8534,1.8534,1.8534,1.8534,1.8534,1.8534
1.851,1.851,1.851,1.851,1.851,1.851,1.851,1.851,1.851,1.851,1.851,1.851,1.851,1.851,1.851,0.9736,1.7206,1.851,1.851,1.851,1.851,1.851,1.851,1.851,1.851,1.851,1.851
1.8486,1.8486,1.8486,1.8486,1.8486,1.8486,1.8486,1.8486,1.8486,1.8486,1.8486,1.8486,1.331,0.5282,1.8486,1.8486,1.8486,1.8486,1.8486,1.8486,1.8486,1.8486,1.8486,1.8486,1.5191,1.1538,0.7886
1.8462,1.8462,1.8462,1.8462,1.8462,1.8462,1.8462,1.8462,1.8462,1.8462,1.8462,1.8462,1.8462,1.8462,0.8768,1.8462,1.8462,1.8462,1.8462,1.8462,1.8462,1.8462,1.8462,1.8462,1.8462,1.8462,1.8462
1.8439,1.8439,1.8439,1.8439,1.8439,1.8439,1.8439,1.8439,1.8439,1.8439,1.8439,1.8439,1.8439,1.8439,0.5268,1.8439,1.8439,1.8439,1.8439,1.8439,1.8439,1.6496,1.4192,1.1888,0.9583,0.7279,0.4975
1.8415,1.8415,1.8415,1.8415,1.8415,1.8415,1.8415,1.8415,1.8415,1.8415,1.8415,1.8415,1.1795,0.5261,1.8415,1.8415,1.8415,1.8415,1.8415,1.8415,1.8415,1.8415,1.8415,1.8415,1.8415,1.8415,1.8415
1.8391,1.8391,1.8391,1.8391,1.8391,1.8391,1.8391,1.8391,1.8391,1.8391,1.8391,1.8391,1.8391,1.8391,1.8391,1.0579,1.8391,1.8391,1.8391,1.8391,1.8391,1.8391,1.8391,1.8391,1.8391,1.8391,1.8391
1.8368,1.8368,1.8368,1.8368,1.8368,1.8368,1.8368,1.8368,1.8368,1.8368,1.8368,1.8368,1.8368,0.9937,1.8368,1.8368,1.8368,1.8368,1.8368,1.8368,1.8179,1.5951,1.3723,1.1495,0.9267,0.7039,0.4811
1.8344,1.8344,1.8344,1.8344,1.8344,1.8344,1.8344,1.8344,1.8344,1.8344,1.8344,1.8344,1.8344,1.2773,1.8344,1.8344,1.8344,1.8344,1.8344,1.8344,1.8344,1.8344,1.8344,1.8344,1.8344,1.8344,1.8344
1.8321,1.8321,1.8321,1.8321,1.8321,1.8321,1.8321,1.8321,1.8321,1.8321,1.8321,1.8321,1.8321,1.8321,1.8321,1.1154,1.8321,1.8321,1.8321,1.8321,1.8321,1.8321,1.8321,1.8321,1.7512,1.3301,0.9091
1.8297,1.8297,1.8297,1.8297,1.8297,1.8297,1.8297,1.8297,1.8297,1.8297,1.8297,1.8297,1.1572,0.5228,1.8297,1.8297,1.8297,1.8297,1.8297,1.8297,1.8297,1.8297,1.8297,1.8297,1.8297,1.8297,1.8297
1.8274,1.8274,1.8274,1.8274,1.8274,1.8274,1.8274,1.8274,1.8274,1.8274,1.8274,1.8274,1.8274,1.8274,0.5221,1.7487,1.8274,1.8274,1.8274,1.8274,1.8274,1.8274,1.8274,1.8274,1.8274,1.8274,1.8274
1.8251,1.8251,1.8251,1.8251,1.8251,1.8251,1.8251,1.8251,1.8251,1.8251,1.8251,1.8251,1.8251,1.8251,1.4635,1.8251,1.8251,1.8251,1.8251,1.8251,1.6941,1.4865,1.2788,1.0712,0.8636,0.6559,0.4483
1.8228,1.8228,1.8228,1.8228,1.8228,1.8228,1.8228,1.8228,1.8228,1.8228,1.8228,1.8228,1.457,0.5262,1.8228,1.8228,1.8228,1.8228,1.8228,1.8228,1.8228,1.8228,1.8228,1.8228,1.8228,1.8228,1.8228
1.8204,1.8204,1.8204,1.8204,1.8204,1.8204,1.8204,1.8204,1.8204,1.8204,1.8204,1.8204,1.8204,1.8204,1.8204,0.986,1.7425,1.8204,1.8204,1.8204,1.8204,1.8204,1.8204,1.8204,1.8204,1.8204,1.8204
1.8181,1.8181,1.8181,1.8181,1.8181,1.8181,1.8181,1.8181,1.8181,1.8181,1.8181,1.8181,1.6328,0.5897,1.8181,1.8181,1.8181,1.8181,1.8181,1.8181,1.8181,1.8181,1.7702,1.4828,1.1954,0.908,0.6206
1.8158,1.8158,1.8158,1.8158,1.8158,1.8158,1.8158,1.8158,1.8158,1.8158,1.8158,1.8158,1.8158,1.8158,1.8158,1.8158,1.8158,1.8158,1.8158,1.8158,1.8158,1.8158,1.8158,1.8158,1.8158,1.8158,1.8158
1.8135,1.8135,1.8135,1.8135,1.8135,1.8135,1.8135,1.8135,1.8135,1.8135,1.8135,1.8135,1.8135,1.8135,0.5182,1.5111,1.8135,1.8135,1.8135,1.8135,1.8135,1.8135,1.6894,1.4151,1.1408,0.8665,0.5922
1.8112,1.8112,1.8112,1.8112,1.8112,1.8112,1.8112,1.8112,1.8112,1.8112,1.8112,1.8112,1.1496,0.5175,1.8112,1.8112,1.8112,1.8112,1.8112,1.8112,1.8112,1.8112,1.8112,1.8112,1.8112,1.8112,1.8112
1.809,1.809,1.809,1.809,1.809,1.809,1.809,1.809,1.809,1.809,1.809,1.809,1.809,1.809,1.809,1.2264,1.809,1.809,1.809,1.809,1.809,1.809,1.809,1.809,1.809,1.809,1.809
1.8067,1.8067,1.8067,1.8067,1.8067,1.8067,1.8067,1.8067,1.8067,1.8067,1.8067,1.8067,1.8067,1.8067,1.8067,1.8067,1.8067,1.8067,1.8067,1.8067,1.7362,1.5235,1.3107,1.0979,0.8851,0.6723,0.4595
1.8044,1.8044,1.8044,1.8044,1.8044,1.8044,1.8044,1.8044,1.8044,1.8044,1.8044,1.8044,1.8044,0.8081,1.8044,1.8044,1.8044,1.8044,1.8044,1.8044,1.8044,1.8044,1.8044,1.8044,1.8044,1.8044,1.8044
1.8021,1.8021,1.8021,1.8021,1.8021,1.8021,1.8021,1.8021,1.8021,1.8021,1.8021,1.8021,1.8021,1.8021,1.8021,1.0426,1.8021,1.8021,1.8021,1.8021,1.8021,1.8021,1.8021,1.8021,1.8021,1.8021,1.5793
1.7999,1.7999,1.7999,1.7999,1.7999,1.7999,1.7999,1.7999,1.7999,1.7999,1.7999,1.7999,1.2813,0.5142,1.7999,1.7999,1.7999,1.7999,1.7999,1.7999,1.7999,1.7999,1.7999,1.7999,1.7999,1.5179,1.0374
1.7976,1.7976,1.7976,1.7976,1.7976,1.7976,1.7976,1.7976,1.7976,1.7976,1.7976,1.7976,1.7976,1.7976,0.5968,1.7976,1.7976,1.7976,1.7976,1.7976,1.7976,1.7976,1.7976,1.7976,1.7976,1.7976,1.7976
1.7954,1.7954,1.7954,1.7954,1.7954,1.7954,1.7954,1.7954,1.7954,1.7954,1.7954,1.7954,1.7954,1.7954,0.6194,1.7954,1.7954,1.7954,1.7954,1.7954,1.7954,1.6123,1.3871,1.1619,0.9367,0.7115,0.4863
1.7931,1.7931,1.7931,1.7931,1.7931,1.7931,1.7931,1.7931,1.7931,1.7931,1.7931,1.7931,1.2975,0.5123,1.7931,1.7931,1.7931,1.7931,1.7931,1.7931,1.7931,1.7931,1.7931,1.7931,1.7931,1.7931,1.7931
1.7909,1.7909,1.7909,1.7909,1.7909,1.7909,1.7909,1.7909,1.7909,1.7909,1.7909,1.7909,1.7909,1.7909,1.7909,1.0486,1.7909,1.7909,1.7909,1.7909,1.7909,1.7909,1.7909,1.7909,1.7909,1.7909,1.7909
1.7886,1.7886,1.7886,1.7886,1.7886,1.7886,1.7886,1.7886,1.7886,1.7886,1.7886,1.7886,1.7886,0.8009,1.7886,1.7886,1.7886,1.7886,1.7886,1.7886,1.7886,1.7807,1.532,1.2833,1.0345,0.7858,0.5371
1.7864,1.7864,1.7864,1.7864,1.7864,1.7864,1.7864,1.7864,1.7864,1.7864,1.7864,1.7864,1.7864,1.7864,1.7864,1.7864,1.7864,1.7864,1.7864,1.7864,1.7864,1.7864,1.7864,1.7864,1.7864,1.7864,1.7864
1.7842,1.7842,1.7842,1.7842,1.7842,1.7842,1.7842,1.7842,1.7842,1.7842,1.7842,1.7842,1.7842,1.7842,1.7842,1.2655,1.7842,1.7842,1.7842,1.7842,1.7842,1.7842,1.7842,1.7842,1.4797,1.1239,0.7681
1.782,1.782,1.782,1.782,1.782,1.782,1.782,1.782,1.782,1.782,1.782,1.782,1.1772,0.5091,1.782,1.782,1.782,1.782,1.782,1.782,1.782,1.782,1.782,1.782,1.782,1.782,1.782
1.7798,1.7798,1.7798,1.7798,1.7798,1.7798,1.7798,1.7798,1.7798,1.7798,1.7798,1.7798,1.7798,1.7798,0.5085,1.5316,1.7798,1.7798,1.7798,1.7798,1.7798,1.7798,1.7798,1.7798,1.7798,1.7798,1.7798
1.7776,1.7776,1.7776,1.7776,1.7776,1.7776,1.7776,1.7776,1.7776,1.7776,1.7776,1.7776,1.7776,1.7776,1.7776,1.7776,1.7776,1.7776,1.7776,1.7776,1.7448,1.5309,1.3171,1.1033,0.8894,0.6756,0.4617
1.7754,1.7754,1.7754,1.7754,1.7754,1.7754,1.7754,1.7754,1.7754,1.7754,1.7754,1.7754,1.7185,0.6207,1.7754,1.7754,1.7754,1.7754,1.7754,1.7754,1.7754,1.7754,1.7754,1.7754,1.7754,1.7754,1.7754
1.7732,1.7732,1.7732,1.7732,1.7732,1.7732,1.7732,1.7732,1.7732,1.7732,1.7732,1.7732,1.7732,1.7732,1.7732,1.0279,1.7732,1.7732,1.7732,1.7732,1.7732,1.7732,1.7732,1.7732,1.7732,1.7732,1.7732
1.771,1.771,1.771,1.771,1.771,1.771,1.771,1.771,1.771,1.771,1.771,1.771,1.5069,0.5443,1.771,1.771,1.771,1.771,1.771,1.771,1.771,1.771,1.771,1.771,1.4447,1.0974,0.75
1.7688,1.7688,1.7688,1.7688,1.7688,1.7688,1.7688,1.7688,1.7688,1.7688,1.7688,1.7688,1.7688,1.7688,1.4068,1.7688,1.7688,1.7688,1.7688,1.7688,1.7688,1.7688,1.7688,1.7688,1.7688,1.7688,1.7688
1.7666,1.7666,1.7666,1.7666,1.7666,1.7666,1.7666,1.7666,1.7666,1.7666,1.7666,1.7666,1.7666,1.7666,0.5047,1.7666,1.7666,1.7666,1.7666,1.7666,1.7666,1.7666,1.5911,1.3328,1.0744,0.8161,0.5578
1.7644,1.7644,1.7644,1.7644,1.7644,1.7644,1.7644,1.7644,1.7644,1.7644,1.7644,1.7644,1.2283,0.5041,1.7644,1.7644,1.7644,1.7644,1.7644,1.7644,1.7644,1.7644,1.7644,1.7644,1.7644,1.7644,1.7644
1.7623,1.7623,1.7623,1.7623,1.7623,1.7623,1.7623,1.7623,1.7623,1.7623,1.7623,1.7623,1.7623,1.7623,1.7623,1.1757,1.7623,1.7623,1.7623,1.7623,1.7623,1.7623,1.7623,1.7623,1.7623,1.7623,1.7623
1.7601,1.7601,1.7601,1.7601,1.7601,1.7601,1.7601,1.7601,1.7601,1.7601,1.7601,1.7601,1.7601,1.3083,1.7601,1.7601,1.7601,1.7601,1.7601,1.7601,1.7601,1.6487,1.4184,1.1881,0.9578,0.7275,0.4972
1.7579,1.7579,1.7579,1.7579,1.7579,1.7579,1.7579,1.7579,1.7579,1.7579,1.7579,1.7579,1.7579,1.0974,1.7579,1.7579,1.7579,1.7579,1.7579,1.7579,1.7579,1.7579,1.7579,1.7579,1.7579,1.7579,1.7579
1.7558,1.7558,1.7558,1.7558,1.7558,1.7558,1.7558,1.7558,1.7558,1.7558,1.7558,1.7558,1.7558,1.7558,1.7558,1.1436,1.7558,1.7558,1.7558,1.7558,1.7558,1.7558,1.7558,1.7558,1.7558,1.6769,1.1461
1.7536,1.7536,1.7536,1.7536,1.7536,1.7536,1.7536,1.7536,1.7536,1.7536,1.7536,1.7536,1.2666,0.501,1.7536,1.7536,1.7536,1.7536,1.7536,1.7536,1.7536,1.7536,1.7536,1.7536,1.7536,1.7536,1.5119
1.7515,1.7515,1.7515,1.7515,1.7515,1.7515,1.7515,1.7515,1.7515,1.7515,1.7515,1.7515,1.7515,1.7515,0.5004,1.7515,1.7515,1.7515,1.7515,1.7515,1.7515,1.7515,1.7515,1.7515,1.7515,1.7515,1.7515
1.7494,1.7494,1.7494,1.7494,1.7494,1.7494,1.7494,1.7494,1.7494,1.7494,1.7494,1.7494,1.7494,1.7494,1.0089,1.7494,1.7494,1.7494,1.7494,1.7494,1.7494,1.6158,1.3901,1.1644,0.9387,0.713,0.4873
1.7472,1.7472,1.7472,1.7472,1.7472,1.7472,1.7472,1.7472,1.7472,1.7472,1.7472,1.7472,1.4662,0.5296,1.7472,1.7472,1.7472,1.7472,1.7472,1.7472,1.7472,1.7472,1.7472,1.7472,1.7472,1.7472,1.7472
1.7451,1.7451,1.7451,1.7451,1.7451,1.7451,1.7451,1.7451,1.7451,1.7451,1.7451,1.7451,1.7451,1.7451,1.7451,1.0646,1.7451,1.7451,1.7451,1.7451,1.7451,1.7451,1.7451,1.7451,1.7451,1.7451,1.7451
1.743,1.743,1.743,1.743,1.743,1.743,1.743,1.743,1.743,1.743,1.743,1.743,1.743,0.6931,1.743,1.743,1.743,1.743,1.743,1.743,1.743,1.743,1.743,1.4753,1.1894,0.9034,0.6174
1.7409,1.7409,1.7409,1.7409,1.7409,1.7409,1.7409,1.7409,1.7409,1.7409,1.7409,1.7409,1.7409,1.7409,1.7409,1.7409,1.7409,1.7409,1.7409,1.7409,1.7409,1.7409,1.7409,1.7409,1.7409,1.7409,1.7409
1.7388,1.7388,1.7388,1.7388,1.7388,1.7388,1.7388,1.7388,1.7388,1.7388,1.7388,1.7388,1.7388,1.7388,0.4968,1.4834,1.7388,1.7388,1.7388,1.7388,1.7388,1.7388,1.7388,1.6398,1.3219,1.0041,0.6863
1.7366,1.7366,1.7366,1.7366,1.7366,1.7366,1.7366,1.7366,1.7366,1.7366,1.7366,1.7366,1.2252,0.4962,1.7366,1.7366,1.7366,1.7366,1.7366,1.7366,1.7366,1.7366,1.7366,1.7366,1.7366,1.7366,1.7366
1.7345,1.7345,1.7345,1.7345,1.7345,1.7345,1.7345,1.7345,1.7345,1.7345,1.7345,1.7345,1.7345,1.7345,0.4956,1.4042,1.7345,1.7345,1.7345,1.7345,1.7345,1.7345,1.7345,1.7345,1.7345,1.7345,1.7345
1.7324,1.7324,1.7324,1.7324,1.7324,1.7324,1.7324,1.7324,1.7324,1.7324,1.7324,1.7324,1.7324,1.7324,1.7324,1.7324,1.7324,1.7324,1.7324,1.7324,1.7324,1.6129,1.3876,1.1624,0.9371,0.7118,0.4865
1.7304,1.7304,1.7304,1.7304,1.7304,1.7304,1.7304,1.7304,1.7304,1.7304,1.7304,1.7304,1.7304,0.7645,1.7304,1.7304,1.7304,1.7304,1.7304,1.7304,1.7304,1.7304,1.7304,1.7304,1.7304,1.7304,1.7304
1.7283,1.7283,1.7283,1.7283,1.7283,1.7283,1.7283,1.7283,1.7283,1.7283,1.7283,1.7283,1.7283,1.7283,1.7283,1.0964,1.7283,1.7283,1.7283,1.7283,1.7283,1.7283,1.7283,1.7283,1.7283,1.7283,1.7283
1.7262,1.7262,1.7262,1.7262,1.7262,1.7262,1.7262,1.7262,1.7262,1.7262,1.7262,1.7262,1.439,0.5197,1.7262,1.7262,1.7262,1.7262,1.7262,1.7262,1.7262,1.7262,1.7262,1.7262,1.7262,1.3975,0.9552
1.7241,1.7241,1.7241,1.7241,1.7241,1.7241,1.7241,1.7241,1.7241,1.7241,1.7241,1.7241,1.7241,1.7241,0.8135,1.7241,1.7241,1.7241,1.7241,1.7241,1.7241,1.7241,1.7241,1.7241,1.7241,1.7241,1.7241
1.722,1.722,1.722,1.722,1.722,1.722,1.722,1.722,1.722,1.722,1.722,1.722,1.722,1.722,0.5489,1.722,1.722,1.722,1.722,1.722,1.722,1.722,1.5452,1.2944,1.0435,0.7926,0.5417
1.72,1.72,1.72,1.72,1.72,1.72,1.72,1.72,1.72,1.72,1.72,1.72,1.3444,0.4914,1.72,1.72,1.72,1.72,1.72,1.72,1.72,1.72,1.72,1.72,1.72,1.72,1.72
1.7179,1.7179,1.7179,1.7179,1.7179,1.7179,1.7179,1.7179,1.7179,1.7179,1.7179,1.7179,1.7179,1.7179,1.7179,1.1595,1.7179,1.7179,1.7179,1.7179,1.7179,1.7179,1.7179,1.7179,1.7179,1.7179,1.7179
1.7159,1.7159,1.7159,1.7159,1.7159,1.7159,1.7159,1.7159,1.7159,1.7159,1.7159,1.7159,1.7159,0.9993,1.7159,1.7159,1.7159,1.7159,1.7159,1.7159,1.7159,1.7159,1.5743,1.3187,1.0631,0.8075,0.5519
1.7138,1.7138,1.7138,1.7138,1.7138,1.7138,1.7138,1.7138,1.7138,1.7138,1.7138,1.7138,1.7138,1.6915,1.7138,1.7138,1.7138,1.7138,1.7138,1.7138,1.7138,1.7138,1.7138,1.7138,1.7138,1.7138,1.7138
1.7118,1.7118,1.7118,1.7118,1.7118,1.7118,1.7118,1.7118,1.7118,1.7118,1.7118,1.7118,1.7118,1.7118,1.7118,1.2885,1.7118,1.7118,1.7118,1.7118,1.7118,1.7118,1.7118,1.7118,1.7118,1.367,0.9343
1.7097,1.7097,1.7097,1.7097,1.7097,1.7097,1.7097,1.7097,1.7097,1.7097,1.7097,1.7097,1.2839,0.4885,1.7097,1.7097,1.7097,1.7097,1.7097,1.7097,1.7097,1.7097,1.7097,1.7097,1.7097,1.7097,1.7097
1.7077,1.7077,1.7077,1.7077,1.7077,1.7077,1.7077,1.7077,1.7077,1.7077,1.7077,1.7077,1.7077,1.7077,0.4879,1.7077,1.7077,1.7077,1.7077,1.7077,1.7077,1.7077,1.7077,1.7077,1.7077,1.7077,1.7077
1.7057,1.7057,1.7057,1.7057,1.7057,1.7057,1.7057,1.7057,1.7057,1.7057,1.7057,1.7057,1.7057,1.7057,1.7057,1.7057,1.7057,1.7057,1.7057,1.7057,1.7057,1.659,1.4273,1.1956,0.9638,0.7321,0.5004
1.7036,1.7036,1.7036,1.7036,1.7036,1.7036,1.7036,1.7036,1.7036,1.7036,1.7036,1.7036,1.7036,0.6178,1.7036,1.7036,1.7036,1.7036,1.7036,1.7036,1.7036,1.7036,1.7036,1.7036,1.7036,1.7036,1.7036
1.7016,1.7016,1.7016,1.7016,1.7016,1.7016,1.7016,1.7016,1.7016,1.7016,1.7016,1.7016,1.7016,1.7016,1.7016,1.1068,1.7016,1.7016,1.7016,1.7016,1.7016,1.7016,1.7016,1.7016,1.7016,1.7016,1.7016
1.6996,1.6996,1.6996,1.6996,1.6996,1.6996,1.6996,1.6996,1.6996,1.6996,1.6996,1.6996,1.6996,0.6311,1.6996,1.6996,1.6996,1.6996,1.6996,1.6996,1.6996,1.6996,1.6996,1.6996,1.4171,1.0763,0.7356
1.6976,1.6976,1.6976,1.6976,1.6976,1.6976,1.6976,1.6976,1.6976,1.6976,1.6976,1.6976,1.6976,1.6976,1.6976,1.6976,1.6976,1.6976,1.6976,1.6976,1.6976,1.6976,1.6976,1.6976,1.6976,1.6976,1.6976
1.6956,1.6956,1.6956,1.6956,1.6956,1.6956,1.6956,1.6956,1.6956,1.6956,1.6956,1.6956,1.6956,1.6956,0.4844,1.6956,1.6956,1.6956,1.6956,1.6956,1.6956,1.6956,1.6956,1.5289,1.2325,0.9362,0.6398
1.6936,1.6936,1.6936,1.6936,1.6936,1.6936,1.6936,1.6936,1.6936,1.6936,1.6936,1.6936,1.3056,0.4839,1.6936,1.6936,1.6936,1.6936,1.6936,1.6936,1.6936,1.6936,1.6936,1.6936,1.6936,1.6936,1.6936
1.6916,1.6916,1.6916,1.6916,1.6916,1.6916,1.6916,1.6916,1.6916,1.6916,1.6916,1.6916,1.6916,1.6916,0.4833,1.3361,1.6916,1.6916,1.6916,1.6916,1.6916,1.6916,1.6916,1.6916,1.6916,1.6916,1.6916
1.6896,1.6896,1.6896,1.6896,1.6896,1.6896,1.6896,1.6896,1.6896,1.6896,1.6896,1.6896,1.6896,1.6896,1.6896,1.6896,1.6896,1.6896,1.6896,1.6896,1.6896,1.6896,1.4975,1.2544,1.0112,0.7681,0.525
1.6876,1.6876,1.6876,1.6876,1.6876,1.6876,1.6876,1.6876,1.6876,1.6876,1.6876,1.6876,1.6876,0.9997,1.6876,1.6876,1.6876,1.6876,1.6876,1.6876,1.6876,1.6876,1.6876,1.6876,1.6876,1.6876,1.6876
1.6856,1.6856,1.6856,1.6856,1.6856,1.6856,1.6856,1.6856,1.6856,1.6856,1.6856,1.6856,1.6856,1.6856,1.6856,1.1987,1.6856,1.6856,1.6856,1.6856,1.6856,1.6856,1.6856,1.6856,1.6856,1.6856,1.5265
1.6836,1.6836,1.6836,1.6836,1.6836,1.6836,1.6836,1.6836,1.6836,1.6836,1.6836,1.6836,1.4165,0.5116,1.6836,1.6836,1.6836,1.6836,1.6836,1.6836,1.6836,1.6836,1.6836,1.6836,1.6836,1.6836,1.3139
1.6816,1.6816,1.6816,1.6816,1.6816,1.6816,1.6816,1.6816,1.6816,1.6816,1.6816,1.6816,1.6816,1.6816,0.5994,1.6816,1.6816,1.6816,1.6816,1.6816,1.6816,1.6816,1.6816,1.6816,1.6816,1.6816,1.6816
1.6797,1.6797,1.6797,1.6797,1.6797,1.6797,1.6797,1.6797,1.6797,1.6797,1.6797,1.6797,1.6797,1.6797,0.8117,1.6797,1.6797,1.6797,1.6797,1.6797,1.6797,1.6797,1.5437,1.293,1.0424,0.7918,0.5411
1.6777,1.6777,1.6777,1.6777,1.6777,1.6777,1.6777,1.6777,1.6777,1.6777,1.6777,1.6777,1.5119,0.5461,1.6777,1.6777,1.6777,1.6777,1.6777,1.6777,1.6777,1.6777,1.6777,1.6777,1.6777,1.6777,1.6777
1.6757,1.6757,1.6757,1.6757,1.6757,1.6757,1.6757,1.6757,1.6757,1.6757,1.6757,1.6757,1.6757,1.6757,1.6757,1.1744,1.6757,1.6757,1.6757,1.6757,1.6757,1.6757,1.6757,1.6757,1.6757,1.6757,1.6757
1.6738,1.6738,1.6738,1.6738,1.6738,1.6738,1.6738,1.6738,1.6738,1.6738,1.6738,1.6738,1.6738,0.8409,1.6738,1.6738,1.6738,1.6738,1.6738,1.6738,1.6738,1.6738,1.6738,1.5067,1.2146,0.9226,0.6305
1.6718,1.6718,1.6718,1.6718,1.6718,1.6718,1.6718,1.6718,1.6718,1.6718,1.6718,1.6718,1.6718,1.6718,1.6718,1.6718,1.6718,1.6718,1.6718,1.6718,1.6718,1.6718,1.6718,1.6718,1.6718,1.6718,1.6718
1.6699,1.6699,1.6699,1.6699,1.6699,1.6699,1.6699,1.6699,1.6699,1.6699,1.6699,1.6699,1.6699,1.6699,0.4771,1.4981,1.6699,1.6699,1.6699,1.6699,1.6699,1.6699,1.6699,1.6699,1.5768,1.1977,0.8186
1.6679,1.6679,1.6679,1.6679,1.6679,1.6679,1.6679,1.6679,1.6679,1.6679,1.6679,1.6679,1.3346,0.482,1.6679,1.6679,1.6679,1.6679,1.6679,1.6679,1.6679,1.6679,1.6679,1.6679,1.6679,1.6679,1.6679
1.666,1.666,1.666,1.666,1.666,1.666,1.666,1.666,1.666,1.666,1.666,1.666,1.666,1.666,0.476,1.652,1.666,1.666,1.666,1.666,1.666,1.666,1.666,1.666,1.666,1.666,1.666
1.6641,1.6641,1.6641,1.6641,1.6641,1.6641,1.6641,1.6641,1.6641,1.6641,1.6641,1.6641,1.6641,1.6641,1.6641,1.6641,1.6641,1.6641,1.6641,1.6641,1.6641,1.6641,1.5023,1.2584,1.0145,0.7706,0.5266
1.6621,1.6621,1.6621,1.6621,1.6621,1.6621,1.6621,1.6621,1.6621,1.6621,1.6621,1.6621,1.6621,0.7497,1.6621,1.6621,1.6621,1.6621,1.6621,1.6621,1.6621,1.6621,1.6621,1.6621,1.6621,1.6621,1.6621
1.6602,1.6602,1.6602,1.6602,1.6602,1.6602,1.6602,1.6602,1.6602,1.6602,1.6602,1.6602,1.6602,1.6602,1.6602,1.1796,1.6602,1.6602,1.6602,1.6602,1.6602,1.6602,1.6602,1.6602,1.6602,1.6602,1.6602
1.6583,1.6583,1.6583,1.6583,1.6583,1.6583,1.6583,1.6583,1.6583,1.6583,1.6583,1.6583,1.6573,0.5986,1.6583,1.6583,1.6583,1.6583,1.6583,1.6583,1.6583,1.6583,1.6583,1.6583,1.6583,1.3426,0.9176
1.6564,1.6564,1.6564,1.6564,1.6564,1.6564,1.6564,1.6564,1.6564,1.6564,1.6564,1.6564,1.6564,1.6564,1.2257,1.6564,1.6564,1.6564,1.6564,1.6564,1.6564,1.6564,1.6564,1.6564,1.6564,1.6564,1.6564
1.6545,1.6545,1.6545,1.6545,1.6545,1.6545,1.6545,1.6545,1.6545,1.6545,1.6545,1.6545,1.6545,1.6545,0.5131,1.6545,1.6545,1.6545,1.6545,1.6545,1.6545,1.6545,1.6545,1.4778,1.1914,0.9049,0.6185
1.6526,1.6526,1.6526,1.6526,1.6526,1.6526,1.6526,1.6526,1.6526,1.6526,1.6526,1.6526,1.4274,0.5155,1.6526,1.6526,1.6526,1.6526,1.6526,1.6526,1.6526,1.6526,1.6526,1.6526,1.6526,1.6526,1.6526
1.6507,1.6507,1.6507,1.6507,1.6507,1.6507,1.6507,1.6507,1.6507,1.6507,1.6507,1.6507,1.6507,1.6507,0.4716,1.3136,1.6507,1.6507,1.6507,1.6507,1.6507,1.6507,1.6507,1.6507,1.6507,1.6507,1.6507
1.6488,1.6488,1.6488,1.6488,1.6488,1.6488,1.6488,1.6488,1.6488,1.6488,1.6488,1.6488,1.6488,1.3114,1.6488,1.6488,1.6488,1.6488,1.6488,1.6488,1.6488,1.6488,1.6488,1.3899,1.1205,0.8511,0.5817
1.6469,1.6469,1.6469,1.6469,1.6469,1.6469,1.6469,1.6469,1.6469,1.6469,1.6469,1.6469,1.6469,1.4327,1.6469,1.6469,1.6469,1.6469,1.6469,1.6469,1.6469,1.6469,1.6469,1.6469,1.6469,1.6469,1.6469
1.645,1.645,1.645,1.645,1.645,1.645,1.645,1.645,1.645,1.645,1.645,1.645,1.645,1.645,0.47,1.3473,1.645,1.645,1.645,1.645,1.645,1.645,1.645,1.645,1.645,1.645,1.1848
1.6431,1.6431,1.6431,1.6431,1.6431,1.6431,1.6431,1.6431,1.6431,1.6431,1.6431,1.6431,1.4349,0.5182,1.6431,1.6431,1.6431,1.6431,1.6431,1.6431,1.6431,1.6431,1.6431,1.6431,1.6431,1.6431,1.6431
1.6412,1.6412,1.6412,1.6412,1.6412,1.6412,1.6412,1.6412,1.6412,1.6412,1.6412,1.6412,1.6412,1.6412,0.496,1.6412,1.6412,1.6412,1.6412,1.6412,1.6412,1.6412,1.6412,1.6412,1.6412,1.6412,1.6412
1.6393,1.6393,1.6393,1.6393,1.6393,1.6393,1.6393,1.6393,1.6393,1.6393,1.6393,1.6393,1.6393,1.6393,1.4891,1.6393,1.6393,1.6393,1.6393,1.6393,1.6393,1.6393,1.5852,1.3278,1.0704,0.8131,0.5557
1.6375,1.6375,1.6375,1.6375,1.6375,1.6375,1.6375,1.6375,1.6375,1.6375,1.6375,1.6375,1.6375,0.6338,1.6375,1.6375,1.6375,1.6375,1.6375,1.6375,1.6375,1.6375,1.6375,1.6375,1.6375,1.6375,1.6375
1.6356,1.6356,1.6356,1.6356,1.6356,1.6356,1.6356,1.6356,1.6356,1.6356,1.6356,1.6356,1.6356,1.6356,1.6356,1.2218,1.6356,1.6356,1.6356,1.6356,1.6356,1.6356,1.6356,1.6356,1.6356,1.6356,1.6356
1.6337,1.6337,1.6337,1.6337,1.6337,1.6337,1.6337,1.6337,1.6337,1.6337,1.6337,1.6337,1.6337,0.755,1.6337,1.6337,1.6337,1.6337,1.6337,1.6337,1.6337,1.6337,1.6337,1.6337,1.4365,1.0911,0.7457
1.6319,1.6319,1.6319,1.6319,1.6319,1.6319,1.6319,1.6319,1.6319,1.6319,1.6319,1.6319,1.6319,1.6319,1.6319,1.6319,1.6319,1.6319,1.6319,1.6319,1.6319,1.6319,1.6319,1.6319,1.6319,1.6319,1.6319
1.63,1.63,1.63,1.63,1.63,1.63,1.63,1.63,1.63,1.63,1.63,1.63,1.63,1.63,0.4657,1.63,1.63,1.63,1.63,1.63,1.63,1.63,1.63,1.63,1.4565,1.1063,0.7561
1.6282,1.6282,1.6282,1.6282,1.6282,1.6282,1.6282,1.6282,1.6282,1.6282,1.6282,1.6282,1.4242,0.5144,1.6282,1.6282,1.6282,1.6282,1.6282,1.6282,1.6282,1.6282,1.6282,1.6282,1.6282,1.6282,1.6282
1.6263,1.6263,1.6263,1.6263,1.6263,1.6263,1.6263,1.6263,1.6263,1.6263,1.6263,1.6263,1.6263,1.6263,0.4647,1.5627,1.6263,1.6263,1.6263,1.6263,1.6263,1.6263,1.6263,1.6263,1.6263,1.6263,1.6263
1.6245,1.6245,1.6245,1.6245,1.6245,1.6245,1.6245,1.6245,1.6245,1.6245,1.6245,1.6245,1.6245,1.6245,1.6245,1.6245,1.6245,1.6245,1.6245,1.6245,1.6245,1.6245,1.6236,1.36,1.0964,0.8328,0.5692
1.6226,1.6226,1.6226,1.6226,1.6226,1.6226,1.6226,1.6226,1.6226,1.6226,1.6226,1.6226,1.6226,0.9583,1.6226,1.6226,1.6226,1.6226,1.6226,1.6226,1.6226,1.6226,1.6226,1.6226,1.6226,1.6226,1.6226
1.6208,1.6208,1.6208,1.6208,1.6208,1.6208,1.6208,1.6208,1.6208,1.6208,1.6208,1.6208,1.6208,1.6208,0.4631,1.2914,1.6208,1.6208,1.6208,1.6208,1.6208,1.6208,1.6208,1.6208,1.6208,1.6208,1.6208
1.619,1.619,1.619,1.619,1.619,1.619,1.619,1.619,1.619,1.619,1.619,1.619,1.619,0.5884,1.619,1.619,1.619,1.619,1.619,1.619,1.619,1.619,1.619,1.619,1.619,1.619,1.2195
1.6171,1.6171,1.6171,1.6171,1.6171,1.6171,1.6171,1.6171,1.6171,1.6171,1.6171,1.6171,1.6171,1.6171,0.8131,1.6171,1.6171,1.6171,1.6171,1.6171,1.6171,1.6171,1.6171,1.6171,1.6171,1.6171,1.6171
1.6153,1.6153,1.6153,1.6153,1.6153,1.6153,1.6153,1.6153,1.6153,1.6153,1.6153,1.6153,1.6153,1.6153,0.7182,1.6153,1.6153,1.6153,1.6153,1.6153,1.6153,1.6153,1.6153,1.4767,1.1905,0.9042,0.618
1.6135,1.6135,1.6135,1.6135,1.6135,1.6135,1.6135,1.6135,1.6135,1.6135,1.6135,1.6135,1.6061,0.5801,1.6135,1.6135,1.6135,1.6135,1.6135,1.6135,1.6135,1.6135,1.6135,1.6135,1.6135,1.6135,1.6135
1.6117,1.6117,1.6117,1.6117,1.6117,1.6117,1.6117,1.6117,1.6117,1.6117,1.6117,1.6117,1.6117,1.6117,0.4605,1.3325,1.6117,1.6117,1.6117,1.6117,1.6117,1.6117,1.6117,1.6117,1.6117,1.6117,1.6117
1.6099,1.6099,1.6099,1.6099,1.6099,1.6099,1.6099,1.6099,1.6099,1.6099,1.6099,1.6099,1.6099,1.0646,1.6099,1.6099,1.6099,1.6099,1.6099,1.6099,1.6099,1.6099,1.6099,1.5876,1.2799,0.9721,0.6644
1.6081,1.6081,1.6081,1.6081,1.6081,1.6081,1.6081,1.6081,1.6081,1.6081,1.6081,1.6081,1.6081,1.6081,1.6081,1.6081,1.6081,1.6081,1.6081,1.6081,1.6081,1.6081,1.6081,1.6081,1.6081,1.6081,1.6081
1.6063,1.6063,1.6063,1.6063,1.6063,1.6063,1.6063,1.6063,1.6063,1.6063,1.6063,1.6063,1.6063,1.6063,0.4589,1.5642,1.6063,1.6063,1.6063,1.6063,1.6063,1.6063,1.6063,1.6063,1.6063,1.4848,1.0148
1.6045,1.6045,1.6045,1.6045,1.6045,1.6045,1.6045,1.6045,1.6045,1.6045,1.6045,1.6045,1.4964,0.5405,1.6045,1.6045,1.6045,1.6045,1.6045,1.6045,1.6045,1.6045,1.6045,1.6045,1.6045,1.6045,1.6045
1.6027,1.6027,1.6027,1.6027,1.6027,1.6027,1.6027,1.6027,1.6027,1.6027,1.6027,1.6027,1.6027,1.6027,0.4579,1.6027,1.6027,1.6027,1.6027,1.6027,1.6027,1.6027,1.6027,1.6027,1.6027,1.6027,1.6027
1.6009,1.6009,1.6009,1.6009,1.6009,1.6009,1.6009,1.6009,1.6009,1.6009,1.6009,1.6009,1.6009,1.6009,1.6009,1.6009,1.6009,1.6009,1.6009,1.6009,1.6009,1.6009,1.6009,1.403,1.131,0.8591,0.5872
1.5991,1.5991,1.5991,1.5991,1.5991,1.5991,1.5991,1.5991,1.5991,1.5991,1.5991,1.5991,1.5991,0.7646,1.5991,1.5991,1.5991,1.5991,1.5991,1.5991,1.5991,1.5991,1.5991,1.5991,1.5991,1.5991,1.5991
1.5973,1.5973,1.5973,1.5973,1.5973,1.5973,1.5973,1.5973,1.5973,1.5973,1.5973,1.5973,1.5973,1.5973,0.4564,1.3078,1.5973,1.5973,1.5973,1.5973,1.5973,1.5973,1.5973,1.5973,1.5973,1.5973,1.5973
1.5955,1.5955,1.5955,1.5955,1.5955,1.5955,1.5955,1.5955,1.5955,1.5955,1.5955,1.5955,1.5955,0.713,1.5955,1.5955,1.5955,1.5955,1.5955,1.5955,1.5955,1.5955,1.5955,1.5955,1.5955,1.3478,0.9211
1.5938,1.5938,1.5938,1.5938,1.5938,1.5938,1.5938,1.5938,1.5938,1.5938,1.5938,1.5938,1.5938,1.5938,1.5938,1.5938,1.5938,1.5938,1.5938,1.5938,1.5938,1.5938,1.5938,1.5938,1.5938,1.5938,1.5938
1.592,1.592,1.592,1.592,1.592,1.592,1.592,1.592,1.592,1.592,1.592,1.592,1.592,1.592,0.5047,1.592,1.592,1.592,1.592,1.592,1.592,1.592,1.592,1.592,1.4062,1.0681,0.73
1.5902,1.5902,1.5902,1.5902,1.5902,1.5902,1.5902,1.5902,1.5902,1.5902,1.5902,1.5902,1.5644,0.565,1.5902,1.5902,1.5902,1.5902,1.5902,1.5902,1.5902,1.5902,1.5902,1.5902,1.5902,1.5902,1.5902
1.5885,1.5885,1.5885,1.5885,1.5885,1.5885,1.5885,1.5885,1.5885,1.5885,1.5885,1.5885,1.5885,1.5885,0.4539,1.5382,1.5885,1.5885,1.5885,1.5885,1.5885,1.5885,1.5885,1.5885,1.5885,1.5885,1.5885
1.5867,1.5867,1.5867,1.5867,1.5867,1.5867,1.5867,1.5867,1.5867,1.5867,1.5867,1.5867,1.5867,1.5867,1.5867,1.5867,1.5867,1.5867,1.5867,1.5867,1.5867,1.5867,1.5867,1.5141,1.2206,0.9271,0.6336
1.585,1.585,1.585,1.585,1.585,1.585,1.585,1.585,1.585,1.585,1.585,1.585,1.585,1.3193,1.585,1.585,1.585,1.585,1.585,1.585,1.585,1.585,1.585,1.585,1.585,1.585,1.585
1.5832,1.5832,1.5832,1.5832,1.5832,1.5832,1.5832,1.5832,1.5832,1.5832,1.5832,1.5832,1.5832,1.5832,0.4523,1.458,1.5832,1.5832,1.5832,1.5832,1.5832,1.5832,1.5832,1.5832,1.5832,1.5832,1.5832
1.5815,1.5815,1.5815,1.5815,1.5815,1.5815,1.5815,1.5815,1.5815,1.5815,1.5815,1.5815,1.5815,0.5988,1.5815,1.5815,1.5815,1.5815,1.5815,1.5815,1.5815,1.5815,1.5815,1.5815,1.5815,1.5815,1.5815
1.5797,1.5797,1.5797,1.5797,1.5797,1.5797,1.5797,1.5797,1.5797,1.5797,1.5797,1.5797,1.5797,1.5797,0.6455,1.5797,1.5797,1.5797,1.5797,1.5797,1.5797,1.5797,1.5797,1.5797,1.5797,1.5797,1.5797
1.578,1.578,1.578,1.578,1.578,1.578,1.578,1.578,1.578,1.578,1.578,1.578,1.578,1.578,1.1561,1.578,1.578,1.578,1.578,1.578,1.578,1.578,1.578,1.5253,1.2296,0.934,0.6383
1.5763,1.5763,1.5763,1.5763,1.5763,1.5763,1.5763,1.5763,1.5763,1.5763,1.5763,1.5763,1.5763,0.6753,1.5763,1.5763,1.5763,1.5763,1.5763,1.5763,1.5763,1.5763,1.5763,1.5763,1.5763,1.5763,1.5763
1.5745,1.5745,1.5745,1.5745,1.5745,1.5745,1.5745,1.5745,1.5745,1.5745,1.5745,1.5745,1.5745,1.5745,0.4499,1.3959,1.5745,1.5745,1.5745,1.5745,1.5745,1.5745,1.5745,1.5745,1.5745,1.5745,1.5745
1.5728,1.5728,1.5728,1.5728,1.5728,1.5728,1.5728,1.5728,1.5728,1.5728,1.5728,1.5728,1.5728,0.9428,1.5728,1.5728,1.5728,1.5728,1.5728,1.5728,1.5728,1.5728,1.5728,1.5728,1.5163,1.1517,0.7871
1.5711,1.5711,1.5711,1.5711,1.5711,1.5711,1.5711,1.5711,1.5711,1.5711,1.5711,1.5711,1.5711,1.5711,1.5711,1.5711,1.5711,1.5711,1.5711,1.5711,1.5711,1.5711,1.5711,1.5711,1.5711,1.5711,1.5711
1.5693,1.5693,1.5693,1.5693,1.5693,1.5693,1.5693,1.5693,1.5693,1.5693,1.5693,1.5693,1.5693,1.5693,0.4484,1.5693,1.5693,1.5693,1.5693,1.5693,1.5693,1.5693,1.5693,1.5693,1.5693,1.3625,0.9312
1.5676,1.5676,1.5676,1.5676,1.5676,1.5676,1.5676,1.5676,1.5676,1.5676,1.5676,1.5676,1.5676,0.5816,1.5676,1.5676,1.5676,1.5676,1.5676,1.5676,1.5676,1.5676,1.5676,1.5676,1.5676,1.5676,1.5676
1.5659,1.5659,1.5659,1.5659,1.5659,1.5659,1.5659,1.5659,1.5659,1.5659,1.5659,1.5659,1.5659,1.5659,0.4474,1.5659,1.5659,1.5659,1.5659,1.5659,1.5659,1.5659,1.5659,1.5659,1.5659,1.5659,1.5659
1.5642,1.5642,1.5642,1.5642,1.5642,1.5642,1.5642,1.5642,1.5642,1.5642,1.5642,1.5642,1.5642,1.5642,1.5642,1.5642,1.5642,1.5642,1.5642,1.5642,1.5642,1.5642,1.5642,1.53,1.2334,0.9369,0.6403
1.5625,1.5625,1.5625,1.5625,1.5625,1.5625,1.5625,1.5625,1.5625,1.5625,1.5625,1.5625,1.5625,0.9696,1.5625,1.5625,1.5625,1.5625,1.5625,1.5625,1.5625,1.5625,1.5625,1.5625,1.5625,1.5625,1.5625
1.5608,1.5608,1.5608,1.5608,1.5608,1.5608,1.5608,1.5608,1.5608,1.5608,1.5608,1.5608,1.5608,1.5608,0.4459,1.4453,1.5608,1.5608,1.5608,1.5608,1.5608,1.5608,1.5608,1.5608,1.5608,1.5608,1.5608
1.5591,1.5591,1.5591,1.5591,1.5591,1.5591,1.5591,1.5591,1.5591,1.5591,1.5591,1.5591,1.5591,0.7044,1.5591,1.5591,1.5591,1.5591,1.5591,1.5591,1.5591,1.5591,1.5591,1.5591,1.5591,1.5591,1.2059
1.5574,1.5574,1.5574,1.5574,1.5574,1.5574,1.5574,1.5574,1.5574,1.5574,1.5574,1.5574,1.5574,1.5574,1.2101,1.5574,1.5574,1.5574,1.5574,1.5574,1.5574,1.5574,1.5574,1.5574,1.5574,1.5574,1.5574
1.5557,1.5557,1.5557,1.5557,1.5557,1.5557,1.5557,1.5557,1.5557,1.5557,1.5557,1.5557,1.5557,1.5557,0.6879,1.5557,1.5557,1.5557,1.5557,1.5557,1.5557,1.5557,1.5557,1.5557,1.4154,1.0751,0.7348
1.554,1.554,1.554,1.554,1.554,1.554,1.554,1.554,1.554,1.554,1.554,1.554,1.554,0.642,1.554,1.554,1.554,1.554,1.554,1.554,1.554,1.554,1.554,1.554,1.554,1.554,1.554
1.5524,1.5524,1.5524,1.5524,1.5524,1.5524,1.5524,1.5524,1.5524,1.5524,1.5524,1.5524,1.5524,1.5524,0.4435,1.5524,1.5524,1.5524,1.5524,1.5524,1.5524,1.5524,1.5524,1.5524,1.5524,1.5524,1.5524
1.5507,1.5507,1.5507,1.5507,1.5507,1.5507,1.5507,1.5507,1.5507,1.5507,1.5507,1.5507,1.5507,1.4334,1.5507,1.5507,1.5507,1.5507,1.5507,1.5507,1.5507,1.5507,1.5507,1.5507,1.4076,1.0692,0.7307
1.549,1.549,1.549,1.549,1.549,1.549,1.549,1.549,1.549,1.549,1.549,1.549,1.549,1.549,1.549,1.549,1.549,1.549,1.549,1.549,1.549,1.549,1.549,1.549,1.549,1.549,1.549
1.5473,1.5473,1.5473,1.5473,1.5473,1.5473,1.5473,1.5473,1.5473,1.5473,1.5473,1.5473,1.5473,1.5473,0.4421,1.5473,1.5473,1.5473,1.5473,1.5473,1.5473,1.5473,1.5473,1.5473,1.5473,1.5473,1.3304
1.5457,1.5457,1.5457,1.5457,1.5457,1.5457,1.5457,1.5457,1.5457,1.5457,1.5457,1.5457,1.5457,0.6321,1.5457,1.5457,1.5457,1.5457,1.5457,1.5457,1.5457,1.5457,1.5457,1.5457,1.5457,1.5457,1.5457
1.544,1.544,1.544,1.544,1.544,1.544,1.544,1.544,1.544,1.544,1.544,1.544,1.544,1.544,0.5685,1.544,1.544,1.544,1.544,1.544,1.544,1.544,1.544,1.544,1.544,1.544,1.544
1.5423,1.5423,1.5423,1.5423,1.5423,1.5423,1.5423,1.5423,1.5423,1.5423,1.5423,1.5423,1.5423,1.5423,1.5423,1.5423,1.5423,1.5423,1.5423,1.5423,1.5423,1.5423,1.5423,1.5423,1.3168,1.0002,0.6836
1.5407,1.5407,1.5407,1.5407,1.5407,1.5407,1.5407,1.5407,1.5407,1.5407,1.5407,1.5407,1.5407,0.8204,1.5407,1.5407,1.5407,1.5407,1.5407,1.5407,1.5407,1.5407,1.5407,1.5407,1.5407,1.5407,1.5407
1.539,1.539,1.539,1.539,1.539,1.539,1.539,1.539,1.539,1.539,1.539,1.539,1.539,1.539,0.4397,1.5159,1.539,1.539,1.539,1.539,1.539,1.539,1.539,1.539,1.539,1.539,1.539
1.5374,1.5374,1.5374,1.5374,1.5374,1.5374,1.5374,1.5374,1.5374,1.5374,1.5374,1.5374,1.5374,0.8928,1.5374,1.5374,1.5374,1.5374,1.5374,1.5374,1.5374,1.5374,1.5374,1.5374,1.5374,1.4293,0.9769
1.5357,1.5357,1.5357,1.5357,1.5357,1.5357,1.5357,1.5357,1.5357,1.5357,1.5357,1.5357,1.5357,1.5357,1.5357,1.5357,1.5357,1.5357,1.5357,1.5357,1.5357,1.5357,1.5357,1.5357,1.5357,1.5357,1.5357
1.5341,1.5341,1.5341,1.5341,1.5341,1.5341,1.5341,1.5341,1.5341,1.5341,1.5341,1.5341,1.5341,1.5341,0.5275,1.5341,1.5341,1.5341,1.5341,1.5341,1.5341,1.5341,1.5341,1.5341,1.5341,1.3251,0.9056
1.5324,1.5324,1.5324,1.5324,1.5324,1.5324,1.5324,1.5324,1.5324,1.5324,1.5324,1.5324,1.5324,0.6494,1.5324,1.5324,1.5324,1.5324,1.5324,1.5324,1.5324,1.5324,1.5324,1.5324,1.5324,1.5324,1.5324
1.5308,1.5308,1.5308,1.5308,1.5308,1.5308,1.5308,1.5308,1.5308,1.5308,1.5308,1.5308,1.5308,1.5308,0.4374,1.5308,1.5308,1.5308,1.5308,1.5308,1.5308,1.5308,1.5308,1.5308,1.5308,1.5308,1.5308
1.5292,1.5292,1.5292,1.5292,1.5292,1.5292,1.5292,1.5292,1.5292,1.5292,1.5292,1.5292,1.5292,1.5292,1.5292,1.5292,1.5292,1.5292,1.5292,1.5292,1.5292,1.5292,1.5292,1.5292,1.3966,1.0608,0.725
1.5275,1.5275,1.5275,1.5275,1.5275,1.5275,1.5275,1.5275,1.5275,1.5275,1.5275,1.5275,1.5275,1.3177,1.5275,1.5275,1.5275,1.5275,1.5275,1.5275,1.5275,1.5275,1.5275,1.5275,1.5275,1.5275,1.5275
1.5259,1.5259,1.5259,1.5259,1.5259,1.5259,1.5259,1.5259,1.5259,1.5259,1.5259,1.5259,1.5259,1.5259,0.436,1.5259,1.5259,1.5259,1.5259,1.5259,1.5259,1.5259,1.5259,1.5259,1.5259,1.5259,1.5259
1.5243,1.5243,1.5243,1.5243,1.5243,1.5243,1.5243,1.5243,1.5243,1.5243,1.5243,1.5243,1.5243,0.7286,1.5243,1.5243,1.5243,1.5243,1.5243,1.5243,1.5243,1.5243,1.5243,1.5243,1.5243,1.5243,1.5243
1.5227,1.5227,1.5227,1.5227,1.5227,1.5227,1.5227,1.5227,1.5227,1.5227,1.5227,1.5227,1.5227,1.5227,0.9075,1.5227,1.5227,1.5227,1.5227,1.5227,1.5227,1.5227,1.5227,1.5227,1.5227,1.5227,1.5227
1.5211,1.5211,1.5211,1.5211,1.5211,1.5211,1.5211,1.5211,1.5211,1.5211,1.5211,1.5211,1.5211,1.5211,1.0457,1.5211,1.5211,1.5211,1.5211,1.5211,1.5211,1.5211,1.5211,1.5211,1.4892,1.1311,0.7731
1.5194,1.5194,1.5194,1.5194,1.5194,1.5194,1.5194,1.5194,1.5194,1.5194,1.5194,1.5194,1.5194,0.761,1.5194,1.5194,1.5194,1.5194,1.5194,1.5194,1.5194,1.5194,1.5194,1.5194,1.5194,1.5194,1.5194
1.5178,1.5178,1.5178,1.5178,1.5178,1.5178,1.5178,1.5178,1.5178,1.5178,1.5178,1.5178,1.5178,1.5178,0.4337,1.5178,1.5178,1.5178,1.5178,1.5178,1.5178,1.5178,1.5178,1.5178,1.5178,1.5178,1.5178
1.5162,1.5162,1.5162,1.5162,1.5162,1.5162,1.5162,1.5162,1.5162,1.5162,1.5162,1.5162,1.5162,1.2585,1.5162,1.5162,1.5162,1.5162,1.5162,1.5162,1.5162,1.5162,1.5162,1.5162,1.5162,1.2894,0.8813
1.5146,1.5146,1.5146,1.5146,1.5146,1.5146,1.5146,1.5146,1.5146,1.5146,1.5146,1.5146,1.5146,1.5146,1.5146,1.5146,1.5146,1.5146,1.5146,1.5146,1.5146,1.5146,1.5146,1.5146,1.5146,1.5146,1.5146
1.513,1.513,1.513,1.513,1.513,1.513,1.513,1.513,1.513,1.513,1.513,1.513,1.513,1.513,0.4607,1.513,1.513,1.513,1.513,1.513,1.513,1.513,1.513,1.513,1.513,1.513,1.2238
1.5114,1.5114,1.5114,1.5114,1.5114,1.5114,1.5114,1.5114,1.5114,1.5114,1.5114,1.5114,1.5114,0.6967,1.5114,1.5114,1.5114,1.5114,1.5114,1.5114,1.5114,1.5114,1.5114,1.5114,1.5114,1.5114,1.5114
1.5098,1.5098,1.5098,1.5098,1.5098,1.5098,1.5098,1.5098,1.5098,1.5098,1.5098,1.5098,1.5098,1.5098,0.5424,1.5098,1.5098,1.5098,1.5098,1.5098,1.5098,1.5098,1.5098,1.5098,1.5098,1.5098,1.5098
1.5083,1.5083,1.5083,1.5083,1.5083,1.5083,1.5083,1.5083,1.5083,1.5083,1.5083,1.5083,1.5083,1.5083,1.5083,1.5083,1.5083,1.5083,1.5083,1.5083,1.5083,1.5083,1.5083,1.5083,1.473,1.1189,0.7647
1.5067,1.5067,1.5067,1.5067,1.5067,1.5067,1.5067,1.5067,1.5067,1.5067,1.5067,1.5067,1.5067,1.0548,1.5067,1.5067,1.5067,1.5067,1.5067,1.5067,1.5067,1.5067,1.5067,1.5067,1.5067,1.5067,1.5067
1.5051,1.5051,1.5051,1.5051,1.5051,1.5051,1.5051,1.5051,1.5051,1.5051,1.5051,1.5051,1.5051,1.5051,0.43,1.5051,1.5051,1.5051,1.5051,1.5051,1.5051,1.5051,1.5051,1.5051,1.5051,1.5051,1.5051
1.5035,1.5035,1.5035,1.5035,1.5035,1.5035,1.5035,1.5035,1.5035,1.5035,1.5035,1.5035,1.5035,0.9004,1.5035,1.5035,1.5035,1.5035,1.5035,1.5035,1.5035,1.5035,1.5035,1.5035,1.5035,1.5035,1.2919
1.5019,1.5019,1.5019,1.5019,1.5019,1.5019,1.5019,1.5019,1.5019,1.5019,1.5019,1.5019,1.5019,1.5019,1.5019,1.5019,1.5019,1.5019,1.5019,1.5019,1.5019,1.5019,1.5019,1.5019,1.5019,1.5019,1.5019
1.5004,1.5004,1.5004,1.5004,1.5004,1.5004,1.5004,1.5004,1.5004,1.5004,1.5004,1.5004,1.5004,1.5004,0.7217,1.5004,1.5004,1.5004,1.5004,1.5004,1.5004,1.5004,1.5004,1.5004,1.5004,1.3669,0.9342
1.4988,1.4988,1.4988,1.4988,1.4988,1.4988,1.4988,1.4988,1.4988,1.4988,1.4988,1.4988,1.4988,0.7601,1.4988,1.4988,1.4988,1.4988,1.4988,1.4988,1.4988,1.4988,1.4988,1.4988,1.4988,1.4988,1.4988
1.4972,1.4972,1.4972,1.4972,1.4972,1.4972,1.4972,1.4972,1.4972,1.4972,1.4972,1.4972,1.4972,1.4972,0.4375,1.4972,1.4972,1.4972,1.4972,1.4972,1.4972,1.4972,1.4972,1.4972,1.4972,1.4972,1.4972
1.4957,1.4957,1.4957,1.4957,1.4957,1.4957,1.4957,1.4957,1.4957,1.4957,1.4957,1.4957,1.4957,1.4957,1.4957,1.4957,1.4957,1.4957,1.4957,1.4957,1.4957,1.4957,1.4957,1.4957,1.4957,1.2619,0.8624
1.4941,1.4941,1.4941,1.4941,1.4941,1.4941,1.4941,1.4941,1.4941,1.4941,1.4941,1.4941,1.4941,1.4941,1.4941,1.4941,1.4941,1.4941,1.4941,1.4941,1.4941,1.4941,1.4941,1.4941,1.4941,1.4941,1.4941
1.4926,1.4926,1.4926,1.4926,1.4926,1.4926,1.4926,1.4926,1.4926,1.4926,1.4926,1.4926,1.4926,1.4926,0.4408,1.4926,1.4926,1.4926,1.4926,1.4926,1.4926,1.4926,1.4926,1.4926,1.4926,1.4926,1.4926
1.491,1.491,1.491,1.491,1.491,1.491,1.491,1.491,1.491,1.491,1.491,1.491,1.491,0.7958,1.491,1.491,1.491,1.491,1.491,1.491,1.491,1.491,1.491,1.491,1.491,1.491,1.491
1.4895,1.4895,1.4895,1.4895,1.4895,1.4895,1.4895,1.4895,1.4895,1.4895,1.4895,1.4895,1.4895,1.4895,0.7988,1.4895,1.4895,1.4895,1.4895,1.4895,1.4895,1.4895,1.4895,1.4895,1.4895,1.4895,1.4895
1.4879,1.4879,1.4879,1.4879,1.4879,1.4879,1.4879,1.4879,1.4879,1.4879,1.4879,1.4879,1.4879,1.4879,1.4879,1.4879,1.4879,1.4879,1.4879,1.4879,1.4879,1.4879,1.4879,1.4879,1.4879,1.257,0.8591
1.4864,1.4864,1.4864,1.4864,1.4864,1.4864,1.4864,1.4864,1.4864,1.4864,1.4864,1.4864,1.4864,0.9562,1.4864,1.4864,1.4864,1.4864,1.4864,1.4864,1.4864,1.4864,1.4864,1.4864,1.4864,1.4864,1.4864
1.4848,1.4848,1.4848,1.4848,1.4848,1.4848,1.4848,1.4848,1.4848,1.4848,1.4848,1.4848,1.4848,1.4848,0.4242,1.4848,1.4848,1.4848,1.4848,1.4848,1.4848,1.4848,1.4848,1.4848,1.4848,1.4848,1.4848
1.4833,1.4833,1.4833,1.4833,1.4833,1.4833,1.4833,1.4833,1.4833,1.4833,1.4833,1.4833,1.4833,1.2209,1.4833,1.4833,1.4833,1.4833,1.4833,1.4833,1.4833,1.4833,1.4833,1.4833,1.4833,1.4833,1.1315
1.4818,1.4818,1.4818,1.4818,1.4818,1.4818,1.4818,1.4818,1.4818,1.4818,1.4818,1.4818,1.4818,1.4818,1.4818,1.4818,1.4818,1.4818,1.4818,1.4818,1.4818,1.4818,1.4818,1.4818,1.4818,1.4818,1.4818
1.4802,1.4802,1.4802,1.4802,1.4802,1.4802,1.4802,1.4802,1.4802,1.4802,1.4802,1.4802,1.4802,1.4802,0.6061,1.4802,1.4802,1.4802,1.4802,1.4802,1.4802,1.4802,1.4802,1.4802,1.4802,1.4802,1.2289
1.4787,1.4787,1.4787,1.4787,1.4787,1.4787,1.4787,1.4787,1.4787,1.4787,1.4787,1.4787,1.4787,0.8141,1.4787,1.4787,1.4787,1.4787,1.4787,1.4787,1.4787,1.4787,1.4787,1.4787,1.4787,1.4787,1.4787
1.4772,1.4772,1.4772,1.4772,1.4772,1.4772,1.4772,1.4772,1.4772,1.4772,1.4772,1.4772,1.4772,1.4772,0.561,1.4772,1.4772,1.4772,1.4772,1.4772,1.4772,1.4772,1.4772,1.4772,1.4772,1.4772,1.4772
1.4757,1.4757,1.4757,1.4757,1.4757,1.4757,1.4757,1.4757,1.4757,1.4757,1.4757,1.4757,1.4757,1.4757,1.4757,1.4757,1.4757,1.4757,1.4757,1.4757,1.4757,1.4757,1.4757,1.4757,1.4757,1.3298,0.9088
1.4741,1.4741,1.4741,1.4741,1.4741,1.4741,1.4741,1.4741,1.4741,1.4741,1.4741,1.4741,1.4741,1.4741,1.4741,1.4741,1.4741,1.4741,1.4741,1.4741,1.4741,1.4741,1.4741,1.4741,1.4741,1.4741,1.4741
1.4726,1.4726,1.4726,1.4726,1.4726,1.4726,1.4726,1.4726,1.4726,1.4726,1.4726,1.4726,1.4726,1.4726,0.4568,1.4726,1.4726,1.4726,1.4726,1.4726,1.4726,1.4726,1.4726,1.4726,1.4726,1.4726,1.4726
1.4711,1.4711,1.4711,1.4711,1.4711,1.4711,1.4711,1.4711,1.4711,1.4711,1.4711,1.4711,1.4711,0.9788,1.4711,1.4711,1.4711,1.4711,1.4711,1.4711,1.4711,1.4711,1.4711,1.4711,1.4711,1.4711,1.4711
1.4696,1.4696,1.4696,1.4696,1.4696,1.4696,1.4696,1.4696,1.4696,1.4696,1.4696,1.4696,1.4696,1.4696,1.4674,1.4696,1.4696,1.4696,1.4696,1.4696,1.4696,1.4696,1.4696,1.4696,1.4696,1.4696,1.4696
1.4681,1.4681,1.4681,1.4681,1.4681,1.4681,1.4681,1.4681,1.4681,1.4681,1.4681,1.4681,1.4681,1.4681,1.107,1.4681,1.4681,1.4681,1.4681,1.4681,1.4681,1.4681,1.4681,1.4681,1.4681,1.4681,1.0383
1.4666,1.4666,1.4666,1.4666,1.4666,1.4666,1.4666,1.4666,1.4666,1.4666,1.4666,1.4666,1.4666,0.9545,1.4666,1.4666,1.4666,1.4666,1.4666,1.4666,1.4666,1.4666,1.4666,1.4666,1.4666,1.4666,1.4666
1.4651,1.4651,1.4651,1.4651,1.4651,1.4651,1.4651,1.4651,1.4651,1.4651,1.4651,1.4651,1.4651,1.4651,0.4967,1.4651,1.4651,1.4651,1.4651,1.4651,1.4651,1.4651,1.4651,1.4651,1.4651,1.4651,1.4651
1.4636,1.4636,1.4636,1.4636,1.4636,1.4636,1.4636,1.4636,1.4636,1.4636,1.4636,1.4636,1.4636,1.4636,1.4636,1.4636,1.4636,1.4636,1.4636,1.4636,1.4636,1.4636,1.4636,1.4636,1.4636,1.4636,1.1055
1.4621,1.4621,1.4621,1.4621,1.4621,1.4621,1.4621,1.4621,1.4621,1.4621,1.4621,1.4621,1.4621,1.4621,1.4621,1.4621,1.4621,1.4621,1.4621,1.4621,1.4621,1.4621,1.4621,1.4621,1.4621,1.4621,1.4621
1.4606,1.4606,1.4606,1.4606,1.4606,1.4606,1.4606,1.4606,1.4606,1.4606,1.4606,1.4606,1.4606,1.4606,0.5778,1.4606,1.4606,1.4606,1.4606,1.4606,1.4606,1.4606,1.4606,1.4606,1.4606,1.4606,1.4606
1.4591,1.4591,1.4591,1.4591,1.4591,1.4591,1.4591,1.4591,1.4591,1.4591,1.4591,1.4591,1.4591,0.9413,1.4591,1.4591,1.4591,1.4591,1.4591,1.4591,1.4591,1.4591,1.4591,1.4591,1.4591,1.4591,1.4591
1.4577,1.4577,1.4577,1.4577,1.4577,1.4577,1.4577,1.4577,1.4577,1.4577,1.4577,1.4577,1.4577,1.4577,0.8038,1.4577,1.4577,1.4577,1.4577,1.4577,1.4577,1.4577,1.4577,1.4577,1.4577,1.4577,1.4577
1.4562,1.4562,1.4562,1.4562,1.4562,1.4562,1.4562,1.4562,1.4562,1.4562,1.4562,1.4562,1.4562,1.4562,1.4562,1.4562,1.4562,1.4562,1.4562,1.4562,1.4562,1.4562,1.4562,1.4562,1.4562,1.4562,1.0373
1.4547,1.4547,1.4547,1.4547,1.4547,1.4547,1.4547,1.4547,1.4547,1.4547,1.4547,1.4547,1.4547,1.3194,1.4547,1.4547,1.4547,1.4547,1.4547,1.4547,1.4547,1.4547,1.4547,1.4547,1.4547,1.4547,1.4547
1.4532,1.4532,1.4532,1.4532,1.4532,1.4532,1.4532,1.4532,1.4532,1.4532,1.4532,1.4532,1.4532,1.4532,0.5149,1.4532,1.4532,1.4532,1.4532,1.4532,1.4532,1.4532,1.4532,1.4532,1.4532,1.4532,1.4532
1.4517,1.4517,1.4517,1.4517,1.4517,1.4517,1.4517,1.4517,1.4517,1.4517,1.4517,1.4517,1.4517,1.3284,1.4517,1.4517,1.4517,1.4517,1.4517,1.4517,1.4517,1.4517,1.4517,1.4517,1.4517,1.4517,1.4517
1.4503,1.4503,1.4503,1.4503,1.4503,1.4503,1.4503,1.4503,1.4503,1.4503,1.4503,1.4503,1.4503,1.4503,1.4503,1.4503,1.4503,1.4503,1.4503,1.4503,1.4503,1.4503,1.4503,1.4503,1.4503,1.4503,1.4503
1.4488,1.4488,1.4488,1.4488,1.4488,1.4488,1.4488,1.4488,1.4488,1.4488,1.4488,1.4488,1.4488,1.4488,0.8939,1.4488,1.4488,1.4488,1.4488,1.4488,1.4488,1.4488,1.4488,1.4488,1.4488,1.4488,1.3816
1.4473,1.4473,1.4473,1.4473,1.4473,1.4473,1.4473,1.4473,1.4473,1.4473,1.4473,1.4473,1.4473,1.0496,1.4473,1.4473,1.4473,1.4473,1.4473,1.4473,1.4473,1.4473,1.4473,1.4473,1.4473,1.4473,1.4473
1.4459,1.4459,1.4459,1.4459,1.4459,1.4459,1.4459,1.4459,1.4459,1.4459,1.4459,1.4459,1.4459,1.4459,0.6503,1.4459,1.4459,1.4459,1.4459,1.4459,1.4459,1.4459,1.4459,1.4459,1.4459,1.4459,1.4459
1.4444,1.4444,1.4444,1.4444,1.4444,1.4444,1.4444,1.4444,1.4444,1.4444,1.4444,1.4444,1.4444,1.4444,1.4444,1.4444,1.4444,1.4444,1.4444,1.4444,1.4444,1.4444,1.4444,1.4444,1.4444,1.4444,1.2003
1.443,1.443,1.443,1.443,1.443,1.443,1.443,1.443,1.443,1.443,1.443,1.443,1.443,1.443,1.443,1.443,1.443,1.443,1.443,1.443,1.443,1.443,1.443,1.443,1.443,1.443,1.443
1.4415,1.4415,1.4415,1.4415,1.4415,1.4415,1.4415,1.4415,1.4415,1.4415,1.4415,1.4415,1.4415,1.4415,0.6191,1.4415,1.4415,1.4415,1.4415,1.4415,1.4415,1.4415,1.4415,1.4415,1.4415,1.4415,1.4415
1.4401,1.4401,1.4401,1.4401,1.4401,1.4401,1.4401,1.4401,1.4401,1.4401,1.4401,1.4401,1.4401,1.2032,1.4401,1.4401,1.4401,1.4401,1.4401,1.4401,1.4401,1.4401,1.4401,1.4401,1.4401,1.4401,1.4401
1.4386,1.4386,1.4386,1.4386,1.4386,1.4386,1.4386,1.4386,1.4386,1.4386,1.4386,1.4386,1.4386,1.4386,1.3837,1.4386,1.4386,1.4386,1.4386,1.4386,1.4386,1.4386,1.4386,1.4386,1.4386,1.4386,1.4386
1.4372,1.4372,1.4372,1.4372,1.4372,1.4372,1.4372,1.4372,1.4372,1.4372,1.4372,1.4372,1.4372,1.4372,1.4372,1.4372,1.4372,1.4372,1.4372,1.4372,1.4372,1.4372,1.4372,1.4372,1.4372,1.4372,1.3148
1.4358,1.4358,1.4358,1.4358,1.4358,1.4358,1.4358,1.4358,1.4358,1.4358,1.4358,1.4358,1.4358,1.3723,1.4358,1.4358,1.4358,1.4358,1.4358,1.4358,1.4358,1.4358,1.4358,1.4358,1.4358,1.4358,1.4358
1.4343,1.4343,1.4343,1.4343,1.4343,1.4343,1.4343,1.4343,1.4343,1.4343,1.4343,1.4343,1.4343,1.4343,0.6486,1.4343,1.4343,1.4343,1.4343,1.4343,1.4343,1.4343,1.4343,1.4343,1.4343,1.4343,1.4343
1.4329,1.4329,1.4329,1.4329,1.4329,1.4329,1.4329,1.4329,1.4329,1.4329,1.4329,1.4329,1.4329,1.4329,1.4329,1.4329,1.4329,1.4329,1.4329,1.4329,1.4329,1.4329,1.4329,1.4329,1.4329,1.4329,1.4329
1.4315,1.4315,1.4315,1.4315,1.4315,1.4315,1.4315,1.4315,1.4315,1.4315,1.4315,1.4315,1.4315,1.4315,1.4315,1.4315,1.4315,1.4315,1.4315,1.4315,1.4315,1.4315,1.4315,1.4315,1.4315,1.4315,1.4315
1.43,1.43,1.43,1.43,1.43,1.43,1.43,1.43,1.43,1.43,1.43,1.43,1.43,1.43,0.8937,1.43,1.43,1.43,1.43,1.43,1.43,1.43,1.43,1.43,1.43,1.43,1.43
1.4286,1.4286,1.4286,1.4286,1.4286,1.4286,1.4286,1.4286,1.4286,1.4286,1.4286,1.4286,1.4286,1.315,1.4286,1.4286,1.4286,1.4286,1.4286,1.4286,1.4286,1.4286,1.4286,1.4286,1.4286,1.4286,1.4286
1.4272,1.4272,1.4272,1.4272,1.4272,1.4272,1.4272,1.4272,1.4272,1.4272,1.4272,1.4272,1.4272,1.4272,0.9923,1.4272,1.4272,1.4272,1.4272,1.4272,1.4272,1.4272,1.4272,1.4272,1.4272,1.4272,1.4272
1.4258,1.4258,1.4258,1.4258,1.4258,1.4258,1.4258,1.4258,1.4258,1.4258,1.4258,1.4258,1.4258,1.4258,1.4258,1.4258,1.4258,1.4258,1.4258,1.4258,1.4258,1.4258,1.4258,1.4258,1.4258,1.4258,1.4258
1.4243,1.4243,1.4243,1.4243,1.4243,1.4243,1.4243,1.4243,1.4243,1.4243,1.4243,1.4243,1.4243,1.4243,1.4243,1.4243,1.4243,1.4243,1.4243,1.4243,1.4243,1.4243,1.4243,1.4243,1.4243,1.4243,1.4243
1.4229,1.4229,1.4229,1.4229,1.4229,1.4229,1.4229,1.4229,1.4229,1.4229,1.4229,1.4229,1.4229,1.4229,0.7802,1.4229,1.4229,1.4229,1.4229,1.4229,1.4229,1.4229,1.4229,1.4229,1.4229,1.4229,1.4229
1.4215,1.4215,1.4215,1.4215,1.4215,1.4215,1.4215,1.4215,1.4215,1.4215,1.4215,1.4215,1.4215,1.4215,1.4215,1.4215,1.4215,1.4215,1.4215,1.4215,1.4215,1.4215,1.4215,1.4215,1.4215,1.4215,1.4215
1.4201,1.4201,1.4201,1.4201,1.4201,1.4201,1.4201,1.4201,1.4201,1.4201,1.4201,1.4201,1.4201,1.4201,1.4201,1.4201,1.4201,1.4201,1.4201,1.4201,1.4201,1.4201,1.4201,1.4201,1.4201,1.4201,1.4201
1.4187,1.4187,1.4187,1.4187,1.4187,1.4187,1.4187,1.4187,1.4187,1.4187,1.4187,1.4187,1.4187,1.4187,1.4187,1.4187,1.4187,1.4187,1.4187,1.4187,1.4187,1.4187,1.4187,1.4187,1.4187,1.4187,1.4187
1.4173,1.4173,1.4173,1.4173,1.4173,1.4173,1.4173,1.4173,1.4173,1.4173,1.4173,1.4173,1.4173,1.4173,1.4173,1.4173,1.4173,1.4173,1.4173,1.4173,1.4173,1.4173,1.4173,1.4173,1.4173,1.4173,1.4173
1.4159,1.4159,1.4159,1.4159,1.4159,1.4159,1.4159,1.4159,1.4159,1.4159,1.4159,1.4159,1.4159,1.4159,1.0126,1.4159,1.4159,1.4159,1.4159,1.4159,1.4159,1.4159,1.4159,1.4159,1.4159,1.4159,1.4159
1.4145,1.4145,1.4145,1.4145,1.4145,1.4145,1.4145,1.4145,1.4145,1.4145,1.4145,1.4145,1.4145,1.4145,1.4145,1.4145,1.4145,1.4145,1.4145,1.4145,1.4145,1.4145,1.4145,1.4145,1.4145,1.4145,1.4145
1.4131,1.4131,1.4131,1.4131,1.4131,1.4131,1.4131,1.4131,1.4131,1.4131,1.4131,1.4131,1.4131,1.4131,1.4131,1.4131,1.4131,1.4131,1.4131,1.4131,1.4131,1.4131,1.4131,1.4131,1.4131,1.4131,1.4131
1.4117,1.4117,1.4117,1.4117,1.4117,1.4117,1.4117,1.4117,1.4117,1.4117,1.4117,1.4117,1.4117,1.4117,1.2197,1.4117,1.4117,1.4117,1.4117,1.4117,1.4117,1.4117,1.4117,1.4117,1.4117,1.4117,1.4117
1.4103,1.4103,1.4103,1.4103,1.4103,1.4103,1.4103,1.4103,1.4103,1.4103,1.4103,1.4103,1.4103,1.4103,1.4103,1.4103,1.4103,1.4103,1.4103,1.4103,1.4103,1.4103,1.4103,1.4103,1.4103,1.4103,1.4103
1.4089,1.4089,1.4089,1.4089,1.4089,1.4089,1.4089,1.4089,1.4089,1.4089,1.4089,1.4089,1.4089,1.4089,1.4089,1.4089,1.4089,1.4089,1.4089,1.4089,1.4089,1.4089,1.4089,1.4089,1.4089,1.4089,1.4089
1.4076,1.4076,1.4076,1.4076,1.4076,1.4076,1.4076,1.4076,1.4076,1.4076,1.4076,1.4076,1.4076,1.4076,1.4076,1.4076,1.4076,1.4076,1.4076,1.4076,1.4076,1.4076,1.4076,1.4076,1.4076,1.4076,1.4076
1.4062,1.4062,1.4062,1.4062,1.4062,1.4062,1.4062,1.4062,1.4062,1.4062,1.4062,1.4062,1.4062,1.4062,1.4062,1.4062,1.4062,1.4062,1.4062,1.4062,1.4062,1.4062,1.4062,1.4062,1.4062,1.4062,1.4062
1.4048,1.4048,1.4048,1.4048,1.4048,1.4048,1.4048,1.4048,1.4048,1.4048,1.4048,1.4048,1.4048,1.4048,1.4048,1.4048,1.4048,1.4048,1.4048,1.4048,1.4048,1.4048,1.4048,1.4048,1.4048,1.4048,1.4048
1.4034,1.4034,1.4034,1.4034,1.4034,1.4034,1.4034,1.4034,1.4034,1.4034,1.4034,1.4034,1.4034,1.4034,1.4034,1.4034,1.4034,1.4034,1.4034,1.4034,1.4034,1.4034,1.4034,1.4034,1.4034,1.4034,1.4034
1.4021,1.4021,1.4021,1.4021,1.4021,1.4021,1.4021,1.4021,1.4021,1.4021,1.4021,1.4021,1.4021,1.4021,1.4021,1.4021,1.4021,1.4021,1.4021,1.4021,1.4021,1.4021,1.4021,1.4021,1.4021,1.4021,1.4021
1.4007,1.4007,1.4007,1.4007,1.4007,1.4007,1.4007,1.4007,1.4007,1.4007,1.4007,1.4007,1.4007,1.4007,1.4007,1.4007,1.4007,1.4007,1.4007,1.4007,1.4007,1.4007,1.4007,1.4007,1.4007,1.4007,1.4007
